00  0    5.811147E-11	 -7.229550E-07   1.338440E-01	 -1.212124
01  0    3.325233E-11	 -5.830843E-07   1.203043E-01	 0.304736
02  0    1.815903E-11	 -4.565495E-07   1.362872E-01	 1.297919
03  0    5.324181E-11	 -5.265171E-07   1.338852E-01	 1.126971
04  0    -7.915054E-12   -1.306856E-09   1.129682E-01	 7.876674
05  0    -3.346525E-11   9.782659E-07	 1.272044E-01	 2.370003
06  0    -5.302072E-11   1.098549E-06	 1.309851E-01	 3.228276
07  0    -7.160725E-11   1.239440E-06	 1.261968E-01	 13.745858
08  0    2.657429E-11	 -3.474848E-07   1.365512E-01	 1.919394
09  0    3.044847E-11	 -5.173224E-07   1.352297E-01	 1.960764
10  0    1.878823E-11	 -4.431043E-07   1.274515E-01	 2.353689
11  0    3.754562E-11	 -2.671027E-07   1.328925E-01	 2.791327
12  0    1.515632E-10	 -1.583687E-06   1.452802E-01	 -3.471277
13  0    6.863914E-11	 -1.432950E-06   1.274018E-01	 -0.131947
14  0    6.984675E-11	 -1.201589E-06   1.199236E-01	 -0.126600
15  0    6.744398E-11	 -1.347534E-06   1.354403E-01	 -2.285443
16  0    4.522831E-11	 -2.707455E-07   1.400953E-01	 -1.086711
17  0    1.389867E-10	 -9.851862E-07   1.558742E-01	 -2.266296
18  0    2.014505E-11	 -4.755113E-07   1.373722E-01	 2.598781
19  0    1.072452E-10	 -6.695847E-07   1.311486E-01	 0.358260
20  0    6.536907E-11	 -1.191725E-06   1.412688E-01	 0.201225
21  0    1.251786E-10	 -1.547496E-06   1.370481E-01	 -2.362471
22  0    4.726591E-11	 -2.655876E-07   1.323502E-01	 1.548471
23  0    6.040861E-11	 -6.198629E-07   1.351929E-01	 -0.157642
24  0    1.053144E-10	 -8.869945E-07   1.358047E-01	 1.850786
25  0    5.196633E-11	 -1.082808E-06   1.402766E-01	 2.401173
26  0    1.050616E-10	 -1.578457E-06   1.391888E-01	 -3.065183
27  0    2.126694E-11	 -3.586606E-07   1.130148E-01	 -0.509205
28  0    3.834388E-11	 -3.424817E-07   1.096642E-01	 -0.511956
29  0    8.938256E-11	 -8.510456E-07   1.340772E-01	 -1.691525
30  0    1.281261E-10	 -1.391060E-06   1.370592E-01	 -3.911109
31  0    5.986539E-11	 -8.245271E-07   1.350837E-01	 -0.318391
32  0    3.038288E-11	 -6.058105E-07   1.143452E-01	 1.753528
33  0    4.379799E-11	 -1.016836E-06   1.382471E-01	 0.183069
34  0    8.631918E-11	 -1.348747E-06   1.404329E-01	 0.978764
35  0    2.938931E-11	 -5.832567E-07   9.999747E-02	 2.631098
36  0   0               0         	  1		  0
37  0   0               0         	  1		  0
38  0   0               0         	  1		  0 
39  0   0               0         	  1		  0 
40  0   0               0         	  1		  0 
41  0   0               0         	  1		  0
42  0   0               0         	  1		  0 
43  0   0               0         	  1		  0
44  0   0               0         	  1		  0  
45  0   0               0         	  1		  0 
46  0   0               0         	  1		  0 
47  0   0               0         	  1		  0 
48  0   0               0         	  1		  0 
49  0   0               0         	  1		  0
50  0   0               0         	  1		  0 
51  0   0               0         	  1		  0
52  0   -2.416795E-12	2.444490E-07	4.577010E-02	-10.596017
53  0   0               0         	  1		  0
54  0   0               0         	  1		  0  
