# Calibration file of tamex_id 8 @ channel 9
# fine_T bin		 Calibration value
1		0
2		0
3		0
4		0
5		0
6		0
7		0
8		0
9		0
10		0
11		0
12		0
13		0
14		0
15		0
16		0
17		0.000508778
18		0.0089179
19		0.0107129
20		0.0110102
21		0.0173442
22		0.0198824
23		0.0202025
24		0.0206484
25		0.0218603
26		0.0265022
27		0.0266622
28		0.0285887
29		0.0290061
30		0.0307896
31		0.0358717
32		0.0369807
33		0.0375752
34		0.038124
35		0.0442865
36		0.0461159
37		0.0463731
38		0.0472249
39		0.050975
40		0.0533931
41		0.0565144
42		0.0566744
43		0.0605617
44		0.0606532
45		0.0619451
46		0.0642604
47		0.0675588
48		0.0682848
49		0.072538
50		0.0728238
51		0.0759851
52		0.0768312
53		0.0786376
54		0.079821
55		0.0825764
56		0.0859892
57		0.0877785
58		0.08799
59		0.0916029
60		0.0945927
61		0.0971194
62		0.0977425
63		0.0996862
64		0.103168
65		0.103996
66		0.105883
67		0.108993
68		0.109776
69		0.113069
70		0.113412
71		0.116527
72		0.116939
73		0.123119
74		0.125382
75		0.125542
76		0.127692
77		0.130344
78		0.130967
79		0.133431
80		0.134809
81		0.139182
82		0.139788
83		0.141749
84		0.141926
85		0.146951
86		0.148249
87		0.149192
88		0.150181
89		0.153479
90		0.156441
91		0.156704
92		0.159716
93		0.160922
94		0.163381
95		0.164278
96		0.16792
97		0.170526
98		0.173087
99		0.174717
100		0.175488
101		0.177483
102		0.181296
103		0.184635
104		0.185275
105		0.188522
106		0.188699
107		0.192061
108		0.194147
109		0.196045
110		0.196543
111		0.199698
112		0.202511
113		0.203111
114		0.203511
115		0.207244
116		0.211326
117		0.21236
118		0.212526
119		0.212749
120		0.216985
121		0.219323
122		0.221038
123		0.221376
124		0.223531
125		0.228264
126		0.230779
127		0.231545
128		0.231705
129		0.236736
130		0.238708
131		0.240057
132		0.240412
133		0.246037
134		0.246203
135		0.24754
136		0.249776
137		0.252074
138		0.254841
139		0.256824
140		0.257945
141		0.262495
142		0.263084
143		0.264999
144		0.267074
145		0.268326
146		0.272939
147		0.273174
148		0.275506
149		0.276998
150		0.27901
151		0.282829
152		0.283727
153		0.284355
154		0.289718
155		0.290741
156		0.290998
157		0.293473
158		0.293668
159		0.298961
160		0.299179
161		0.300453
162		0.300773
163		0.307325
164		0.30872
165		0.309971
166		0.310154
167		0.315991
168		0.316254
169		0.316471
170		0.320684
171		0.324354
172		0.324457
173		0.325498
174		0.327927
175		0.328476
176		0.335433
177		0.335776
178		0.337223
179		0.339183
180		0.339869
181		0.344162
182		0.345958
183		0.346695
184		0.349125
185		0.351257
186		0.353704
187		0.354818
188		0.355864
189		0.359077
190		0.361873
191		0.362879
192		0.363342
193		0.36995
194		0.370042
195		0.370996
196		0.372917
197		0.376078
198		0.37797
199		0.380789
200		0.381166
201		0.38403
202		0.386471
203		0.387391
204		0.387672
205		0.393325
206		0.395829
207		0.39755
208		0.398259
209		0.400111
210		0.402255
211		0.405828
212		0.406897
213		0.407874
214		0.408692
215		0.414894
216		0.415826
217		0.416826
218		0.417112
219		0.419342
220		0.421897
221		0.425624
222		0.426687
223		0.431003
224		0.431289
225		0.432478
226		0.432907
227		0.438041
228		0.440716
229		0.442511
230		0.44454
231		0.447359
232		0.44948
233		0.45016
234		0.452904
235		0.453876
236		0.455585
237		0.457403
238		0.460473
239		0.461141
240		0.462165
241		0.466081
242		0.466909
243		0.467693
244		0.471426
245		0.473649
246		0.474976
247		0.476147
248		0.479995
249		0.483322
250		0.483442
251		0.484539
252		0.48522
253		0.488936
254		0.492548
255		0.493737
256		0.49543
257		0.498699
258		0.499814
259		0.50054
260		0.504365
261		0.508898
262		0.509504
263		0.509647
264		0.511322
265		0.514054
266		0.516975
267		0.52084
268		0.521783
269		0.52367
270		0.52555
271		0.528311
272		0.529426
273		0.531147
274		0.531353
275		0.537167
276		0.537767
277		0.538041
278		0.540208
279		0.54577
280		0.546022
281		0.547285
282		0.550063
283		0.555534
284		0.557415
285		0.558192
286		0.561296
287		0.562291
288		0.567516
289		0.567876
290		0.572026
291		0.572432
292		0.572609
293		0.573941
294		0.577291
295		0.581716
296		0.5835
297		0.585906
298		0.589856
299		0.592549
300		0.597408
301		0.600872
302		0.60097
303		0.603302
304		0.607012
305		0.607549
306		0.610105
307		0.612111
308		0.614364
309		0.615718
310		0.615913
311		0.620892
312		0.621309
313		0.626483
314		0.62666
315		0.628289
316		0.631868
317		0.63416
318		0.636561
319		0.637722
320		0.638979
321		0.642175
322		0.643621
323		0.64521
324		0.645376
325		0.648909
326		0.652653
327		0.653076
328		0.654763
329		0.658364
330		0.659582
331		0.659828
332		0.663035
333		0.663475
334		0.668986
335		0.669494
336		0.669769
337		0.672164
338		0.67632
339		0.680568
340		0.681471
341		0.683792
342		0.68685
343		0.691601
344		0.692578
345		0.694773
346		0.696065
347		0.697815
348		0.701147
349		0.703663
350		0.703988
351		0.704023
352		0.707373
353		0.712032
354		0.712272
355		0.714558
356		0.718286
357		0.722893
358		0.725552
359		0.727118
360		0.728936
361		0.73168
362		0.734618
363		0.736384
364		0.738745
365		0.739511
366		0.742181
367		0.744725
368		0.748429
369		0.748687
370		0.750916
371		0.754375
372		0.755329
373		0.758799
374		0.759337
375		0.761195
376		0.764796
377		0.766425
378		0.769855
379		0.771947
380		0.772799
381		0.774491
382		0.776824
383		0.779728
384		0.780717
385		0.782043
386		0.785273
387		0.788234
388		0.789429
389		0.791595
390		0.793013
391		0.795145
392		0.798272
393		0.799233
394		0.799593
395		0.803966
396		0.805893
397		0.806567
398		0.810843
399		0.812038
400		0.814193
401		0.816217
402		0.818806
403		0.819007
404		0.822288
405		0.824632
406		0.824838
407		0.825695
408		0.829354
409		0.832075
410		0.834819
411		0.836339
412		0.836665
413		0.838323
414		0.841964
415		0.843731
416		0.844983
417		0.846892
418		0.84867
419		0.850991
420		0.852334
421		0.858508
422		0.859166
423		0.859617
424		0.861001
425		0.864774
426		0.86502
427		0.870124
428		0.870793
429		0.871308
430		0.873006
431		0.874789
432		0.875132
433		0.878265
434		0.881375
435		0.883707
436		0.883799
437		0.884262
438		0.888326
439		0.892093
440		0.893763
441		0.89502
442		0.89681
443		0.900663
444		0.90084
445		0.901143
446		0.903572
447		0.909083
448		0.910735
449		0.911221
450		0.912176
451		0.916915
452		0.918927
453		0.921414
454		0.922471
455		0.922706
456		0.926364
457		0.928005
458		0.930492
459		0.931944
460		0.934613
461		0.93558
462		0.939433
463		0.940639
464		0.942537
465		0.945738
466		0.945898
467		0.948653
468		0.948819
469		0.952592
470		0.956182
471		0.957246
472		0.958595
473		0.962242
474		0.962974
475		0.96378
476		0.967341
477		0.971211
478		0.972515
479		0.973189
480		0.973504
481		0.977842
482		0.980409
483		0.982301
484		0.983736
485		0.987332
486		0.987526
487		0.98823
488		0.993803
489		0.995804
490		0.999074
491		0.999245
492		0.999971
493		0.999994
494		1
495		1
496		1
497		1
498		1
499		1
500		1
501		1
502		1
503		1
504		1
505		1
506		1
507		1
508		1
509		1
510		1
511		1
512		1
513		1
514		1
515		1
516		1
517		1
518		1
519		1
520		1
521		1
522		1
523		1
524		1
525		1
526		1
527		1
528		1
529		1
530		1
531		1
532		1
533		1
534		1
535		1
536		1
537		1
538		1
539		1
540		1
541		1
542		1
543		1
544		1
545		1
546		1
547		1
548		1
549		1
550		1
551		1
552		1
553		1
554		1
555		1
556		1
557		1
558		1
559		1
560		1
561		1
562		1
563		1
564		1
565		1
566		1
567		1
568		1
569		1
570		1
571		1
572		1
573		1
574		1
575		1
576		1
577		1
578		1
579		1
580		1
581		1
582		1
583		1
584		1
585		1
586		1
587		1
588		1
589		1
590		1
591		1
592		1
593		1
594		1
595		1
596		1
597		1
598		1
599		1
600		1
