# Calibration file of tamex_id 1 @ channel 27
# fine_T bin		 Calibration value
1		0
2		0
3		0
4		0
5		0
6		0
7		0
8		0
9		0
10		0
11		0
12		0
13		0
14		0
15		0
16		0
17		0.000804721
18		0.00804721
19		0.00804721
20		0.00885193
21		0.0139485
22		0.0160944
23		0.0177039
24		0.0187768
25		0.0209227
26		0.0236052
27		0.0244099
28		0.0254828
29		0.0297747
30		0.0316524
31		0.0329936
32		0.034603
33		0.0378219
34		0.0418455
35		0.0421137
36		0.0456009
37		0.0477468
38		0.048015
39		0.0501609
40		0.054721
41		0.0565987
42		0.0574034
43		0.0592811
44		0.0619635
45		0.0625
46		0.0627682
47		0.0686695
48		0.0716202
49		0.0726931
50		0.0732296
51		0.0783262
52		0.0793991
53		0.0810086
54		0.083691
55		0.0853004
56		0.0853004
57		0.0882511
58		0.0909335
59		0.0917382
60		0.0930794
61		0.0957618
62		0.0987124
63		0.100858
64		0.1022
65		0.103541
66		0.105955
67		0.108906
68		0.110783
69		0.112661
70		0.113466
71		0.116148
72		0.118294
73		0.12044
74		0.124464
75		0.125536
76		0.128755
77		0.129024
78		0.133852
79		0.13412
80		0.134657
81		0.137071
82		0.137876
83		0.137876
84		0.13868
85		0.146727
86		0.148337
87		0.150483
88		0.151288
89		0.154775
90		0.156652
91		0.159871
92		0.160139
93		0.166845
94		0.167114
95		0.16765
96		0.16926
97		0.172747
98		0.175966
99		0.176234
100		0.177843
101		0.181867
102		0.18294
103		0.185354
104		0.187232
105		0.1875
106		0.188305
107		0.190719
108		0.191255
109		0.19206
110		0.19367
111		0.198498
112		0.201717
113		0.201717
114		0.203058
115		0.20574
116		0.208959
117		0.209227
118		0.211642
119		0.212715
120		0.215129
121		0.216202
122		0.217811
123		0.22103
124		0.22103
125		0.221835
126		0.222103
127		0.229882
128		0.230955
129		0.232296
130		0.23471
131		0.235247
132		0.23927
133		0.239539
134		0.243294
135		0.247318
136		0.247586
137		0.25
138		0.251341
139		0.255633
140		0.258315
141		0.258315
142		0.261534
143		0.263948
144		0.267704
145		0.271996
146		0.272264
147		0.273605
148		0.276288
149		0.281384
150		0.282725
151		0.283262
152		0.283798
153		0.288358
154		0.290504
155		0.291041
156		0.295869
157		0.296674
158		0.29882
159		0.300697
160		0.303916
161		0.305258
162		0.306867
163		0.309549
164		0.312232
165		0.312768
166		0.316792
167		0.317865
168		0.32323
169		0.324571
170		0.325644
171		0.330204
172		0.330472
173		0.33074
174		0.33235
175		0.339861
176		0.34147
177		0.342811
178		0.342811
179		0.34603
180		0.349785
181		0.350322
182		0.3522
183		0.355418
184		0.356223
185		0.357028
186		0.35971
187		0.363197
188		0.366148
189		0.370976
190		0.371781
191		0.375536
192		0.376073
193		0.379292
194		0.382242
195		0.382779
196		0.382779
197		0.38412
198		0.387339
199		0.389753
200		0.392436
201		0.396459
202		0.397264
203		0.399142
204		0.39941
205		0.406921
206		0.407189
207		0.407189
208		0.409067
209		0.414431
210		0.414968
211		0.416845
212		0.420333
213		0.426234
214		0.427307
215		0.428916
216		0.429453
217		0.431867
218		0.433745
219		0.434549
220		0.435622
221		0.437768
222		0.439109
223		0.439914
224		0.444474
225		0.446084
226		0.446352
227		0.45118
228		0.453594
229		0.456009
230		0.457886
231		0.459764
232		0.463788
233		0.464056
234		0.469421
235		0.469421
236		0.469689
237		0.471567
238		0.473981
239		0.479614
240		0.480418
241		0.480687
242		0.482833
243		0.489002
244		0.490612
245		0.490612
246		0.491416
247		0.496245
248		0.498391
249		0.498659
250		0.5
251		0.504828
252		0.510193
253		0.510461
254		0.51368
255		0.515021
256		0.517167
257		0.51985
258		0.522264
259		0.523337
260		0.524946
261		0.526556
262		0.528433
263		0.530848
264		0.531116
265		0.535676
266		0.538358
267		0.541041
268		0.541845
269		0.542918
270		0.545601
271		0.546137
272		0.549624
273		0.552307
274		0.556062
275		0.558476
276		0.558476
277		0.563036
278		0.567865
279		0.57162
280		0.572157
281		0.57323
282		0.57323
283		0.578863
284		0.581545
285		0.581545
286		0.584496
287		0.587178
288		0.587178
289		0.588788
290		0.593616
291		0.594152
292		0.594152
293		0.59603
294		0.598444
295		0.598444
296		0.603541
297		0.605955
298		0.607028
299		0.607564
300		0.608101
301		0.61132
302		0.612124
303		0.613197
304		0.615075
305		0.620708
306		0.620708
307		0.620976
308		0.621245
309		0.625268
310		0.629292
311		0.630633
312		0.631706
313		0.637071
314		0.638144
315		0.641363
316		0.643777
317		0.646996
318		0.647264
319		0.649142
320		0.651288
321		0.652361
322		0.656384
323		0.657189
324		0.659067
325		0.659603
326		0.659871
327		0.664431
328		0.665236
329		0.668723
330		0.668723
331		0.679721
332		0.679721
333		0.679721
334		0.682135
335		0.686427
336		0.690182
337		0.690182
338		0.69206
339		0.696084
340		0.697693
341		0.699034
342		0.701717
343		0.703863
344		0.707886
345		0.709764
346		0.713788
347		0.716202
348		0.721567
349		0.723981
350		0.724249
351		0.724517
352		0.728273
353		0.730955
354		0.730955
355		0.732296
356		0.733637
357		0.733637
358		0.735783
359		0.738734
360		0.740343
361		0.740343
362		0.743294
363		0.745172
364		0.747854
365		0.748391
366		0.75
367		0.751341
368		0.754292
369		0.758315
370		0.760193
371		0.760998
372		0.762339
373		0.76529
374		0.769313
375		0.771727
376		0.773605
377		0.773873
378		0.775215
379		0.775483
380		0.776019
381		0.780579
382		0.780848
383		0.783262
384		0.784067
385		0.787822
386		0.789968
387		0.790236
388		0.793455
389		0.795601
390		0.797479
391		0.798552
392		0.799893
393		0.802843
394		0.804721
395		0.808476
396		0.809013
397		0.811964
398		0.814109
399		0.815182
400		0.81867
401		0.820815
402		0.822961
403		0.827521
404		0.828594
405		0.828594
406		0.829131
407		0.834764
408		0.834764
409		0.838519
410		0.839056
411		0.841738
412		0.843079
413		0.843348
414		0.843884
415		0.852468
416		0.853273
417		0.853809
418		0.85515
419		0.864002
420		0.86427
421		0.866685
422		0.868026
423		0.869099
424		0.871245
425		0.872854
426		0.877414
427		0.878487
428		0.879828
429		0.882779
430		0.883047
431		0.88412
432		0.888412
433		0.893509
434		0.894313
435		0.894582
436		0.897532
437		0.900751
438		0.90397
439		0.90397
440		0.906116
441		0.910944
442		0.910944
443		0.911212
444		0.917114
445		0.91926
446		0.920064
447		0.920869
448		0.92221
449		0.926502
450		0.926502
451		0.930258
452		0.93294
453		0.936964
454		0.937232
455		0.937768
456		0.938573
457		0.944474
458		0.94823
459		0.949303
460		0.952253
461		0.95279
462		0.956009
463		0.95735
464		0.962178
465		0.962446
466		0.965665
467		0.968079
468		0.968079
469		0.973981
470		0.975322
471		0.98015
472		0.982028
473		0.982564
474		0.983637
475		0.985247
476		0.986052
477		0.988197
478		0.990343
479		0.99383
480		0.994099
481		0.994099
482		0.994367
483		1
484		1
485		1
486		1
487		1
488		1
489		1
490		1
491		1
492		1
493		1
494		1
495		1
496		1
497		1
498		1
499		1
500		1
501		1
502		1
503		1
504		1
505		1
506		1
507		1
508		1
509		1
510		1
511		1
512		1
513		1
514		1
515		1
516		1
517		1
518		1
519		1
520		1
521		1
522		1
523		1
524		1
525		1
526		1
527		1
528		1
529		1
530		1
531		1
532		1
533		1
534		1
535		1
536		1
537		1
538		1
539		1
540		1
541		1
542		1
543		1
544		1
545		1
546		1
547		1
548		1
549		1
550		1
551		1
552		1
553		1
554		1
555		1
556		1
557		1
558		1
559		1
560		1
561		1
562		1
563		1
564		1
565		1
566		1
567		1
568		1
569		1
570		1
571		1
572		1
573		1
574		1
575		1
576		1
577		1
578		1
579		1
580		1
581		1
582		1
583		1
584		1
585		1
586		1
587		1
588		1
589		1
590		1
591		1
592		1
593		1
594		1
595		1
596		1
597		1
598		1
599		1
600		1
