# Calibration file of tamex_id 7 @ channel 5
# fine_T bin		 Calibration value
1		0
2		0
3		0
4		0
5		0
6		0
7		0
8		0
9		0
10		0
11		0
12		0
13		0
14		0
15		0
16		0
17		0.00330033
18		0.00736227
19		0.00977405
20		0.0121858
21		0.0189134
22		0.0190404
23		0.019675
24		0.0231023
25		0.0251333
26		0.0267834
27		0.0302107
28		0.0312262
29		0.0326225
30		0.035542
31		0.0383346
32		0.0387154
33		0.0403656
34		0.043412
35		0.0439198
36		0.047474
37		0.0489972
38		0.0500127
39		0.0536938
40		0.0571211
41		0.0577558
42		0.0596598
43		0.0649911
44		0.065245
45		0.0667682
46		0.0699416
47		0.071211
48		0.071211
49		0.0742574
50		0.0781924
51		0.0788271
52		0.078954
53		0.0808581
54		0.0844123
55		0.0884742
56		0.088982
57		0.0893628
58		0.0919015
59		0.0962173
60		0.0969789
61		0.0981214
62		0.100406
63		0.103072
64		0.107642
65		0.107768
66		0.112211
67		0.112465
68		0.113481
69		0.117796
70		0.119573
71		0.121351
72		0.121351
73		0.124778
74		0.125539
75		0.127444
76		0.128713
77		0.132775
78		0.132902
79		0.134171
80		0.134425
81		0.139502
82		0.140772
83		0.14128
84		0.142803
85		0.145341
86		0.149911
87		0.151561
88		0.152577
89		0.155242
90		0.155242
91		0.160193
92		0.16362
93		0.163874
94		0.168063
95		0.16819
96		0.169205
97		0.171617
98		0.174537
99		0.17606
100		0.17771
101		0.178218
102		0.178726
103		0.182661
104		0.185834
105		0.185961
106		0.187484
107		0.191927
108		0.192562
109		0.193069
110		0.195481
111		0.198908
112		0.199289
113		0.200178
114		0.201447
115		0.20589
116		0.207032
117		0.208429
118		0.211348
119		0.211602
120		0.216172
121		0.216806
122		0.21871
123		0.219726
124		0.221122
125		0.227088
126		0.22785
127		0.228357
128		0.229119
129		0.230896
130		0.234958
131		0.237116
132		0.237878
133		0.242193
134		0.242701
135		0.243336
136		0.244224
137		0.251587
138		0.252602
139		0.253237
140		0.254633
141		0.257426
142		0.258187
143		0.261868
144		0.261868
145		0.263265
146		0.265169
147		0.266057
148		0.266184
149		0.269612
150		0.271643
151		0.271769
152		0.276085
153		0.27672
154		0.277735
155		0.279005
156		0.282559
157		0.285352
158		0.28624
159		0.286367
160		0.291445
161		0.292206
162		0.29538
163		0.296903
164		0.297791
165		0.298045
166		0.300711
167		0.304519
168		0.307058
169		0.307946
170		0.308454
171		0.312262
172		0.312643
173		0.313277
174		0.313404
175		0.318609
176		0.321147
177		0.321528
178		0.321782
179		0.325844
180		0.32686
181		0.327367
182		0.330541
183		0.330922
184		0.335618
185		0.336126
186		0.336888
187		0.338919
188		0.340442
189		0.343488
190		0.346662
191		0.347169
192		0.350724
193		0.352247
194		0.353643
195		0.353897
196		0.357197
197		0.358467
198		0.359863
199		0.361894
200		0.362021
201		0.36951
202		0.370018
203		0.370145
204		0.371541
205		0.375095
206		0.375984
207		0.379919
208		0.382711
209		0.385123
210		0.386646
211		0.389312
212		0.390708
213		0.393882
214		0.395913
215		0.398705
216		0.399467
217		0.401244
218		0.403783
219		0.405179
220		0.406321
221		0.408606
222		0.412287
223		0.415207
224		0.415588
225		0.416349
226		0.41673
227		0.422061
228		0.422696
229		0.424727
230		0.424854
231		0.429931
232		0.433105
233		0.435517
234		0.436659
235		0.439959
236		0.442371
237		0.443641
238		0.444529
239		0.445671
240		0.453034
241		0.453161
242		0.455699
243		0.458873
244		0.459127
245		0.459761
246		0.464712
247		0.464839
248		0.466108
249		0.468901
250		0.469028
251		0.469662
252		0.470932
253		0.476898
254		0.478167
255		0.479563
256		0.480706
257		0.484768
258		0.484895
259		0.487433
260		0.488957
261		0.491749
262		0.493907
263		0.494034
264		0.49543
265		0.499492
266		0.503935
267		0.504316
268		0.505458
269		0.511043
270		0.511043
271		0.511678
272		0.516375
273		0.518406
274		0.520564
275		0.525006
276		0.525641
277		0.526022
278		0.529957
279		0.534907
280		0.535288
281		0.535669
282		0.536431
283		0.539604
284		0.543412
285		0.545062
286		0.547855
287		0.549251
288		0.549886
289		0.553567
290		0.555471
291		0.558264
292		0.55966
293		0.55966
294		0.564356
295		0.567022
296		0.567784
297		0.571084
298		0.573623
299		0.575019
300		0.581747
301		0.582762
302		0.584031
303		0.588855
304		0.591394
305		0.592409
306		0.594821
307		0.594821
308		0.599137
309		0.599772
310		0.601549
311		0.60358
312		0.605991
313		0.61183
314		0.612084
315		0.612338
316		0.614623
317		0.619573
318		0.620335
319		0.621604
320		0.622112
321		0.627444
322		0.627951
323		0.629474
324		0.630363
325		0.63379
326		0.636837
327		0.636964
328		0.637345
329		0.642168
330		0.643691
331		0.645722
332		0.64953
333		0.651688
334		0.651942
335		0.654608
336		0.657654
337		0.659939
338		0.662097
339		0.664763
340		0.665905
341		0.666667
342		0.671363
343		0.675044
344		0.677202
345		0.678599
346		0.679233
347		0.679487
348		0.68393
349		0.684565
350		0.684565
351		0.687357
352		0.689007
353		0.695481
354		0.697004
355		0.699416
356		0.704874
357		0.708809
358		0.71249
359		0.712998
360		0.71376
361		0.71871
362		0.719853
363		0.721884
364		0.722899
365		0.727215
366		0.727977
367		0.730008
368		0.732546
369		0.738385
370		0.738512
371		0.738766
372		0.740036
373		0.744478
374		0.745494
375		0.745621
376		0.748413
377		0.749683
378		0.753998
379		0.754506
380		0.755776
381		0.757299
382		0.760599
383		0.762503
384		0.763646
385		0.764788
386		0.767454
387		0.768596
388		0.769739
389		0.773166
390		0.773674
391		0.777989
392		0.779259
393		0.779513
394		0.779513
395		0.784717
396		0.787383
397		0.787763
398		0.788017
399		0.793095
400		0.795253
401		0.796141
402		0.798553
403		0.800457
404		0.80198
405		0.805407
406		0.806169
407		0.806677
408		0.80985
409		0.809977
410		0.814801
411		0.817212
412		0.818101
413		0.821782
414		0.822417
415		0.823178
416		0.825209
417		0.830414
418		0.831937
419		0.832064
420		0.834095
421		0.837141
422		0.838284
423		0.839807
424		0.841965
425		0.844377
426		0.8459
427		0.847296
428		0.849581
429		0.849962
430		0.854532
431		0.854912
432		0.855293
433		0.857705
434		0.859609
435		0.863163
436		0.865321
437		0.865448
438		0.867987
439		0.872176
440		0.872937
441		0.874461
442		0.874714
443		0.87738
444		0.8803
445		0.8803
446		0.882965
447		0.885631
448		0.888677
449		0.888931
450		0.890581
451		0.893882
452		0.895405
453		0.895786
454		0.898959
455		0.899975
456		0.902894
457		0.903148
458		0.904037
459		0.906575
460		0.908225
461		0.908733
462		0.913684
463		0.915969
464		0.918507
465		0.918761
466		0.921427
467		0.923204
468		0.926631
469		0.928408
470		0.930185
471		0.930439
472		0.93247
473		0.935897
474		0.93704
475		0.937801
476		0.940086
477		0.94326
478		0.945925
479		0.946687
480		0.948464
481		0.951764
482		0.952018
483		0.953161
484		0.955065
485		0.959
486		0.96065
487		0.961919
488		0.963316
489		0.966489
490		0.969408
491		0.969535
492		0.972709
493		0.97309
494		0.974486
495		0.976898
496		0.978675
497		0.981214
498		0.982864
499		0.985402
500		0.986799
501		0.987814
502		0.989084
503		0.991876
504		0.992765
505		0.995557
506		0.997969
507		0.999111
508		0.999619
509		0.999873
510		1
511		1
512		1
513		1
514		1
515		1
516		1
517		1
518		1
519		1
520		1
521		1
522		1
523		1
524		1
525		1
526		1
527		1
528		1
529		1
530		1
531		1
532		1
533		1
534		1
535		1
536		1
537		1
538		1
539		1
540		1
541		1
542		1
543		1
544		1
545		1
546		1
547		1
548		1
549		1
550		1
551		1
552		1
553		1
554		1
555		1
556		1
557		1
558		1
559		1
560		1
561		1
562		1
563		1
564		1
565		1
566		1
567		1
568		1
569		1
570		1
571		1
572		1
573		1
574		1
575		1
576		1
577		1
578		1
579		1
580		1
581		1
582		1
583		1
584		1
585		1
586		1
587		1
588		1
589		1
590		1
591		1
592		1
593		1
594		1
595		1
596		1
597		1
598		1
599		1
600		1
