# Calibration file of tamex_id 1 @ channel 54
# fine_T bin		 Calibration value
1		0
2		0
3		0
4		0
5		0
6		0
7		0
8		0
9		0
10		0
11		0
12		0
13		0
14		0
15		0
16		0
17		0
18		0.00447336
19		0.00569337
20		0.00569337
21		0.0158601
22		0.0183001
23		0.0187068
24		0.0191135
25		0.0223668
26		0.0227735
27		0.0248068
28		0.0280602
29		0.0288735
30		0.0341602
31		0.0341602
32		0.0349736
33		0.0370069
34		0.0398536
35		0.045547
36		0.046767
37		0.0475803
38		0.0496137
39		0.0500203
40		0.0536804
41		0.0557137
42		0.0573404
43		0.0622204
44		0.0622204
45		0.0626271
46		0.0650671
47		0.0687271
48		0.0703538
49		0.0727938
50		0.0764538
51		0.0797072
52		0.0809272
53		0.0825539
54		0.0837739
55		0.0862139
56		0.0870272
57		0.0870272
58		0.0878406
59		0.0919073
60		0.0951606
61		0.0955673
62		0.0988207
63		0.101261
64		0.102887
65		0.106141
66		0.107767
67		0.109394
68		0.111834
69		0.113867
70		0.115494
71		0.117934
72		0.118747
73		0.121187
74		0.124441
75		0.125254
76		0.128508
77		0.129321
78		0.129728
79		0.130948
80		0.132981
81		0.137454
82		0.137454
83		0.141114
84		0.141114
85		0.145994
86		0.146401
87		0.147621
88		0.147621
89		0.154941
90		0.154941
91		0.155348
92		0.155754
93		0.159414
94		0.159414
95		0.160634
96		0.161448
97		0.166328
98		0.169581
99		0.169988
100		0.170801
101		0.175681
102		0.177308
103		0.177715
104		0.181781
105		0.186255
106		0.187068
107		0.187475
108		0.189915
109		0.189915
110		0.192355
111		0.193168
112		0.197235
113		0.198048
114		0.199268
115		0.206588
116		0.206995
117		0.208621
118		0.208621
119		0.215941
120		0.215941
121		0.217568
122		0.217975
123		0.223668
124		0.226108
125		0.227328
126		0.227735
127		0.235868
128		0.235868
129		0.236682
130		0.239528
131		0.241968
132		0.245222
133		0.246442
134		0.247662
135		0.253355
136		0.256202
137		0.257422
138		0.258642
139		0.259862
140		0.261895
141		0.262302
142		0.262708
143		0.262708
144		0.267182
145		0.267588
146		0.268808
147		0.270435
148		0.271655
149		0.281415
150		0.281822
151		0.282635
152		0.283449
153		0.294022
154		0.294835
155		0.296462
156		0.296869
157		0.302562
158		0.307849
159		0.308255
160		0.309475
161		0.313949
162		0.315575
163		0.316389
164		0.318829
165		0.324522
166		0.326556
167		0.326556
168		0.328182
169		0.334689
170		0.337536
171		0.339569
172		0.341196
173		0.343636
174		0.347702
175		0.349736
176		0.350142
177		0.351362
178		0.354209
179		0.355022
180		0.357869
181		0.359496
182		0.359496
183		0.364376
184		0.364782
185		0.366816
186		0.369256
187		0.373322
188		0.375763
189		0.376983
190		0.377796
191		0.379829
192		0.381863
193		0.383083
194		0.384709
195		0.386336
196		0.386336
197		0.387149
198		0.390809
199		0.391623
200		0.396096
201		0.396909
202		0.402603
203		0.403009
204		0.404636
205		0.409923
206		0.411549
207		0.412363
208		0.412769
209		0.419683
210		0.419683
211		0.422529
212		0.424156
213		0.42619
214		0.428223
215		0.428223
216		0.42863
217		0.434323
218		0.435136
219		0.437983
220		0.43961
221		0.443676
222		0.443676
223		0.446116
224		0.447336
225		0.450996
226		0.452623
227		0.45303
228		0.455063
229		0.459536
230		0.463196
231		0.46401
232		0.46523
233		0.467263
234		0.473363
235		0.475397
236		0.47621
237		0.47743
238		0.478243
239		0.48231
240		0.485157
241		0.48841
242		0.488817
243		0.491663
244		0.494103
245		0.496137
246		0.49695
247		0.498983
248		0.498983
249		0.498983
250		0.501423
251		0.505897
252		0.505897
253		0.507523
254		0.51037
255		0.512403
256		0.513623
257		0.513623
258		0.518097
259		0.521757
260		0.524603
261		0.526637
262		0.527044
263		0.52989
264		0.531924
265		0.53721
266		0.53843
267		0.53843
268		0.541684
269		0.545344
270		0.54819
271		0.548597
272		0.549817
273		0.55429
274		0.557544
275		0.558357
276		0.558764
277		0.564457
278		0.56527
279		0.567304
280		0.568117
281		0.575437
282		0.575437
283		0.576657
284		0.579504
285		0.585197
286		0.586417
287		0.587231
288		0.590484
289		0.592924
290		0.593737
291		0.594144
292		0.598617
293		0.600244
294		0.600244
295		0.600244
296		0.600244
297		0.604311
298		0.604717
299		0.607564
300		0.609597
301		0.615291
302		0.616104
303		0.617731
304		0.618951
305		0.621391
306		0.623424
307		0.625458
308		0.628304
309		0.629118
310		0.631151
311		0.631964
312		0.635624
313		0.635624
314		0.636844
315		0.638471
316		0.638471
317		0.642131
318		0.642944
319		0.642944
320		0.643758
321		0.650264
322		0.650671
323		0.651484
324		0.653518
325		0.660024
326		0.660431
327		0.663278
328		0.663278
329		0.667344
330		0.668158
331		0.669784
332		0.671411
333		0.675478
334		0.676291
335		0.679545
336		0.679545
337		0.684018
338		0.688491
339		0.688491
340		0.689305
341		0.694185
342		0.694185
343		0.699878
344		0.702318
345		0.705165
346		0.710045
347		0.711671
348		0.712485
349		0.714111
350		0.716958
351		0.721025
352		0.721025
353		0.721025
354		0.721025
355		0.721838
356		0.722651
357		0.724278
358		0.724278
359		0.724278
360		0.727125
361		0.728752
362		0.728752
363		0.735665
364		0.737292
365		0.740138
366		0.741765
367		0.748678
368		0.749085
369		0.750712
370		0.750712
371		0.753965
372		0.756812
373		0.757218
374		0.757625
375		0.760878
376		0.766165
377		0.769418
378		0.771045
379		0.773078
380		0.773892
381		0.774298
382		0.777552
383		0.780805
384		0.781212
385		0.783652
386		0.784872
387		0.786905
388		0.788532
389		0.790972
390		0.791379
391		0.792192
392		0.793412
393		0.796665
394		0.797885
395		0.797885
396		0.798292
397		0.801545
398		0.801545
399		0.803579
400		0.804392
401		0.809272
402		0.811305
403		0.811712
404		0.812119
405		0.815372
406		0.815779
407		0.819032
408		0.820252
409		0.821065
410		0.824725
411		0.825946
412		0.829606
413		0.830012
414		0.831639
415		0.833672
416		0.836519
417		0.836926
418		0.838146
419		0.843026
420		0.843432
421		0.847092
422		0.847499
423		0.851972
424		0.854412
425		0.856446
426		0.856852
427		0.863766
428		0.864579
429		0.864579
430		0.866612
431		0.870679
432		0.871086
433		0.872306
434		0.873526
435		0.879219
436		0.880439
437		0.881253
438		0.884099
439		0.887353
440		0.888166
441		0.888166
442		0.890199
443		0.893046
444		0.895079
445		0.896706
446		0.899959
447		0.902806
448		0.908499
449		0.908499
450		0.909313
451		0.911753
452		0.917039
453		0.919479
454		0.921106
455		0.922733
456		0.923546
457		0.928426
458		0.928833
459		0.9329
460		0.933306
461		0.93778
462		0.939813
463		0.940626
464		0.941033
465		0.945913
466		0.94632
467		0.947946
468		0.949166
469		0.94998
470		0.954453
471		0.95486
472		0.95486
473		0.959333
474		0.96096
475		0.96096
476		0.96828
477		0.971533
478		0.973973
479		0.976007
480		0.976007
481		0.980887
482		0.984953
483		0.984953
484		0.987393
485		0.988207
486		0.988207
487		0.991867
488		0.99268
489		0.99268
490		0.994307
491		0.997967
492		0.99878
493		1
494		1
495		1
496		1
497		1
498		1
499		1
500		1
501		1
502		1
503		1
504		1
505		1
506		1
507		1
508		1
509		1
510		1
511		1
512		1
513		1
514		1
515		1
516		1
517		1
518		1
519		1
520		1
521		1
522		1
523		1
524		1
525		1
526		1
527		1
528		1
529		1
530		1
531		1
532		1
533		1
534		1
535		1
536		1
537		1
538		1
539		1
540		1
541		1
542		1
543		1
544		1
545		1
546		1
547		1
548		1
549		1
550		1
551		1
552		1
553		1
554		1
555		1
556		1
557		1
558		1
559		1
560		1
561		1
562		1
563		1
564		1
565		1
566		1
567		1
568		1
569		1
570		1
571		1
572		1
573		1
574		1
575		1
576		1
577		1
578		1
579		1
580		1
581		1
582		1
583		1
584		1
585		1
586		1
587		1
588		1
589		1
590		1
591		1
592		1
593		1
594		1
595		1
596		1
597		1
598		1
599		1
600		1
