# Calibration file of tamex_id 5 @ channel 49
# fine_T bin		 Calibration value
1		0
2		0
3		0
4		0
5		0
6		0
7		0
8		0
9		0
10		0
11		0
12		0
13		0
14		0
15		0
16		0
17		0
18		0.00452248
19		0.00558659
20		0.00798085
21		0.0114392
22		0.0122373
23		0.0140995
24		0.0156957
25		0.0156957
26		0.0204842
27		0.0210162
28		0.0226124
29		0.0226124
30		0.0244746
31		0.028465
32		0.0295291
33		0.0297952
34		0.0303272
35		0.0372439
36		0.0399042
37		0.0417664
38		0.0422985
39		0.0457569
40		0.0486832
41		0.0505454
42		0.0513434
43		0.0540037
44		0.0598563
45		0.0598563
46		0.0601224
47		0.065709
48		0.066241
49		0.066507
50		0.0702314
51		0.0744879
52		0.07502
53		0.0763501
54		0.0774142
55		0.0806065
56		0.0837989
57		0.0837989
58		0.084597
59		0.0896515
60		0.0915137
61		0.0931099
62		0.0960362
63		0.0965682
64		0.0973663
65		0.102953
66		0.103485
67		0.104549
68		0.105879
69		0.109072
70		0.111998
71		0.11386
72		0.115722
73		0.122107
74		0.122905
75		0.123969
76		0.128226
77		0.131418
78		0.133546
79		0.133812
80		0.135142
81		0.142059
82		0.145783
83		0.145783
84		0.147646
85		0.150306
86		0.15403
87		0.15403
88		0.156425
89		0.156691
90		0.159085
91		0.161213
92		0.162277
93		0.164139
94		0.166268
95		0.16813
96		0.170524
97		0.173184
98		0.174781
99		0.177707
100		0.178505
101		0.179569
102		0.180101
103		0.184358
104		0.18489
105		0.185688
106		0.189944
107		0.191806
108		0.192338
109		0.193669
110		0.193669
111		0.198723
112		0.201915
113		0.202447
114		0.203512
115		0.207236
116		0.210162
117		0.211758
118		0.212557
119		0.214153
120		0.214951
121		0.217611
122		0.220271
123		0.220537
124		0.222666
125		0.225326
126		0.226124
127		0.226656
128		0.229316
129		0.233573
130		0.233573
131		0.235435
132		0.236499
133		0.240223
134		0.240489
135		0.242618
136		0.24448
137		0.24847
138		0.249534
139		0.250067
140		0.250333
141		0.252461
142		0.256185
143		0.256983
144		0.258313
145		0.262038
146		0.262836
147		0.26656
148		0.26789
149		0.269753
150		0.271349
151		0.272679
152		0.274541
153		0.276935
154		0.281192
155		0.281724
156		0.28598
157		0.286778
158		0.287044
159		0.289971
160		0.291035
161		0.291301
162		0.295557
163		0.300346
164		0.300346
165		0.302208
166		0.303804
167		0.309657
168		0.311519
169		0.312583
170		0.313647
171		0.318436
172		0.319766
173		0.320298
174		0.320564
175		0.325619
176		0.328279
177		0.328811
178		0.329343
179		0.333865
180		0.33493
181		0.335994
182		0.339718
183		0.339718
184		0.34424
185		0.345571
186		0.346635
187		0.348497
188		0.351157
189		0.355946
190		0.356478
191		0.356478
192		0.358606
193		0.36233
194		0.364193
195		0.366587
196		0.366587
197		0.372439
198		0.372439
199		0.374568
200		0.374568
201		0.37909
202		0.380952
203		0.382815
204		0.383347
205		0.385475
206		0.387337
207		0.388933
208		0.388933
209		0.388933
210		0.39585
211		0.396382
212		0.39851
213		0.399042
214		0.400372
215		0.405427
216		0.407289
217		0.407821
218		0.409949
219		0.41394
220		0.414472
221		0.417132
222		0.417398
223		0.423251
224		0.423783
225		0.426177
226		0.426177
227		0.429636
228		0.43336
229		0.434956
230		0.435222
231		0.437616
232		0.440543
233		0.442139
234		0.444799
235		0.447193
236		0.449588
237		0.450386
238		0.451184
239		0.454642
240		0.457302
241		0.458367
242		0.459697
243		0.462889
244		0.466879
245		0.468742
246		0.46954
247		0.470604
248		0.472998
249		0.479117
250		0.480181
251		0.480447
252		0.484171
253		0.4863
254		0.488428
255		0.49162
256		0.49295
257		0.494812
258		0.494812
259		0.498005
260		0.498271
261		0.503857
262		0.506252
263		0.507582
264		0.508114
265		0.513168
266		0.515031
267		0.517957
268		0.522745
269		0.524076
270		0.525672
271		0.5278
272		0.528332
273		0.533387
274		0.536579
275		0.537111
276		0.537909
277		0.539239
278		0.541633
279		0.54456
280		0.546688
281		0.548816
282		0.548816
283		0.550944
284		0.554137
285		0.557063
286		0.560787
287		0.560787
288		0.56265
289		0.569034
290		0.57063
291		0.572759
292		0.573557
293		0.574887
294		0.577813
295		0.578611
296		0.583666
297		0.58739
298		0.589252
299		0.590051
300		0.598563
301		0.598563
302		0.600426
303		0.603884
304		0.604416
305		0.607342
306		0.607608
307		0.611067
308		0.611865
309		0.613195
310		0.615589
311		0.61958
312		0.620644
313		0.621176
314		0.622506
315		0.622772
316		0.627561
317		0.629423
318		0.630753
319		0.630753
320		0.630753
321		0.634743
322		0.635275
323		0.635541
324		0.639
325		0.642458
326		0.643788
327		0.644852
328		0.647247
329		0.651503
330		0.651769
331		0.653631
332		0.653631
333		0.658686
334		0.659218
335		0.659218
336		0.664804
337		0.667731
338		0.668263
339		0.670391
340		0.671987
341		0.674648
342		0.679436
343		0.679436
344		0.682096
345		0.683692
346		0.685023
347		0.688215
348		0.690343
349		0.690343
350		0.692737
351		0.693536
352		0.695664
353		0.703379
354		0.703379
355		0.704709
356		0.709497
357		0.711625
358		0.71269
359		0.716946
360		0.721468
361		0.722799
362		0.726257
363		0.728917
364		0.729449
365		0.731578
366		0.731578
367		0.731578
368		0.737164
369		0.740356
370		0.740356
371		0.742485
372		0.743017
373		0.744081
374		0.744081
375		0.749933
376		0.751264
377		0.755786
378		0.756318
379		0.757116
380		0.757382
381		0.764565
382		0.766693
383		0.767757
384		0.768555
385		0.770684
386		0.774408
387		0.775206
388		0.775738
389		0.777866
390		0.781325
391		0.782655
392		0.784251
393		0.785847
394		0.786113
395		0.79303
396		0.79303
397		0.793828
398		0.794094
399		0.800213
400		0.802341
401		0.804203
402		0.805001
403		0.808726
404		0.808992
405		0.81245
406		0.812716
407		0.817771
408		0.820165
409		0.821495
410		0.824687
411		0.825219
412		0.827082
413		0.83054
414		0.832934
415		0.835329
416		0.837723
417		0.838787
418		0.839053
419		0.847034
420		0.849162
421		0.850226
422		0.853418
423		0.853684
424		0.857675
425		0.861665
426		0.863262
427		0.864592
428		0.86539
429		0.86805
430		0.869114
431		0.87071
432		0.873637
433		0.875233
434		0.877095
435		0.879489
436		0.881883
437		0.883746
438		0.886672
439		0.888002
440		0.893323
441		0.896249
442		0.896515
443		0.897845
444		0.898643
445		0.900771
446		0.906358
447		0.908486
448		0.910615
449		0.911413
450		0.911413
451		0.918063
452		0.919659
453		0.920192
454		0.923118
455		0.925778
456		0.927906
457		0.927906
458		0.931365
459		0.935621
460		0.936153
461		0.937217
462		0.938015
463		0.94174
464		0.94174
465		0.94573
466		0.946528
467		0.948657
468		0.948657
469		0.951051
470		0.951849
471		0.955307
472		0.956637
473		0.957435
474		0.957968
475		0.963288
476		0.965682
477		0.966214
478		0.969673
479		0.969673
480		0.972333
481		0.974195
482		0.975791
483		0.975791
484		0.977654
485		0.984038
486		0.984836
487		0.985901
488		0.985901
489		0.991221
490		0.991487
491		0.994945
492		0.998404
493		0.999468
494		0.999734
495		1
496		1
497		1
498		1
499		1
500		1
501		1
502		1
503		1
504		1
505		1
506		1
507		1
508		1
509		1
510		1
511		1
512		1
513		1
514		1
515		1
516		1
517		1
518		1
519		1
520		1
521		1
522		1
523		1
524		1
525		1
526		1
527		1
528		1
529		1
530		1
531		1
532		1
533		1
534		1
535		1
536		1
537		1
538		1
539		1
540		1
541		1
542		1
543		1
544		1
545		1
546		1
547		1
548		1
549		1
550		1
551		1
552		1
553		1
554		1
555		1
556		1
557		1
558		1
559		1
560		1
561		1
562		1
563		1
564		1
565		1
566		1
567		1
568		1
569		1
570		1
571		1
572		1
573		1
574		1
575		1
576		1
577		1
578		1
579		1
580		1
581		1
582		1
583		1
584		1
585		1
586		1
587		1
588		1
589		1
590		1
591		1
592		1
593		1
594		1
595		1
596		1
597		1
598		1
599		1
600		1
