#Z1 vs Z2 gate
#Sb
49.0844   51.6402
49.0469   50.9959
49.6566   50.6623
49.9473   50.9959
50.1162   51.3296
50.2006   51.5251
49.9004   51.9162
49.0844   51.6402
#Z In
47.4805 49.9836
47.443 49.3394
48.0527 49.0058
48.3434 49.3394
48.5123 49.673
48.4935 49.8686
48.2872 50.2482
47.4805 49.9836
#Sn
48.2657   50.7903
48.2284   50.1545
48.8312   49.8226
49.1245   50.1457
49.2979   50.4792
49.3774   50.6811
49.0811   51.0672
48.2657   50.7903
#Cd
46.5332   49.0173
46.4957   48.3731
47.1053   48.0395
47.3961   48.3731
47.5649   48.7067
47.6493   48.9023
47.3492   49.2934
46.5332   49.0173
#Z 48-52
47.4869 49.1851
47.5368 49.8514
51.4948 53.8279
51.8836 53.6559
51.7141 53.0111
47.7761 48.7552
47.477  49.1636
47.4869 49.1851
#Z 48-52 Music shift
51.6607 52.3924
45.1729 45.8637
45.4643 45.1673
48.0366 47.67
52.5477 52.153
52.6237 52.3488
52.3323 52.7406
51.6607 52.3924
#Z 90
88.8563 89.6692
89.0213 90.2776
89.3363 90.2168
89.5688 89.6895
89.4263 88.9999
88.9988 88.9999
88.8563 89.6692
88.8563 89.6692
#Z 91
89.6963 90.5413
89.8613 91.1498
90.1763 91.0889
90.4088 90.5616
90.2663 89.872
89.8388 89.872
89.6963 90.5413
89.6963 90.5413
