# Calibration file of tamex_id 0 @ channel 41
# fine_T bin		 Calibration value
0.1		0
0.2		0
0.3		0
0.4		0
0.5		0
0.6		0
0.7		0
0.8		0
0.9		0
1		0
1.1		0
1.2		0
1.3		0
1.4		0
1.5		0
1.6		0
1.7		0
1.8		0
1.9		0
2		0
2.1		0
2.2		0
2.3		0
2.4		0
2.5		0
2.6		0
2.7		0
2.8		0
2.9		0
3		0
3.1		0
3.2		0
3.3		0
3.4		0
3.5		0
3.6		0
3.7		0
3.8		0
3.9		0
4		0
4.1		0
4.2		0
4.3		0
4.4		0
4.5		0
4.6		0
4.7		0
4.8		0
4.9		0
5		0
5.1		0
5.2		0
5.3		0
5.4		0
5.5		0
5.6		0
5.7		0
5.8		0
5.9		0
6		0
6.1		0
6.2		0
6.3		0
6.4		0
6.5		0
6.6		0
6.7		0
6.8		0
6.9		0
7		0
7.1		0
7.2		0
7.3		0
7.4		0
7.5		0
7.6		0
7.7		0
7.8		0
7.9		0
8		0
8.1		0
8.2		0
8.3		0
8.4		0
8.5		0
8.6		0
8.7		0
8.8		0
8.9		0
9		0
9.1		0
9.2		0
9.3		0
9.4		0
9.5		0
9.6		0
9.7		0
9.8		0
9.9		0
10		0
10.1		0
10.2		0
10.3		0
10.4		0
10.5		0
10.6		0
10.7		0
10.8		0
10.9		0
11		0
11.1		0
11.2		0
11.3		0
11.4		0
11.5		0
11.6		0
11.7		0
11.8		0
11.9		0
12		0
12.1		0
12.2		0
12.3		0
12.4		0
12.5		0
12.6		0
12.7		0
12.8		0
12.9		0
13		0
13.1		0
13.2		0
13.3		0
13.4		0
13.5		0
13.6		0
13.7		0
13.8		0
13.9		0
14		0
14.1		0
14.2		0
14.3		0
14.4		0
14.5		0
14.6		0
14.7		0
14.8		0
14.9		0
15		0
15.1		0
15.2		0
15.3		0
15.4		0
15.5		0
15.6		0
15.7		0
15.8		0
15.9		0
16		0
16.1		0
16.2		0
16.3		0
16.4		0
16.5		0
16.6		0
16.7		0
16.8		0
16.9		0
17		0
17.1		0.00603903
17.2		0.00603903
17.3		0.00603903
17.4		0.00603903
17.5		0.00603903
17.6		0.00603903
17.7		0.00603903
17.8		0.00603903
17.9		0.00603903
18		0.00603903
18.1		0.00756282
18.2		0.00756282
18.3		0.00756282
18.4		0.00756282
18.5		0.00756282
18.6		0.00756282
18.7		0.00756282
18.8		0.00756282
18.9		0.00756282
19		0.00756282
19.1		0.0106746
19.2		0.0106746
19.3		0.0106746
19.4		0.0106746
19.5		0.0106746
19.6		0.0106746
19.7		0.0106746
19.8		0.0106746
19.9		0.0106746
20		0.0106746
20.1		0.0145562
20.2		0.0145562
20.3		0.0145562
20.4		0.0145562
20.5		0.0145562
20.6		0.0145562
20.7		0.0145562
20.8		0.0145562
20.9		0.0145562
21		0.0145562
21.1		0.0165853
21.2		0.0165853
21.3		0.0165853
21.4		0.0165853
21.5		0.0165853
21.6		0.0165853
21.7		0.0165853
21.8		0.0165853
21.9		0.0165853
22		0.0165853
22.1		0.018085
22.2		0.018085
22.3		0.018085
22.4		0.018085
22.5		0.018085
22.6		0.018085
22.7		0.018085
22.8		0.018085
22.9		0.018085
23		0.018085
23.1		0.0192399
23.2		0.0192399
23.3		0.0192399
23.4		0.0192399
23.5		0.0192399
23.6		0.0192399
23.7		0.0192399
23.8		0.0192399
23.9		0.0192399
24		0.0192399
24.1		0.0201702
24.2		0.0201702
24.3		0.0201702
24.4		0.0201702
24.5		0.0201702
24.6		0.0201702
24.7		0.0201702
24.8		0.0201702
24.9		0.0201702
25		0.0201702
25.1		0.0262413
25.2		0.0262413
25.3		0.0262413
25.4		0.0262413
25.5		0.0262413
25.6		0.0262413
25.7		0.0262413
25.8		0.0262413
25.9		0.0262413
26		0.0262413
26.1		0.0280057
26.2		0.0280057
26.3		0.0280057
26.4		0.0280057
26.5		0.0280057
26.6		0.0280057
26.7		0.0280057
26.8		0.0280057
26.9		0.0280057
27		0.0280057
27.1		0.0291365
27.2		0.0291365
27.3		0.0291365
27.4		0.0291365
27.5		0.0291365
27.6		0.0291365
27.7		0.0291365
27.8		0.0291365
27.9		0.0291365
28		0.0291365
28.1		0.0292889
28.2		0.0292889
28.3		0.0292889
28.4		0.0292889
28.5		0.0292889
28.6		0.0292889
28.7		0.0292889
28.8		0.0292889
28.9		0.0292889
29		0.0292889
29.1		0.0321921
29.2		0.0321921
29.3		0.0321921
29.4		0.0321921
29.5		0.0321921
29.6		0.0321921
29.7		0.0321921
29.8		0.0321921
29.9		0.0321921
30		0.0321921
30.1		0.0350953
30.2		0.0350953
30.3		0.0350953
30.4		0.0350953
30.5		0.0350953
30.6		0.0350953
30.7		0.0350953
30.8		0.0350953
30.9		0.0350953
31		0.0350953
31.1		0.0371805
31.2		0.0371805
31.3		0.0371805
31.4		0.0371805
31.5		0.0371805
31.6		0.0371805
31.7		0.0371805
31.8		0.0371805
31.9		0.0371805
32		0.0371805
32.1		0.0386
32.2		0.0386
32.3		0.0386
32.4		0.0386
32.5		0.0386
32.6		0.0386
32.7		0.0386
32.8		0.0386
32.9		0.0386
33		0.0386
33.1		0.0391454
33.2		0.0391454
33.3		0.0391454
33.4		0.0391454
33.5		0.0391454
33.6		0.0391454
33.7		0.0391454
33.8		0.0391454
33.9		0.0391454
34		0.0391454
34.1		0.0444305
34.2		0.0444305
34.3		0.0444305
34.4		0.0444305
34.5		0.0444305
34.6		0.0444305
34.7		0.0444305
34.8		0.0444305
34.9		0.0444305
35		0.0444305
35.1		0.0457218
35.2		0.0457218
35.3		0.0457218
35.4		0.0457218
35.5		0.0457218
35.6		0.0457218
35.7		0.0457218
35.8		0.0457218
35.9		0.0457218
36		0.0457218
36.1		0.0468606
36.2		0.0468606
36.3		0.0468606
36.4		0.0468606
36.5		0.0468606
36.6		0.0468606
36.7		0.0468606
36.8		0.0468606
36.9		0.0468606
37		0.0468606
37.1		0.0470049
37.2		0.0470049
37.3		0.0470049
37.4		0.0470049
37.5		0.0470049
37.6		0.0470049
37.7		0.0470049
37.8		0.0470049
37.9		0.0470049
38		0.0470049
38.1		0.0519051
38.2		0.0519051
38.3		0.0519051
38.4		0.0519051
38.5		0.0519051
38.6		0.0519051
38.7		0.0519051
38.8		0.0519051
38.9		0.0519051
39		0.0519051
39.1		0.0522179
39.2		0.0522179
39.3		0.0522179
39.4		0.0522179
39.5		0.0522179
39.6		0.0522179
39.7		0.0522179
39.8		0.0522179
39.9		0.0522179
40		0.0522179
40.1		0.0529718
40.2		0.0529718
40.3		0.0529718
40.4		0.0529718
40.5		0.0529718
40.6		0.0529718
40.7		0.0529718
40.8		0.0529718
40.9		0.0529718
41		0.0529718
41.1		0.056276
41.2		0.056276
41.3		0.056276
41.4		0.056276
41.5		0.056276
41.6		0.056276
41.7		0.056276
41.8		0.056276
41.9		0.056276
42		0.056276
42.1		0.0596203
42.2		0.0596203
42.3		0.0596203
42.4		0.0596203
42.5		0.0596203
42.6		0.0596203
42.7		0.0596203
42.8		0.0596203
42.9		0.0596203
43		0.0596203
43.1		0.0610158
43.2		0.0610158
43.3		0.0610158
43.4		0.0610158
43.5		0.0610158
43.6		0.0610158
43.7		0.0610158
43.8		0.0610158
43.9		0.0610158
44		0.0610158
44.1		0.0628524
44.2		0.0628524
44.3		0.0628524
44.4		0.0628524
44.5		0.0628524
44.6		0.0628524
44.7		0.0628524
44.8		0.0628524
44.9		0.0628524
45		0.0628524
45.1		0.0644804
45.2		0.0644804
45.3		0.0644804
45.4		0.0644804
45.5		0.0644804
45.6		0.0644804
45.7		0.0644804
45.8		0.0644804
45.9		0.0644804
46		0.0644804
46.1		0.0669746
46.2		0.0669746
46.3		0.0669746
46.4		0.0669746
46.5		0.0669746
46.6		0.0669746
46.7		0.0669746
46.8		0.0669746
46.9		0.0669746
47		0.0669746
47.1		0.0688754
47.2		0.0688754
47.3		0.0688754
47.4		0.0688754
47.5		0.0688754
47.6		0.0688754
47.7		0.0688754
47.8		0.0688754
47.9		0.0688754
48		0.0688754
48.1		0.0691801
48.2		0.0691801
48.3		0.0691801
48.4		0.0691801
48.5		0.0691801
48.6		0.0691801
48.7		0.0691801
48.8		0.0691801
48.9		0.0691801
49		0.0691801
49.1		0.0734227
49.2		0.0734227
49.3		0.0734227
49.4		0.0734227
49.5		0.0734227
49.6		0.0734227
49.7		0.0734227
49.8		0.0734227
49.9		0.0734227
50		0.0734227
50.1		0.0744412
50.2		0.0744412
50.3		0.0744412
50.4		0.0744412
50.5		0.0744412
50.6		0.0744412
50.7		0.0744412
50.8		0.0744412
50.9		0.0744412
51		0.0744412
51.1		0.0781625
51.2		0.0781625
51.3		0.0781625
51.4		0.0781625
51.5		0.0781625
51.6		0.0781625
51.7		0.0781625
51.8		0.0781625
51.9		0.0781625
52		0.0781625
52.1		0.0786276
52.2		0.0786276
52.3		0.0786276
52.4		0.0786276
52.5		0.0786276
52.6		0.0786276
52.7		0.0786276
52.8		0.0786276
52.9		0.0786276
53		0.0786276
53.1		0.0791329
53.2		0.0791329
53.3		0.0791329
53.4		0.0791329
53.5		0.0791329
53.6		0.0791329
53.7		0.0791329
53.8		0.0791329
53.9		0.0791329
54		0.0791329
54.1		0.0841534
54.2		0.0841534
54.3		0.0841534
54.4		0.0841534
54.5		0.0841534
54.6		0.0841534
54.7		0.0841534
54.8		0.0841534
54.9		0.0841534
55		0.0841534
55.1		0.0854927
55.2		0.0854927
55.3		0.0854927
55.4		0.0854927
55.5		0.0854927
55.6		0.0854927
55.7		0.0854927
55.8		0.0854927
55.9		0.0854927
56		0.0854927
56.1		0.0859017
56.2		0.0859017
56.3		0.0859017
56.4		0.0859017
56.5		0.0859017
56.6		0.0859017
56.7		0.0859017
56.8		0.0859017
56.9		0.0859017
57		0.0859017
57.1		0.0899438
57.2		0.0899438
57.3		0.0899438
57.4		0.0899438
57.5		0.0899438
57.6		0.0899438
57.7		0.0899438
57.8		0.0899438
57.9		0.0899438
58		0.0899438
58.1		0.0910265
58.2		0.0910265
58.3		0.0910265
58.4		0.0910265
58.5		0.0910265
58.6		0.0910265
58.7		0.0910265
58.8		0.0910265
58.9		0.0910265
59		0.0910265
59.1		0.0943147
59.2		0.0943147
59.3		0.0943147
59.4		0.0943147
59.5		0.0943147
59.6		0.0943147
59.7		0.0943147
59.8		0.0943147
59.9		0.0943147
60		0.0943147
60.1		0.0966966
60.2		0.0966966
60.3		0.0966966
60.4		0.0966966
60.5		0.0966966
60.6		0.0966966
60.7		0.0966966
60.8		0.0966966
60.9		0.0966966
61		0.0966966
61.1		0.0976991
61.2		0.0976991
61.3		0.0976991
61.4		0.0976991
61.5		0.0976991
61.6		0.0976991
61.7		0.0976991
61.8		0.0976991
61.9		0.0976991
62		0.0976991
62.1		0.098076
62.2		0.098076
62.3		0.098076
62.4		0.098076
62.5		0.098076
62.6		0.098076
62.7		0.098076
62.8		0.098076
62.9		0.098076
63		0.098076
63.1		0.101493
63.2		0.101493
63.3		0.101493
63.4		0.101493
63.5		0.101493
63.6		0.101493
63.7		0.101493
63.8		0.101493
63.9		0.101493
64		0.101493
64.1		0.103979
64.2		0.103979
64.3		0.103979
64.4		0.103979
64.5		0.103979
64.6		0.103979
64.7		0.103979
64.8		0.103979
64.9		0.103979
65		0.103979
65.1		0.105687
65.2		0.105687
65.3		0.105687
65.4		0.105687
65.5		0.105687
65.6		0.105687
65.7		0.105687
65.8		0.105687
65.9		0.105687
66		0.105687
66.1		0.107379
66.2		0.107379
66.3		0.107379
66.4		0.107379
66.5		0.107379
66.6		0.107379
66.7		0.107379
66.8		0.107379
66.9		0.107379
67		0.107379
67.1		0.108823
67.2		0.108823
67.3		0.108823
67.4		0.108823
67.5		0.108823
67.6		0.108823
67.7		0.108823
67.8		0.108823
67.9		0.108823
68		0.108823
68.1		0.113723
68.2		0.113723
68.3		0.113723
68.4		0.113723
68.5		0.113723
68.6		0.113723
68.7		0.113723
68.8		0.113723
68.9		0.113723
69		0.113723
69.1		0.115704
69.2		0.115704
69.3		0.115704
69.4		0.115704
69.5		0.115704
69.6		0.115704
69.7		0.115704
69.8		0.115704
69.9		0.115704
70		0.115704
70.1		0.116097
70.2		0.116097
70.3		0.116097
70.4		0.116097
70.5		0.116097
70.6		0.116097
70.7		0.116097
70.8		0.116097
70.9		0.116097
71		0.116097
71.1		0.117813
71.2		0.117813
71.3		0.117813
71.4		0.117813
71.5		0.117813
71.6		0.117813
71.7		0.117813
71.8		0.117813
71.9		0.117813
72		0.117813
72.1		0.119393
72.2		0.119393
72.3		0.119393
72.4		0.119393
72.5		0.119393
72.6		0.119393
72.7		0.119393
72.8		0.119393
72.9		0.119393
73		0.119393
73.1		0.124181
73.2		0.124181
73.3		0.124181
73.4		0.124181
73.5		0.124181
73.6		0.124181
73.7		0.124181
73.8		0.124181
73.9		0.124181
74		0.124181
74.1		0.124967
74.2		0.124967
74.3		0.124967
74.4		0.124967
74.5		0.124967
74.6		0.124967
74.7		0.124967
74.8		0.124967
74.9		0.124967
75		0.124967
75.1		0.125135
75.2		0.125135
75.3		0.125135
75.4		0.125135
75.5		0.125135
75.6		0.125135
75.7		0.125135
75.8		0.125135
75.9		0.125135
76		0.125135
76.1		0.128736
76.2		0.128736
76.3		0.128736
76.4		0.128736
76.5		0.128736
76.6		0.128736
76.7		0.128736
76.8		0.128736
76.9		0.128736
77		0.128736
77.1		0.129282
77.2		0.129282
77.3		0.129282
77.4		0.129282
77.5		0.129282
77.6		0.129282
77.7		0.129282
77.8		0.129282
77.9		0.129282
78		0.129282
78.1		0.132113
78.2		0.132113
78.3		0.132113
78.4		0.132113
78.5		0.132113
78.6		0.132113
78.7		0.132113
78.8		0.132113
78.9		0.132113
79		0.132113
79.1		0.135898
79.2		0.135898
79.3		0.135898
79.4		0.135898
79.5		0.135898
79.6		0.135898
79.7		0.135898
79.8		0.135898
79.9		0.135898
80		0.135898
80.1		0.138505
80.2		0.138505
80.3		0.138505
80.4		0.138505
80.5		0.138505
80.6		0.138505
80.7		0.138505
80.8		0.138505
80.9		0.138505
81		0.138505
81.1		0.140734
81.2		0.140734
81.3		0.140734
81.4		0.140734
81.5		0.140734
81.6		0.140734
81.7		0.140734
81.8		0.140734
81.9		0.140734
82		0.140734
82.1		0.142178
82.2		0.142178
82.3		0.142178
82.4		0.142178
82.5		0.142178
82.6		0.142178
82.7		0.142178
82.8		0.142178
82.9		0.142178
83		0.142178
83.1		0.142306
83.2		0.142306
83.3		0.142306
83.4		0.142306
83.5		0.142306
83.6		0.142306
83.7		0.142306
83.8		0.142306
83.9		0.142306
84		0.142306
84.1		0.146172
84.2		0.146172
84.3		0.146172
84.4		0.146172
84.5		0.146172
84.6		0.146172
84.7		0.146172
84.8		0.146172
84.9		0.146172
85		0.146172
85.1		0.149829
85.2		0.149829
85.3		0.149829
85.4		0.149829
85.5		0.149829
85.6		0.149829
85.7		0.149829
85.8		0.149829
85.9		0.149829
86		0.149829
86.1		0.150013
86.2		0.150013
86.3		0.150013
86.4		0.150013
86.5		0.150013
86.6		0.150013
86.7		0.150013
86.8		0.150013
86.9		0.150013
87		0.150013
87.1		0.152732
87.2		0.152732
87.3		0.152732
87.4		0.152732
87.5		0.152732
87.6		0.152732
87.7		0.152732
87.8		0.152732
87.9		0.152732
88		0.152732
88.1		0.153855
88.2		0.153855
88.3		0.153855
88.4		0.153855
88.5		0.153855
88.6		0.153855
88.7		0.153855
88.8		0.153855
88.9		0.153855
89		0.153855
89.1		0.156862
89.2		0.156862
89.3		0.156862
89.4		0.156862
89.5		0.156862
89.6		0.156862
89.7		0.156862
89.8		0.156862
89.9		0.156862
90		0.156862
90.1		0.157303
90.2		0.157303
90.3		0.157303
90.4		0.157303
90.5		0.157303
90.6		0.157303
90.7		0.157303
90.8		0.157303
90.9		0.157303
91		0.157303
91.1		0.160327
91.2		0.160327
91.3		0.160327
91.4		0.160327
91.5		0.160327
91.6		0.160327
91.7		0.160327
91.8		0.160327
91.9		0.160327
92		0.160327
92.1		0.161658
92.2		0.161658
92.3		0.161658
92.4		0.161658
92.5		0.161658
92.6		0.161658
92.7		0.161658
92.8		0.161658
92.9		0.161658
93		0.161658
93.1		0.161787
93.2		0.161787
93.3		0.161787
93.4		0.161787
93.5		0.161787
93.6		0.161787
93.7		0.161787
93.8		0.161787
93.9		0.161787
94		0.161787
94.1		0.167224
94.2		0.167224
94.3		0.167224
94.4		0.167224
94.5		0.167224
94.6		0.167224
94.7		0.167224
94.8		0.167224
94.9		0.167224
95		0.167224
95.1		0.168178
95.2		0.168178
95.3		0.168178
95.4		0.168178
95.5		0.168178
95.6		0.168178
95.7		0.168178
95.8		0.168178
95.9		0.168178
96		0.168178
96.1		0.169037
96.2		0.169037
96.3		0.169037
96.4		0.169037
96.5		0.169037
96.6		0.169037
96.7		0.169037
96.8		0.169037
96.9		0.169037
97		0.169037
97.1		0.170929
97.2		0.170929
97.3		0.170929
97.4		0.170929
97.5		0.170929
97.6		0.170929
97.7		0.170929
97.8		0.170929
97.9		0.170929
98		0.170929
98.1		0.17461
98.2		0.17461
98.3		0.17461
98.4		0.17461
98.5		0.17461
98.6		0.17461
98.7		0.17461
98.8		0.17461
98.9		0.17461
99		0.17461
99.1		0.176607
99.2		0.176607
99.3		0.176607
99.4		0.176607
99.5		0.176607
99.6		0.176607
99.7		0.176607
99.8		0.176607
99.9		0.176607
100		0.176607
100.1		0.177129
100.2		0.177129
100.3		0.177129
100.4		0.177129
100.5		0.177129
100.6		0.177129
100.7		0.177129
100.8		0.177129
100.9		0.177129
101		0.177129
101.1		0.179864
101.2		0.179864
101.3		0.179864
101.4		0.179864
101.5		0.179864
101.6		0.179864
101.7		0.179864
101.8		0.179864
101.9		0.179864
102		0.179864
102.1		0.183914
102.2		0.183914
102.3		0.183914
102.4		0.183914
102.5		0.183914
102.6		0.183914
102.7		0.183914
102.8		0.183914
102.9		0.183914
103		0.183914
103.1		0.184643
103.2		0.184643
103.3		0.184643
103.4		0.184643
103.5		0.184643
103.6		0.184643
103.7		0.184643
103.8		0.184643
103.9		0.184643
104		0.184643
104.1		0.186713
104.2		0.186713
104.3		0.186713
104.4		0.186713
104.5		0.186713
104.6		0.186713
104.7		0.186713
104.8		0.186713
104.9		0.186713
105		0.186713
105.1		0.188701
105.2		0.188701
105.3		0.188701
105.4		0.188701
105.5		0.188701
105.6		0.188701
105.7		0.188701
105.8		0.188701
105.9		0.188701
106		0.188701
106.1		0.191717
106.2		0.191717
106.3		0.191717
106.4		0.191717
106.5		0.191717
106.6		0.191717
106.7		0.191717
106.8		0.191717
106.9		0.191717
107		0.191717
107.1		0.193096
107.2		0.193096
107.3		0.193096
107.4		0.193096
107.5		0.193096
107.6		0.193096
107.7		0.193096
107.8		0.193096
107.9		0.193096
108		0.193096
108.1		0.193594
108.2		0.193594
108.3		0.193594
108.4		0.193594
108.5		0.193594
108.6		0.193594
108.7		0.193594
108.8		0.193594
108.9		0.193594
109		0.193594
109.1		0.196577
109.2		0.196577
109.3		0.196577
109.4		0.196577
109.5		0.196577
109.6		0.196577
109.7		0.196577
109.8		0.196577
109.9		0.196577
110		0.196577
110.1		0.200603
110.2		0.200603
110.3		0.200603
110.4		0.200603
110.5		0.200603
110.6		0.200603
110.7		0.200603
110.8		0.200603
110.9		0.200603
111		0.200603
111.1		0.20175
111.2		0.20175
111.3		0.20175
111.4		0.20175
111.5		0.20175
111.6		0.20175
111.7		0.20175
111.8		0.20175
111.9		0.20175
112		0.20175
112.1		0.204557
112.2		0.204557
112.3		0.204557
112.4		0.204557
112.5		0.204557
112.6		0.204557
112.7		0.204557
112.8		0.204557
112.9		0.204557
113		0.204557
113.1		0.205463
113.2		0.205463
113.3		0.205463
113.4		0.205463
113.5		0.205463
113.6		0.205463
113.7		0.205463
113.8		0.205463
113.9		0.205463
114		0.205463
114.1		0.208214
114.2		0.208214
114.3		0.208214
114.4		0.208214
114.5		0.208214
114.6		0.208214
114.7		0.208214
114.8		0.208214
114.9		0.208214
115		0.208214
115.1		0.211374
115.2		0.211374
115.3		0.211374
115.4		0.211374
115.5		0.211374
115.6		0.211374
115.7		0.211374
115.8		0.211374
115.9		0.211374
116		0.211374
116.1		0.211855
116.2		0.211855
116.3		0.211855
116.4		0.211855
116.5		0.211855
116.6		0.211855
116.7		0.211855
116.8		0.211855
116.9		0.211855
117		0.211855
117.1		0.214365
117.2		0.214365
117.3		0.214365
117.4		0.214365
117.5		0.214365
117.6		0.214365
117.7		0.214365
117.8		0.214365
117.9		0.214365
118		0.214365
118.1		0.215047
118.2		0.215047
118.3		0.215047
118.4		0.215047
118.5		0.215047
118.6		0.215047
118.7		0.215047
118.8		0.215047
118.9		0.215047
119		0.215047
119.1		0.218776
119.2		0.218776
119.3		0.218776
119.4		0.218776
119.5		0.218776
119.6		0.218776
119.7		0.218776
119.8		0.218776
119.9		0.218776
120		0.218776
120.1		0.218961
120.2		0.218961
120.3		0.218961
120.4		0.218961
120.5		0.218961
120.6		0.218961
120.7		0.218961
120.8		0.218961
120.9		0.218961
121		0.218961
121.1		0.222834
121.2		0.222834
121.3		0.222834
121.4		0.222834
121.5		0.222834
121.6		0.222834
121.7		0.222834
121.8		0.222834
121.9		0.222834
122		0.222834
122.1		0.224607
122.2		0.224607
122.3		0.224607
122.4		0.224607
122.5		0.224607
122.6		0.224607
122.7		0.224607
122.8		0.224607
122.9		0.224607
123		0.224607
123.1		0.225048
123.2		0.225048
123.3		0.225048
123.4		0.225048
123.5		0.225048
123.6		0.225048
123.7		0.225048
123.8		0.225048
123.9		0.225048
124		0.225048
124.1		0.230638
124.2		0.230638
124.3		0.230638
124.4		0.230638
124.5		0.230638
124.6		0.230638
124.7		0.230638
124.8		0.230638
124.9		0.230638
125		0.230638
125.1		0.23075
125.2		0.23075
125.3		0.23075
125.4		0.23075
125.5		0.23075
125.6		0.23075
125.7		0.23075
125.8		0.23075
125.9		0.23075
126		0.23075
126.1		0.233477
126.2		0.233477
126.3		0.233477
126.4		0.233477
126.5		0.233477
126.6		0.233477
126.7		0.233477
126.8		0.233477
126.9		0.233477
127		0.233477
127.1		0.236059
127.2		0.236059
127.3		0.236059
127.4		0.236059
127.5		0.236059
127.6		0.236059
127.7		0.236059
127.8		0.236059
127.9		0.236059
128		0.236059
128.1		0.237142
128.2		0.237142
128.3		0.237142
128.4		0.237142
128.5		0.237142
128.6		0.237142
128.7		0.237142
128.8		0.237142
128.9		0.237142
129		0.237142
129.1		0.238521
129.2		0.238521
129.3		0.238521
129.4		0.238521
129.5		0.238521
129.6		0.238521
129.7		0.238521
129.8		0.238521
129.9		0.238521
130		0.238521
130.1		0.241489
130.2		0.241489
130.3		0.241489
130.4		0.241489
130.5		0.241489
130.6		0.241489
130.7		0.241489
130.8		0.241489
130.9		0.241489
131		0.241489
131.1		0.243221
131.2		0.243221
131.3		0.243221
131.4		0.243221
131.5		0.243221
131.6		0.243221
131.7		0.243221
131.8		0.243221
131.9		0.243221
132		0.243221
132.1		0.244913
132.2		0.244913
132.3		0.244913
132.4		0.244913
132.5		0.244913
132.6		0.244913
132.7		0.244913
132.8		0.244913
132.9		0.244913
133		0.244913
133.1		0.248033
133.2		0.248033
133.3		0.248033
133.4		0.248033
133.5		0.248033
133.6		0.248033
133.7		0.248033
133.8		0.248033
133.9		0.248033
134		0.248033
134.1		0.248538
134.2		0.248538
134.3		0.248538
134.4		0.248538
134.5		0.248538
134.6		0.248538
134.7		0.248538
134.8		0.248538
134.9		0.248538
135		0.248538
135.1		0.250511
135.2		0.250511
135.3		0.250511
135.4		0.250511
135.5		0.250511
135.6		0.250511
135.7		0.250511
135.8		0.250511
135.9		0.250511
136		0.250511
136.1		0.25501
136.2		0.25501
136.3		0.25501
136.4		0.25501
136.5		0.25501
136.6		0.25501
136.7		0.25501
136.8		0.25501
136.9		0.25501
137		0.25501
137.1		0.255901
137.2		0.255901
137.3		0.255901
137.4		0.255901
137.5		0.255901
137.6		0.255901
137.7		0.255901
137.8		0.255901
137.9		0.255901
138		0.255901
138.1		0.258379
138.2		0.258379
138.3		0.258379
138.4		0.258379
138.5		0.258379
138.6		0.258379
138.7		0.258379
138.8		0.258379
138.9		0.258379
139		0.258379
139.1		0.259181
139.2		0.259181
139.3		0.259181
139.4		0.259181
139.5		0.259181
139.6		0.259181
139.7		0.259181
139.8		0.259181
139.9		0.259181
140		0.259181
140.1		0.263343
140.2		0.263343
140.3		0.263343
140.4		0.263343
140.5		0.263343
140.6		0.263343
140.7		0.263343
140.8		0.263343
140.9		0.263343
141		0.263343
141.1		0.264065
141.2		0.264065
141.3		0.264065
141.4		0.264065
141.5		0.264065
141.6		0.264065
141.7		0.264065
141.8		0.264065
141.9		0.264065
142		0.264065
142.1		0.266583
142.2		0.266583
142.3		0.266583
142.4		0.266583
142.5		0.266583
142.6		0.266583
142.7		0.266583
142.8		0.266583
142.9		0.266583
143		0.266583
143.1		0.269735
143.2		0.269735
143.3		0.269735
143.4		0.269735
143.5		0.269735
143.6		0.269735
143.7		0.269735
143.8		0.269735
143.9		0.269735
144		0.269735
144.1		0.27105
144.2		0.27105
144.3		0.27105
144.4		0.27105
144.5		0.27105
144.6		0.27105
144.7		0.27105
144.8		0.27105
144.9		0.27105
145		0.27105
145.1		0.273986
145.2		0.273986
145.3		0.273986
145.4		0.273986
145.5		0.273986
145.6		0.273986
145.7		0.273986
145.8		0.273986
145.9		0.273986
146		0.273986
146.1		0.274435
146.2		0.274435
146.3		0.274435
146.4		0.274435
146.5		0.274435
146.6		0.274435
146.7		0.274435
146.8		0.274435
146.9		0.274435
147		0.274435
147.1		0.276175
147.2		0.276175
147.3		0.276175
147.4		0.276175
147.5		0.276175
147.6		0.276175
147.7		0.276175
147.8		0.276175
147.9		0.276175
148		0.276175
148.1		0.281749
148.2		0.281749
148.3		0.281749
148.4		0.281749
148.5		0.281749
148.6		0.281749
148.7		0.281749
148.8		0.281749
148.9		0.281749
149		0.281749
149.1		0.283377
149.2		0.283377
149.3		0.283377
149.4		0.283377
149.5		0.283377
149.6		0.283377
149.7		0.283377
149.8		0.283377
149.9		0.283377
150		0.283377
150.1		0.284684
150.2		0.284684
150.3		0.284684
150.4		0.284684
150.5		0.284684
150.6		0.284684
150.7		0.284684
150.8		0.284684
150.9		0.284684
151		0.284684
151.1		0.285005
151.2		0.285005
151.3		0.285005
151.4		0.285005
151.5		0.285005
151.6		0.285005
151.7		0.285005
151.8		0.285005
151.9		0.285005
152		0.285005
152.1		0.28843
152.2		0.28843
152.3		0.28843
152.4		0.28843
152.5		0.28843
152.6		0.28843
152.7		0.28843
152.8		0.28843
152.9		0.28843
153		0.28843
153.1		0.292488
153.2		0.292488
153.3		0.292488
153.4		0.292488
153.5		0.292488
153.6		0.292488
153.7		0.292488
153.8		0.292488
153.9		0.292488
154		0.292488
154.1		0.293234
154.2		0.293234
154.3		0.293234
154.4		0.293234
154.5		0.293234
154.6		0.293234
154.7		0.293234
154.8		0.293234
154.9		0.293234
155		0.293234
155.1		0.295832
155.2		0.295832
155.3		0.295832
155.4		0.295832
155.5		0.295832
155.6		0.295832
155.7		0.295832
155.8		0.295832
155.9		0.295832
156		0.295832
156.1		0.296016
156.2		0.296016
156.3		0.296016
156.4		0.296016
156.5		0.296016
156.6		0.296016
156.7		0.296016
156.8		0.296016
156.9		0.296016
157		0.296016
157.1		0.298206
157.2		0.298206
157.3		0.298206
157.4		0.298206
157.5		0.298206
157.6		0.298206
157.7		0.298206
157.8		0.298206
157.9		0.298206
158		0.298206
158.1		0.302505
158.2		0.302505
158.3		0.302505
158.4		0.302505
158.5		0.302505
158.6		0.302505
158.7		0.302505
158.8		0.302505
158.9		0.302505
159		0.302505
159.1		0.303812
159.2		0.303812
159.3		0.303812
159.4		0.303812
159.5		0.303812
159.6		0.303812
159.7		0.303812
159.8		0.303812
159.9		0.303812
160		0.303812
160.1		0.304806
160.2		0.304806
160.3		0.304806
160.4		0.304806
160.5		0.304806
160.6		0.304806
160.7		0.304806
160.8		0.304806
160.9		0.304806
161		0.304806
161.1		0.306458
161.2		0.306458
161.3		0.306458
161.4		0.306458
161.5		0.306458
161.6		0.306458
161.7		0.306458
161.8		0.306458
161.9		0.306458
162		0.306458
162.1		0.309787
162.2		0.309787
162.3		0.309787
162.4		0.309787
162.5		0.309787
162.6		0.309787
162.7		0.309787
162.8		0.309787
162.9		0.309787
163		0.309787
163.1		0.313604
163.2		0.313604
163.3		0.313604
163.4		0.313604
163.5		0.313604
163.6		0.313604
163.7		0.313604
163.8		0.313604
163.9		0.313604
164		0.313604
164.1		0.314952
164.2		0.314952
164.3		0.314952
164.4		0.314952
164.5		0.314952
164.6		0.314952
164.7		0.314952
164.8		0.314952
164.9		0.314952
165		0.314952
165.1		0.316139
165.2		0.316139
165.3		0.316139
165.4		0.316139
165.5		0.316139
165.6		0.316139
165.7		0.316139
165.8		0.316139
165.9		0.316139
166		0.316139
166.1		0.319082
166.2		0.319082
166.3		0.319082
166.4		0.319082
166.5		0.319082
166.6		0.319082
166.7		0.319082
166.8		0.319082
166.9		0.319082
167		0.319082
167.1		0.319427
167.2		0.319427
167.3		0.319427
167.4		0.319427
167.5		0.319427
167.6		0.319427
167.7		0.319427
167.8		0.319427
167.9		0.319427
168		0.319427
168.1		0.321488
168.2		0.321488
168.3		0.321488
168.4		0.321488
168.5		0.321488
168.6		0.321488
168.7		0.321488
168.8		0.321488
168.9		0.321488
169		0.321488
169.1		0.324519
169.2		0.324519
169.3		0.324519
169.4		0.324519
169.5		0.324519
169.6		0.324519
169.7		0.324519
169.8		0.324519
169.9		0.324519
170		0.324519
170.1		0.328882
170.2		0.328882
170.3		0.328882
170.4		0.328882
170.5		0.328882
170.6		0.328882
170.7		0.328882
170.8		0.328882
170.9		0.328882
171		0.328882
171.1		0.329716
171.2		0.329716
171.3		0.329716
171.4		0.329716
171.5		0.329716
171.6		0.329716
171.7		0.329716
171.8		0.329716
171.9		0.329716
172		0.329716
172.1		0.330077
172.2		0.330077
172.3		0.330077
172.4		0.330077
172.5		0.330077
172.6		0.330077
172.7		0.330077
172.8		0.330077
172.9		0.330077
173		0.330077
173.1		0.330278
173.2		0.330278
173.3		0.330278
173.4		0.330278
173.5		0.330278
173.6		0.330278
173.7		0.330278
173.8		0.330278
173.9		0.330278
174		0.330278
174.1		0.335547
174.2		0.335547
174.3		0.335547
174.4		0.335547
174.5		0.335547
174.6		0.335547
174.7		0.335547
174.8		0.335547
174.9		0.335547
175		0.335547
175.1		0.338458
175.2		0.338458
175.3		0.338458
175.4		0.338458
175.5		0.338458
175.6		0.338458
175.7		0.338458
175.8		0.338458
175.9		0.338458
176		0.338458
176.1		0.339797
176.2		0.339797
176.3		0.339797
176.4		0.339797
176.5		0.339797
176.6		0.339797
176.7		0.339797
176.8		0.339797
176.9		0.339797
177		0.339797
177.1		0.340391
177.2		0.340391
177.3		0.340391
177.4		0.340391
177.5		0.340391
177.6		0.340391
177.7		0.340391
177.8		0.340391
177.9		0.340391
178		0.340391
178.1		0.342693
178.2		0.342693
178.3		0.342693
178.4		0.342693
178.5		0.342693
178.6		0.342693
178.7		0.342693
178.8		0.342693
178.9		0.342693
179		0.342693
179.1		0.345973
179.2		0.345973
179.3		0.345973
179.4		0.345973
179.5		0.345973
179.6		0.345973
179.7		0.345973
179.8		0.345973
179.9		0.345973
180		0.345973
180.1		0.346486
180.2		0.346486
180.3		0.346486
180.4		0.346486
180.5		0.346486
180.6		0.346486
180.7		0.346486
180.8		0.346486
180.9		0.346486
181		0.346486
181.1		0.349726
181.2		0.349726
181.3		0.349726
181.4		0.349726
181.5		0.349726
181.6		0.349726
181.7		0.349726
181.8		0.349726
181.9		0.349726
182		0.349726
182.1		0.350833
182.2		0.350833
182.3		0.350833
182.4		0.350833
182.5		0.350833
182.6		0.350833
182.7		0.350833
182.8		0.350833
182.9		0.350833
183		0.350833
183.1		0.354089
183.2		0.354089
183.3		0.354089
183.4		0.354089
183.5		0.354089
183.6		0.354089
183.7		0.354089
183.8		0.354089
183.9		0.354089
184		0.354089
184.1		0.354995
184.2		0.354995
184.3		0.354995
184.4		0.354995
184.5		0.354995
184.6		0.354995
184.7		0.354995
184.8		0.354995
184.9		0.354995
185		0.354995
185.1		0.357161
185.2		0.357161
185.3		0.357161
185.4		0.357161
185.5		0.357161
185.6		0.357161
185.7		0.357161
185.8		0.357161
185.9		0.357161
186		0.357161
186.1		0.357586
186.2		0.357586
186.3		0.357586
186.4		0.357586
186.5		0.357586
186.6		0.357586
186.7		0.357586
186.8		0.357586
186.9		0.357586
187		0.357586
187.1		0.362422
187.2		0.362422
187.3		0.362422
187.4		0.362422
187.5		0.362422
187.6		0.362422
187.7		0.362422
187.8		0.362422
187.9		0.362422
188		0.362422
188.1		0.365445
188.2		0.365445
188.3		0.365445
188.4		0.365445
188.5		0.365445
188.6		0.365445
188.7		0.365445
188.8		0.365445
188.9		0.365445
189		0.365445
189.1		0.36664
189.2		0.36664
189.3		0.36664
189.4		0.36664
189.5		0.36664
189.6		0.36664
189.7		0.36664
189.8		0.36664
189.9		0.36664
190		0.36664
190.1		0.366817
190.2		0.366817
190.3		0.366817
190.4		0.366817
190.5		0.366817
190.6		0.366817
190.7		0.366817
190.8		0.366817
190.9		0.366817
191		0.366817
191.1		0.36729
191.2		0.36729
191.3		0.36729
191.4		0.36729
191.5		0.36729
191.6		0.36729
191.7		0.36729
191.8		0.36729
191.9		0.36729
192		0.36729
192.1		0.374059
192.2		0.374059
192.3		0.374059
192.4		0.374059
192.5		0.374059
192.6		0.374059
192.7		0.374059
192.8		0.374059
192.9		0.374059
193		0.374059
193.1		0.375262
193.2		0.375262
193.3		0.375262
193.4		0.375262
193.5		0.375262
193.6		0.375262
193.7		0.375262
193.8		0.375262
193.9		0.375262
194		0.375262
194.1		0.377146
194.2		0.377146
194.3		0.377146
194.4		0.377146
194.5		0.377146
194.6		0.377146
194.7		0.377146
194.8		0.377146
194.9		0.377146
195		0.377146
195.1		0.377395
195.2		0.377395
195.3		0.377395
195.4		0.377395
195.5		0.377395
195.6		0.377395
195.7		0.377395
195.8		0.377395
195.9		0.377395
196		0.377395
196.1		0.382039
196.2		0.382039
196.3		0.382039
196.4		0.382039
196.5		0.382039
196.6		0.382039
196.7		0.382039
196.8		0.382039
196.9		0.382039
197		0.382039
197.1		0.383859
197.2		0.383859
197.3		0.383859
197.4		0.383859
197.5		0.383859
197.6		0.383859
197.7		0.383859
197.8		0.383859
197.9		0.383859
198		0.383859
198.1		0.384477
198.2		0.384477
198.3		0.384477
198.4		0.384477
198.5		0.384477
198.6		0.384477
198.7		0.384477
198.8		0.384477
198.9		0.384477
199		0.384477
199.1		0.384637
199.2		0.384637
199.3		0.384637
199.4		0.384637
199.5		0.384637
199.6		0.384637
199.7		0.384637
199.8		0.384637
199.9		0.384637
200		0.384637
200.1		0.39143
200.2		0.39143
200.3		0.39143
200.4		0.39143
200.5		0.39143
200.6		0.39143
200.7		0.39143
200.8		0.39143
200.9		0.39143
201		0.39143
201.1		0.393307
201.2		0.393307
201.3		0.393307
201.4		0.393307
201.5		0.393307
201.6		0.393307
201.7		0.393307
201.8		0.393307
201.9		0.393307
202		0.393307
202.1		0.393563
202.2		0.393563
202.3		0.393563
202.4		0.393563
202.5		0.393563
202.6		0.393563
202.7		0.393563
202.8		0.393563
202.9		0.393563
203		0.393563
203.1		0.393924
203.2		0.393924
203.3		0.393924
203.4		0.393924
203.5		0.393924
203.6		0.393924
203.7		0.393924
203.8		0.393924
203.9		0.393924
204		0.393924
204.1		0.39888
204.2		0.39888
204.3		0.39888
204.4		0.39888
204.5		0.39888
204.6		0.39888
204.7		0.39888
204.8		0.39888
204.9		0.39888
205		0.39888
205.1		0.399995
205.2		0.399995
205.3		0.399995
205.4		0.399995
205.5		0.399995
205.6		0.399995
205.7		0.399995
205.8		0.399995
205.9		0.399995
206		0.399995
206.1		0.401335
206.2		0.401335
206.3		0.401335
206.4		0.401335
206.5		0.401335
206.6		0.401335
206.7		0.401335
206.8		0.401335
206.9		0.401335
207		0.401335
207.1		0.403468
207.2		0.403468
207.3		0.403468
207.4		0.403468
207.5		0.403468
207.6		0.403468
207.7		0.403468
207.8		0.403468
207.9		0.403468
208		0.403468
208.1		0.405256
208.2		0.405256
208.3		0.405256
208.4		0.405256
208.5		0.405256
208.6		0.405256
208.7		0.405256
208.8		0.405256
208.9		0.405256
209		0.405256
209.1		0.4084
209.2		0.4084
209.3		0.4084
209.4		0.4084
209.5		0.4084
209.6		0.4084
209.7		0.4084
209.8		0.4084
209.9		0.4084
210		0.4084
210.1		0.408577
210.2		0.408577
210.3		0.408577
210.4		0.408577
210.5		0.408577
210.6		0.408577
210.7		0.408577
210.8		0.408577
210.9		0.408577
211		0.408577
211.1		0.408657
211.2		0.408657
211.3		0.408657
211.4		0.408657
211.5		0.408657
211.6		0.408657
211.7		0.408657
211.8		0.408657
211.9		0.408657
212		0.408657
212.1		0.415273
212.2		0.415273
212.3		0.415273
212.4		0.415273
212.5		0.415273
212.6		0.415273
212.7		0.415273
212.8		0.415273
212.9		0.415273
213		0.415273
213.1		0.415722
213.2		0.415722
213.3		0.415722
213.4		0.415722
213.5		0.415722
213.6		0.415722
213.7		0.415722
213.8		0.415722
213.9		0.415722
214		0.415722
214.1		0.41869
214.2		0.41869
214.3		0.41869
214.4		0.41869
214.5		0.41869
214.6		0.41869
214.7		0.41869
214.8		0.41869
214.9		0.41869
215		0.41869
215.1		0.419596
215.2		0.419596
215.3		0.419596
215.4		0.419596
215.5		0.419596
215.6		0.419596
215.7		0.419596
215.8		0.419596
215.9		0.419596
216		0.419596
216.1		0.423638
216.2		0.423638
216.3		0.423638
216.4		0.423638
216.5		0.423638
216.6		0.423638
216.7		0.423638
216.8		0.423638
216.9		0.423638
217		0.423638
217.1		0.424191
217.2		0.424191
217.3		0.424191
217.4		0.424191
217.5		0.424191
217.6		0.424191
217.7		0.424191
217.8		0.424191
217.9		0.424191
218		0.424191
218.1		0.427832
218.2		0.427832
218.3		0.427832
218.4		0.427832
218.5		0.427832
218.6		0.427832
218.7		0.427832
218.8		0.427832
218.9		0.427832
219		0.427832
219.1		0.429926
219.2		0.429926
219.3		0.429926
219.4		0.429926
219.5		0.429926
219.6		0.429926
219.7		0.429926
219.8		0.429926
219.9		0.429926
220		0.429926
220.1		0.430222
220.2		0.430222
220.3		0.430222
220.4		0.430222
220.5		0.430222
220.6		0.430222
220.7		0.430222
220.8		0.430222
220.9		0.430222
221		0.430222
221.1		0.434754
221.2		0.434754
221.3		0.434754
221.4		0.434754
221.5		0.434754
221.6		0.434754
221.7		0.434754
221.8		0.434754
221.9		0.434754
222		0.434754
222.1		0.436181
222.2		0.436181
222.3		0.436181
222.4		0.436181
222.5		0.436181
222.6		0.436181
222.7		0.436181
222.8		0.436181
222.9		0.436181
223		0.436181
223.1		0.43716
223.2		0.43716
223.3		0.43716
223.4		0.43716
223.5		0.43716
223.6		0.43716
223.7		0.43716
223.8		0.43716
223.9		0.43716
224		0.43716
224.1		0.438315
224.2		0.438315
224.3		0.438315
224.4		0.438315
224.5		0.438315
224.6		0.438315
224.7		0.438315
224.8		0.438315
224.9		0.438315
225		0.438315
225.1		0.440648
225.2		0.440648
225.3		0.440648
225.4		0.440648
225.5		0.440648
225.6		0.440648
225.7		0.440648
225.8		0.440648
225.9		0.440648
226		0.440648
226.1		0.44384
226.2		0.44384
226.3		0.44384
226.4		0.44384
226.5		0.44384
226.6		0.44384
226.7		0.44384
226.8		0.44384
226.9		0.44384
227		0.44384
227.1		0.446278
227.2		0.446278
227.3		0.446278
227.4		0.446278
227.5		0.446278
227.6		0.446278
227.7		0.446278
227.8		0.446278
227.9		0.446278
228		0.446278
228.1		0.446856
228.2		0.446856
228.3		0.446856
228.4		0.446856
228.5		0.446856
228.6		0.446856
228.7		0.446856
228.8		0.446856
228.9		0.446856
229		0.446856
229.1		0.449583
229.2		0.449583
229.3		0.449583
229.4		0.449583
229.5		0.449583
229.6		0.449583
229.7		0.449583
229.8		0.449583
229.9		0.449583
230		0.449583
230.1		0.451812
230.2		0.451812
230.3		0.451812
230.4		0.451812
230.5		0.451812
230.6		0.451812
230.7		0.451812
230.8		0.451812
230.9		0.451812
231		0.451812
231.1		0.452117
231.2		0.452117
231.3		0.452117
231.4		0.452117
231.5		0.452117
231.6		0.452117
231.7		0.452117
231.8		0.452117
231.9		0.452117
232		0.452117
232.1		0.45498
232.2		0.45498
232.3		0.45498
232.4		0.45498
232.5		0.45498
232.6		0.45498
232.7		0.45498
232.8		0.45498
232.9		0.45498
233		0.45498
233.1		0.458677
233.2		0.458677
233.3		0.458677
233.4		0.458677
233.5		0.458677
233.6		0.458677
233.7		0.458677
233.8		0.458677
233.9		0.458677
234		0.458677
234.1		0.460434
234.2		0.460434
234.3		0.460434
234.4		0.460434
234.5		0.460434
234.6		0.460434
234.7		0.460434
234.8		0.460434
234.9		0.460434
235		0.460434
235.1		0.460987
235.2		0.460987
235.3		0.460987
235.4		0.460987
235.5		0.460987
235.6		0.460987
235.7		0.460987
235.8		0.460987
235.9		0.460987
236		0.460987
236.1		0.461348
236.2		0.461348
236.3		0.461348
236.4		0.461348
236.5		0.461348
236.6		0.461348
236.7		0.461348
236.8		0.461348
236.9		0.461348
237		0.461348
237.1		0.46239
237.2		0.46239
237.3		0.46239
237.4		0.46239
237.5		0.46239
237.6		0.46239
237.7		0.46239
237.8		0.46239
237.9		0.46239
238		0.46239
238.1		0.470362
238.2		0.470362
238.3		0.470362
238.4		0.470362
238.5		0.470362
238.6		0.470362
238.7		0.470362
238.8		0.470362
238.9		0.470362
239		0.470362
239.1		0.470811
239.2		0.470811
239.3		0.470811
239.4		0.470811
239.5		0.470811
239.6		0.470811
239.7		0.470811
239.8		0.470811
239.9		0.470811
240		0.470811
240.1		0.471846
240.2		0.471846
240.3		0.471846
240.4		0.471846
240.5		0.471846
240.6		0.471846
240.7		0.471846
240.8		0.471846
240.9		0.471846
241		0.471846
241.1		0.474124
241.2		0.474124
241.3		0.474124
241.4		0.474124
241.5		0.474124
241.6		0.474124
241.7		0.474124
241.8		0.474124
241.9		0.474124
242		0.474124
242.1		0.475118
242.2		0.475118
242.3		0.475118
242.4		0.475118
242.5		0.475118
242.6		0.475118
242.7		0.475118
242.8		0.475118
242.9		0.475118
243		0.475118
243.1		0.480508
243.2		0.480508
243.3		0.480508
243.4		0.480508
243.5		0.480508
243.6		0.480508
243.7		0.480508
243.8		0.480508
243.9		0.480508
244		0.480508
244.1		0.482103
244.2		0.482103
244.3		0.482103
244.4		0.482103
244.5		0.482103
244.6		0.482103
244.7		0.482103
244.8		0.482103
244.9		0.482103
245		0.482103
245.1		0.482577
245.2		0.482577
245.3		0.482577
245.4		0.482577
245.5		0.482577
245.6		0.482577
245.7		0.482577
245.8		0.482577
245.9		0.482577
246		0.482577
246.1		0.485368
246.2		0.485368
246.3		0.485368
246.4		0.485368
246.5		0.485368
246.6		0.485368
246.7		0.485368
246.8		0.485368
246.9		0.485368
247		0.485368
247.1		0.486081
247.2		0.486081
247.3		0.486081
247.4		0.486081
247.5		0.486081
247.6		0.486081
247.7		0.486081
247.8		0.486081
247.9		0.486081
248		0.486081
248.1		0.490059
248.2		0.490059
248.3		0.490059
248.4		0.490059
248.5		0.490059
248.6		0.490059
248.7		0.490059
248.8		0.490059
248.9		0.490059
249		0.490059
249.1		0.492626
249.2		0.492626
249.3		0.492626
249.4		0.492626
249.5		0.492626
249.6		0.492626
249.7		0.492626
249.8		0.492626
249.9		0.492626
250		0.492626
250.1		0.495818
250.2		0.495818
250.3		0.495818
250.4		0.495818
250.5		0.495818
250.6		0.495818
250.7		0.495818
250.8		0.495818
250.9		0.495818
251		0.495818
251.1		0.496868
251.2		0.496868
251.3		0.496868
251.4		0.496868
251.5		0.496868
251.6		0.496868
251.7		0.496868
251.8		0.496868
251.9		0.496868
252		0.496868
252.1		0.499322
252.2		0.499322
252.3		0.499322
252.4		0.499322
252.5		0.499322
252.6		0.499322
252.7		0.499322
252.8		0.499322
252.9		0.499322
253		0.499322
253.1		0.500966
253.2		0.500966
253.3		0.500966
253.4		0.500966
253.5		0.500966
253.6		0.500966
253.7		0.500966
253.8		0.500966
253.9		0.500966
254		0.500966
254.1		0.5016
254.2		0.5016
254.3		0.5016
254.4		0.5016
254.5		0.5016
254.6		0.5016
254.7		0.5016
254.8		0.5016
254.9		0.5016
255		0.5016
255.1		0.505121
255.2		0.505121
255.3		0.505121
255.4		0.505121
255.5		0.505121
255.6		0.505121
255.7		0.505121
255.8		0.505121
255.9		0.505121
256		0.505121
256.1		0.507094
256.2		0.507094
256.3		0.507094
256.4		0.507094
256.5		0.507094
256.6		0.507094
256.7		0.507094
256.8		0.507094
256.9		0.507094
257		0.507094
257.1		0.507302
257.2		0.507302
257.3		0.507302
257.4		0.507302
257.5		0.507302
257.6		0.507302
257.7		0.507302
257.8		0.507302
257.9		0.507302
258		0.507302
258.1		0.508385
258.2		0.508385
258.3		0.508385
258.4		0.508385
258.5		0.508385
258.6		0.508385
258.7		0.508385
258.8		0.508385
258.9		0.508385
259		0.508385
259.1		0.512074
259.2		0.512074
259.3		0.512074
259.4		0.512074
259.5		0.512074
259.6		0.512074
259.7		0.512074
259.8		0.512074
259.9		0.512074
260		0.512074
260.1		0.515531
260.2		0.515531
260.3		0.515531
260.4		0.515531
260.5		0.515531
260.6		0.515531
260.7		0.515531
260.8		0.515531
260.9		0.515531
261		0.515531
261.1		0.515659
261.2		0.515659
261.3		0.515659
261.4		0.515659
261.5		0.515659
261.6		0.515659
261.7		0.515659
261.8		0.515659
261.9		0.515659
262		0.515659
262.1		0.518089
262.2		0.518089
262.3		0.518089
262.4		0.518089
262.5		0.518089
262.6		0.518089
262.7		0.518089
262.8		0.518089
262.9		0.518089
263		0.518089
263.1		0.518546
263.2		0.518546
263.3		0.518546
263.4		0.518546
263.5		0.518546
263.6		0.518546
263.7		0.518546
263.8		0.518546
263.9		0.518546
264		0.518546
264.1		0.523238
264.2		0.523238
264.3		0.523238
264.4		0.523238
264.5		0.523238
264.6		0.523238
264.7		0.523238
264.8		0.523238
264.9		0.523238
265		0.523238
265.1		0.527055
265.2		0.527055
265.3		0.527055
265.4		0.527055
265.5		0.527055
265.6		0.527055
265.7		0.527055
265.8		0.527055
265.9		0.527055
266		0.527055
266.1		0.527352
266.2		0.527352
266.3		0.527352
266.4		0.527352
266.5		0.527352
266.6		0.527352
266.7		0.527352
266.8		0.527352
266.9		0.527352
267		0.527352
267.1		0.527609
267.2		0.527609
267.3		0.527609
267.4		0.527609
267.5		0.527609
267.6		0.527609
267.7		0.527609
267.8		0.527609
267.9		0.527609
268		0.527609
268.1		0.533688
268.2		0.533688
268.3		0.533688
268.4		0.533688
268.5		0.533688
268.6		0.533688
268.7		0.533688
268.8		0.533688
268.9		0.533688
269		0.533688
269.1		0.533928
269.2		0.533928
269.3		0.533928
269.4		0.533928
269.5		0.533928
269.6		0.533928
269.7		0.533928
269.8		0.533928
269.9		0.533928
270		0.533928
270.1		0.535228
270.2		0.535228
270.3		0.535228
270.4		0.535228
270.5		0.535228
270.6		0.535228
270.7		0.535228
270.8		0.535228
270.9		0.535228
271		0.535228
271.1		0.539799
271.2		0.539799
271.3		0.539799
271.4		0.539799
271.5		0.539799
271.6		0.539799
271.7		0.539799
271.8		0.539799
271.9		0.539799
272		0.539799
272.1		0.540529
272.2		0.540529
272.3		0.540529
272.4		0.540529
272.5		0.540529
272.6		0.540529
272.7		0.540529
272.8		0.540529
272.9		0.540529
273		0.540529
273.1		0.543608
273.2		0.543608
273.3		0.543608
273.4		0.543608
273.5		0.543608
273.6		0.543608
273.7		0.543608
273.8		0.543608
273.9		0.543608
274		0.543608
274.1		0.544932
274.2		0.544932
274.3		0.544932
274.4		0.544932
274.5		0.544932
274.6		0.544932
274.7		0.544932
274.8		0.544932
274.9		0.544932
275		0.544932
275.1		0.545116
275.2		0.545116
275.3		0.545116
275.4		0.545116
275.5		0.545116
275.6		0.545116
275.7		0.545116
275.8		0.545116
275.9		0.545116
276		0.545116
276.1		0.546311
276.2		0.546311
276.3		0.546311
276.4		0.546311
276.5		0.546311
276.6		0.546311
276.7		0.546311
276.8		0.546311
276.9		0.546311
277		0.546311
277.1		0.549279
277.2		0.549279
277.3		0.549279
277.4		0.549279
277.5		0.549279
277.6		0.549279
277.7		0.549279
277.8		0.549279
277.9		0.549279
278		0.549279
278.1		0.553914
278.2		0.553914
278.3		0.553914
278.4		0.553914
278.5		0.553914
278.6		0.553914
278.7		0.553914
278.8		0.553914
278.9		0.553914
279		0.553914
279.1		0.555831
279.2		0.555831
279.3		0.555831
279.4		0.555831
279.5		0.555831
279.6		0.555831
279.7		0.555831
279.8		0.555831
279.9		0.555831
280		0.555831
280.1		0.556144
280.2		0.556144
280.3		0.556144
280.4		0.556144
280.5		0.556144
280.6		0.556144
280.7		0.556144
280.8		0.556144
280.9		0.556144
281		0.556144
281.1		0.556505
281.2		0.556505
281.3		0.556505
281.4		0.556505
281.5		0.556505
281.6		0.556505
281.7		0.556505
281.8		0.556505
281.9		0.556505
282		0.556505
282.1		0.560643
282.2		0.560643
282.3		0.560643
282.4		0.560643
282.5		0.560643
282.6		0.560643
282.7		0.560643
282.8		0.560643
282.9		0.560643
283		0.560643
283.1		0.566385
283.2		0.566385
283.3		0.566385
283.4		0.566385
283.5		0.566385
283.6		0.566385
283.7		0.566385
283.8		0.566385
283.9		0.566385
284		0.566385
284.1		0.567532
284.2		0.567532
284.3		0.567532
284.4		0.567532
284.5		0.567532
284.6		0.567532
284.7		0.567532
284.8		0.567532
284.9		0.567532
285		0.567532
285.1		0.568775
285.2		0.568775
285.3		0.568775
285.4		0.568775
285.5		0.568775
285.6		0.568775
285.7		0.568775
285.8		0.568775
285.9		0.568775
286		0.568775
286.1		0.57066
286.2		0.57066
286.3		0.57066
286.4		0.57066
286.5		0.57066
286.6		0.57066
286.7		0.57066
286.8		0.57066
286.9		0.57066
287		0.57066
287.1		0.571325
287.2		0.571325
287.3		0.571325
287.4		0.571325
287.5		0.571325
287.6		0.571325
287.7		0.571325
287.8		0.571325
287.9		0.571325
288		0.571325
288.1		0.574309
288.2		0.574309
288.3		0.574309
288.4		0.574309
288.5		0.574309
288.6		0.574309
288.7		0.574309
288.8		0.574309
288.9		0.574309
289		0.574309
289.1		0.580645
289.2		0.580645
289.3		0.580645
289.4		0.580645
289.5		0.580645
289.6		0.580645
289.7		0.580645
289.8		0.580645
289.9		0.580645
290		0.580645
290.1		0.581471
290.2		0.581471
290.3		0.581471
290.4		0.581471
290.5		0.581471
290.6		0.581471
290.7		0.581471
290.8		0.581471
290.9		0.581471
291		0.581471
291.1		0.583861
291.2		0.583861
291.3		0.583861
291.4		0.583861
291.5		0.583861
291.6		0.583861
291.7		0.583861
291.8		0.583861
291.9		0.583861
292		0.583861
292.1		0.585561
292.2		0.585561
292.3		0.585561
292.4		0.585561
292.5		0.585561
292.6		0.585561
292.7		0.585561
292.8		0.585561
292.9		0.585561
293		0.585561
293.1		0.586491
293.2		0.586491
293.3		0.586491
293.4		0.586491
293.5		0.586491
293.6		0.586491
293.7		0.586491
293.8		0.586491
293.9		0.586491
294		0.586491
294.1		0.586932
294.2		0.586932
294.3		0.586932
294.4		0.586932
294.5		0.586932
294.6		0.586932
294.7		0.586932
294.8		0.586932
294.9		0.586932
295		0.586932
295.1		0.593797
295.2		0.593797
295.3		0.593797
295.4		0.593797
295.5		0.593797
295.6		0.593797
295.7		0.593797
295.8		0.593797
295.9		0.593797
296		0.593797
296.1		0.594094
296.2		0.594094
296.3		0.594094
296.4		0.594094
296.5		0.594094
296.6		0.594094
296.7		0.594094
296.8		0.594094
296.9		0.594094
297		0.594094
297.1		0.596404
297.2		0.596404
297.3		0.596404
297.4		0.596404
297.5		0.596404
297.6		0.596404
297.7		0.596404
297.8		0.596404
297.9		0.596404
298		0.596404
298.1		0.596893
298.2		0.596893
298.3		0.596893
298.4		0.596893
298.5		0.596893
298.6		0.596893
298.7		0.596893
298.8		0.596893
298.9		0.596893
299		0.596893
299.1		0.603798
299.2		0.603798
299.3		0.603798
299.4		0.603798
299.5		0.603798
299.6		0.603798
299.7		0.603798
299.8		0.603798
299.9		0.603798
300		0.603798
300.1		0.607648
300.2		0.607648
300.3		0.607648
300.4		0.607648
300.5		0.607648
300.6		0.607648
300.7		0.607648
300.8		0.607648
300.9		0.607648
301		0.607648
301.1		0.609003
301.2		0.609003
301.3		0.609003
301.4		0.609003
301.5		0.609003
301.6		0.609003
301.7		0.609003
301.8		0.609003
301.9		0.609003
302		0.609003
302.1		0.611874
302.2		0.611874
302.3		0.611874
302.4		0.611874
302.5		0.611874
302.6		0.611874
302.7		0.611874
302.8		0.611874
302.9		0.611874
303		0.611874
303.1		0.613206
303.2		0.613206
303.3		0.613206
303.4		0.613206
303.5		0.613206
303.6		0.613206
303.7		0.613206
303.8		0.613206
303.9		0.613206
304		0.613206
304.1		0.613607
304.2		0.613607
304.3		0.613607
304.4		0.613607
304.5		0.613607
304.6		0.613607
304.7		0.613607
304.8		0.613607
304.9		0.613607
305		0.613607
305.1		0.618074
305.2		0.618074
305.3		0.618074
305.4		0.618074
305.5		0.618074
305.6		0.618074
305.7		0.618074
305.8		0.618074
305.9		0.618074
306		0.618074
306.1		0.620616
306.2		0.620616
306.3		0.620616
306.4		0.620616
306.5		0.620616
306.6		0.620616
306.7		0.620616
306.8		0.620616
306.9		0.620616
307		0.620616
307.1		0.621691
307.2		0.621691
307.3		0.621691
307.4		0.621691
307.5		0.621691
307.6		0.621691
307.7		0.621691
307.8		0.621691
307.9		0.621691
308		0.621691
308.1		0.623279
308.2		0.623279
308.3		0.623279
308.4		0.623279
308.5		0.623279
308.6		0.623279
308.7		0.623279
308.8		0.623279
308.9		0.623279
309		0.623279
309.1		0.624257
309.2		0.624257
309.3		0.624257
309.4		0.624257
309.5		0.624257
309.6		0.624257
309.7		0.624257
309.8		0.624257
309.9		0.624257
310		0.624257
310.1		0.627401
310.2		0.627401
310.3		0.627401
310.4		0.627401
310.5		0.627401
310.6		0.627401
310.7		0.627401
310.8		0.627401
310.9		0.627401
311		0.627401
311.1		0.630505
311.2		0.630505
311.3		0.630505
311.4		0.630505
311.5		0.630505
311.6		0.630505
311.7		0.630505
311.8		0.630505
311.9		0.630505
312		0.630505
312.1		0.631892
312.2		0.631892
312.3		0.631892
312.4		0.631892
312.5		0.631892
312.6		0.631892
312.7		0.631892
312.8		0.631892
312.9		0.631892
313		0.631892
313.1		0.632839
313.2		0.632839
313.3		0.632839
313.4		0.632839
313.5		0.632839
313.6		0.632839
313.7		0.632839
313.8		0.632839
313.9		0.632839
314		0.632839
314.1		0.633127
314.2		0.633127
314.3		0.633127
314.4		0.633127
314.5		0.633127
314.6		0.633127
314.7		0.633127
314.8		0.633127
314.9		0.633127
315		0.633127
315.1		0.63749
315.2		0.63749
315.3		0.63749
315.4		0.63749
315.5		0.63749
315.6		0.63749
315.7		0.63749
315.8		0.63749
315.9		0.63749
316		0.63749
316.1		0.640578
316.2		0.640578
316.3		0.640578
316.4		0.640578
316.5		0.640578
316.6		0.640578
316.7		0.640578
316.8		0.640578
316.9		0.640578
317		0.640578
317.1		0.643738
317.2		0.643738
317.3		0.643738
317.4		0.643738
317.5		0.643738
317.6		0.643738
317.7		0.643738
317.8		0.643738
317.9		0.643738
318		0.643738
318.1		0.644588
318.2		0.644588
318.3		0.644588
318.4		0.644588
318.5		0.644588
318.6		0.644588
318.7		0.644588
318.8		0.644588
318.9		0.644588
319		0.644588
319.1		0.645181
319.2		0.645181
319.3		0.645181
319.4		0.645181
319.5		0.645181
319.6		0.645181
319.7		0.645181
319.8		0.645181
319.9		0.645181
320		0.645181
320.1		0.651782
320.2		0.651782
320.3		0.651782
320.4		0.651782
320.5		0.651782
320.6		0.651782
320.7		0.651782
320.8		0.651782
320.9		0.651782
321		0.651782
321.1		0.651926
321.2		0.651926
321.3		0.651926
321.4		0.651926
321.5		0.651926
321.6		0.651926
321.7		0.651926
321.8		0.651926
321.9		0.651926
322		0.651926
322.1		0.652167
322.2		0.652167
322.3		0.652167
322.4		0.652167
322.5		0.652167
322.6		0.652167
322.7		0.652167
322.8		0.652167
322.9		0.652167
323		0.652167
323.1		0.654901
323.2		0.654901
323.3		0.654901
323.4		0.654901
323.5		0.654901
323.6		0.654901
323.7		0.654901
323.8		0.654901
323.9		0.654901
324		0.654901
324.1		0.659842
324.2		0.659842
324.3		0.659842
324.4		0.659842
324.5		0.659842
324.6		0.659842
324.7		0.659842
324.8		0.659842
324.9		0.659842
325		0.659842
325.1		0.660531
325.2		0.660531
325.3		0.660531
325.4		0.660531
325.5		0.660531
325.6		0.660531
325.7		0.660531
325.8		0.660531
325.9		0.660531
326		0.660531
326.1		0.661943
326.2		0.661943
326.3		0.661943
326.4		0.661943
326.5		0.661943
326.6		0.661943
326.7		0.661943
326.8		0.661943
326.9		0.661943
327		0.661943
327.1		0.662913
327.2		0.662913
327.3		0.662913
327.4		0.662913
327.5		0.662913
327.6		0.662913
327.7		0.662913
327.8		0.662913
327.9		0.662913
328		0.662913
328.1		0.666811
328.2		0.666811
328.3		0.666811
328.4		0.666811
328.5		0.666811
328.6		0.666811
328.7		0.666811
328.8		0.666811
328.9		0.666811
329		0.666811
329.1		0.667453
329.2		0.667453
329.3		0.667453
329.4		0.667453
329.5		0.667453
329.6		0.667453
329.7		0.667453
329.8		0.667453
329.9		0.667453
330		0.667453
330.1		0.66973
330.2		0.66973
330.3		0.66973
330.4		0.66973
330.5		0.66973
330.6		0.66973
330.7		0.66973
330.8		0.66973
330.9		0.66973
331		0.66973
331.1		0.670228
331.2		0.670228
331.3		0.670228
331.4		0.670228
331.5		0.670228
331.6		0.670228
331.7		0.670228
331.8		0.670228
331.9		0.670228
332		0.670228
332.1		0.676018
332.2		0.676018
332.3		0.676018
332.4		0.676018
332.5		0.676018
332.6		0.676018
332.7		0.676018
332.8		0.676018
332.9		0.676018
333		0.676018
333.1		0.677293
333.2		0.677293
333.3		0.677293
333.4		0.677293
333.5		0.677293
333.6		0.677293
333.7		0.677293
333.8		0.677293
333.9		0.677293
334		0.677293
334.1		0.677967
334.2		0.677967
334.3		0.677967
334.4		0.677967
334.5		0.677967
334.6		0.677967
334.7		0.677967
334.8		0.677967
334.9		0.677967
335		0.677967
335.1		0.678456
335.2		0.678456
335.3		0.678456
335.4		0.678456
335.5		0.678456
335.6		0.678456
335.7		0.678456
335.8		0.678456
335.9		0.678456
336		0.678456
336.1		0.681568
336.2		0.681568
336.3		0.681568
336.4		0.681568
336.5		0.681568
336.6		0.681568
336.7		0.681568
336.8		0.681568
336.9		0.681568
337		0.681568
337.1		0.686428
337.2		0.686428
337.3		0.686428
337.4		0.686428
337.5		0.686428
337.6		0.686428
337.7		0.686428
337.8		0.686428
337.9		0.686428
338		0.686428
338.1		0.689644
338.2		0.689644
338.3		0.689644
338.4		0.689644
338.5		0.689644
338.6		0.689644
338.7		0.689644
338.8		0.689644
338.9		0.689644
339		0.689644
339.1		0.690093
339.2		0.690093
339.3		0.690093
339.4		0.690093
339.5		0.690093
339.6		0.690093
339.7		0.690093
339.8		0.690093
339.9		0.690093
340		0.690093
340.1		0.69136
340.2		0.69136
340.3		0.69136
340.4		0.69136
340.5		0.69136
340.6		0.69136
340.7		0.69136
340.8		0.69136
340.9		0.69136
341		0.69136
341.1		0.696461
341.2		0.696461
341.3		0.696461
341.4		0.696461
341.5		0.696461
341.6		0.696461
341.7		0.696461
341.8		0.696461
341.9		0.696461
342		0.696461
342.1		0.699332
342.2		0.699332
342.3		0.699332
342.4		0.699332
342.5		0.699332
342.6		0.699332
342.7		0.699332
342.8		0.699332
342.9		0.699332
343		0.699332
343.1		0.699693
343.2		0.699693
343.3		0.699693
343.4		0.699693
343.5		0.699693
343.6		0.699693
343.7		0.699693
343.8		0.699693
343.9		0.699693
344		0.699693
344.1		0.700062
344.2		0.700062
344.3		0.700062
344.4		0.700062
344.5		0.700062
344.6		0.700062
344.7		0.700062
344.8		0.700062
344.9		0.700062
345		0.700062
345.1		0.703919
345.2		0.703919
345.3		0.703919
345.4		0.703919
345.5		0.703919
345.6		0.703919
345.7		0.703919
345.8		0.703919
345.9		0.703919
346		0.703919
346.1		0.709469
346.2		0.709469
346.3		0.709469
346.4		0.709469
346.5		0.709469
346.6		0.709469
346.7		0.709469
346.8		0.709469
346.9		0.709469
347		0.709469
347.1		0.710496
347.2		0.710496
347.3		0.710496
347.4		0.710496
347.5		0.710496
347.6		0.710496
347.7		0.710496
347.8		0.710496
347.9		0.710496
348		0.710496
348.1		0.710496
348.2		0.710496
348.3		0.710496
348.4		0.710496
348.5		0.710496
348.6		0.710496
348.7		0.710496
348.8		0.710496
348.9		0.710496
349		0.710496
349.1		0.712092
349.2		0.712092
349.3		0.712092
349.4		0.712092
349.5		0.712092
349.6		0.712092
349.7		0.712092
349.8		0.712092
349.9		0.712092
350		0.712092
350.1		0.714642
350.2		0.714642
350.3		0.714642
350.4		0.714642
350.5		0.714642
350.6		0.714642
350.7		0.714642
350.8		0.714642
350.9		0.714642
351		0.714642
351.1		0.714762
351.2		0.714762
351.3		0.714762
351.4		0.714762
351.5		0.714762
351.6		0.714762
351.7		0.714762
351.8		0.714762
351.9		0.714762
352		0.714762
352.1		0.720657
352.2		0.720657
352.3		0.720657
352.4		0.720657
352.5		0.720657
352.6		0.720657
352.7		0.720657
352.8		0.720657
352.9		0.720657
353		0.720657
353.1		0.721283
353.2		0.721283
353.3		0.721283
353.4		0.721283
353.5		0.721283
353.6		0.721283
353.7		0.721283
353.8		0.721283
353.9		0.721283
354		0.721283
354.1		0.725357
354.2		0.725357
354.3		0.725357
354.4		0.725357
354.5		0.725357
354.6		0.725357
354.7		0.725357
354.8		0.725357
354.9		0.725357
355		0.725357
355.1		0.728661
355.2		0.728661
355.3		0.728661
355.4		0.728661
355.5		0.728661
355.6		0.728661
355.7		0.728661
355.8		0.728661
355.9		0.728661
356		0.728661
356.1		0.72919
356.2		0.72919
356.3		0.72919
356.4		0.72919
356.5		0.72919
356.6		0.72919
356.7		0.72919
356.8		0.72919
356.9		0.72919
357		0.72919
357.1		0.731476
357.2		0.731476
357.3		0.731476
357.4		0.731476
357.5		0.731476
357.6		0.731476
357.7		0.731476
357.8		0.731476
357.9		0.731476
358		0.731476
358.1		0.736328
358.2		0.736328
358.3		0.736328
358.4		0.736328
358.5		0.736328
358.6		0.736328
358.7		0.736328
358.8		0.736328
358.9		0.736328
359		0.736328
359.1		0.737707
359.2		0.737707
359.3		0.737707
359.4		0.737707
359.5		0.737707
359.6		0.737707
359.7		0.737707
359.8		0.737707
359.9		0.737707
360		0.737707
360.1		0.741557
360.2		0.741557
360.3		0.741557
360.4		0.741557
360.5		0.741557
360.6		0.741557
360.7		0.741557
360.8		0.741557
360.9		0.741557
361		0.741557
361.1		0.742872
361.2		0.742872
361.3		0.742872
361.4		0.742872
361.5		0.742872
361.6		0.742872
361.7		0.742872
361.8		0.742872
361.9		0.742872
362		0.742872
362.1		0.744845
362.2		0.744845
362.3		0.744845
362.4		0.744845
362.5		0.744845
362.6		0.744845
362.7		0.744845
362.8		0.744845
362.9		0.744845
363		0.744845
363.1		0.747019
363.2		0.747019
363.3		0.747019
363.4		0.747019
363.5		0.747019
363.6		0.747019
363.7		0.747019
363.8		0.747019
363.9		0.747019
364		0.747019
364.1		0.749802
364.2		0.749802
364.3		0.749802
364.4		0.749802
364.5		0.749802
364.6		0.749802
364.7		0.749802
364.8		0.749802
364.9		0.749802
365		0.749802
365.1		0.751887
365.2		0.751887
365.3		0.751887
365.4		0.751887
365.5		0.751887
365.6		0.751887
365.7		0.751887
365.8		0.751887
365.9		0.751887
366		0.751887
366.1		0.752929
366.2		0.752929
366.3		0.752929
366.4		0.752929
366.5		0.752929
366.6		0.752929
366.7		0.752929
366.8		0.752929
366.9		0.752929
367		0.752929
367.1		0.753828
367.2		0.753828
367.3		0.753828
367.4		0.753828
367.5		0.753828
367.6		0.753828
367.7		0.753828
367.8		0.753828
367.9		0.753828
368		0.753828
368.1		0.758383
368.2		0.758383
368.3		0.758383
368.4		0.758383
368.5		0.758383
368.6		0.758383
368.7		0.758383
368.8		0.758383
368.9		0.758383
369		0.758383
369.1		0.759706
369.2		0.759706
369.3		0.759706
369.4		0.759706
369.5		0.759706
369.6		0.759706
369.7		0.759706
369.8		0.759706
369.9		0.759706
370		0.759706
370.1		0.760661
370.2		0.760661
370.3		0.760661
370.4		0.760661
370.5		0.760661
370.6		0.760661
370.7		0.760661
370.8		0.760661
370.9		0.760661
371		0.760661
371.1		0.761158
371.2		0.761158
371.3		0.761158
371.4		0.761158
371.5		0.761158
371.6		0.761158
371.7		0.761158
371.8		0.761158
371.9		0.761158
372		0.761158
372.1		0.766603
372.2		0.766603
372.3		0.766603
372.4		0.766603
372.5		0.766603
372.6		0.766603
372.7		0.766603
372.8		0.766603
372.9		0.766603
373		0.766603
373.1		0.767309
373.2		0.767309
373.3		0.767309
373.4		0.767309
373.5		0.767309
373.6		0.767309
373.7		0.767309
373.8		0.767309
373.9		0.767309
374		0.767309
374.1		0.768937
374.2		0.768937
374.3		0.768937
374.4		0.768937
374.5		0.768937
374.6		0.768937
374.7		0.768937
374.8		0.768937
374.9		0.768937
375		0.768937
375.1		0.769266
375.2		0.769266
375.3		0.769266
375.4		0.769266
375.5		0.769266
375.6		0.769266
375.7		0.769266
375.8		0.769266
375.9		0.769266
376		0.769266
376.1		0.773805
376.2		0.773805
376.3		0.773805
376.4		0.773805
376.5		0.773805
376.6		0.773805
376.7		0.773805
376.8		0.773805
376.9		0.773805
377		0.773805
377.1		0.774952
377.2		0.774952
377.3		0.774952
377.4		0.774952
377.5		0.774952
377.6		0.774952
377.7		0.774952
377.8		0.774952
377.9		0.774952
378		0.774952
378.1		0.775265
378.2		0.775265
378.3		0.775265
378.4		0.775265
378.5		0.775265
378.6		0.775265
378.7		0.775265
378.8		0.775265
378.9		0.775265
379		0.775265
379.1		0.778497
379.2		0.778497
379.3		0.778497
379.4		0.778497
379.5		0.778497
379.6		0.778497
379.7		0.778497
379.8		0.778497
379.9		0.778497
380		0.778497
380.1		0.77885
380.2		0.77885
380.3		0.77885
380.4		0.77885
380.5		0.77885
380.6		0.77885
380.7		0.77885
380.8		0.77885
380.9		0.77885
381		0.77885
381.1		0.784279
381.2		0.784279
381.3		0.784279
381.4		0.784279
381.5		0.784279
381.6		0.784279
381.7		0.784279
381.8		0.784279
381.9		0.784279
382		0.784279
382.1		0.78614
382.2		0.78614
382.3		0.78614
382.4		0.78614
382.5		0.78614
382.6		0.78614
382.7		0.78614
382.8		0.78614
382.9		0.78614
383		0.78614
383.1		0.786445
383.2		0.786445
383.3		0.786445
383.4		0.786445
383.5		0.786445
383.6		0.786445
383.7		0.786445
383.8		0.786445
383.9		0.786445
384		0.786445
384.1		0.786717
384.2		0.786717
384.3		0.786717
384.4		0.786717
384.5		0.786717
384.6		0.786717
384.7		0.786717
384.8		0.786717
384.9		0.786717
385		0.786717
385.1		0.791056
385.2		0.791056
385.3		0.791056
385.4		0.791056
385.5		0.791056
385.6		0.791056
385.7		0.791056
385.8		0.791056
385.9		0.791056
386		0.791056
386.1		0.79242
386.2		0.79242
386.3		0.79242
386.4		0.79242
386.5		0.79242
386.6		0.79242
386.7		0.79242
386.8		0.79242
386.9		0.79242
387		0.79242
387.1		0.795764
387.2		0.795764
387.3		0.795764
387.4		0.795764
387.5		0.795764
387.6		0.795764
387.7		0.795764
387.8		0.795764
387.9		0.795764
388		0.795764
388.1		0.796389
388.2		0.796389
388.3		0.796389
388.4		0.796389
388.5		0.796389
388.6		0.796389
388.7		0.796389
388.8		0.796389
388.9		0.796389
389		0.796389
389.1		0.796638
389.2		0.796638
389.3		0.796638
389.4		0.796638
389.5		0.796638
389.6		0.796638
389.7		0.796638
389.8		0.796638
389.9		0.796638
390		0.796638
390.1		0.802348
390.2		0.802348
390.3		0.802348
390.4		0.802348
390.5		0.802348
390.6		0.802348
390.7		0.802348
390.8		0.802348
390.9		0.802348
391		0.802348
391.1		0.80291
391.2		0.80291
391.3		0.80291
391.4		0.80291
391.5		0.80291
391.6		0.80291
391.7		0.80291
391.8		0.80291
391.9		0.80291
392		0.80291
392.1		0.80323
392.2		0.80323
392.3		0.80323
392.4		0.80323
392.5		0.80323
392.6		0.80323
392.7		0.80323
392.8		0.80323
392.9		0.80323
393		0.80323
393.1		0.805644
393.2		0.805644
393.3		0.805644
393.4		0.805644
393.5		0.805644
393.6		0.805644
393.7		0.805644
393.8		0.805644
393.9		0.805644
394		0.805644
394.1		0.809919
394.2		0.809919
394.3		0.809919
394.4		0.809919
394.5		0.809919
394.6		0.809919
394.7		0.809919
394.8		0.809919
394.9		0.809919
395		0.809919
395.1		0.812959
395.2		0.812959
395.3		0.812959
395.4		0.812959
395.5		0.812959
395.6		0.812959
395.7		0.812959
395.8		0.812959
395.9		0.812959
396		0.812959
396.1		0.813167
396.2		0.813167
396.3		0.813167
396.4		0.813167
396.5		0.813167
396.6		0.813167
396.7		0.813167
396.8		0.813167
396.9		0.813167
397		0.813167
397.1		0.814771
397.2		0.814771
397.3		0.814771
397.4		0.814771
397.5		0.814771
397.6		0.814771
397.7		0.814771
397.8		0.814771
397.9		0.814771
398		0.814771
398.1		0.818308
398.2		0.818308
398.3		0.818308
398.4		0.818308
398.5		0.818308
398.6		0.818308
398.7		0.818308
398.8		0.818308
398.9		0.818308
399		0.818308
399.1		0.818917
399.2		0.818917
399.3		0.818917
399.4		0.818917
399.5		0.818917
399.6		0.818917
399.7		0.818917
399.8		0.818917
399.9		0.818917
400		0.818917
400.1		0.821805
400.2		0.821805
400.3		0.821805
400.4		0.821805
400.5		0.821805
400.6		0.821805
400.7		0.821805
400.8		0.821805
400.9		0.821805
401		0.821805
401.1		0.82385
401.2		0.82385
401.3		0.82385
401.4		0.82385
401.5		0.82385
401.6		0.82385
401.7		0.82385
401.8		0.82385
401.9		0.82385
402		0.82385
402.1		0.826336
402.2		0.826336
402.3		0.826336
402.4		0.826336
402.5		0.826336
402.6		0.826336
402.7		0.826336
402.8		0.826336
402.9		0.826336
403		0.826336
403.1		0.828181
403.2		0.828181
403.3		0.828181
403.4		0.828181
403.5		0.828181
403.6		0.828181
403.7		0.828181
403.8		0.828181
403.9		0.828181
404		0.828181
404.1		0.828269
404.2		0.828269
404.3		0.828269
404.4		0.828269
404.5		0.828269
404.6		0.828269
404.7		0.828269
404.8		0.828269
404.9		0.828269
405		0.828269
405.1		0.82859
405.2		0.82859
405.3		0.82859
405.4		0.82859
405.5		0.82859
405.6		0.82859
405.7		0.82859
405.8		0.82859
405.9		0.82859
406		0.82859
406.1		0.834091
406.2		0.834091
406.3		0.834091
406.4		0.834091
406.5		0.834091
406.6		0.834091
406.7		0.834091
406.8		0.834091
406.9		0.834091
407		0.834091
407.1		0.835607
407.2		0.835607
407.3		0.835607
407.4		0.835607
407.5		0.835607
407.6		0.835607
407.7		0.835607
407.8		0.835607
407.9		0.835607
408		0.835607
408.1		0.836682
408.2		0.836682
408.3		0.836682
408.4		0.836682
408.5		0.836682
408.6		0.836682
408.7		0.836682
408.8		0.836682
408.9		0.836682
409		0.836682
409.1		0.840275
409.2		0.840275
409.3		0.840275
409.4		0.840275
409.5		0.840275
409.6		0.840275
409.7		0.840275
409.8		0.840275
409.9		0.840275
410		0.840275
410.1		0.84333
410.2		0.84333
410.3		0.84333
410.4		0.84333
410.5		0.84333
410.6		0.84333
410.7		0.84333
410.8		0.84333
410.9		0.84333
411		0.84333
411.1		0.844092
411.2		0.844092
411.3		0.844092
411.4		0.844092
411.5		0.844092
411.6		0.844092
411.7		0.844092
411.8		0.844092
411.9		0.844092
412		0.844092
412.1		0.845784
412.2		0.845784
412.3		0.845784
412.4		0.845784
412.5		0.845784
412.6		0.845784
412.7		0.845784
412.8		0.845784
412.9		0.845784
413		0.845784
413.1		0.848383
413.2		0.848383
413.3		0.848383
413.4		0.848383
413.5		0.848383
413.6		0.848383
413.7		0.848383
413.8		0.848383
413.9		0.848383
414		0.848383
414.1		0.850011
414.2		0.850011
414.3		0.850011
414.4		0.850011
414.5		0.850011
414.6		0.850011
414.7		0.850011
414.8		0.850011
414.9		0.850011
415		0.850011
415.1		0.852393
415.2		0.852393
415.3		0.852393
415.4		0.852393
415.5		0.852393
415.6		0.852393
415.7		0.852393
415.8		0.852393
415.9		0.852393
416		0.852393
416.1		0.856828
416.2		0.856828
416.3		0.856828
416.4		0.856828
416.5		0.856828
416.6		0.856828
416.7		0.856828
416.8		0.856828
416.9		0.856828
417		0.856828
417.1		0.857397
417.2		0.857397
417.3		0.857397
417.4		0.857397
417.5		0.857397
417.6		0.857397
417.7		0.857397
417.8		0.857397
417.9		0.857397
418		0.857397
418.1		0.859394
418.2		0.859394
418.3		0.859394
418.4		0.859394
418.5		0.859394
418.6		0.859394
418.7		0.859394
418.8		0.859394
418.9		0.859394
419		0.859394
419.1		0.861295
419.2		0.861295
419.3		0.861295
419.4		0.861295
419.5		0.861295
419.6		0.861295
419.7		0.861295
419.8		0.861295
419.9		0.861295
420		0.861295
420.1		0.865185
420.2		0.865185
420.3		0.865185
420.4		0.865185
420.5		0.865185
420.6		0.865185
420.7		0.865185
420.8		0.865185
420.9		0.865185
421		0.865185
421.1		0.867021
421.2		0.867021
421.3		0.867021
421.4		0.867021
421.5		0.867021
421.6		0.867021
421.7		0.867021
421.8		0.867021
421.9		0.867021
422		0.867021
422.1		0.86723
422.2		0.86723
422.3		0.86723
422.4		0.86723
422.5		0.86723
422.6		0.86723
422.7		0.86723
422.8		0.86723
422.9		0.86723
423		0.86723
423.1		0.868657
423.2		0.868657
423.3		0.868657
423.4		0.868657
423.5		0.868657
423.6		0.868657
423.7		0.868657
423.8		0.868657
423.9		0.868657
424		0.868657
424.1		0.873557
424.2		0.873557
424.3		0.873557
424.4		0.873557
424.5		0.873557
424.6		0.873557
424.7		0.873557
424.8		0.873557
424.9		0.873557
425		0.873557
425.1		0.8744
425.2		0.8744
425.3		0.8744
425.4		0.8744
425.5		0.8744
425.6		0.8744
425.7		0.8744
425.8		0.8744
425.9		0.8744
426		0.8744
426.1		0.875498
426.2		0.875498
426.3		0.875498
426.4		0.875498
426.5		0.875498
426.6		0.875498
426.7		0.875498
426.8		0.875498
426.9		0.875498
427		0.875498
427.1		0.876164
427.2		0.876164
427.3		0.876164
427.4		0.876164
427.5		0.876164
427.6		0.876164
427.7		0.876164
427.8		0.876164
427.9		0.876164
428		0.876164
428.1		0.881561
428.2		0.881561
428.3		0.881561
428.4		0.881561
428.5		0.881561
428.6		0.881561
428.7		0.881561
428.8		0.881561
428.9		0.881561
429		0.881561
429.1		0.881898
429.2		0.881898
429.3		0.881898
429.4		0.881898
429.5		0.881898
429.6		0.881898
429.7		0.881898
429.8		0.881898
429.9		0.881898
430		0.881898
430.1		0.883887
430.2		0.883887
430.3		0.883887
430.4		0.883887
430.5		0.883887
430.6		0.883887
430.7		0.883887
430.8		0.883887
430.9		0.883887
431		0.883887
431.1		0.885283
431.2		0.885283
431.3		0.885283
431.4		0.885283
431.5		0.885283
431.6		0.885283
431.7		0.885283
431.8		0.885283
431.9		0.885283
432		0.885283
432.1		0.889349
432.2		0.889349
432.3		0.889349
432.4		0.889349
432.5		0.889349
432.6		0.889349
432.7		0.889349
432.8		0.889349
432.9		0.889349
433		0.889349
433.1		0.891715
433.2		0.891715
433.3		0.891715
433.4		0.891715
433.5		0.891715
433.6		0.891715
433.7		0.891715
433.8		0.891715
433.9		0.891715
434		0.891715
434.1		0.89242
434.2		0.89242
434.3		0.89242
434.4		0.89242
434.5		0.89242
434.6		0.89242
434.7		0.89242
434.8		0.89242
434.9		0.89242
435		0.89242
435.1		0.89299
435.2		0.89299
435.3		0.89299
435.4		0.89299
435.5		0.89299
435.6		0.89299
435.7		0.89299
435.8		0.89299
435.9		0.89299
436		0.89299
436.1		0.897569
436.2		0.897569
436.3		0.897569
436.4		0.897569
436.5		0.897569
436.6		0.897569
436.7		0.897569
436.8		0.897569
436.9		0.897569
437		0.897569
437.1		0.898532
437.2		0.898532
437.3		0.898532
437.4		0.898532
437.5		0.898532
437.6		0.898532
437.7		0.898532
437.8		0.898532
437.9		0.898532
438		0.898532
438.1		0.900047
438.2		0.900047
438.3		0.900047
438.4		0.900047
438.5		0.900047
438.6		0.900047
438.7		0.900047
438.8		0.900047
438.9		0.900047
439		0.900047
439.1		0.903672
439.2		0.903672
439.3		0.903672
439.4		0.903672
439.5		0.903672
439.6		0.903672
439.7		0.903672
439.8		0.903672
439.9		0.903672
440		0.903672
440.1		0.904242
440.2		0.904242
440.3		0.904242
440.4		0.904242
440.5		0.904242
440.6		0.904242
440.7		0.904242
440.8		0.904242
440.9		0.904242
441		0.904242
441.1		0.907947
441.2		0.907947
441.3		0.907947
441.4		0.907947
441.5		0.907947
441.6		0.907947
441.7		0.907947
441.8		0.907947
441.9		0.907947
442		0.907947
442.1		0.909503
442.2		0.909503
442.3		0.909503
442.4		0.909503
442.5		0.909503
442.6		0.909503
442.7		0.909503
442.8		0.909503
442.9		0.909503
443		0.909503
443.1		0.91162
443.2		0.91162
443.3		0.91162
443.4		0.91162
443.5		0.91162
443.6		0.91162
443.7		0.91162
443.8		0.91162
443.9		0.91162
444		0.91162
444.1		0.913657
444.2		0.913657
444.3		0.913657
444.4		0.913657
444.5		0.913657
444.6		0.913657
444.7		0.913657
444.8		0.913657
444.9		0.913657
445		0.913657
445.1		0.916729
445.2		0.916729
445.3		0.916729
445.4		0.916729
445.5		0.916729
445.6		0.916729
445.7		0.916729
445.8		0.916729
445.9		0.916729
446		0.916729
446.1		0.919087
446.2		0.919087
446.3		0.919087
446.4		0.919087
446.5		0.919087
446.6		0.919087
446.7		0.919087
446.8		0.919087
446.9		0.919087
447		0.919087
447.1		0.919664
447.2		0.919664
447.3		0.919664
447.4		0.919664
447.5		0.919664
447.6		0.919664
447.7		0.919664
447.8		0.919664
447.9		0.919664
448		0.919664
448.1		0.921324
448.2		0.921324
448.3		0.921324
448.4		0.921324
448.5		0.921324
448.6		0.921324
448.7		0.921324
448.8		0.921324
448.9		0.921324
449		0.921324
449.1		0.924516
449.2		0.924516
449.3		0.924516
449.4		0.924516
449.5		0.924516
449.6		0.924516
449.7		0.924516
449.8		0.924516
449.9		0.924516
450		0.924516
450.1		0.928927
450.2		0.928927
450.3		0.928927
450.4		0.928927
450.5		0.928927
450.6		0.928927
450.7		0.928927
450.8		0.928927
450.9		0.928927
451		0.928927
451.1		0.9292
451.2		0.9292
451.3		0.9292
451.4		0.9292
451.5		0.9292
451.6		0.9292
451.7		0.9292
451.8		0.9292
451.9		0.9292
452		0.9292
452.1		0.931189
452.2		0.931189
452.3		0.931189
452.4		0.931189
452.5		0.931189
452.6		0.931189
452.7		0.931189
452.8		0.931189
452.9		0.931189
453		0.931189
453.1		0.932913
453.2		0.932913
453.3		0.932913
453.4		0.932913
453.5		0.932913
453.6		0.932913
453.7		0.932913
453.8		0.932913
453.9		0.932913
454		0.932913
454.1		0.9341
454.2		0.9341
454.3		0.9341
454.4		0.9341
454.5		0.9341
454.6		0.9341
454.7		0.9341
454.8		0.9341
454.9		0.9341
455		0.9341
455.1		0.936715
455.2		0.936715
455.3		0.936715
455.4		0.936715
455.5		0.936715
455.6		0.936715
455.7		0.936715
455.8		0.936715
455.9		0.936715
456		0.936715
456.1		0.938359
456.2		0.938359
456.3		0.938359
456.4		0.938359
456.5		0.938359
456.6		0.938359
456.7		0.938359
456.8		0.938359
456.9		0.938359
457		0.938359
457.1		0.940524
457.2		0.940524
457.3		0.940524
457.4		0.940524
457.5		0.940524
457.6		0.940524
457.7		0.940524
457.8		0.940524
457.9		0.940524
458		0.940524
458.1		0.942224
458.2		0.942224
458.3		0.942224
458.4		0.942224
458.5		0.942224
458.6		0.942224
458.7		0.942224
458.8		0.942224
458.9		0.942224
459		0.942224
459.1		0.9439
459.2		0.9439
459.3		0.9439
459.4		0.9439
459.5		0.9439
459.6		0.9439
459.7		0.9439
459.8		0.9439
459.9		0.9439
460		0.9439
460.1		0.944229
460.2		0.944229
460.3		0.944229
460.4		0.944229
460.5		0.944229
460.6		0.944229
460.7		0.944229
460.8		0.944229
460.9		0.944229
461		0.944229
461.1		0.945681
461.2		0.945681
461.3		0.945681
461.4		0.945681
461.5		0.945681
461.6		0.945681
461.7		0.945681
461.8		0.945681
461.9		0.945681
462		0.945681
462.1		0.951062
462.2		0.951062
462.3		0.951062
462.4		0.951062
462.5		0.951062
462.6		0.951062
462.7		0.951062
462.8		0.951062
462.9		0.951062
463		0.951062
463.1		0.952522
463.2		0.952522
463.3		0.952522
463.4		0.952522
463.5		0.952522
463.6		0.952522
463.7		0.952522
463.8		0.952522
463.9		0.952522
464		0.952522
464.1		0.952819
464.2		0.952819
464.3		0.952819
464.4		0.952819
464.5		0.952819
464.6		0.952819
464.7		0.952819
464.8		0.952819
464.9		0.952819
465		0.952819
465.1		0.954166
465.2		0.954166
465.3		0.954166
465.4		0.954166
465.5		0.954166
465.6		0.954166
465.7		0.954166
465.8		0.954166
465.9		0.954166
466		0.954166
466.1		0.960077
466.2		0.960077
466.3		0.960077
466.4		0.960077
466.5		0.960077
466.6		0.960077
466.7		0.960077
466.8		0.960077
466.9		0.960077
467		0.960077
467.1		0.96124
467.2		0.96124
467.3		0.96124
467.4		0.96124
467.5		0.96124
467.6		0.96124
467.7		0.96124
467.8		0.96124
467.9		0.96124
468		0.96124
468.1		0.96318
468.2		0.96318
468.3		0.96318
468.4		0.96318
468.5		0.96318
468.6		0.96318
468.7		0.96318
468.8		0.96318
468.9		0.96318
469		0.96318
469.1		0.964071
469.2		0.964071
469.3		0.964071
469.4		0.964071
469.5		0.964071
469.6		0.964071
469.7		0.964071
469.8		0.964071
469.9		0.964071
470		0.964071
470.1		0.969099
470.2		0.969099
470.3		0.969099
470.4		0.969099
470.5		0.969099
470.6		0.969099
470.7		0.969099
470.8		0.969099
470.9		0.969099
471		0.969099
471.1		0.969556
471.2		0.969556
471.3		0.969556
471.4		0.969556
471.5		0.969556
471.6		0.969556
471.7		0.969556
471.8		0.969556
471.9		0.969556
472		0.969556
472.1		0.970567
472.2		0.970567
472.3		0.970567
472.4		0.970567
472.5		0.970567
472.6		0.970567
472.7		0.970567
472.8		0.970567
472.9		0.970567
473		0.970567
473.1		0.972147
473.2		0.972147
473.3		0.972147
473.4		0.972147
473.5		0.972147
473.6		0.972147
473.7		0.972147
473.8		0.972147
473.9		0.972147
474		0.972147
474.1		0.976943
474.2		0.976943
474.3		0.976943
474.4		0.976943
474.5		0.976943
474.6		0.976943
474.7		0.976943
474.8		0.976943
474.9		0.976943
475		0.976943
475.1		0.9791
475.2		0.9791
475.3		0.9791
475.4		0.9791
475.5		0.9791
475.6		0.9791
475.7		0.9791
475.8		0.9791
475.9		0.9791
476		0.9791
476.1		0.979894
476.2		0.979894
476.3		0.979894
476.4		0.979894
476.5		0.979894
476.6		0.979894
476.7		0.979894
476.8		0.979894
476.9		0.979894
477		0.979894
477.1		0.98153
477.2		0.98153
477.3		0.98153
477.4		0.98153
477.5		0.98153
477.6		0.98153
477.7		0.98153
477.8		0.98153
477.9		0.98153
478		0.98153
478.1		0.983719
478.2		0.983719
478.3		0.983719
478.4		0.983719
478.5		0.983719
478.6		0.983719
478.7		0.983719
478.8		0.983719
478.9		0.983719
479		0.983719
479.1		0.986174
479.2		0.986174
479.3		0.986174
479.4		0.986174
479.5		0.986174
479.6		0.986174
479.7		0.986174
479.8		0.986174
479.9		0.986174
480		0.986174
480.1		0.987713
480.2		0.987713
480.3		0.987713
480.4		0.987713
480.5		0.987713
480.6		0.987713
480.7		0.987713
480.8		0.987713
480.9		0.987713
481		0.987713
481.1		0.988419
481.2		0.988419
481.3		0.988419
481.4		0.988419
481.5		0.988419
481.6		0.988419
481.7		0.988419
481.8		0.988419
481.9		0.988419
482		0.988419
482.1		0.990657
482.2		0.990657
482.3		0.990657
482.4		0.990657
482.5		0.990657
482.6		0.990657
482.7		0.990657
482.8		0.990657
482.9		0.990657
483		0.990657
483.1		0.993271
483.2		0.993271
483.3		0.993271
483.4		0.993271
483.5		0.993271
483.6		0.993271
483.7		0.993271
483.8		0.993271
483.9		0.993271
484		0.993271
484.1		0.996166
484.2		0.996166
484.3		0.996166
484.4		0.996166
484.5		0.996166
484.6		0.996166
484.7		0.996166
484.8		0.996166
484.9		0.996166
485		0.996166
485.1		0.99684
485.2		0.99684
485.3		0.99684
485.4		0.99684
485.5		0.99684
485.6		0.99684
485.7		0.99684
485.8		0.99684
485.9		0.99684
486		0.99684
486.1		0.998653
486.2		0.998653
486.3		0.998653
486.4		0.998653
486.5		0.998653
486.6		0.998653
486.7		0.998653
486.8		0.998653
486.9		0.998653
487		0.998653
487.1		1
487.2		1
487.3		1
487.4		1
487.5		1
487.6		1
487.7		1
487.8		1
487.9		1
488		1
488.1		1
488.2		1
488.3		1
488.4		1
488.5		1
488.6		1
488.7		1
488.8		1
488.9		1
489		1
489.1		1
489.2		1
489.3		1
489.4		1
489.5		1
489.6		1
489.7		1
489.8		1
489.9		1
490		1
490.1		1
490.2		1
490.3		1
490.4		1
490.5		1
490.6		1
490.7		1
490.8		1
490.9		1
491		1
491.1		1
491.2		1
491.3		1
491.4		1
491.5		1
491.6		1
491.7		1
491.8		1
491.9		1
492		1
492.1		1
492.2		1
492.3		1
492.4		1
492.5		1
492.6		1
492.7		1
492.8		1
492.9		1
493		1
493.1		1
493.2		1
493.3		1
493.4		1
493.5		1
493.6		1
493.7		1
493.8		1
493.9		1
494		1
494.1		1
494.2		1
494.3		1
494.4		1
494.5		1
494.6		1
494.7		1
494.8		1
494.9		1
495		1
495.1		1
495.2		1
495.3		1
495.4		1
495.5		1
495.6		1
495.7		1
495.8		1
495.9		1
496		1
496.1		1
496.2		1
496.3		1
496.4		1
496.5		1
496.6		1
496.7		1
496.8		1
496.9		1
497		1
497.1		1
497.2		1
497.3		1
497.4		1
497.5		1
497.6		1
497.7		1
497.8		1
497.9		1
498		1
498.1		1
498.2		1
498.3		1
498.4		1
498.5		1
498.6		1
498.7		1
498.8		1
498.9		1
499		1
499.1		1
499.2		1
499.3		1
499.4		1
499.5		1
499.6		1
499.7		1
499.8		1
499.9		1
500		1
500.1		1
500.2		1
500.3		1
500.4		1
500.5		1
500.6		1
500.7		1
500.8		1
500.9		1
501		1
501.1		1
501.2		1
501.3		1
501.4		1
501.5		1
501.6		1
501.7		1
501.8		1
501.9		1
502		1
502.1		1
502.2		1
502.3		1
502.4		1
502.5		1
502.6		1
502.7		1
502.8		1
502.9		1
503		1
503.1		1
503.2		1
503.3		1
503.4		1
503.5		1
503.6		1
503.7		1
503.8		1
503.9		1
504		1
504.1		1
504.2		1
504.3		1
504.4		1
504.5		1
504.6		1
504.7		1
504.8		1
504.9		1
505		1
505.1		1
505.2		1
505.3		1
505.4		1
505.5		1
505.6		1
505.7		1
505.8		1
505.9		1
506		1
506.1		1
506.2		1
506.3		1
506.4		1
506.5		1
506.6		1
506.7		1
506.8		1
506.9		1
507		1
507.1		1
507.2		1
507.3		1
507.4		1
507.5		1
507.6		1
507.7		1
507.8		1
507.9		1
508		1
508.1		1
508.2		1
508.3		1
508.4		1
508.5		1
508.6		1
508.7		1
508.8		1
508.9		1
509		1
509.1		1
509.2		1
509.3		1
509.4		1
509.5		1
509.6		1
509.7		1
509.8		1
509.9		1
510		1
510.1		1
510.2		1
510.3		1
510.4		1
510.5		1
510.6		1
510.7		1
510.8		1
510.9		1
511		1
511.1		1
511.2		1
511.3		1
511.4		1
511.5		1
511.6		1
511.7		1
511.8		1
511.9		1
512		1
512.1		1
512.2		1
512.3		1
512.4		1
512.5		1
512.6		1
512.7		1
512.8		1
512.9		1
513		1
513.1		1
513.2		1
513.3		1
513.4		1
513.5		1
513.6		1
513.7		1
513.8		1
513.9		1
514		1
514.1		1
514.2		1
514.3		1
514.4		1
514.5		1
514.6		1
514.7		1
514.8		1
514.9		1
515		1
515.1		1
515.2		1
515.3		1
515.4		1
515.5		1
515.6		1
515.7		1
515.8		1
515.9		1
516		1
516.1		1
516.2		1
516.3		1
516.4		1
516.5		1
516.6		1
516.7		1
516.8		1
516.9		1
517		1
517.1		1
517.2		1
517.3		1
517.4		1
517.5		1
517.6		1
517.7		1
517.8		1
517.9		1
518		1
518.1		1
518.2		1
518.3		1
518.4		1
518.5		1
518.6		1
518.7		1
518.8		1
518.9		1
519		1
519.1		1
519.2		1
519.3		1
519.4		1
519.5		1
519.6		1
519.7		1
519.8		1
519.9		1
520		1
520.1		1
520.2		1
520.3		1
520.4		1
520.5		1
520.6		1
520.7		1
520.8		1
520.9		1
521		1
521.1		1
521.2		1
521.3		1
521.4		1
521.5		1
521.6		1
521.7		1
521.8		1
521.9		1
522		1
522.1		1
522.2		1
522.3		1
522.4		1
522.5		1
522.6		1
522.7		1
522.8		1
522.9		1
523		1
523.1		1
523.2		1
523.3		1
523.4		1
523.5		1
523.6		1
523.7		1
523.8		1
523.9		1
524		1
524.1		1
524.2		1
524.3		1
524.4		1
524.5		1
524.6		1
524.7		1
524.8		1
524.9		1
525		1
525.1		1
525.2		1
525.3		1
525.4		1
525.5		1
525.6		1
525.7		1
525.8		1
525.9		1
526		1
526.1		1
526.2		1
526.3		1
526.4		1
526.5		1
526.6		1
526.7		1
526.8		1
526.9		1
527		1
527.1		1
527.2		1
527.3		1
527.4		1
527.5		1
527.6		1
527.7		1
527.8		1
527.9		1
528		1
528.1		1
528.2		1
528.3		1
528.4		1
528.5		1
528.6		1
528.7		1
528.8		1
528.9		1
529		1
529.1		1
529.2		1
529.3		1
529.4		1
529.5		1
529.6		1
529.7		1
529.8		1
529.9		1
530		1
530.1		1
530.2		1
530.3		1
530.4		1
530.5		1
530.6		1
530.7		1
530.8		1
530.9		1
531		1
531.1		1
531.2		1
531.3		1
531.4		1
531.5		1
531.6		1
531.7		1
531.8		1
531.9		1
532		1
532.1		1
532.2		1
532.3		1
532.4		1
532.5		1
532.6		1
532.7		1
532.8		1
532.9		1
533		1
533.1		1
533.2		1
533.3		1
533.4		1
533.5		1
533.6		1
533.7		1
533.8		1
533.9		1
534		1
534.1		1
534.2		1
534.3		1
534.4		1
534.5		1
534.6		1
534.7		1
534.8		1
534.9		1
535		1
535.1		1
535.2		1
535.3		1
535.4		1
535.5		1
535.6		1
535.7		1
535.8		1
535.9		1
536		1
536.1		1
536.2		1
536.3		1
536.4		1
536.5		1
536.6		1
536.7		1
536.8		1
536.9		1
537		1
537.1		1
537.2		1
537.3		1
537.4		1
537.5		1
537.6		1
537.7		1
537.8		1
537.9		1
538		1
538.1		1
538.2		1
538.3		1
538.4		1
538.5		1
538.6		1
538.7		1
538.8		1
538.9		1
539		1
539.1		1
539.2		1
539.3		1
539.4		1
539.5		1
539.6		1
539.7		1
539.8		1
539.9		1
540		1
540.1		1
540.2		1
540.3		1
540.4		1
540.5		1
540.6		1
540.7		1
540.8		1
540.9		1
541		1
541.1		1
541.2		1
541.3		1
541.4		1
541.5		1
541.6		1
541.7		1
541.8		1
541.9		1
542		1
542.1		1
542.2		1
542.3		1
542.4		1
542.5		1
542.6		1
542.7		1
542.8		1
542.9		1
543		1
543.1		1
543.2		1
543.3		1
543.4		1
543.5		1
543.6		1
543.7		1
543.8		1
543.9		1
544		1
544.1		1
544.2		1
544.3		1
544.4		1
544.5		1
544.6		1
544.7		1
544.8		1
544.9		1
545		1
545.1		1
545.2		1
545.3		1
545.4		1
545.5		1
545.6		1
545.7		1
545.8		1
545.9		1
546		1
546.1		1
546.2		1
546.3		1
546.4		1
546.5		1
546.6		1
546.7		1
546.8		1
546.9		1
547		1
547.1		1
547.2		1
547.3		1
547.4		1
547.5		1
547.6		1
547.7		1
547.8		1
547.9		1
548		1
548.1		1
548.2		1
548.3		1
548.4		1
548.5		1
548.6		1
548.7		1
548.8		1
548.9		1
549		1
549.1		1
549.2		1
549.3		1
549.4		1
549.5		1
549.6		1
549.7		1
549.8		1
549.9		1
550		1
550.1		1
550.2		1
550.3		1
550.4		1
550.5		1
550.6		1
550.7		1
550.8		1
550.9		1
551		1
551.1		1
551.2		1
551.3		1
551.4		1
551.5		1
551.6		1
551.7		1
551.8		1
551.9		1
552		1
552.1		1
552.2		1
552.3		1
552.4		1
552.5		1
552.6		1
552.7		1
552.8		1
552.9		1
553		1
553.1		1
553.2		1
553.3		1
553.4		1
553.5		1
553.6		1
553.7		1
553.8		1
553.9		1
554		1
554.1		1
554.2		1
554.3		1
554.4		1
554.5		1
554.6		1
554.7		1
554.8		1
554.9		1
555		1
555.1		1
555.2		1
555.3		1
555.4		1
555.5		1
555.6		1
555.7		1
555.8		1
555.9		1
556		1
556.1		1
556.2		1
556.3		1
556.4		1
556.5		1
556.6		1
556.7		1
556.8		1
556.9		1
557		1
557.1		1
557.2		1
557.3		1
557.4		1
557.5		1
557.6		1
557.7		1
557.8		1
557.9		1
558		1
558.1		1
558.2		1
558.3		1
558.4		1
558.5		1
558.6		1
558.7		1
558.8		1
558.9		1
559		1
559.1		1
559.2		1
559.3		1
559.4		1
559.5		1
559.6		1
559.7		1
559.8		1
559.9		1
560		1
560.1		1
560.2		1
560.3		1
560.4		1
560.5		1
560.6		1
560.7		1
560.8		1
560.9		1
561		1
561.1		1
561.2		1
561.3		1
561.4		1
561.5		1
561.6		1
561.7		1
561.8		1
561.9		1
562		1
562.1		1
562.2		1
562.3		1
562.4		1
562.5		1
562.6		1
562.7		1
562.8		1
562.9		1
563		1
563.1		1
563.2		1
563.3		1
563.4		1
563.5		1
563.6		1
563.7		1
563.8		1
563.9		1
564		1
564.1		1
564.2		1
564.3		1
564.4		1
564.5		1
564.6		1
564.7		1
564.8		1
564.9		1
565		1
565.1		1
565.2		1
565.3		1
565.4		1
565.5		1
565.6		1
565.7		1
565.8		1
565.9		1
566		1
566.1		1
566.2		1
566.3		1
566.4		1
566.5		1
566.6		1
566.7		1
566.8		1
566.9		1
567		1
567.1		1
567.2		1
567.3		1
567.4		1
567.5		1
567.6		1
567.7		1
567.8		1
567.9		1
568		1
568.1		1
568.2		1
568.3		1
568.4		1
568.5		1
568.6		1
568.7		1
568.8		1
568.9		1
569		1
569.1		1
569.2		1
569.3		1
569.4		1
569.5		1
569.6		1
569.7		1
569.8		1
569.9		1
570		1
570.1		1
570.2		1
570.3		1
570.4		1
570.5		1
570.6		1
570.7		1
570.8		1
570.9		1
571		1
571.1		1
571.2		1
571.3		1
571.4		1
571.5		1
571.6		1
571.7		1
571.8		1
571.9		1
572		1
572.1		1
572.2		1
572.3		1
572.4		1
572.5		1
572.6		1
572.7		1
572.8		1
572.9		1
573		1
573.1		1
573.2		1
573.3		1
573.4		1
573.5		1
573.6		1
573.7		1
573.8		1
573.9		1
574		1
574.1		1
574.2		1
574.3		1
574.4		1
574.5		1
574.6		1
574.7		1
574.8		1
574.9		1
575		1
575.1		1
575.2		1
575.3		1
575.4		1
575.5		1
575.6		1
575.7		1
575.8		1
575.9		1
576		1
576.1		1
576.2		1
576.3		1
576.4		1
576.5		1
576.6		1
576.7		1
576.8		1
576.9		1
577		1
577.1		1
577.2		1
577.3		1
577.4		1
577.5		1
577.6		1
577.7		1
577.8		1
577.9		1
578		1
578.1		1
578.2		1
578.3		1
578.4		1
578.5		1
578.6		1
578.7		1
578.8		1
578.9		1
579		1
579.1		1
579.2		1
579.3		1
579.4		1
579.5		1
579.6		1
579.7		1
579.8		1
579.9		1
580		1
580.1		1
580.2		1
580.3		1
580.4		1
580.5		1
580.6		1
580.7		1
580.8		1
580.9		1
581		1
581.1		1
581.2		1
581.3		1
581.4		1
581.5		1
581.6		1
581.7		1
581.8		1
581.9		1
582		1
582.1		1
582.2		1
582.3		1
582.4		1
582.5		1
582.6		1
582.7		1
582.8		1
582.9		1
583		1
583.1		1
583.2		1
583.3		1
583.4		1
583.5		1
583.6		1
583.7		1
583.8		1
583.9		1
584		1
584.1		1
584.2		1
584.3		1
584.4		1
584.5		1
584.6		1
584.7		1
584.8		1
584.9		1
585		1
585.1		1
585.2		1
585.3		1
585.4		1
585.5		1
585.6		1
585.7		1
585.8		1
585.9		1
586		1
586.1		1
586.2		1
586.3		1
586.4		1
586.5		1
586.6		1
586.7		1
586.8		1
586.9		1
587		1
587.1		1
587.2		1
587.3		1
587.4		1
587.5		1
587.6		1
587.7		1
587.8		1
587.9		1
588		1
588.1		1
588.2		1
588.3		1
588.4		1
588.5		1
588.6		1
588.7		1
588.8		1
588.9		1
589		1
589.1		1
589.2		1
589.3		1
589.4		1
589.5		1
589.6		1
589.7		1
589.8		1
589.9		1
590		1
590.1		1
590.2		1
590.3		1
590.4		1
590.5		1
590.6		1
590.7		1
590.8		1
590.9		1
591		1
591.1		1
591.2		1
591.3		1
591.4		1
591.5		1
591.6		1
591.7		1
591.8		1
591.9		1
592		1
592.1		1
592.2		1
592.3		1
592.4		1
592.5		1
592.6		1
592.7		1
592.8		1
592.9		1
593		1
593.1		1
593.2		1
593.3		1
593.4		1
593.5		1
593.6		1
593.7		1
593.8		1
593.9		1
594		1
594.1		1
594.2		1
594.3		1
594.4		1
594.5		1
594.6		1
594.7		1
594.8		1
594.9		1
595		1
595.1		1
595.2		1
595.3		1
595.4		1
595.5		1
595.6		1
595.7		1
595.8		1
595.9		1
596		1
596.1		1
596.2		1
596.3		1
596.4		1
596.5		1
596.6		1
596.7		1
596.8		1
596.9		1
597		1
597.1		1
597.2		1
597.3		1
597.4		1
597.5		1
597.6		1
597.7		1
597.8		1
597.9		1
598		1
598.1		1
598.2		1
598.3		1
598.4		1
598.5		1
598.6		1
598.7		1
598.8		1
598.9		1
599		1
599.1		1
599.2		1
599.3		1
599.4		1
599.5		1
599.6		1
599.7		1
599.8		1
599.9		1
600		1
