# Calibration file of tamex_id 0 @ channel 30
# fine_T bin		 Calibration value
0.1		0
0.2		0
0.3		0
0.4		0
0.5		0
0.6		0
0.7		0
0.8		0
0.9		0
1		0
1.1		0
1.2		0
1.3		0
1.4		0
1.5		0
1.6		0
1.7		0
1.8		0
1.9		0
2		0
2.1		0
2.2		0
2.3		0
2.4		0
2.5		0
2.6		0
2.7		0
2.8		0
2.9		0
3		0
3.1		0
3.2		0
3.3		0
3.4		0
3.5		0
3.6		0
3.7		0
3.8		0
3.9		0
4		0
4.1		0
4.2		0
4.3		0
4.4		0
4.5		0
4.6		0
4.7		0
4.8		0
4.9		0
5		0
5.1		0
5.2		0
5.3		0
5.4		0
5.5		0
5.6		0
5.7		0
5.8		0
5.9		0
6		0
6.1		0
6.2		0
6.3		0
6.4		0
6.5		0
6.6		0
6.7		0
6.8		0
6.9		0
7		0
7.1		0
7.2		0
7.3		0
7.4		0
7.5		0
7.6		0
7.7		0
7.8		0
7.9		0
8		0
8.1		0
8.2		0
8.3		0
8.4		0
8.5		0
8.6		0
8.7		0
8.8		0
8.9		0
9		0
9.1		0
9.2		0
9.3		0
9.4		0
9.5		0
9.6		0
9.7		0
9.8		0
9.9		0
10		0
10.1		0
10.2		0
10.3		0
10.4		0
10.5		0
10.6		0
10.7		0
10.8		0
10.9		0
11		0
11.1		0
11.2		0
11.3		0
11.4		0
11.5		0
11.6		0
11.7		0
11.8		0
11.9		0
12		0
12.1		0
12.2		0
12.3		0
12.4		0
12.5		0
12.6		0
12.7		0
12.8		0
12.9		0
13		0
13.1		0
13.2		0
13.3		0
13.4		0
13.5		0
13.6		0
13.7		0
13.8		0
13.9		0
14		0
14.1		0
14.2		0
14.3		0
14.4		0
14.5		0
14.6		0
14.7		0
14.8		0
14.9		0
15		0
15.1		0
15.2		0
15.3		0
15.4		0
15.5		0
15.6		0
15.7		0
15.8		0
15.9		0
16		0
16.1		0
16.2		0
16.3		0
16.4		0
16.5		0
16.6		0
16.7		0
16.8		0
16.9		0
17		0
17.1		0.00691934
17.2		0.00691934
17.3		0.00691934
17.4		0.00691934
17.5		0.00691934
17.6		0.00691934
17.7		0.00691934
17.8		0.00691934
17.9		0.00691934
18		0.00691934
18.1		0.00756043
18.2		0.00756043
18.3		0.00756043
18.4		0.00756043
18.5		0.00756043
18.6		0.00756043
18.7		0.00756043
18.8		0.00756043
18.9		0.00756043
19		0.00756043
19.1		0.00820705
19.2		0.00820705
19.3		0.00820705
19.4		0.00820705
19.5		0.00820705
19.6		0.00820705
19.7		0.00820705
19.8		0.00820705
19.9		0.00820705
20		0.00820705
20.1		0.0143803
20.2		0.0143803
20.3		0.0143803
20.4		0.0143803
20.5		0.0143803
20.6		0.0143803
20.7		0.0143803
20.8		0.0143803
20.9		0.0143803
21		0.0143803
21.1		0.016602
21.2		0.016602
21.3		0.016602
21.4		0.016602
21.5		0.016602
21.6		0.016602
21.7		0.016602
21.8		0.016602
21.9		0.016602
22		0.016602
22.1		0.0174697
22.2		0.0174697
22.3		0.0174697
22.4		0.0174697
22.5		0.0174697
22.6		0.0174697
22.7		0.0174697
22.8		0.0174697
22.9		0.0174697
23		0.0174697
23.1		0.0199456
23.2		0.0199456
23.3		0.0199456
23.4		0.0199456
23.5		0.0199456
23.6		0.0199456
23.7		0.0199456
23.8		0.0199456
23.9		0.0199456
24		0.0199456
24.1		0.0248588
24.2		0.0248588
24.3		0.0248588
24.4		0.0248588
24.5		0.0248588
24.6		0.0248588
24.7		0.0248588
24.8		0.0248588
24.9		0.0248588
25		0.0248588
25.1		0.0256712
25.2		0.0256712
25.3		0.0256712
25.4		0.0256712
25.5		0.0256712
25.6		0.0256712
25.7		0.0256712
25.8		0.0256712
25.9		0.0256712
26		0.0256712
26.1		0.0266052
26.2		0.0266052
26.3		0.0266052
26.4		0.0266052
26.5		0.0266052
26.6		0.0266052
26.7		0.0266052
26.8		0.0266052
26.9		0.0266052
27		0.0266052
27.1		0.0271689
27.2		0.0271689
27.3		0.0271689
27.4		0.0271689
27.5		0.0271689
27.6		0.0271689
27.7		0.0271689
27.8		0.0271689
27.9		0.0271689
28		0.0271689
28.1		0.032364
28.2		0.032364
28.3		0.032364
28.4		0.032364
28.5		0.032364
28.6		0.032364
28.7		0.032364
28.8		0.032364
28.9		0.032364
29		0.032364
29.1		0.0357739
29.2		0.0357739
29.3		0.0357739
29.4		0.0357739
29.5		0.0357739
29.6		0.0357739
29.7		0.0357739
29.8		0.0357739
29.9		0.0357739
30		0.0357739
30.1		0.0358789
30.2		0.0358789
30.3		0.0358789
30.4		0.0358789
30.5		0.0358789
30.6		0.0358789
30.7		0.0358789
30.8		0.0358789
30.9		0.0358789
31		0.0358789
31.1		0.0360226
31.2		0.0360226
31.3		0.0360226
31.4		0.0360226
31.5		0.0360226
31.6		0.0360226
31.7		0.0360226
31.8		0.0360226
31.9		0.0360226
32		0.0360226
32.1		0.0397089
32.2		0.0397089
32.3		0.0397089
32.4		0.0397089
32.5		0.0397089
32.6		0.0397089
32.7		0.0397089
32.8		0.0397089
32.9		0.0397089
33		0.0397089
33.1		0.0409523
33.2		0.0409523
33.3		0.0409523
33.4		0.0409523
33.5		0.0409523
33.6		0.0409523
33.7		0.0409523
33.8		0.0409523
33.9		0.0409523
34		0.0409523
34.1		0.042019
34.2		0.042019
34.3		0.042019
34.4		0.042019
34.5		0.042019
34.6		0.042019
34.7		0.042019
34.8		0.042019
34.9		0.042019
35		0.042019
35.1		0.0463132
35.2		0.0463132
35.3		0.0463132
35.4		0.0463132
35.5		0.0463132
35.6		0.0463132
35.7		0.0463132
35.8		0.0463132
35.9		0.0463132
36		0.0463132
36.1		0.048662
36.2		0.048662
36.3		0.048662
36.4		0.048662
36.5		0.048662
36.6		0.048662
36.7		0.048662
36.8		0.048662
36.9		0.048662
37		0.048662
37.1		0.0495242
37.2		0.0495242
37.3		0.0495242
37.4		0.0495242
37.5		0.0495242
37.6		0.0495242
37.7		0.0495242
37.8		0.0495242
37.9		0.0495242
38		0.0495242
38.1		0.050519
38.2		0.050519
38.3		0.050519
38.4		0.050519
38.5		0.050519
38.6		0.050519
38.7		0.050519
38.8		0.050519
38.9		0.050519
39		0.050519
39.1		0.0538736
39.2		0.0538736
39.3		0.0538736
39.4		0.0538736
39.5		0.0538736
39.6		0.0538736
39.7		0.0538736
39.8		0.0538736
39.9		0.0538736
40		0.0538736
40.1		0.0550342
40.2		0.0550342
40.3		0.0550342
40.4		0.0550342
40.5		0.0550342
40.6		0.0550342
40.7		0.0550342
40.8		0.0550342
40.9		0.0550342
41		0.0550342
41.1		0.0591405
41.2		0.0591405
41.3		0.0591405
41.4		0.0591405
41.5		0.0591405
41.6		0.0591405
41.7		0.0591405
41.8		0.0591405
41.9		0.0591405
42		0.0591405
42.1		0.0593118
42.2		0.0593118
42.3		0.0593118
42.4		0.0593118
42.5		0.0593118
42.6		0.0593118
42.7		0.0593118
42.8		0.0593118
42.9		0.0593118
43		0.0593118
43.1		0.0609974
43.2		0.0609974
43.3		0.0609974
43.4		0.0609974
43.5		0.0609974
43.6		0.0609974
43.7		0.0609974
43.8		0.0609974
43.9		0.0609974
44		0.0609974
44.1		0.063595
44.2		0.063595
44.3		0.063595
44.4		0.063595
44.5		0.063595
44.6		0.063595
44.7		0.063595
44.8		0.063595
44.9		0.063595
45		0.063595
45.1		0.0642361
45.2		0.0642361
45.3		0.0642361
45.4		0.0642361
45.5		0.0642361
45.6		0.0642361
45.7		0.0642361
45.8		0.0642361
45.9		0.0642361
46		0.0642361
46.1		0.0709896
46.2		0.0709896
46.3		0.0709896
46.4		0.0709896
46.5		0.0709896
46.6		0.0709896
46.7		0.0709896
46.8		0.0709896
46.9		0.0709896
47		0.0709896
47.1		0.0713157
47.2		0.0713157
47.3		0.0713157
47.4		0.0713157
47.5		0.0713157
47.6		0.0713157
47.7		0.0713157
47.8		0.0713157
47.9		0.0713157
48		0.0713157
48.1		0.0731395
48.2		0.0731395
48.3		0.0731395
48.4		0.0731395
48.5		0.0731395
48.6		0.0731395
48.7		0.0731395
48.8		0.0731395
48.9		0.0731395
49		0.0731395
49.1		0.0755657
49.2		0.0755657
49.3		0.0755657
49.4		0.0755657
49.5		0.0755657
49.6		0.0755657
49.7		0.0755657
49.8		0.0755657
49.9		0.0755657
50		0.0755657
50.1		0.0782295
50.2		0.0782295
50.3		0.0782295
50.4		0.0782295
50.5		0.0782295
50.6		0.0782295
50.7		0.0782295
50.8		0.0782295
50.9		0.0782295
51		0.0782295
51.1		0.0793514
51.2		0.0793514
51.3		0.0793514
51.4		0.0793514
51.5		0.0793514
51.6		0.0793514
51.7		0.0793514
51.8		0.0793514
51.9		0.0793514
52		0.0793514
52.1		0.0828774
52.2		0.0828774
52.3		0.0828774
52.4		0.0828774
52.5		0.0828774
52.6		0.0828774
52.7		0.0828774
52.8		0.0828774
52.9		0.0828774
53		0.0828774
53.1		0.0833416
53.2		0.0833416
53.3		0.0833416
53.4		0.0833416
53.5		0.0833416
53.6		0.0833416
53.7		0.0833416
53.8		0.0833416
53.9		0.0833416
54		0.0833416
54.1		0.0883156
54.2		0.0883156
54.3		0.0883156
54.4		0.0883156
54.5		0.0883156
54.6		0.0883156
54.7		0.0883156
54.8		0.0883156
54.9		0.0883156
55		0.0883156
55.1		0.0885422
55.2		0.0885422
55.3		0.0885422
55.4		0.0885422
55.5		0.0885422
55.6		0.0885422
55.7		0.0885422
55.8		0.0885422
55.9		0.0885422
56		0.0885422
56.1		0.0886804
56.2		0.0886804
56.3		0.0886804
56.4		0.0886804
56.5		0.0886804
56.6		0.0886804
56.7		0.0886804
56.8		0.0886804
56.9		0.0886804
57		0.0886804
57.1		0.0893988
57.2		0.0893988
57.3		0.0893988
57.4		0.0893988
57.5		0.0893988
57.6		0.0893988
57.7		0.0893988
57.8		0.0893988
57.9		0.0893988
58		0.0893988
58.1		0.0941849
58.2		0.0941849
58.3		0.0941849
58.4		0.0941849
58.5		0.0941849
58.6		0.0941849
58.7		0.0941849
58.8		0.0941849
58.9		0.0941849
59		0.0941849
59.1		0.0973959
59.2		0.0973959
59.3		0.0973959
59.4		0.0973959
59.5		0.0973959
59.6		0.0973959
59.7		0.0973959
59.8		0.0973959
59.9		0.0973959
60		0.0973959
60.1		0.0986836
60.2		0.0986836
60.3		0.0986836
60.4		0.0986836
60.5		0.0986836
60.6		0.0986836
60.7		0.0986836
60.8		0.0986836
60.9		0.0986836
61		0.0986836
61.1		0.0988549
61.2		0.0988549
61.3		0.0988549
61.4		0.0988549
61.5		0.0988549
61.6		0.0988549
61.7		0.0988549
61.8		0.0988549
61.9		0.0988549
62		0.0988549
62.1		0.101988
62.2		0.101988
62.3		0.101988
62.4		0.101988
62.5		0.101988
62.6		0.101988
62.7		0.101988
62.8		0.101988
62.9		0.101988
63		0.101988
63.1		0.102922
63.2		0.102922
63.3		0.102922
63.4		0.102922
63.5		0.102922
63.6		0.102922
63.7		0.102922
63.8		0.102922
63.9		0.102922
64		0.102922
64.1		0.105012
64.2		0.105012
64.3		0.105012
64.4		0.105012
64.5		0.105012
64.6		0.105012
64.7		0.105012
64.8		0.105012
64.9		0.105012
65		0.105012
65.1		0.1083
65.2		0.1083
65.3		0.1083
65.4		0.1083
65.5		0.1083
65.6		0.1083
65.7		0.1083
65.8		0.1083
65.9		0.1083
66		0.1083
66.1		0.110627
66.2		0.110627
66.3		0.110627
66.4		0.110627
66.5		0.110627
66.6		0.110627
66.7		0.110627
66.8		0.110627
66.9		0.110627
67		0.110627
67.1		0.112229
67.2		0.112229
67.3		0.112229
67.4		0.112229
67.5		0.112229
67.6		0.112229
67.7		0.112229
67.8		0.112229
67.9		0.112229
68		0.112229
68.1		0.115125
68.2		0.115125
68.3		0.115125
68.4		0.115125
68.5		0.115125
68.6		0.115125
68.7		0.115125
68.8		0.115125
68.9		0.115125
69		0.115125
69.1		0.115661
69.2		0.115661
69.3		0.115661
69.4		0.115661
69.5		0.115661
69.6		0.115661
69.7		0.115661
69.8		0.115661
69.9		0.115661
70		0.115661
70.1		0.119077
70.2		0.119077
70.3		0.119077
70.4		0.119077
70.5		0.119077
70.6		0.119077
70.7		0.119077
70.8		0.119077
70.9		0.119077
71		0.119077
71.1		0.123415
71.2		0.123415
71.3		0.123415
71.4		0.123415
71.5		0.123415
71.6		0.123415
71.7		0.123415
71.8		0.123415
71.9		0.123415
72		0.123415
72.1		0.125327
72.2		0.125327
72.3		0.125327
72.4		0.125327
72.5		0.125327
72.6		0.125327
72.7		0.125327
72.8		0.125327
72.9		0.125327
73		0.125327
73.1		0.125421
73.2		0.125421
73.3		0.125421
73.4		0.125421
73.5		0.125421
73.6		0.125421
73.7		0.125421
73.8		0.125421
73.9		0.125421
74		0.125421
74.1		0.128533
74.2		0.128533
74.3		0.128533
74.4		0.128533
74.5		0.128533
74.6		0.128533
74.7		0.128533
74.8		0.128533
74.9		0.128533
75		0.128533
75.1		0.131097
75.2		0.131097
75.3		0.131097
75.4		0.131097
75.5		0.131097
75.6		0.131097
75.7		0.131097
75.8		0.131097
75.9		0.131097
76		0.131097
76.1		0.132225
76.2		0.132225
76.3		0.132225
76.4		0.132225
76.5		0.132225
76.6		0.132225
76.7		0.132225
76.8		0.132225
76.9		0.132225
77		0.132225
77.1		0.135165
77.2		0.135165
77.3		0.135165
77.4		0.135165
77.5		0.135165
77.6		0.135165
77.7		0.135165
77.8		0.135165
77.9		0.135165
78		0.135165
78.1		0.13622
78.2		0.13622
78.3		0.13622
78.4		0.13622
78.5		0.13622
78.6		0.13622
78.7		0.13622
78.8		0.13622
78.9		0.13622
79		0.13622
79.1		0.136458
79.2		0.136458
79.3		0.136458
79.4		0.136458
79.5		0.136458
79.6		0.136458
79.7		0.136458
79.8		0.136458
79.9		0.136458
80		0.136458
80.1		0.140592
80.2		0.140592
80.3		0.140592
80.4		0.140592
80.5		0.140592
80.6		0.140592
80.7		0.140592
80.8		0.140592
80.9		0.140592
81		0.140592
81.1		0.142897
81.2		0.142897
81.3		0.142897
81.4		0.142897
81.5		0.142897
81.6		0.142897
81.7		0.142897
81.8		0.142897
81.9		0.142897
82		0.142897
82.1		0.143283
82.2		0.143283
82.3		0.143283
82.4		0.143283
82.5		0.143283
82.6		0.143283
82.7		0.143283
82.8		0.143283
82.9		0.143283
83		0.143283
83.1		0.145875
83.2		0.145875
83.3		0.145875
83.4		0.145875
83.5		0.145875
83.6		0.145875
83.7		0.145875
83.8		0.145875
83.9		0.145875
84		0.145875
84.1		0.148633
84.2		0.148633
84.3		0.148633
84.4		0.148633
84.5		0.148633
84.6		0.148633
84.7		0.148633
84.8		0.148633
84.9		0.148633
85		0.148633
85.1		0.149678
85.2		0.149678
85.3		0.149678
85.4		0.149678
85.5		0.149678
85.6		0.149678
85.7		0.149678
85.8		0.149678
85.9		0.149678
86		0.149678
86.1		0.15311
86.2		0.15311
86.3		0.15311
86.4		0.15311
86.5		0.15311
86.6		0.15311
86.7		0.15311
86.8		0.15311
86.9		0.15311
87		0.15311
87.1		0.153441
87.2		0.153441
87.3		0.153441
87.4		0.153441
87.5		0.153441
87.6		0.153441
87.7		0.153441
87.8		0.153441
87.9		0.153441
88		0.153441
88.1		0.158598
88.2		0.158598
88.3		0.158598
88.4		0.158598
88.5		0.158598
88.6		0.158598
88.7		0.158598
88.8		0.158598
88.9		0.158598
89		0.158598
89.1		0.158758
89.2		0.158758
89.3		0.158758
89.4		0.158758
89.5		0.158758
89.6		0.158758
89.7		0.158758
89.8		0.158758
89.9		0.158758
90		0.158758
90.1		0.159079
90.2		0.159079
90.3		0.159079
90.4		0.159079
90.5		0.159079
90.6		0.159079
90.7		0.159079
90.8		0.159079
90.9		0.159079
91		0.159079
91.1		0.159897
91.2		0.159897
91.3		0.159897
91.4		0.159897
91.5		0.159897
91.6		0.159897
91.7		0.159897
91.8		0.159897
91.9		0.159897
92		0.159897
92.1		0.168286
92.2		0.168286
92.3		0.168286
92.4		0.168286
92.5		0.168286
92.6		0.168286
92.7		0.168286
92.8		0.168286
92.9		0.168286
93		0.168286
93.1		0.168457
93.2		0.168457
93.3		0.168457
93.4		0.168457
93.5		0.168457
93.6		0.168457
93.7		0.168457
93.8		0.168457
93.9		0.168457
94		0.168457
94.1		0.168872
94.2		0.168872
94.3		0.168872
94.4		0.168872
94.5		0.168872
94.6		0.168872
94.7		0.168872
94.8		0.168872
94.9		0.168872
95		0.168872
95.1		0.169977
95.2		0.169977
95.3		0.169977
95.4		0.169977
95.5		0.169977
95.6		0.169977
95.7		0.169977
95.8		0.169977
95.9		0.169977
96		0.169977
96.1		0.175421
96.2		0.175421
96.3		0.175421
96.4		0.175421
96.5		0.175421
96.6		0.175421
96.7		0.175421
96.8		0.175421
96.9		0.175421
97		0.175421
97.1		0.178416
97.2		0.178416
97.3		0.178416
97.4		0.178416
97.5		0.178416
97.6		0.178416
97.7		0.178416
97.8		0.178416
97.9		0.178416
98		0.178416
98.1		0.178566
98.2		0.178566
98.3		0.178566
98.4		0.178566
98.5		0.178566
98.6		0.178566
98.7		0.178566
98.8		0.178566
98.9		0.178566
99		0.178566
99.1		0.18108
99.2		0.18108
99.3		0.18108
99.4		0.18108
99.5		0.18108
99.6		0.18108
99.7		0.18108
99.8		0.18108
99.9		0.18108
100		0.18108
100.1		0.184711
100.2		0.184711
100.3		0.184711
100.4		0.184711
100.5		0.184711
100.6		0.184711
100.7		0.184711
100.8		0.184711
100.9		0.184711
101		0.184711
101.1		0.186192
101.2		0.186192
101.3		0.186192
101.4		0.186192
101.5		0.186192
101.6		0.186192
101.7		0.186192
101.8		0.186192
101.9		0.186192
102		0.186192
102.1		0.188198
102.2		0.188198
102.3		0.188198
102.4		0.188198
102.5		0.188198
102.6		0.188198
102.7		0.188198
102.8		0.188198
102.9		0.188198
103		0.188198
103.1		0.189845
103.2		0.189845
103.3		0.189845
103.4		0.189845
103.5		0.189845
103.6		0.189845
103.7		0.189845
103.8		0.189845
103.9		0.189845
104		0.189845
104.1		0.191481
104.2		0.191481
104.3		0.191481
104.4		0.191481
104.5		0.191481
104.6		0.191481
104.7		0.191481
104.8		0.191481
104.9		0.191481
105		0.191481
105.1		0.194725
105.2		0.194725
105.3		0.194725
105.4		0.194725
105.5		0.194725
105.6		0.194725
105.7		0.194725
105.8		0.194725
105.9		0.194725
106		0.194725
106.1		0.195936
106.2		0.195936
106.3		0.195936
106.4		0.195936
106.5		0.195936
106.6		0.195936
106.7		0.195936
106.8		0.195936
106.9		0.195936
107		0.195936
107.1		0.196212
107.2		0.196212
107.3		0.196212
107.4		0.196212
107.5		0.196212
107.6		0.196212
107.7		0.196212
107.8		0.196212
107.9		0.196212
108		0.196212
108.1		0.19818
108.2		0.19818
108.3		0.19818
108.4		0.19818
108.5		0.19818
108.6		0.19818
108.7		0.19818
108.8		0.19818
108.9		0.19818
109		0.19818
109.1		0.199263
109.2		0.199263
109.3		0.199263
109.4		0.199263
109.5		0.199263
109.6		0.199263
109.7		0.199263
109.8		0.199263
109.9		0.199263
110		0.199263
110.1		0.204115
110.2		0.204115
110.3		0.204115
110.4		0.204115
110.5		0.204115
110.6		0.204115
110.7		0.204115
110.8		0.204115
110.9		0.204115
111		0.204115
111.1		0.204491
111.2		0.204491
111.3		0.204491
111.4		0.204491
111.5		0.204491
111.6		0.204491
111.7		0.204491
111.8		0.204491
111.9		0.204491
112		0.204491
112.1		0.207514
112.2		0.207514
112.3		0.207514
112.4		0.207514
112.5		0.207514
112.6		0.207514
112.7		0.207514
112.8		0.207514
112.9		0.207514
113		0.207514
113.1		0.208244
113.2		0.208244
113.3		0.208244
113.4		0.208244
113.5		0.208244
113.6		0.208244
113.7		0.208244
113.8		0.208244
113.9		0.208244
114		0.208244
114.1		0.212715
114.2		0.212715
114.3		0.212715
114.4		0.212715
114.5		0.212715
114.6		0.212715
114.7		0.212715
114.8		0.212715
114.9		0.212715
115		0.212715
115.1		0.215041
115.2		0.215041
115.3		0.215041
115.4		0.215041
115.5		0.215041
115.6		0.215041
115.7		0.215041
115.8		0.215041
115.9		0.215041
116		0.215041
116.1		0.215699
116.2		0.215699
116.3		0.215699
116.4		0.215699
116.5		0.215699
116.6		0.215699
116.7		0.215699
116.8		0.215699
116.9		0.215699
117		0.215699
117.1		0.216616
117.2		0.216616
117.3		0.216616
117.4		0.216616
117.5		0.216616
117.6		0.216616
117.7		0.216616
117.8		0.216616
117.9		0.216616
118		0.216616
118.1		0.221717
118.2		0.221717
118.3		0.221717
118.4		0.221717
118.5		0.221717
118.6		0.221717
118.7		0.221717
118.8		0.221717
118.9		0.221717
119		0.221717
119.1		0.223967
119.2		0.223967
119.3		0.223967
119.4		0.223967
119.5		0.223967
119.6		0.223967
119.7		0.223967
119.8		0.223967
119.9		0.223967
120		0.223967
120.1		0.224204
120.2		0.224204
120.3		0.224204
120.4		0.224204
120.5		0.224204
120.6		0.224204
120.7		0.224204
120.8		0.224204
120.9		0.224204
121		0.224204
121.1		0.226647
121.2		0.226647
121.3		0.226647
121.4		0.226647
121.5		0.226647
121.6		0.226647
121.7		0.226647
121.8		0.226647
121.9		0.226647
122		0.226647
122.1		0.229681
122.2		0.229681
122.3		0.229681
122.4		0.229681
122.5		0.229681
122.6		0.229681
122.7		0.229681
122.8		0.229681
122.9		0.229681
123		0.229681
123.1		0.231107
123.2		0.231107
123.3		0.231107
123.4		0.231107
123.5		0.231107
123.6		0.231107
123.7		0.231107
123.8		0.231107
123.9		0.231107
124		0.231107
124.1		0.234981
124.2		0.234981
124.3		0.234981
124.4		0.234981
124.5		0.234981
124.6		0.234981
124.7		0.234981
124.8		0.234981
124.9		0.234981
125		0.234981
125.1		0.235727
125.2		0.235727
125.3		0.235727
125.4		0.235727
125.5		0.235727
125.6		0.235727
125.7		0.235727
125.8		0.235727
125.9		0.235727
126		0.235727
126.1		0.238474
126.2		0.238474
126.3		0.238474
126.4		0.238474
126.5		0.238474
126.6		0.238474
126.7		0.238474
126.8		0.238474
126.9		0.238474
127		0.238474
127.1		0.240044
127.2		0.240044
127.3		0.240044
127.4		0.240044
127.5		0.240044
127.6		0.240044
127.7		0.240044
127.8		0.240044
127.9		0.240044
128		0.240044
128.1		0.241718
128.2		0.241718
128.3		0.241718
128.4		0.241718
128.5		0.241718
128.6		0.241718
128.7		0.241718
128.8		0.241718
128.9		0.241718
129		0.241718
129.1		0.246499
129.2		0.246499
129.3		0.246499
129.4		0.246499
129.5		0.246499
129.6		0.246499
129.7		0.246499
129.8		0.246499
129.9		0.246499
130		0.246499
130.1		0.247123
130.2		0.247123
130.3		0.247123
130.4		0.247123
130.5		0.247123
130.6		0.247123
130.7		0.247123
130.8		0.247123
130.9		0.247123
131		0.247123
131.1		0.249207
131.2		0.249207
131.3		0.249207
131.4		0.249207
131.5		0.249207
131.6		0.249207
131.7		0.249207
131.8		0.249207
131.9		0.249207
132		0.249207
132.1		0.251672
132.2		0.251672
132.3		0.251672
132.4		0.251672
132.5		0.251672
132.6		0.251672
132.7		0.251672
132.8		0.251672
132.9		0.251672
133		0.251672
133.1		0.25354
133.2		0.25354
133.3		0.25354
133.4		0.25354
133.5		0.25354
133.6		0.25354
133.7		0.25354
133.8		0.25354
133.9		0.25354
134		0.25354
134.1		0.254684
134.2		0.254684
134.3		0.254684
134.4		0.254684
134.5		0.254684
134.6		0.254684
134.7		0.254684
134.8		0.254684
134.9		0.254684
135		0.254684
135.1		0.25753
135.2		0.25753
135.3		0.25753
135.4		0.25753
135.5		0.25753
135.6		0.25753
135.7		0.25753
135.8		0.25753
135.9		0.25753
136		0.25753
136.1		0.258436
136.2		0.258436
136.3		0.258436
136.4		0.258436
136.5		0.258436
136.6		0.258436
136.7		0.258436
136.8		0.258436
136.9		0.258436
137		0.258436
137.1		0.260537
137.2		0.260537
137.3		0.260537
137.4		0.260537
137.5		0.260537
137.6		0.260537
137.7		0.260537
137.8		0.260537
137.9		0.260537
138		0.260537
138.1		0.262233
138.2		0.262233
138.3		0.262233
138.4		0.262233
138.5		0.262233
138.6		0.262233
138.7		0.262233
138.8		0.262233
138.9		0.262233
139		0.262233
139.1		0.265284
139.2		0.265284
139.3		0.265284
139.4		0.265284
139.5		0.265284
139.6		0.265284
139.7		0.265284
139.8		0.265284
139.9		0.265284
140		0.265284
140.1		0.266063
140.2		0.266063
140.3		0.266063
140.4		0.266063
140.5		0.266063
140.6		0.266063
140.7		0.266063
140.8		0.266063
140.9		0.266063
141		0.266063
141.1		0.269363
141.2		0.269363
141.3		0.269363
141.4		0.269363
141.5		0.269363
141.6		0.269363
141.7		0.269363
141.8		0.269363
141.9		0.269363
142		0.269363
142.1		0.271529
142.2		0.271529
142.3		0.271529
142.4		0.271529
142.5		0.271529
142.6		0.271529
142.7		0.271529
142.8		0.271529
142.9		0.271529
143		0.271529
143.1		0.271662
143.2		0.271662
143.3		0.271662
143.4		0.271662
143.5		0.271662
143.6		0.271662
143.7		0.271662
143.8		0.271662
143.9		0.271662
144		0.271662
144.1		0.275458
144.2		0.275458
144.3		0.275458
144.4		0.275458
144.5		0.275458
144.6		0.275458
144.7		0.275458
144.8		0.275458
144.9		0.275458
145		0.275458
145.1		0.278332
145.2		0.278332
145.3		0.278332
145.4		0.278332
145.5		0.278332
145.6		0.278332
145.7		0.278332
145.8		0.278332
145.9		0.278332
146		0.278332
146.1		0.279272
146.2		0.279272
146.3		0.279272
146.4		0.279272
146.5		0.279272
146.6		0.279272
146.7		0.279272
146.8		0.279272
146.9		0.279272
147		0.279272
147.1		0.282317
147.2		0.282317
147.3		0.282317
147.4		0.282317
147.5		0.282317
147.6		0.282317
147.7		0.282317
147.8		0.282317
147.9		0.282317
148		0.282317
148.1		0.286158
148.2		0.286158
148.3		0.286158
148.4		0.286158
148.5		0.286158
148.6		0.286158
148.7		0.286158
148.8		0.286158
148.9		0.286158
149		0.286158
149.1		0.286329
149.2		0.286329
149.3		0.286329
149.4		0.286329
149.5		0.286329
149.6		0.286329
149.7		0.286329
149.8		0.286329
149.9		0.286329
150		0.286329
150.1		0.288065
150.2		0.288065
150.3		0.288065
150.4		0.288065
150.5		0.288065
150.6		0.288065
150.7		0.288065
150.8		0.288065
150.9		0.288065
151		0.288065
151.1		0.289209
151.2		0.289209
151.3		0.289209
151.4		0.289209
151.5		0.289209
151.6		0.289209
151.7		0.289209
151.8		0.289209
151.9		0.289209
152		0.289209
152.1		0.292812
152.2		0.292812
152.3		0.292812
152.4		0.292812
152.5		0.292812
152.6		0.292812
152.7		0.292812
152.8		0.292812
152.9		0.292812
153		0.292812
153.1		0.294652
153.2		0.294652
153.3		0.294652
153.4		0.294652
153.5		0.294652
153.6		0.294652
153.7		0.294652
153.8		0.294652
153.9		0.294652
154		0.294652
154.1		0.296438
154.2		0.296438
154.3		0.296438
154.4		0.296438
154.5		0.296438
154.6		0.296438
154.7		0.296438
154.8		0.296438
154.9		0.296438
155		0.296438
155.1		0.299074
155.2		0.299074
155.3		0.299074
155.4		0.299074
155.5		0.299074
155.6		0.299074
155.7		0.299074
155.8		0.299074
155.9		0.299074
156		0.299074
156.1		0.300196
156.2		0.300196
156.3		0.300196
156.4		0.300196
156.5		0.300196
156.6		0.300196
156.7		0.300196
156.8		0.300196
156.9		0.300196
157		0.300196
157.1		0.302528
157.2		0.302528
157.3		0.302528
157.4		0.302528
157.5		0.302528
157.6		0.302528
157.7		0.302528
157.8		0.302528
157.9		0.302528
158		0.302528
158.1		0.302942
158.2		0.302942
158.3		0.302942
158.4		0.302942
158.5		0.302942
158.6		0.302942
158.7		0.302942
158.8		0.302942
158.9		0.302942
159		0.302942
159.1		0.304578
159.2		0.304578
159.3		0.304578
159.4		0.304578
159.5		0.304578
159.6		0.304578
159.7		0.304578
159.8		0.304578
159.9		0.304578
160		0.304578
160.1		0.309359
160.2		0.309359
160.3		0.309359
160.4		0.309359
160.5		0.309359
160.6		0.309359
160.7		0.309359
160.8		0.309359
160.9		0.309359
161		0.309359
161.1		0.310514
161.2		0.310514
161.3		0.310514
161.4		0.310514
161.5		0.310514
161.6		0.310514
161.7		0.310514
161.8		0.310514
161.9		0.310514
162		0.310514
162.1		0.313697
162.2		0.313697
162.3		0.313697
162.4		0.313697
162.5		0.313697
162.6		0.313697
162.7		0.313697
162.8		0.313697
162.9		0.313697
163		0.313697
163.1		0.313891
163.2		0.313891
163.3		0.313891
163.4		0.313891
163.5		0.313891
163.6		0.313891
163.7		0.313891
163.8		0.313891
163.9		0.313891
164		0.313891
164.1		0.318445
164.2		0.318445
164.3		0.318445
164.4		0.318445
164.5		0.318445
164.6		0.318445
164.7		0.318445
164.8		0.318445
164.9		0.318445
165		0.318445
165.1		0.322645
165.2		0.322645
165.3		0.322645
165.4		0.322645
165.5		0.322645
165.6		0.322645
165.7		0.322645
165.8		0.322645
165.9		0.322645
166		0.322645
166.1		0.323065
166.2		0.323065
166.3		0.323065
166.4		0.323065
166.5		0.323065
166.6		0.323065
166.7		0.323065
166.8		0.323065
166.9		0.323065
167		0.323065
167.1		0.324745
167.2		0.324745
167.3		0.324745
167.4		0.324745
167.5		0.324745
167.6		0.324745
167.7		0.324745
167.8		0.324745
167.9		0.324745
168		0.324745
168.1		0.326663
168.2		0.326663
168.3		0.326663
168.4		0.326663
168.5		0.326663
168.6		0.326663
168.7		0.326663
168.8		0.326663
168.9		0.326663
169		0.326663
169.1		0.329083
169.2		0.329083
169.3		0.329083
169.4		0.329083
169.5		0.329083
169.6		0.329083
169.7		0.329083
169.8		0.329083
169.9		0.329083
170		0.329083
170.1		0.332029
170.2		0.332029
170.3		0.332029
170.4		0.332029
170.5		0.332029
170.6		0.332029
170.7		0.332029
170.8		0.332029
170.9		0.332029
171		0.332029
171.1		0.333063
171.2		0.333063
171.3		0.333063
171.4		0.333063
171.5		0.333063
171.6		0.333063
171.7		0.333063
171.8		0.333063
171.9		0.333063
172		0.333063
172.1		0.33545
172.2		0.33545
172.3		0.33545
172.4		0.33545
172.5		0.33545
172.6		0.33545
172.7		0.33545
172.8		0.33545
172.9		0.33545
173		0.33545
173.1		0.337539
173.2		0.337539
173.3		0.337539
173.4		0.337539
173.5		0.337539
173.6		0.337539
173.7		0.337539
173.8		0.337539
173.9		0.337539
174		0.337539
174.1		0.340148
174.2		0.340148
174.3		0.340148
174.4		0.340148
174.5		0.340148
174.6		0.340148
174.7		0.340148
174.8		0.340148
174.9		0.340148
175		0.340148
175.1		0.34238
175.2		0.34238
175.3		0.34238
175.4		0.34238
175.5		0.34238
175.6		0.34238
175.7		0.34238
175.8		0.34238
175.9		0.34238
176		0.34238
176.1		0.344829
176.2		0.344829
176.3		0.344829
176.4		0.344829
176.5		0.344829
176.6		0.344829
176.7		0.344829
176.8		0.344829
176.9		0.344829
177		0.344829
177.1		0.346553
177.2		0.346553
177.3		0.346553
177.4		0.346553
177.5		0.346553
177.6		0.346553
177.7		0.346553
177.8		0.346553
177.9		0.346553
178		0.346553
178.1		0.349665
178.2		0.349665
178.3		0.349665
178.4		0.349665
178.5		0.349665
178.6		0.349665
178.7		0.349665
178.8		0.349665
178.9		0.349665
179		0.349665
179.1		0.35088
179.2		0.35088
179.3		0.35088
179.4		0.35088
179.5		0.35088
179.6		0.35088
179.7		0.35088
179.8		0.35088
179.9		0.35088
180		0.35088
180.1		0.351859
180.2		0.351859
180.3		0.351859
180.4		0.351859
180.5		0.351859
180.6		0.351859
180.7		0.351859
180.8		0.351859
180.9		0.351859
181		0.351859
181.1		0.352063
181.2		0.352063
181.3		0.352063
181.4		0.352063
181.5		0.352063
181.6		0.352063
181.7		0.352063
181.8		0.352063
181.9		0.352063
182		0.352063
182.1		0.359098
182.2		0.359098
182.3		0.359098
182.4		0.359098
182.5		0.359098
182.6		0.359098
182.7		0.359098
182.8		0.359098
182.9		0.359098
183		0.359098
183.1		0.359309
183.2		0.359309
183.3		0.359309
183.4		0.359309
183.5		0.359309
183.6		0.359309
183.7		0.359309
183.8		0.359309
183.9		0.359309
184		0.359309
184.1		0.36037
184.2		0.36037
184.3		0.36037
184.4		0.36037
184.5		0.36037
184.6		0.36037
184.7		0.36037
184.8		0.36037
184.9		0.36037
185		0.36037
185.1		0.36095
185.2		0.36095
185.3		0.36095
185.4		0.36095
185.5		0.36095
185.6		0.36095
185.7		0.36095
185.8		0.36095
185.9		0.36095
186		0.36095
186.1		0.367046
186.2		0.367046
186.3		0.367046
186.4		0.367046
186.5		0.367046
186.6		0.367046
186.7		0.367046
186.8		0.367046
186.9		0.367046
187		0.367046
187.1		0.368615
187.2		0.368615
187.3		0.368615
187.4		0.368615
187.5		0.368615
187.6		0.368615
187.7		0.368615
187.8		0.368615
187.9		0.368615
188		0.368615
188.1		0.370439
188.2		0.370439
188.3		0.370439
188.4		0.370439
188.5		0.370439
188.6		0.370439
188.7		0.370439
188.8		0.370439
188.9		0.370439
189		0.370439
189.1		0.371528
189.2		0.371528
189.3		0.371528
189.4		0.371528
189.5		0.371528
189.6		0.371528
189.7		0.371528
189.8		0.371528
189.9		0.371528
190		0.371528
190.1		0.37601
190.2		0.37601
190.3		0.37601
190.4		0.37601
190.5		0.37601
190.6		0.37601
190.7		0.37601
190.8		0.37601
190.9		0.37601
191		0.37601
191.1		0.37617
191.2		0.37617
191.3		0.37617
191.4		0.37617
191.5		0.37617
191.6		0.37617
191.7		0.37617
191.8		0.37617
191.9		0.37617
192		0.37617
192.1		0.377856
192.2		0.377856
192.3		0.377856
192.4		0.377856
192.5		0.377856
192.6		0.377856
192.7		0.377856
192.8		0.377856
192.9		0.377856
193		0.377856
193.1		0.379425
193.2		0.379425
193.3		0.379425
193.4		0.379425
193.5		0.379425
193.6		0.379425
193.7		0.379425
193.8		0.379425
193.9		0.379425
194		0.379425
194.1		0.382786
194.2		0.382786
194.3		0.382786
194.4		0.382786
194.5		0.382786
194.6		0.382786
194.7		0.382786
194.8		0.382786
194.9		0.382786
195		0.382786
195.1		0.383758
195.2		0.383758
195.3		0.383758
195.4		0.383758
195.5		0.383758
195.6		0.383758
195.7		0.383758
195.8		0.383758
195.9		0.383758
196		0.383758
196.1		0.385693
196.2		0.385693
196.3		0.385693
196.4		0.385693
196.5		0.385693
196.6		0.385693
196.7		0.385693
196.8		0.385693
196.9		0.385693
197		0.385693
197.1		0.386046
197.2		0.386046
197.3		0.386046
197.4		0.386046
197.5		0.386046
197.6		0.386046
197.7		0.386046
197.8		0.386046
197.9		0.386046
198		0.386046
198.1		0.390573
198.2		0.390573
198.3		0.390573
198.4		0.390573
198.5		0.390573
198.6		0.390573
198.7		0.390573
198.8		0.390573
198.9		0.390573
199		0.390573
199.1		0.39385
199.2		0.39385
199.3		0.39385
199.4		0.39385
199.5		0.39385
199.6		0.39385
199.7		0.39385
199.8		0.39385
199.9		0.39385
200		0.39385
200.1		0.394546
200.2		0.394546
200.3		0.394546
200.4		0.394546
200.5		0.394546
200.6		0.394546
200.7		0.394546
200.8		0.394546
200.9		0.394546
201		0.394546
201.1		0.396315
201.2		0.396315
201.3		0.396315
201.4		0.396315
201.5		0.396315
201.6		0.396315
201.7		0.396315
201.8		0.396315
201.9		0.396315
202		0.396315
202.1		0.39847
202.2		0.39847
202.3		0.39847
202.4		0.39847
202.5		0.39847
202.6		0.39847
202.7		0.39847
202.8		0.39847
202.9		0.39847
203		0.39847
203.1		0.399349
203.2		0.399349
203.3		0.399349
203.4		0.399349
203.5		0.399349
203.6		0.399349
203.7		0.399349
203.8		0.399349
203.9		0.399349
204		0.399349
204.1		0.405727
204.2		0.405727
204.3		0.405727
204.4		0.405727
204.5		0.405727
204.6		0.405727
204.7		0.405727
204.8		0.405727
204.9		0.405727
205		0.405727
205.1		0.407854
205.2		0.407854
205.3		0.407854
205.4		0.407854
205.5		0.407854
205.6		0.407854
205.7		0.407854
205.8		0.407854
205.9		0.407854
206		0.407854
206.1		0.409435
206.2		0.409435
206.3		0.409435
206.4		0.409435
206.5		0.409435
206.6		0.409435
206.7		0.409435
206.8		0.409435
206.9		0.409435
207		0.409435
207.1		0.409822
207.2		0.409822
207.3		0.409822
207.4		0.409822
207.5		0.409822
207.6		0.409822
207.7		0.409822
207.8		0.409822
207.9		0.409822
208		0.409822
208.1		0.413751
208.2		0.413751
208.3		0.413751
208.4		0.413751
208.5		0.413751
208.6		0.413751
208.7		0.413751
208.8		0.413751
208.9		0.413751
209		0.413751
209.1		0.416774
209.2		0.416774
209.3		0.416774
209.4		0.416774
209.5		0.416774
209.6		0.416774
209.7		0.416774
209.8		0.416774
209.9		0.416774
210		0.416774
210.1		0.41699
210.2		0.41699
210.3		0.41699
210.4		0.41699
210.5		0.41699
210.6		0.41699
210.7		0.41699
210.8		0.41699
210.9		0.41699
211		0.41699
211.1		0.419731
211.2		0.419731
211.3		0.419731
211.4		0.419731
211.5		0.419731
211.6		0.419731
211.7		0.419731
211.8		0.419731
211.9		0.419731
212		0.419731
212.1		0.423301
212.2		0.423301
212.3		0.423301
212.4		0.423301
212.5		0.423301
212.6		0.423301
212.7		0.423301
212.8		0.423301
212.9		0.423301
213		0.423301
213.1		0.423688
213.2		0.423688
213.3		0.423688
213.4		0.423688
213.5		0.423688
213.6		0.423688
213.7		0.423688
213.8		0.423688
213.9		0.423688
214		0.423688
214.1		0.424805
214.2		0.424805
214.3		0.424805
214.4		0.424805
214.5		0.424805
214.6		0.424805
214.7		0.424805
214.8		0.424805
214.9		0.424805
215		0.424805
215.1		0.42843
215.2		0.42843
215.3		0.42843
215.4		0.42843
215.5		0.42843
215.6		0.42843
215.7		0.42843
215.8		0.42843
215.9		0.42843
216		0.42843
216.1		0.430536
216.2		0.430536
216.3		0.430536
216.4		0.430536
216.5		0.430536
216.6		0.430536
216.7		0.430536
216.8		0.430536
216.9		0.430536
217		0.430536
217.1		0.433111
217.2		0.433111
217.3		0.433111
217.4		0.433111
217.5		0.433111
217.6		0.433111
217.7		0.433111
217.8		0.433111
217.9		0.433111
218		0.433111
218.1		0.434598
218.2		0.434598
218.3		0.434598
218.4		0.434598
218.5		0.434598
218.6		0.434598
218.7		0.434598
218.8		0.434598
218.9		0.434598
219		0.434598
219.1		0.435659
219.2		0.435659
219.3		0.435659
219.4		0.435659
219.5		0.435659
219.6		0.435659
219.7		0.435659
219.8		0.435659
219.9		0.435659
220		0.435659
220.1		0.439837
220.2		0.439837
220.3		0.439837
220.4		0.439837
220.5		0.439837
220.6		0.439837
220.7		0.439837
220.8		0.439837
220.9		0.439837
221		0.439837
221.1		0.440196
221.2		0.440196
221.3		0.440196
221.4		0.440196
221.5		0.440196
221.6		0.440196
221.7		0.440196
221.8		0.440196
221.9		0.440196
222		0.440196
222.1		0.441854
222.2		0.441854
222.3		0.441854
222.4		0.441854
222.5		0.441854
222.6		0.441854
222.7		0.441854
222.8		0.441854
222.9		0.441854
223		0.441854
223.1		0.442407
223.2		0.442407
223.3		0.442407
223.4		0.442407
223.5		0.442407
223.6		0.442407
223.7		0.442407
223.8		0.442407
223.9		0.442407
224		0.442407
224.1		0.446966
224.2		0.446966
224.3		0.446966
224.4		0.446966
224.5		0.446966
224.6		0.446966
224.7		0.446966
224.8		0.446966
224.9		0.446966
225		0.446966
225.1		0.450664
225.2		0.450664
225.3		0.450664
225.4		0.450664
225.5		0.450664
225.6		0.450664
225.7		0.450664
225.8		0.450664
225.9		0.450664
226		0.450664
226.1		0.451145
226.2		0.451145
226.3		0.451145
226.4		0.451145
226.5		0.451145
226.6		0.451145
226.7		0.451145
226.8		0.451145
226.9		0.451145
227		0.451145
227.1		0.452399
227.2		0.452399
227.3		0.452399
227.4		0.452399
227.5		0.452399
227.6		0.452399
227.7		0.452399
227.8		0.452399
227.9		0.452399
228		0.452399
228.1		0.458136
228.2		0.458136
228.3		0.458136
228.4		0.458136
228.5		0.458136
228.6		0.458136
228.7		0.458136
228.8		0.458136
228.9		0.458136
229		0.458136
229.1		0.458965
229.2		0.458965
229.3		0.458965
229.4		0.458965
229.5		0.458965
229.6		0.458965
229.7		0.458965
229.8		0.458965
229.9		0.458965
230		0.458965
230.1		0.460042
230.2		0.460042
230.3		0.460042
230.4		0.460042
230.5		0.460042
230.6		0.460042
230.7		0.460042
230.8		0.460042
230.9		0.460042
231		0.460042
231.1		0.462977
231.2		0.462977
231.3		0.462977
231.4		0.462977
231.5		0.462977
231.6		0.462977
231.7		0.462977
231.8		0.462977
231.9		0.462977
232		0.462977
232.1		0.46442
232.2		0.46442
232.3		0.46442
232.4		0.46442
232.5		0.46442
232.6		0.46442
232.7		0.46442
232.8		0.46442
232.9		0.46442
233		0.46442
233.1		0.468238
233.2		0.468238
233.3		0.468238
233.4		0.468238
233.5		0.468238
233.6		0.468238
233.7		0.468238
233.8		0.468238
233.9		0.468238
234		0.468238
234.1		0.468857
234.2		0.468857
234.3		0.468857
234.4		0.468857
234.5		0.468857
234.6		0.468857
234.7		0.468857
234.8		0.468857
234.9		0.468857
235		0.468857
235.1		0.470007
235.2		0.470007
235.3		0.470007
235.4		0.470007
235.5		0.470007
235.6		0.470007
235.7		0.470007
235.8		0.470007
235.9		0.470007
236		0.470007
236.1		0.47439
236.2		0.47439
236.3		0.47439
236.4		0.47439
236.5		0.47439
236.6		0.47439
236.7		0.47439
236.8		0.47439
236.9		0.47439
237		0.47439
237.1		0.474633
237.2		0.474633
237.3		0.474633
237.4		0.474633
237.5		0.474633
237.6		0.474633
237.7		0.474633
237.8		0.474633
237.9		0.474633
238		0.474633
238.1		0.476948
238.2		0.476948
238.3		0.476948
238.4		0.476948
238.5		0.476948
238.6		0.476948
238.7		0.476948
238.8		0.476948
238.9		0.476948
239		0.476948
239.1		0.480248
239.2		0.480248
239.3		0.480248
239.4		0.480248
239.5		0.480248
239.6		0.480248
239.7		0.480248
239.8		0.480248
239.9		0.480248
240		0.480248
240.1		0.481419
240.2		0.481419
240.3		0.481419
240.4		0.481419
240.5		0.481419
240.6		0.481419
240.7		0.481419
240.8		0.481419
240.9		0.481419
241		0.481419
241.1		0.484437
241.2		0.484437
241.3		0.484437
241.4		0.484437
241.5		0.484437
241.6		0.484437
241.7		0.484437
241.8		0.484437
241.9		0.484437
242		0.484437
242.1		0.484796
242.2		0.484796
242.3		0.484796
242.4		0.484796
242.5		0.484796
242.6		0.484796
242.7		0.484796
242.8		0.484796
242.9		0.484796
243		0.484796
243.1		0.485393
243.2		0.485393
243.3		0.485393
243.4		0.485393
243.5		0.485393
243.6		0.485393
243.7		0.485393
243.8		0.485393
243.9		0.485393
244		0.485393
244.1		0.488261
244.2		0.488261
244.3		0.488261
244.4		0.488261
244.5		0.488261
244.6		0.488261
244.7		0.488261
244.8		0.488261
244.9		0.488261
245		0.488261
245.1		0.488715
245.2		0.488715
245.3		0.488715
245.4		0.488715
245.5		0.488715
245.6		0.488715
245.7		0.488715
245.8		0.488715
245.9		0.488715
246		0.488715
246.1		0.495103
246.2		0.495103
246.3		0.495103
246.4		0.495103
246.5		0.495103
246.6		0.495103
246.7		0.495103
246.8		0.495103
246.9		0.495103
247		0.495103
247.1		0.495861
247.2		0.495861
247.3		0.495861
247.4		0.495861
247.5		0.495861
247.6		0.495861
247.7		0.495861
247.8		0.495861
247.9		0.495861
248		0.495861
248.1		0.496971
248.2		0.496971
248.3		0.496971
248.4		0.496971
248.5		0.496971
248.6		0.496971
248.7		0.496971
248.8		0.496971
248.9		0.496971
249		0.496971
249.1		0.49711
249.2		0.49711
249.3		0.49711
249.4		0.49711
249.5		0.49711
249.6		0.49711
249.7		0.49711
249.8		0.49711
249.9		0.49711
250		0.49711
250.1		0.5054
250.2		0.5054
250.3		0.5054
250.4		0.5054
250.5		0.5054
250.6		0.5054
250.7		0.5054
250.8		0.5054
250.9		0.5054
251		0.5054
251.1		0.506649
251.2		0.506649
251.3		0.506649
251.4		0.506649
251.5		0.506649
251.6		0.506649
251.7		0.506649
251.8		0.506649
251.9		0.506649
252		0.506649
252.1		0.506914
252.2		0.506914
252.3		0.506914
252.4		0.506914
252.5		0.506914
252.6		0.506914
252.7		0.506914
252.8		0.506914
252.9		0.506914
253		0.506914
253.1		0.508362
253.2		0.508362
253.3		0.508362
253.4		0.508362
253.5		0.508362
253.6		0.508362
253.7		0.508362
253.8		0.508362
253.9		0.508362
254		0.508362
254.1		0.512883
254.2		0.512883
254.3		0.512883
254.4		0.512883
254.5		0.512883
254.6		0.512883
254.7		0.512883
254.8		0.512883
254.9		0.512883
255		0.512883
255.1		0.516359
255.2		0.516359
255.3		0.516359
255.4		0.516359
255.5		0.516359
255.6		0.516359
255.7		0.516359
255.8		0.516359
255.9		0.516359
256		0.516359
256.1		0.516707
256.2		0.516707
256.3		0.516707
256.4		0.516707
256.5		0.516707
256.6		0.516707
256.7		0.516707
256.8		0.516707
256.9		0.516707
257		0.516707
257.1		0.519277
257.2		0.519277
257.3		0.519277
257.4		0.519277
257.5		0.519277
257.6		0.519277
257.7		0.519277
257.8		0.519277
257.9		0.519277
258		0.519277
258.1		0.520929
258.2		0.520929
258.3		0.520929
258.4		0.520929
258.5		0.520929
258.6		0.520929
258.7		0.520929
258.8		0.520929
258.9		0.520929
259		0.520929
259.1		0.521648
259.2		0.521648
259.3		0.521648
259.4		0.521648
259.5		0.521648
259.6		0.521648
259.7		0.521648
259.8		0.521648
259.9		0.521648
260		0.521648
260.1		0.523085
260.2		0.523085
260.3		0.523085
260.4		0.523085
260.5		0.523085
260.6		0.523085
260.7		0.523085
260.8		0.523085
260.9		0.523085
261		0.523085
261.1		0.526301
261.2		0.526301
261.3		0.526301
261.4		0.526301
261.5		0.526301
261.6		0.526301
261.7		0.526301
261.8		0.526301
261.9		0.526301
262		0.526301
262.1		0.529899
262.2		0.529899
262.3		0.529899
262.4		0.529899
262.5		0.529899
262.6		0.529899
262.7		0.529899
262.8		0.529899
262.9		0.529899
263		0.529899
263.1		0.532281
263.2		0.532281
263.3		0.532281
263.4		0.532281
263.5		0.532281
263.6		0.532281
263.7		0.532281
263.8		0.532281
263.9		0.532281
264		0.532281
264.1		0.532629
264.2		0.532629
264.3		0.532629
264.4		0.532629
264.5		0.532629
264.6		0.532629
264.7		0.532629
264.8		0.532629
264.9		0.532629
265		0.532629
265.1		0.534851
265.2		0.534851
265.3		0.534851
265.4		0.534851
265.5		0.534851
265.6		0.534851
265.7		0.534851
265.8		0.534851
265.9		0.534851
266		0.534851
266.1		0.535265
266.2		0.535265
266.3		0.535265
266.4		0.535265
266.5		0.535265
266.6		0.535265
266.7		0.535265
266.8		0.535265
266.9		0.535265
267		0.535265
267.1		0.541079
267.2		0.541079
267.3		0.541079
267.4		0.541079
267.5		0.541079
267.6		0.541079
267.7		0.541079
267.8		0.541079
267.9		0.541079
268		0.541079
268.1		0.542699
268.2		0.542699
268.3		0.542699
268.4		0.542699
268.5		0.542699
268.6		0.542699
268.7		0.542699
268.8		0.542699
268.9		0.542699
269		0.542699
269.1		0.543638
269.2		0.543638
269.3		0.543638
269.4		0.543638
269.5		0.543638
269.6		0.543638
269.7		0.543638
269.8		0.543638
269.9		0.543638
270		0.543638
270.1		0.544539
270.2		0.544539
270.3		0.544539
270.4		0.544539
270.5		0.544539
270.6		0.544539
270.7		0.544539
270.8		0.544539
270.9		0.544539
271		0.544539
271.1		0.545948
271.2		0.545948
271.3		0.545948
271.4		0.545948
271.5		0.545948
271.6		0.545948
271.7		0.545948
271.8		0.545948
271.9		0.545948
272		0.545948
272.1		0.551497
272.2		0.551497
272.3		0.551497
272.4		0.551497
272.5		0.551497
272.6		0.551497
272.7		0.551497
272.8		0.551497
272.9		0.551497
273		0.551497
273.1		0.552282
273.2		0.552282
273.3		0.552282
273.4		0.552282
273.5		0.552282
273.6		0.552282
273.7		0.552282
273.8		0.552282
273.9		0.552282
274		0.552282
274.1		0.552752
274.2		0.552752
274.3		0.552752
274.4		0.552752
274.5		0.552752
274.6		0.552752
274.7		0.552752
274.8		0.552752
274.9		0.552752
275		0.552752
275.1		0.553282
275.2		0.553282
275.3		0.553282
275.4		0.553282
275.5		0.553282
275.6		0.553282
275.7		0.553282
275.8		0.553282
275.9		0.553282
276		0.553282
276.1		0.558848
276.2		0.558848
276.3		0.558848
276.4		0.558848
276.5		0.558848
276.6		0.558848
276.7		0.558848
276.8		0.558848
276.9		0.558848
277		0.558848
277.1		0.561992
277.2		0.561992
277.3		0.561992
277.4		0.561992
277.5		0.561992
277.6		0.561992
277.7		0.561992
277.8		0.561992
277.9		0.561992
278		0.561992
278.1		0.563385
278.2		0.563385
278.3		0.563385
278.4		0.563385
278.5		0.563385
278.6		0.563385
278.7		0.563385
278.8		0.563385
278.9		0.563385
279		0.563385
279.1		0.564568
279.2		0.564568
279.3		0.564568
279.4		0.564568
279.5		0.564568
279.6		0.564568
279.7		0.564568
279.8		0.564568
279.9		0.564568
280		0.564568
280.1		0.568154
280.2		0.568154
280.3		0.568154
280.4		0.568154
280.5		0.568154
280.6		0.568154
280.7		0.568154
280.8		0.568154
280.9		0.568154
281		0.568154
281.1		0.569602
281.2		0.569602
281.3		0.569602
281.4		0.569602
281.5		0.569602
281.6		0.569602
281.7		0.569602
281.8		0.569602
281.9		0.569602
282		0.569602
282.1		0.571277
282.2		0.571277
282.3		0.571277
282.4		0.571277
282.5		0.571277
282.6		0.571277
282.7		0.571277
282.8		0.571277
282.9		0.571277
283		0.571277
283.1		0.57299
283.2		0.57299
283.3		0.57299
283.4		0.57299
283.5		0.57299
283.6		0.57299
283.7		0.57299
283.8		0.57299
283.9		0.57299
284		0.57299
284.1		0.579456
284.2		0.579456
284.3		0.579456
284.4		0.579456
284.5		0.579456
284.6		0.579456
284.7		0.579456
284.8		0.579456
284.9		0.579456
285		0.579456
285.1		0.580965
285.2		0.580965
285.3		0.580965
285.4		0.580965
285.5		0.580965
285.6		0.580965
285.7		0.580965
285.8		0.580965
285.9		0.580965
286		0.580965
286.1		0.582413
286.2		0.582413
286.3		0.582413
286.4		0.582413
286.5		0.582413
286.6		0.582413
286.7		0.582413
286.8		0.582413
286.9		0.582413
287		0.582413
287.1		0.587371
287.2		0.587371
287.3		0.587371
287.4		0.587371
287.5		0.587371
287.6		0.587371
287.7		0.587371
287.8		0.587371
287.9		0.587371
288		0.587371
288.1		0.589725
288.2		0.589725
288.3		0.589725
288.4		0.589725
288.5		0.589725
288.6		0.589725
288.7		0.589725
288.8		0.589725
288.9		0.589725
289		0.589725
289.1		0.589963
289.2		0.589963
289.3		0.589963
289.4		0.589963
289.5		0.589963
289.6		0.589963
289.7		0.589963
289.8		0.589963
289.9		0.589963
290		0.589963
290.1		0.590919
290.2		0.590919
290.3		0.590919
290.4		0.590919
290.5		0.590919
290.6		0.590919
290.7		0.590919
290.8		0.590919
290.9		0.590919
291		0.590919
291.1		0.596208
291.2		0.596208
291.3		0.596208
291.4		0.596208
291.5		0.596208
291.6		0.596208
291.7		0.596208
291.8		0.596208
291.9		0.596208
292		0.596208
292.1		0.598717
292.2		0.598717
292.3		0.598717
292.4		0.598717
292.5		0.598717
292.6		0.598717
292.7		0.598717
292.8		0.598717
292.9		0.598717
293		0.598717
293.1		0.598899
293.2		0.598899
293.3		0.598899
293.4		0.598899
293.5		0.598899
293.6		0.598899
293.7		0.598899
293.8		0.598899
293.9		0.598899
294		0.598899
294.1		0.599463
294.2		0.599463
294.3		0.599463
294.4		0.599463
294.5		0.599463
294.6		0.599463
294.7		0.599463
294.8		0.599463
294.9		0.599463
295		0.599463
295.1		0.599463
295.2		0.599463
295.3		0.599463
295.4		0.599463
295.5		0.599463
295.6		0.599463
295.7		0.599463
295.8		0.599463
295.9		0.599463
296		0.599463
296.1		0.60253
296.2		0.60253
296.3		0.60253
296.4		0.60253
296.5		0.60253
296.6		0.60253
296.7		0.60253
296.8		0.60253
296.9		0.60253
297		0.60253
297.1		0.606288
297.2		0.606288
297.3		0.606288
297.4		0.606288
297.5		0.606288
297.6		0.606288
297.7		0.606288
297.8		0.606288
297.9		0.606288
298		0.606288
298.1		0.606692
298.2		0.606692
298.3		0.606692
298.4		0.606692
298.5		0.606692
298.6		0.606692
298.7		0.606692
298.8		0.606692
298.9		0.606692
299		0.606692
299.1		0.607001
299.2		0.607001
299.3		0.607001
299.4		0.607001
299.5		0.607001
299.6		0.607001
299.7		0.607001
299.8		0.607001
299.9		0.607001
300		0.607001
300.1		0.608836
300.2		0.608836
300.3		0.608836
300.4		0.608836
300.5		0.608836
300.6		0.608836
300.7		0.608836
300.8		0.608836
300.9		0.608836
301		0.608836
301.1		0.610334
301.2		0.610334
301.3		0.610334
301.4		0.610334
301.5		0.610334
301.6		0.610334
301.7		0.610334
301.8		0.610334
301.9		0.610334
302		0.610334
302.1		0.61502
302.2		0.61502
302.3		0.61502
302.4		0.61502
302.5		0.61502
302.6		0.61502
302.7		0.61502
302.8		0.61502
302.9		0.61502
303		0.61502
303.1		0.617811
303.2		0.617811
303.3		0.617811
303.4		0.617811
303.5		0.617811
303.6		0.617811
303.7		0.617811
303.8		0.617811
303.9		0.617811
304		0.617811
304.1		0.618071
304.2		0.618071
304.3		0.618071
304.4		0.618071
304.5		0.618071
304.6		0.618071
304.7		0.618071
304.8		0.618071
304.9		0.618071
305		0.618071
305.1		0.618839
305.2		0.618839
305.3		0.618839
305.4		0.618839
305.5		0.618839
305.6		0.618839
305.7		0.618839
305.8		0.618839
305.9		0.618839
306		0.618839
306.1		0.621116
306.2		0.621116
306.3		0.621116
306.4		0.621116
306.5		0.621116
306.6		0.621116
306.7		0.621116
306.8		0.621116
306.9		0.621116
307		0.621116
307.1		0.625344
307.2		0.625344
307.3		0.625344
307.4		0.625344
307.5		0.625344
307.6		0.625344
307.7		0.625344
307.8		0.625344
307.9		0.625344
308		0.625344
308.1		0.625952
308.2		0.625952
308.3		0.625952
308.4		0.625952
308.5		0.625952
308.6		0.625952
308.7		0.625952
308.8		0.625952
308.9		0.625952
309		0.625952
309.1		0.629257
309.2		0.629257
309.3		0.629257
309.4		0.629257
309.5		0.629257
309.6		0.629257
309.7		0.629257
309.8		0.629257
309.9		0.629257
310		0.629257
310.1		0.630036
310.2		0.630036
310.3		0.630036
310.4		0.630036
310.5		0.630036
310.6		0.630036
310.7		0.630036
310.8		0.630036
310.9		0.630036
311		0.630036
311.1		0.63228
311.2		0.63228
311.3		0.63228
311.4		0.63228
311.5		0.63228
311.6		0.63228
311.7		0.63228
311.8		0.63228
311.9		0.63228
312		0.63228
312.1		0.63559
312.2		0.63559
312.3		0.63559
312.4		0.63559
312.5		0.63559
312.6		0.63559
312.7		0.63559
312.8		0.63559
312.9		0.63559
313		0.63559
313.1		0.636955
313.2		0.636955
313.3		0.636955
313.4		0.636955
313.5		0.636955
313.6		0.636955
313.7		0.636955
313.8		0.636955
313.9		0.636955
314		0.636955
314.1		0.639448
314.2		0.639448
314.3		0.639448
314.4		0.639448
314.5		0.639448
314.6		0.639448
314.7		0.639448
314.8		0.639448
314.9		0.639448
315		0.639448
315.1		0.639597
315.2		0.639597
315.3		0.639597
315.4		0.639597
315.5		0.639597
315.6		0.639597
315.7		0.639597
315.8		0.639597
315.9		0.639597
316		0.639597
316.1		0.644195
316.2		0.644195
316.3		0.644195
316.4		0.644195
316.5		0.644195
316.6		0.644195
316.7		0.644195
316.8		0.644195
316.9		0.644195
317		0.644195
317.1		0.644693
317.2		0.644693
317.3		0.644693
317.4		0.644693
317.5		0.644693
317.6		0.644693
317.7		0.644693
317.8		0.644693
317.9		0.644693
318		0.644693
318.1		0.647042
318.2		0.647042
318.3		0.647042
318.4		0.647042
318.5		0.647042
318.6		0.647042
318.7		0.647042
318.8		0.647042
318.9		0.647042
319		0.647042
319.1		0.649915
319.2		0.649915
319.3		0.649915
319.4		0.649915
319.5		0.649915
319.6		0.649915
319.7		0.649915
319.8		0.649915
319.9		0.649915
320		0.649915
320.1		0.652132
320.2		0.652132
320.3		0.652132
320.4		0.652132
320.5		0.652132
320.6		0.652132
320.7		0.652132
320.8		0.652132
320.9		0.652132
321		0.652132
321.1		0.653983
321.2		0.653983
321.3		0.653983
321.4		0.653983
321.5		0.653983
321.6		0.653983
321.7		0.653983
321.8		0.653983
321.9		0.653983
322		0.653983
322.1		0.65542
322.2		0.65542
322.3		0.65542
322.4		0.65542
322.5		0.65542
322.6		0.65542
322.7		0.65542
322.8		0.65542
322.9		0.65542
323		0.65542
323.1		0.658239
323.2		0.658239
323.3		0.658239
323.4		0.658239
323.5		0.658239
323.6		0.658239
323.7		0.658239
323.8		0.658239
323.9		0.658239
324		0.658239
324.1		0.661223
324.2		0.661223
324.3		0.661223
324.4		0.661223
324.5		0.661223
324.6		0.661223
324.7		0.661223
324.8		0.661223
324.9		0.661223
325		0.661223
325.1		0.662671
325.2		0.662671
325.3		0.662671
325.4		0.662671
325.5		0.662671
325.6		0.662671
325.7		0.662671
325.8		0.662671
325.9		0.662671
326		0.662671
326.1		0.66392
326.2		0.66392
326.3		0.66392
326.4		0.66392
326.5		0.66392
326.6		0.66392
326.7		0.66392
326.8		0.66392
326.9		0.66392
327		0.66392
327.1		0.664113
327.2		0.664113
327.3		0.664113
327.4		0.664113
327.5		0.664113
327.6		0.664113
327.7		0.664113
327.8		0.664113
327.9		0.664113
328		0.664113
328.1		0.672387
328.2		0.672387
328.3		0.672387
328.4		0.672387
328.5		0.672387
328.6		0.672387
328.7		0.672387
328.8		0.672387
328.9		0.672387
329		0.672387
329.1		0.673033
329.2		0.673033
329.3		0.673033
329.4		0.673033
329.5		0.673033
329.6		0.673033
329.7		0.673033
329.8		0.673033
329.9		0.673033
330		0.673033
330.1		0.673183
330.2		0.673183
330.3		0.673183
330.4		0.673183
330.5		0.673183
330.6		0.673183
330.7		0.673183
330.8		0.673183
330.9		0.673183
331		0.673183
331.1		0.673348
331.2		0.673348
331.3		0.673348
331.4		0.673348
331.5		0.673348
331.6		0.673348
331.7		0.673348
331.8		0.673348
331.9		0.673348
332		0.673348
332.1		0.679251
332.2		0.679251
332.3		0.679251
332.4		0.679251
332.5		0.679251
332.6		0.679251
332.7		0.679251
332.8		0.679251
332.9		0.679251
333		0.679251
333.1		0.679942
333.2		0.679942
333.3		0.679942
333.4		0.679942
333.5		0.679942
333.6		0.679942
333.7		0.679942
333.8		0.679942
333.9		0.679942
334		0.679942
334.1		0.681511
334.2		0.681511
334.3		0.681511
334.4		0.681511
334.5		0.681511
334.6		0.681511
334.7		0.681511
334.8		0.681511
334.9		0.681511
335		0.681511
335.1		0.68318
335.2		0.68318
335.3		0.68318
335.4		0.68318
335.5		0.68318
335.6		0.68318
335.7		0.68318
335.8		0.68318
335.9		0.68318
336		0.68318
336.1		0.686397
336.2		0.686397
336.3		0.686397
336.4		0.686397
336.5		0.686397
336.6		0.686397
336.7		0.686397
336.8		0.686397
336.9		0.686397
337		0.686397
337.1		0.688071
337.2		0.688071
337.3		0.688071
337.4		0.688071
337.5		0.688071
337.6		0.688071
337.7		0.688071
337.8		0.688071
337.9		0.688071
338		0.688071
338.1		0.688928
338.2		0.688928
338.3		0.688928
338.4		0.688928
338.5		0.688928
338.6		0.688928
338.7		0.688928
338.8		0.688928
338.9		0.688928
339		0.688928
339.1		0.689481
339.2		0.689481
339.3		0.689481
339.4		0.689481
339.5		0.689481
339.6		0.689481
339.7		0.689481
339.8		0.689481
339.9		0.689481
340		0.689481
340.1		0.693918
340.2		0.693918
340.3		0.693918
340.4		0.693918
340.5		0.693918
340.6		0.693918
340.7		0.693918
340.8		0.693918
340.9		0.693918
341		0.693918
341.1		0.698268
341.2		0.698268
341.3		0.698268
341.4		0.698268
341.5		0.698268
341.6		0.698268
341.7		0.698268
341.8		0.698268
341.9		0.698268
342		0.698268
342.1		0.698743
342.2		0.698743
342.3		0.698743
342.4		0.698743
342.5		0.698743
342.6		0.698743
342.7		0.698743
342.8		0.698743
342.9		0.698743
343		0.698743
343.1		0.701706
343.2		0.701706
343.3		0.701706
343.4		0.701706
343.5		0.701706
343.6		0.701706
343.7		0.701706
343.8		0.701706
343.9		0.701706
344		0.701706
344.1		0.704469
344.2		0.704469
344.3		0.704469
344.4		0.704469
344.5		0.704469
344.6		0.704469
344.7		0.704469
344.8		0.704469
344.9		0.704469
345		0.704469
345.1		0.709935
345.2		0.709935
345.3		0.709935
345.4		0.709935
345.5		0.709935
345.6		0.709935
345.7		0.709935
345.8		0.709935
345.9		0.709935
346		0.709935
346.1		0.710648
346.2		0.710648
346.3		0.710648
346.4		0.710648
346.5		0.710648
346.6		0.710648
346.7		0.710648
346.8		0.710648
346.9		0.710648
347		0.710648
347.1		0.712201
347.2		0.712201
347.3		0.712201
347.4		0.712201
347.5		0.712201
347.6		0.712201
347.7		0.712201
347.8		0.712201
347.9		0.712201
348		0.712201
348.1		0.712587
348.2		0.712587
348.3		0.712587
348.4		0.712587
348.5		0.712587
348.6		0.712587
348.7		0.712587
348.8		0.712587
348.9		0.712587
349		0.712587
349.1		0.717744
349.2		0.717744
349.3		0.717744
349.4		0.717744
349.5		0.717744
349.6		0.717744
349.7		0.717744
349.8		0.717744
349.9		0.717744
350		0.717744
350.1		0.721159
350.2		0.721159
350.3		0.721159
350.4		0.721159
350.5		0.721159
350.6		0.721159
350.7		0.721159
350.8		0.721159
350.9		0.721159
351		0.721159
351.1		0.721159
351.2		0.721159
351.3		0.721159
351.4		0.721159
351.5		0.721159
351.6		0.721159
351.7		0.721159
351.8		0.721159
351.9		0.721159
352		0.721159
352.1		0.721751
352.2		0.721751
352.3		0.721751
352.4		0.721751
352.5		0.721751
352.6		0.721751
352.7		0.721751
352.8		0.721751
352.9		0.721751
353		0.721751
353.1		0.72253
353.2		0.72253
353.3		0.72253
353.4		0.72253
353.5		0.72253
353.6		0.72253
353.7		0.72253
353.8		0.72253
353.9		0.72253
354		0.72253
354.1		0.723105
354.2		0.723105
354.3		0.723105
354.4		0.723105
354.5		0.723105
354.6		0.723105
354.7		0.723105
354.8		0.723105
354.9		0.723105
355		0.723105
355.1		0.723978
355.2		0.723978
355.3		0.723978
355.4		0.723978
355.5		0.723978
355.6		0.723978
355.7		0.723978
355.8		0.723978
355.9		0.723978
356		0.723978
356.1		0.727388
356.2		0.727388
356.3		0.727388
356.4		0.727388
356.5		0.727388
356.6		0.727388
356.7		0.727388
356.8		0.727388
356.9		0.727388
357		0.727388
357.1		0.731704
357.2		0.731704
357.3		0.731704
357.4		0.731704
357.5		0.731704
357.6		0.731704
357.7		0.731704
357.8		0.731704
357.9		0.731704
358		0.731704
358.1		0.732003
358.2		0.732003
358.3		0.732003
358.4		0.732003
358.5		0.732003
358.6		0.732003
358.7		0.732003
358.8		0.732003
358.9		0.732003
359		0.732003
359.1		0.733042
359.2		0.733042
359.3		0.733042
359.4		0.733042
359.5		0.733042
359.6		0.733042
359.7		0.733042
359.8		0.733042
359.9		0.733042
360		0.733042
360.1		0.734274
360.2		0.734274
360.3		0.734274
360.4		0.734274
360.5		0.734274
360.6		0.734274
360.7		0.734274
360.8		0.734274
360.9		0.734274
361		0.734274
361.1		0.734981
361.2		0.734981
361.3		0.734981
361.4		0.734981
361.5		0.734981
361.6		0.734981
361.7		0.734981
361.8		0.734981
361.9		0.734981
362		0.734981
362.1		0.738541
362.2		0.738541
362.3		0.738541
362.4		0.738541
362.5		0.738541
362.6		0.738541
362.7		0.738541
362.8		0.738541
362.9		0.738541
363		0.738541
363.1		0.740696
363.2		0.740696
363.3		0.740696
363.4		0.740696
363.5		0.740696
363.6		0.740696
363.7		0.740696
363.8		0.740696
363.9		0.740696
364		0.740696
364.1		0.740834
364.2		0.740834
364.3		0.740834
364.4		0.740834
364.5		0.740834
364.6		0.740834
364.7		0.740834
364.8		0.740834
364.9		0.740834
365		0.740834
365.1		0.74452
365.2		0.74452
365.3		0.74452
365.4		0.74452
365.5		0.74452
365.6		0.74452
365.7		0.74452
365.8		0.74452
365.9		0.74452
366		0.74452
366.1		0.746383
366.2		0.746383
366.3		0.746383
366.4		0.746383
366.5		0.746383
366.6		0.746383
366.7		0.746383
366.8		0.746383
366.9		0.746383
367		0.746383
367.1		0.746963
367.2		0.746963
367.3		0.746963
367.4		0.746963
367.5		0.746963
367.6		0.746963
367.7		0.746963
367.8		0.746963
367.9		0.746963
368		0.746963
368.1		0.749931
368.2		0.749931
368.3		0.749931
368.4		0.749931
368.5		0.749931
368.6		0.749931
368.7		0.749931
368.8		0.749931
368.9		0.749931
369		0.749931
369.1		0.752031
369.2		0.752031
369.3		0.752031
369.4		0.752031
369.5		0.752031
369.6		0.752031
369.7		0.752031
369.8		0.752031
369.9		0.752031
370		0.752031
370.1		0.754783
370.2		0.754783
370.3		0.754783
370.4		0.754783
370.5		0.754783
370.6		0.754783
370.7		0.754783
370.8		0.754783
370.9		0.754783
371		0.754783
371.1		0.757071
371.2		0.757071
371.3		0.757071
371.4		0.757071
371.5		0.757071
371.6		0.757071
371.7		0.757071
371.8		0.757071
371.9		0.757071
372		0.757071
372.1		0.759033
372.2		0.759033
372.3		0.759033
372.4		0.759033
372.5		0.759033
372.6		0.759033
372.7		0.759033
372.8		0.759033
372.9		0.759033
373		0.759033
373.1		0.759415
373.2		0.759415
373.3		0.759415
373.4		0.759415
373.5		0.759415
373.6		0.759415
373.7		0.759415
373.8		0.759415
373.9		0.759415
374		0.759415
374.1		0.765428
374.2		0.765428
374.3		0.765428
374.4		0.765428
374.5		0.765428
374.6		0.765428
374.7		0.765428
374.8		0.765428
374.9		0.765428
375		0.765428
375.1		0.766715
375.2		0.766715
375.3		0.766715
375.4		0.766715
375.5		0.766715
375.6		0.766715
375.7		0.766715
375.8		0.766715
375.9		0.766715
376		0.766715
376.1		0.767467
376.2		0.767467
376.3		0.767467
376.4		0.767467
376.5		0.767467
376.6		0.767467
376.7		0.767467
376.8		0.767467
376.9		0.767467
377		0.767467
377.1		0.76829
377.2		0.76829
377.3		0.76829
377.4		0.76829
377.5		0.76829
377.6		0.76829
377.7		0.76829
377.8		0.76829
377.9		0.76829
378		0.76829
378.1		0.770015
378.2		0.770015
378.3		0.770015
378.4		0.770015
378.5		0.770015
378.6		0.770015
378.7		0.770015
378.8		0.770015
378.9		0.770015
379		0.770015
379.1		0.774618
379.2		0.774618
379.3		0.774618
379.4		0.774618
379.5		0.774618
379.6		0.774618
379.7		0.774618
379.8		0.774618
379.9		0.774618
380		0.774618
380.1		0.775547
380.2		0.775547
380.3		0.775547
380.4		0.775547
380.5		0.775547
380.6		0.775547
380.7		0.775547
380.8		0.775547
380.9		0.775547
381		0.775547
381.1		0.779333
381.2		0.779333
381.3		0.779333
381.4		0.779333
381.5		0.779333
381.6		0.779333
381.7		0.779333
381.8		0.779333
381.9		0.779333
382		0.779333
382.1		0.780316
382.2		0.780316
382.3		0.780316
382.4		0.780316
382.5		0.780316
382.6		0.780316
382.7		0.780316
382.8		0.780316
382.9		0.780316
383		0.780316
383.1		0.780875
383.2		0.780875
383.3		0.780875
383.4		0.780875
383.5		0.780875
383.6		0.780875
383.7		0.780875
383.8		0.780875
383.9		0.780875
384		0.780875
384.1		0.785025
384.2		0.785025
384.3		0.785025
384.4		0.785025
384.5		0.785025
384.6		0.785025
384.7		0.785025
384.8		0.785025
384.9		0.785025
385		0.785025
385.1		0.786578
385.2		0.786578
385.3		0.786578
385.4		0.786578
385.5		0.786578
385.6		0.786578
385.7		0.786578
385.8		0.786578
385.9		0.786578
386		0.786578
386.1		0.789656
386.2		0.789656
386.3		0.789656
386.4		0.789656
386.5		0.789656
386.6		0.789656
386.7		0.789656
386.8		0.789656
386.9		0.789656
387		0.789656
387.1		0.791491
387.2		0.791491
387.3		0.791491
387.4		0.791491
387.5		0.791491
387.6		0.791491
387.7		0.791491
387.8		0.791491
387.9		0.791491
388		0.791491
388.1		0.793857
388.2		0.793857
388.3		0.793857
388.4		0.793857
388.5		0.793857
388.6		0.793857
388.7		0.793857
388.8		0.793857
388.9		0.793857
389		0.793857
389.1		0.794221
389.2		0.794221
389.3		0.794221
389.4		0.794221
389.5		0.794221
389.6		0.794221
389.7		0.794221
389.8		0.794221
389.9		0.794221
390		0.794221
390.1		0.795973
390.2		0.795973
390.3		0.795973
390.4		0.795973
390.5		0.795973
390.6		0.795973
390.7		0.795973
390.8		0.795973
390.9		0.795973
391		0.795973
391.1		0.798239
391.2		0.798239
391.3		0.798239
391.4		0.798239
391.5		0.798239
391.6		0.798239
391.7		0.798239
391.8		0.798239
391.9		0.798239
392		0.798239
392.1		0.803335
392.2		0.803335
392.3		0.803335
392.4		0.803335
392.5		0.803335
392.6		0.803335
392.7		0.803335
392.8		0.803335
392.9		0.803335
393		0.803335
393.1		0.805131
393.2		0.805131
393.3		0.805131
393.4		0.805131
393.5		0.805131
393.6		0.805131
393.7		0.805131
393.8		0.805131
393.9		0.805131
394		0.805131
394.1		0.805369
394.2		0.805369
394.3		0.805369
394.4		0.805369
394.5		0.805369
394.6		0.805369
394.7		0.805369
394.8		0.805369
394.9		0.805369
395		0.805369
395.1		0.806634
395.2		0.806634
395.3		0.806634
395.4		0.806634
395.5		0.806634
395.6		0.806634
395.7		0.806634
395.8		0.806634
395.9		0.806634
396		0.806634
396.1		0.81147
396.2		0.81147
396.3		0.81147
396.4		0.81147
396.5		0.81147
396.6		0.81147
396.7		0.81147
396.8		0.81147
396.9		0.81147
397		0.81147
397.1		0.812846
397.2		0.812846
397.3		0.812846
397.4		0.812846
397.5		0.812846
397.6		0.812846
397.7		0.812846
397.8		0.812846
397.9		0.812846
398		0.812846
398.1		0.815604
398.2		0.815604
398.3		0.815604
398.4		0.815604
398.5		0.815604
398.6		0.815604
398.7		0.815604
398.8		0.815604
398.9		0.815604
399		0.815604
399.1		0.816123
399.2		0.816123
399.3		0.816123
399.4		0.816123
399.5		0.816123
399.6		0.816123
399.7		0.816123
399.8		0.816123
399.9		0.816123
400		0.816123
400.1		0.818141
400.2		0.818141
400.3		0.818141
400.4		0.818141
400.5		0.818141
400.6		0.818141
400.7		0.818141
400.8		0.818141
400.9		0.818141
401		0.818141
401.1		0.82191
401.2		0.82191
401.3		0.82191
401.4		0.82191
401.5		0.82191
401.6		0.82191
401.7		0.82191
401.8		0.82191
401.9		0.82191
402		0.82191
402.1		0.822424
402.2		0.822424
402.3		0.822424
402.4		0.822424
402.5		0.822424
402.6		0.822424
402.7		0.822424
402.8		0.822424
402.9		0.822424
403		0.822424
403.1		0.823419
403.2		0.823419
403.3		0.823419
403.4		0.823419
403.5		0.823419
403.6		0.823419
403.7		0.823419
403.8		0.823419
403.9		0.823419
404		0.823419
404.1		0.827834
404.2		0.827834
404.3		0.827834
404.4		0.827834
404.5		0.827834
404.6		0.827834
404.7		0.827834
404.8		0.827834
404.9		0.827834
405		0.827834
405.1		0.828017
405.2		0.828017
405.3		0.828017
405.4		0.828017
405.5		0.828017
405.6		0.828017
405.7		0.828017
405.8		0.828017
405.9		0.828017
406		0.828017
406.1		0.830896
406.2		0.830896
406.3		0.830896
406.4		0.830896
406.5		0.830896
406.6		0.830896
406.7		0.830896
406.8		0.830896
406.9		0.830896
407		0.830896
407.1		0.832969
407.2		0.832969
407.3		0.832969
407.4		0.832969
407.5		0.832969
407.6		0.832969
407.7		0.832969
407.8		0.832969
407.9		0.832969
408		0.832969
408.1		0.835478
408.2		0.835478
408.3		0.835478
408.4		0.835478
408.5		0.835478
408.6		0.835478
408.7		0.835478
408.8		0.835478
408.9		0.835478
409		0.835478
409.1		0.838788
409.2		0.838788
409.3		0.838788
409.4		0.838788
409.5		0.838788
409.6		0.838788
409.7		0.838788
409.8		0.838788
409.9		0.838788
410		0.838788
410.1		0.841314
410.2		0.841314
410.3		0.841314
410.4		0.841314
410.5		0.841314
410.6		0.841314
410.7		0.841314
410.8		0.841314
410.9		0.841314
411		0.841314
411.1		0.842469
411.2		0.842469
411.3		0.842469
411.4		0.842469
411.5		0.842469
411.6		0.842469
411.7		0.842469
411.8		0.842469
411.9		0.842469
412		0.842469
412.1		0.843287
412.2		0.843287
412.3		0.843287
412.4		0.843287
412.5		0.843287
412.6		0.843287
412.7		0.843287
412.8		0.843287
412.9		0.843287
413		0.843287
413.1		0.847819
413.2		0.847819
413.3		0.847819
413.4		0.847819
413.5		0.847819
413.6		0.847819
413.7		0.847819
413.8		0.847819
413.9		0.847819
414		0.847819
414.1		0.850377
414.2		0.850377
414.3		0.850377
414.4		0.850377
414.5		0.850377
414.6		0.850377
414.7		0.850377
414.8		0.850377
414.9		0.850377
415		0.850377
415.1		0.852433
415.2		0.852433
415.3		0.852433
415.4		0.852433
415.5		0.852433
415.6		0.852433
415.7		0.852433
415.8		0.852433
415.9		0.852433
416		0.852433
416.1		0.85266
416.2		0.85266
416.3		0.85266
416.4		0.85266
416.5		0.85266
416.6		0.85266
416.7		0.85266
416.8		0.85266
416.9		0.85266
417		0.85266
417.1		0.853787
417.2		0.853787
417.3		0.853787
417.4		0.853787
417.5		0.853787
417.6		0.853787
417.7		0.853787
417.8		0.853787
417.9		0.853787
418		0.853787
418.1		0.858833
418.2		0.858833
418.3		0.858833
418.4		0.858833
418.5		0.858833
418.6		0.858833
418.7		0.858833
418.8		0.858833
418.9		0.858833
419		0.858833
419.1		0.860569
419.2		0.860569
419.3		0.860569
419.4		0.860569
419.5		0.860569
419.6		0.860569
419.7		0.860569
419.8		0.860569
419.9		0.860569
420		0.860569
420.1		0.862823
420.2		0.862823
420.3		0.862823
420.4		0.862823
420.5		0.862823
420.6		0.862823
420.7		0.862823
420.8		0.862823
420.9		0.862823
421		0.862823
421.1		0.863603
421.2		0.863603
421.3		0.863603
421.4		0.863603
421.5		0.863603
421.6		0.863603
421.7		0.863603
421.8		0.863603
421.9		0.863603
422		0.863603
422.1		0.865349
422.2		0.865349
422.3		0.865349
422.4		0.865349
422.5		0.865349
422.6		0.865349
422.7		0.865349
422.8		0.865349
422.9		0.865349
423		0.865349
423.1		0.867576
423.2		0.867576
423.3		0.867576
423.4		0.867576
423.5		0.867576
423.6		0.867576
423.7		0.867576
423.8		0.867576
423.9		0.867576
424		0.867576
424.1		0.869162
424.2		0.869162
424.3		0.869162
424.4		0.869162
424.5		0.869162
424.6		0.869162
424.7		0.869162
424.8		0.869162
424.9		0.869162
425		0.869162
425.1		0.870881
425.2		0.870881
425.3		0.870881
425.4		0.870881
425.5		0.870881
425.6		0.870881
425.7		0.870881
425.8		0.870881
425.9		0.870881
426		0.870881
426.1		0.875684
426.2		0.875684
426.3		0.875684
426.4		0.875684
426.5		0.875684
426.6		0.875684
426.7		0.875684
426.8		0.875684
426.9		0.875684
427		0.875684
427.1		0.87622
427.2		0.87622
427.3		0.87622
427.4		0.87622
427.5		0.87622
427.6		0.87622
427.7		0.87622
427.8		0.87622
427.9		0.87622
428		0.87622
428.1		0.877082
428.2		0.877082
428.3		0.877082
428.4		0.877082
428.5		0.877082
428.6		0.877082
428.7		0.877082
428.8		0.877082
428.9		0.877082
429		0.877082
429.1		0.877602
429.2		0.877602
429.3		0.877602
429.4		0.877602
429.5		0.877602
429.6		0.877602
429.7		0.877602
429.8		0.877602
429.9		0.877602
430		0.877602
430.1		0.884748
430.2		0.884748
430.3		0.884748
430.4		0.884748
430.5		0.884748
430.6		0.884748
430.7		0.884748
430.8		0.884748
430.9		0.884748
431		0.884748
431.1		0.885654
431.2		0.885654
431.3		0.885654
431.4		0.885654
431.5		0.885654
431.6		0.885654
431.7		0.885654
431.8		0.885654
431.9		0.885654
432		0.885654
432.1		0.887561
432.2		0.887561
432.3		0.887561
432.4		0.887561
432.5		0.887561
432.6		0.887561
432.7		0.887561
432.8		0.887561
432.9		0.887561
433		0.887561
433.1		0.888152
433.2		0.888152
433.3		0.888152
433.4		0.888152
433.5		0.888152
433.6		0.888152
433.7		0.888152
433.8		0.888152
433.9		0.888152
434		0.888152
434.1		0.892623
434.2		0.892623
434.3		0.892623
434.4		0.892623
434.5		0.892623
434.6		0.892623
434.7		0.892623
434.8		0.892623
434.9		0.892623
435		0.892623
435.1		0.893248
435.2		0.893248
435.3		0.893248
435.4		0.893248
435.5		0.893248
435.6		0.893248
435.7		0.893248
435.8		0.893248
435.9		0.893248
436		0.893248
436.1		0.896635
436.2		0.896635
436.3		0.896635
436.4		0.896635
436.5		0.896635
436.6		0.896635
436.7		0.896635
436.8		0.896635
436.9		0.896635
437		0.896635
437.1		0.897138
437.2		0.897138
437.3		0.897138
437.4		0.897138
437.5		0.897138
437.6		0.897138
437.7		0.897138
437.8		0.897138
437.9		0.897138
438		0.897138
438.1		0.9002
438.2		0.9002
438.3		0.9002
438.4		0.9002
438.5		0.9002
438.6		0.9002
438.7		0.9002
438.8		0.9002
438.9		0.9002
439		0.9002
439.1		0.901145
439.2		0.901145
439.3		0.901145
439.4		0.901145
439.5		0.901145
439.6		0.901145
439.7		0.901145
439.8		0.901145
439.9		0.901145
440		0.901145
440.1		0.902637
440.2		0.902637
440.3		0.902637
440.4		0.902637
440.5		0.902637
440.6		0.902637
440.7		0.902637
440.8		0.902637
440.9		0.902637
441		0.902637
441.1		0.903676
441.2		0.903676
441.3		0.903676
441.4		0.903676
441.5		0.903676
441.6		0.903676
441.7		0.903676
441.8		0.903676
441.9		0.903676
442		0.903676
442.1		0.910568
442.2		0.910568
442.3		0.910568
442.4		0.910568
442.5		0.910568
442.6		0.910568
442.7		0.910568
442.8		0.910568
442.9		0.910568
443		0.910568
443.1		0.911867
443.2		0.911867
443.3		0.911867
443.4		0.911867
443.5		0.911867
443.6		0.911867
443.7		0.911867
443.8		0.911867
443.9		0.911867
444		0.911867
444.1		0.912033
444.2		0.912033
444.3		0.912033
444.4		0.912033
444.5		0.912033
444.6		0.912033
444.7		0.912033
444.8		0.912033
444.9		0.912033
445		0.912033
445.1		0.91484
445.2		0.91484
445.3		0.91484
445.4		0.91484
445.5		0.91484
445.6		0.91484
445.7		0.91484
445.8		0.91484
445.9		0.91484
446		0.91484
446.1		0.915166
446.2		0.915166
446.3		0.915166
446.4		0.915166
446.5		0.915166
446.6		0.915166
446.7		0.915166
446.8		0.915166
446.9		0.915166
447		0.915166
447.1		0.918924
447.2		0.918924
447.3		0.918924
447.4		0.918924
447.5		0.918924
447.6		0.918924
447.7		0.918924
447.8		0.918924
447.9		0.918924
448		0.918924
448.1		0.92135
448.2		0.92135
448.3		0.92135
448.4		0.92135
448.5		0.92135
448.6		0.92135
448.7		0.92135
448.8		0.92135
448.9		0.92135
449		0.92135
449.1		0.924943
449.2		0.924943
449.3		0.924943
449.4		0.924943
449.5		0.924943
449.6		0.924943
449.7		0.924943
449.8		0.924943
449.9		0.924943
450		0.924943
450.1		0.925943
450.2		0.925943
450.3		0.925943
450.4		0.925943
450.5		0.925943
450.6		0.925943
450.7		0.925943
450.8		0.925943
450.9		0.925943
451		0.925943
451.1		0.926396
451.2		0.926396
451.3		0.926396
451.4		0.926396
451.5		0.926396
451.6		0.926396
451.7		0.926396
451.8		0.926396
451.9		0.926396
452		0.926396
452.1		0.92995
452.2		0.92995
452.3		0.92995
452.4		0.92995
452.5		0.92995
452.6		0.92995
452.7		0.92995
452.8		0.92995
452.9		0.92995
453		0.92995
453.1		0.931138
453.2		0.931138
453.3		0.931138
453.4		0.931138
453.5		0.931138
453.6		0.931138
453.7		0.931138
453.8		0.931138
453.9		0.931138
454		0.931138
454.1		0.932476
454.2		0.932476
454.3		0.932476
454.4		0.932476
454.5		0.932476
454.6		0.932476
454.7		0.932476
454.8		0.932476
454.9		0.932476
455		0.932476
455.1		0.937334
455.2		0.937334
455.3		0.937334
455.4		0.937334
455.5		0.937334
455.6		0.937334
455.7		0.937334
455.8		0.937334
455.9		0.937334
456		0.937334
456.1		0.940025
456.2		0.940025
456.3		0.940025
456.4		0.940025
456.5		0.940025
456.6		0.940025
456.7		0.940025
456.8		0.940025
456.9		0.940025
457		0.940025
457.1		0.94186
457.2		0.94186
457.3		0.94186
457.4		0.94186
457.5		0.94186
457.6		0.94186
457.7		0.94186
457.8		0.94186
457.9		0.94186
458		0.94186
458.1		0.942628
458.2		0.942628
458.3		0.942628
458.4		0.942628
458.5		0.942628
458.6		0.942628
458.7		0.942628
458.8		0.942628
458.9		0.942628
459		0.942628
459.1		0.943921
459.2		0.943921
459.3		0.943921
459.4		0.943921
459.5		0.943921
459.6		0.943921
459.7		0.943921
459.8		0.943921
459.9		0.943921
460		0.943921
460.1		0.948669
460.2		0.948669
460.3		0.948669
460.4		0.948669
460.5		0.948669
460.6		0.948669
460.7		0.948669
460.8		0.948669
460.9		0.948669
461		0.948669
461.1		0.949597
461.2		0.949597
461.3		0.949597
461.4		0.949597
461.5		0.949597
461.6		0.949597
461.7		0.949597
461.8		0.949597
461.9		0.949597
462		0.949597
462.1		0.951587
462.2		0.951587
462.3		0.951587
462.4		0.951587
462.5		0.951587
462.6		0.951587
462.7		0.951587
462.8		0.951587
462.9		0.951587
463		0.951587
463.1		0.9533
463.2		0.9533
463.3		0.9533
463.4		0.9533
463.5		0.9533
463.6		0.9533
463.7		0.9533
463.8		0.9533
463.9		0.9533
464		0.9533
464.1		0.955052
464.2		0.955052
464.3		0.955052
464.4		0.955052
464.5		0.955052
464.6		0.955052
464.7		0.955052
464.8		0.955052
464.9		0.955052
465		0.955052
465.1		0.956997
465.2		0.956997
465.3		0.956997
465.4		0.956997
465.5		0.956997
465.6		0.956997
465.7		0.956997
465.8		0.956997
465.9		0.956997
466		0.956997
466.1		0.957854
466.2		0.957854
466.3		0.957854
466.4		0.957854
466.5		0.957854
466.6		0.957854
466.7		0.957854
466.8		0.957854
466.9		0.957854
467		0.957854
467.1		0.958904
467.2		0.958904
467.3		0.958904
467.4		0.958904
467.5		0.958904
467.6		0.958904
467.7		0.958904
467.8		0.958904
467.9		0.958904
468		0.958904
468.1		0.962977
468.2		0.962977
468.3		0.962977
468.4		0.962977
468.5		0.962977
468.6		0.962977
468.7		0.962977
468.8		0.962977
468.9		0.962977
469		0.962977
469.1		0.966138
469.2		0.966138
469.3		0.966138
469.4		0.966138
469.5		0.966138
469.6		0.966138
469.7		0.966138
469.8		0.966138
469.9		0.966138
470		0.966138
470.1		0.96715
470.2		0.96715
470.3		0.96715
470.4		0.96715
470.5		0.96715
470.6		0.96715
470.7		0.96715
470.8		0.96715
470.9		0.96715
471		0.96715
471.1		0.968437
471.2		0.968437
471.3		0.968437
471.4		0.968437
471.5		0.968437
471.6		0.968437
471.7		0.968437
471.8		0.968437
471.9		0.968437
472		0.968437
472.1		0.970941
472.2		0.970941
472.3		0.970941
472.4		0.970941
472.5		0.970941
472.6		0.970941
472.7		0.970941
472.8		0.970941
472.9		0.970941
473		0.970941
473.1		0.973328
473.2		0.973328
473.3		0.973328
473.4		0.973328
473.5		0.973328
473.6		0.973328
473.7		0.973328
473.8		0.973328
473.9		0.973328
474		0.973328
474.1		0.973627
474.2		0.973627
474.3		0.973627
474.4		0.973627
474.5		0.973627
474.6		0.973627
474.7		0.973627
474.8		0.973627
474.9		0.973627
475		0.973627
475.1		0.97691
475.2		0.97691
475.3		0.97691
475.4		0.97691
475.5		0.97691
475.6		0.97691
475.7		0.97691
475.8		0.97691
475.9		0.97691
476		0.97691
476.1		0.980789
476.2		0.980789
476.3		0.980789
476.4		0.980789
476.5		0.980789
476.6		0.980789
476.7		0.980789
476.8		0.980789
476.9		0.980789
477		0.980789
477.1		0.981165
477.2		0.981165
477.3		0.981165
477.4		0.981165
477.5		0.981165
477.6		0.981165
477.7		0.981165
477.8		0.981165
477.9		0.981165
478		0.981165
478.1		0.983116
478.2		0.983116
478.3		0.983116
478.4		0.983116
478.5		0.983116
478.6		0.983116
478.7		0.983116
478.8		0.983116
478.9		0.983116
479		0.983116
479.1		0.983569
479.2		0.983569
479.3		0.983569
479.4		0.983569
479.5		0.983569
479.6		0.983569
479.7		0.983569
479.8		0.983569
479.9		0.983569
480		0.983569
480.1		0.987477
480.2		0.987477
480.3		0.987477
480.4		0.987477
480.5		0.987477
480.6		0.987477
480.7		0.987477
480.8		0.987477
480.9		0.987477
481		0.987477
481.1		0.990439
481.2		0.990439
481.3		0.990439
481.4		0.990439
481.5		0.990439
481.6		0.990439
481.7		0.990439
481.8		0.990439
481.9		0.990439
482		0.990439
482.1		0.99292
482.2		0.99292
482.3		0.99292
482.4		0.99292
482.5		0.99292
482.6		0.99292
482.7		0.99292
482.8		0.99292
482.9		0.99292
483		0.99292
483.1		0.994567
483.2		0.994567
483.3		0.994567
483.4		0.994567
483.5		0.994567
483.6		0.994567
483.7		0.994567
483.8		0.994567
483.9		0.994567
484		0.994567
484.1		0.994805
484.2		0.994805
484.3		0.994805
484.4		0.994805
484.5		0.994805
484.6		0.994805
484.7		0.994805
484.8		0.994805
484.9		0.994805
485		0.994805
485.1		0.997612
485.2		0.997612
485.3		0.997612
485.4		0.997612
485.5		0.997612
485.6		0.997612
485.7		0.997612
485.8		0.997612
485.9		0.997612
486		0.997612
486.1		0.999994
486.2		0.999994
486.3		0.999994
486.4		0.999994
486.5		0.999994
486.6		0.999994
486.7		0.999994
486.8		0.999994
486.9		0.999994
487		0.999994
487.1		1
487.2		1
487.3		1
487.4		1
487.5		1
487.6		1
487.7		1
487.8		1
487.9		1
488		1
488.1		1
488.2		1
488.3		1
488.4		1
488.5		1
488.6		1
488.7		1
488.8		1
488.9		1
489		1
489.1		1
489.2		1
489.3		1
489.4		1
489.5		1
489.6		1
489.7		1
489.8		1
489.9		1
490		1
490.1		1
490.2		1
490.3		1
490.4		1
490.5		1
490.6		1
490.7		1
490.8		1
490.9		1
491		1
491.1		1
491.2		1
491.3		1
491.4		1
491.5		1
491.6		1
491.7		1
491.8		1
491.9		1
492		1
492.1		1
492.2		1
492.3		1
492.4		1
492.5		1
492.6		1
492.7		1
492.8		1
492.9		1
493		1
493.1		1
493.2		1
493.3		1
493.4		1
493.5		1
493.6		1
493.7		1
493.8		1
493.9		1
494		1
494.1		1
494.2		1
494.3		1
494.4		1
494.5		1
494.6		1
494.7		1
494.8		1
494.9		1
495		1
495.1		1
495.2		1
495.3		1
495.4		1
495.5		1
495.6		1
495.7		1
495.8		1
495.9		1
496		1
496.1		1
496.2		1
496.3		1
496.4		1
496.5		1
496.6		1
496.7		1
496.8		1
496.9		1
497		1
497.1		1
497.2		1
497.3		1
497.4		1
497.5		1
497.6		1
497.7		1
497.8		1
497.9		1
498		1
498.1		1
498.2		1
498.3		1
498.4		1
498.5		1
498.6		1
498.7		1
498.8		1
498.9		1
499		1
499.1		1
499.2		1
499.3		1
499.4		1
499.5		1
499.6		1
499.7		1
499.8		1
499.9		1
500		1
500.1		1
500.2		1
500.3		1
500.4		1
500.5		1
500.6		1
500.7		1
500.8		1
500.9		1
501		1
501.1		1
501.2		1
501.3		1
501.4		1
501.5		1
501.6		1
501.7		1
501.8		1
501.9		1
502		1
502.1		1
502.2		1
502.3		1
502.4		1
502.5		1
502.6		1
502.7		1
502.8		1
502.9		1
503		1
503.1		1
503.2		1
503.3		1
503.4		1
503.5		1
503.6		1
503.7		1
503.8		1
503.9		1
504		1
504.1		1
504.2		1
504.3		1
504.4		1
504.5		1
504.6		1
504.7		1
504.8		1
504.9		1
505		1
505.1		1
505.2		1
505.3		1
505.4		1
505.5		1
505.6		1
505.7		1
505.8		1
505.9		1
506		1
506.1		1
506.2		1
506.3		1
506.4		1
506.5		1
506.6		1
506.7		1
506.8		1
506.9		1
507		1
507.1		1
507.2		1
507.3		1
507.4		1
507.5		1
507.6		1
507.7		1
507.8		1
507.9		1
508		1
508.1		1
508.2		1
508.3		1
508.4		1
508.5		1
508.6		1
508.7		1
508.8		1
508.9		1
509		1
509.1		1
509.2		1
509.3		1
509.4		1
509.5		1
509.6		1
509.7		1
509.8		1
509.9		1
510		1
510.1		1
510.2		1
510.3		1
510.4		1
510.5		1
510.6		1
510.7		1
510.8		1
510.9		1
511		1
511.1		1
511.2		1
511.3		1
511.4		1
511.5		1
511.6		1
511.7		1
511.8		1
511.9		1
512		1
512.1		1
512.2		1
512.3		1
512.4		1
512.5		1
512.6		1
512.7		1
512.8		1
512.9		1
513		1
513.1		1
513.2		1
513.3		1
513.4		1
513.5		1
513.6		1
513.7		1
513.8		1
513.9		1
514		1
514.1		1
514.2		1
514.3		1
514.4		1
514.5		1
514.6		1
514.7		1
514.8		1
514.9		1
515		1
515.1		1
515.2		1
515.3		1
515.4		1
515.5		1
515.6		1
515.7		1
515.8		1
515.9		1
516		1
516.1		1
516.2		1
516.3		1
516.4		1
516.5		1
516.6		1
516.7		1
516.8		1
516.9		1
517		1
517.1		1
517.2		1
517.3		1
517.4		1
517.5		1
517.6		1
517.7		1
517.8		1
517.9		1
518		1
518.1		1
518.2		1
518.3		1
518.4		1
518.5		1
518.6		1
518.7		1
518.8		1
518.9		1
519		1
519.1		1
519.2		1
519.3		1
519.4		1
519.5		1
519.6		1
519.7		1
519.8		1
519.9		1
520		1
520.1		1
520.2		1
520.3		1
520.4		1
520.5		1
520.6		1
520.7		1
520.8		1
520.9		1
521		1
521.1		1
521.2		1
521.3		1
521.4		1
521.5		1
521.6		1
521.7		1
521.8		1
521.9		1
522		1
522.1		1
522.2		1
522.3		1
522.4		1
522.5		1
522.6		1
522.7		1
522.8		1
522.9		1
523		1
523.1		1
523.2		1
523.3		1
523.4		1
523.5		1
523.6		1
523.7		1
523.8		1
523.9		1
524		1
524.1		1
524.2		1
524.3		1
524.4		1
524.5		1
524.6		1
524.7		1
524.8		1
524.9		1
525		1
525.1		1
525.2		1
525.3		1
525.4		1
525.5		1
525.6		1
525.7		1
525.8		1
525.9		1
526		1
526.1		1
526.2		1
526.3		1
526.4		1
526.5		1
526.6		1
526.7		1
526.8		1
526.9		1
527		1
527.1		1
527.2		1
527.3		1
527.4		1
527.5		1
527.6		1
527.7		1
527.8		1
527.9		1
528		1
528.1		1
528.2		1
528.3		1
528.4		1
528.5		1
528.6		1
528.7		1
528.8		1
528.9		1
529		1
529.1		1
529.2		1
529.3		1
529.4		1
529.5		1
529.6		1
529.7		1
529.8		1
529.9		1
530		1
530.1		1
530.2		1
530.3		1
530.4		1
530.5		1
530.6		1
530.7		1
530.8		1
530.9		1
531		1
531.1		1
531.2		1
531.3		1
531.4		1
531.5		1
531.6		1
531.7		1
531.8		1
531.9		1
532		1
532.1		1
532.2		1
532.3		1
532.4		1
532.5		1
532.6		1
532.7		1
532.8		1
532.9		1
533		1
533.1		1
533.2		1
533.3		1
533.4		1
533.5		1
533.6		1
533.7		1
533.8		1
533.9		1
534		1
534.1		1
534.2		1
534.3		1
534.4		1
534.5		1
534.6		1
534.7		1
534.8		1
534.9		1
535		1
535.1		1
535.2		1
535.3		1
535.4		1
535.5		1
535.6		1
535.7		1
535.8		1
535.9		1
536		1
536.1		1
536.2		1
536.3		1
536.4		1
536.5		1
536.6		1
536.7		1
536.8		1
536.9		1
537		1
537.1		1
537.2		1
537.3		1
537.4		1
537.5		1
537.6		1
537.7		1
537.8		1
537.9		1
538		1
538.1		1
538.2		1
538.3		1
538.4		1
538.5		1
538.6		1
538.7		1
538.8		1
538.9		1
539		1
539.1		1
539.2		1
539.3		1
539.4		1
539.5		1
539.6		1
539.7		1
539.8		1
539.9		1
540		1
540.1		1
540.2		1
540.3		1
540.4		1
540.5		1
540.6		1
540.7		1
540.8		1
540.9		1
541		1
541.1		1
541.2		1
541.3		1
541.4		1
541.5		1
541.6		1
541.7		1
541.8		1
541.9		1
542		1
542.1		1
542.2		1
542.3		1
542.4		1
542.5		1
542.6		1
542.7		1
542.8		1
542.9		1
543		1
543.1		1
543.2		1
543.3		1
543.4		1
543.5		1
543.6		1
543.7		1
543.8		1
543.9		1
544		1
544.1		1
544.2		1
544.3		1
544.4		1
544.5		1
544.6		1
544.7		1
544.8		1
544.9		1
545		1
545.1		1
545.2		1
545.3		1
545.4		1
545.5		1
545.6		1
545.7		1
545.8		1
545.9		1
546		1
546.1		1
546.2		1
546.3		1
546.4		1
546.5		1
546.6		1
546.7		1
546.8		1
546.9		1
547		1
547.1		1
547.2		1
547.3		1
547.4		1
547.5		1
547.6		1
547.7		1
547.8		1
547.9		1
548		1
548.1		1
548.2		1
548.3		1
548.4		1
548.5		1
548.6		1
548.7		1
548.8		1
548.9		1
549		1
549.1		1
549.2		1
549.3		1
549.4		1
549.5		1
549.6		1
549.7		1
549.8		1
549.9		1
550		1
550.1		1
550.2		1
550.3		1
550.4		1
550.5		1
550.6		1
550.7		1
550.8		1
550.9		1
551		1
551.1		1
551.2		1
551.3		1
551.4		1
551.5		1
551.6		1
551.7		1
551.8		1
551.9		1
552		1
552.1		1
552.2		1
552.3		1
552.4		1
552.5		1
552.6		1
552.7		1
552.8		1
552.9		1
553		1
553.1		1
553.2		1
553.3		1
553.4		1
553.5		1
553.6		1
553.7		1
553.8		1
553.9		1
554		1
554.1		1
554.2		1
554.3		1
554.4		1
554.5		1
554.6		1
554.7		1
554.8		1
554.9		1
555		1
555.1		1
555.2		1
555.3		1
555.4		1
555.5		1
555.6		1
555.7		1
555.8		1
555.9		1
556		1
556.1		1
556.2		1
556.3		1
556.4		1
556.5		1
556.6		1
556.7		1
556.8		1
556.9		1
557		1
557.1		1
557.2		1
557.3		1
557.4		1
557.5		1
557.6		1
557.7		1
557.8		1
557.9		1
558		1
558.1		1
558.2		1
558.3		1
558.4		1
558.5		1
558.6		1
558.7		1
558.8		1
558.9		1
559		1
559.1		1
559.2		1
559.3		1
559.4		1
559.5		1
559.6		1
559.7		1
559.8		1
559.9		1
560		1
560.1		1
560.2		1
560.3		1
560.4		1
560.5		1
560.6		1
560.7		1
560.8		1
560.9		1
561		1
561.1		1
561.2		1
561.3		1
561.4		1
561.5		1
561.6		1
561.7		1
561.8		1
561.9		1
562		1
562.1		1
562.2		1
562.3		1
562.4		1
562.5		1
562.6		1
562.7		1
562.8		1
562.9		1
563		1
563.1		1
563.2		1
563.3		1
563.4		1
563.5		1
563.6		1
563.7		1
563.8		1
563.9		1
564		1
564.1		1
564.2		1
564.3		1
564.4		1
564.5		1
564.6		1
564.7		1
564.8		1
564.9		1
565		1
565.1		1
565.2		1
565.3		1
565.4		1
565.5		1
565.6		1
565.7		1
565.8		1
565.9		1
566		1
566.1		1
566.2		1
566.3		1
566.4		1
566.5		1
566.6		1
566.7		1
566.8		1
566.9		1
567		1
567.1		1
567.2		1
567.3		1
567.4		1
567.5		1
567.6		1
567.7		1
567.8		1
567.9		1
568		1
568.1		1
568.2		1
568.3		1
568.4		1
568.5		1
568.6		1
568.7		1
568.8		1
568.9		1
569		1
569.1		1
569.2		1
569.3		1
569.4		1
569.5		1
569.6		1
569.7		1
569.8		1
569.9		1
570		1
570.1		1
570.2		1
570.3		1
570.4		1
570.5		1
570.6		1
570.7		1
570.8		1
570.9		1
571		1
571.1		1
571.2		1
571.3		1
571.4		1
571.5		1
571.6		1
571.7		1
571.8		1
571.9		1
572		1
572.1		1
572.2		1
572.3		1
572.4		1
572.5		1
572.6		1
572.7		1
572.8		1
572.9		1
573		1
573.1		1
573.2		1
573.3		1
573.4		1
573.5		1
573.6		1
573.7		1
573.8		1
573.9		1
574		1
574.1		1
574.2		1
574.3		1
574.4		1
574.5		1
574.6		1
574.7		1
574.8		1
574.9		1
575		1
575.1		1
575.2		1
575.3		1
575.4		1
575.5		1
575.6		1
575.7		1
575.8		1
575.9		1
576		1
576.1		1
576.2		1
576.3		1
576.4		1
576.5		1
576.6		1
576.7		1
576.8		1
576.9		1
577		1
577.1		1
577.2		1
577.3		1
577.4		1
577.5		1
577.6		1
577.7		1
577.8		1
577.9		1
578		1
578.1		1
578.2		1
578.3		1
578.4		1
578.5		1
578.6		1
578.7		1
578.8		1
578.9		1
579		1
579.1		1
579.2		1
579.3		1
579.4		1
579.5		1
579.6		1
579.7		1
579.8		1
579.9		1
580		1
580.1		1
580.2		1
580.3		1
580.4		1
580.5		1
580.6		1
580.7		1
580.8		1
580.9		1
581		1
581.1		1
581.2		1
581.3		1
581.4		1
581.5		1
581.6		1
581.7		1
581.8		1
581.9		1
582		1
582.1		1
582.2		1
582.3		1
582.4		1
582.5		1
582.6		1
582.7		1
582.8		1
582.9		1
583		1
583.1		1
583.2		1
583.3		1
583.4		1
583.5		1
583.6		1
583.7		1
583.8		1
583.9		1
584		1
584.1		1
584.2		1
584.3		1
584.4		1
584.5		1
584.6		1
584.7		1
584.8		1
584.9		1
585		1
585.1		1
585.2		1
585.3		1
585.4		1
585.5		1
585.6		1
585.7		1
585.8		1
585.9		1
586		1
586.1		1
586.2		1
586.3		1
586.4		1
586.5		1
586.6		1
586.7		1
586.8		1
586.9		1
587		1
587.1		1
587.2		1
587.3		1
587.4		1
587.5		1
587.6		1
587.7		1
587.8		1
587.9		1
588		1
588.1		1
588.2		1
588.3		1
588.4		1
588.5		1
588.6		1
588.7		1
588.8		1
588.9		1
589		1
589.1		1
589.2		1
589.3		1
589.4		1
589.5		1
589.6		1
589.7		1
589.8		1
589.9		1
590		1
590.1		1
590.2		1
590.3		1
590.4		1
590.5		1
590.6		1
590.7		1
590.8		1
590.9		1
591		1
591.1		1
591.2		1
591.3		1
591.4		1
591.5		1
591.6		1
591.7		1
591.8		1
591.9		1
592		1
592.1		1
592.2		1
592.3		1
592.4		1
592.5		1
592.6		1
592.7		1
592.8		1
592.9		1
593		1
593.1		1
593.2		1
593.3		1
593.4		1
593.5		1
593.6		1
593.7		1
593.8		1
593.9		1
594		1
594.1		1
594.2		1
594.3		1
594.4		1
594.5		1
594.6		1
594.7		1
594.8		1
594.9		1
595		1
595.1		1
595.2		1
595.3		1
595.4		1
595.5		1
595.6		1
595.7		1
595.8		1
595.9		1
596		1
596.1		1
596.2		1
596.3		1
596.4		1
596.5		1
596.6		1
596.7		1
596.8		1
596.9		1
597		1
597.1		1
597.2		1
597.3		1
597.4		1
597.5		1
597.6		1
597.7		1
597.8		1
597.9		1
598		1
598.1		1
598.2		1
598.3		1
598.4		1
598.5		1
598.6		1
598.7		1
598.8		1
598.9		1
599		1
599.1		1
599.2		1
599.3		1
599.4		1
599.5		1
599.6		1
599.7		1
599.8		1
599.9		1
600		1
