# Calibration file of tamex_id 1 @ channel 15
# fine_T bin		 Calibration value
0.1		0
0.2		0
0.3		0
0.4		0
0.5		0
0.6		0
0.7		0
0.8		0
0.9		0
1		0
1.1		0
1.2		0
1.3		0
1.4		0
1.5		0
1.6		0
1.7		0
1.8		0
1.9		0
2		0
2.1		0
2.2		0
2.3		0
2.4		0
2.5		0
2.6		0
2.7		0
2.8		0
2.9		0
3		0
3.1		0
3.2		0
3.3		0
3.4		0
3.5		0
3.6		0
3.7		0
3.8		0
3.9		0
4		0
4.1		0
4.2		0
4.3		0
4.4		0
4.5		0
4.6		0
4.7		0
4.8		0
4.9		0
5		0
5.1		0
5.2		0
5.3		0
5.4		0
5.5		0
5.6		0
5.7		0
5.8		0
5.9		0
6		0
6.1		0
6.2		0
6.3		0
6.4		0
6.5		0
6.6		0
6.7		0
6.8		0
6.9		0
7		0
7.1		0
7.2		0
7.3		0
7.4		0
7.5		0
7.6		0
7.7		0
7.8		0
7.9		0
8		0
8.1		0
8.2		0
8.3		0
8.4		0
8.5		0
8.6		0
8.7		0
8.8		0
8.9		0
9		0
9.1		0
9.2		0
9.3		0
9.4		0
9.5		0
9.6		0
9.7		0
9.8		0
9.9		0
10		0
10.1		0
10.2		0
10.3		0
10.4		0
10.5		0
10.6		0
10.7		0
10.8		0
10.9		0
11		0
11.1		0
11.2		0
11.3		0
11.4		0
11.5		0
11.6		0
11.7		0
11.8		0
11.9		0
12		0
12.1		0
12.2		0
12.3		0
12.4		0
12.5		0
12.6		0
12.7		0
12.8		0
12.9		0
13		0
13.1		0
13.2		0
13.3		0
13.4		0
13.5		0
13.6		0
13.7		0
13.8		0
13.9		0
14		0
14.1		0
14.2		0
14.3		0
14.4		0
14.5		0
14.6		0
14.7		0
14.8		0
14.9		0
15		0
15.1		0
15.2		0
15.3		0
15.4		0
15.5		0
15.6		0
15.7		0
15.8		0
15.9		0
16		0
16.1		0.00493558
16.2		0.00493558
16.3		0.00493558
16.4		0.00493558
16.5		0.00493558
16.6		0.00493558
16.7		0.00493558
16.8		0.00493558
16.9		0.00493558
17		0.00493558
17.1		0.006507
17.2		0.006507
17.3		0.006507
17.4		0.006507
17.5		0.006507
17.6		0.006507
17.7		0.006507
17.8		0.006507
17.9		0.006507
18		0.006507
18.1		0.00794562
18.2		0.00794562
18.3		0.00794562
18.4		0.00794562
18.5		0.00794562
18.6		0.00794562
18.7		0.00794562
18.8		0.00794562
18.9		0.00794562
19		0.00794562
19.1		0.0122868
19.2		0.0122868
19.3		0.0122868
19.4		0.0122868
19.5		0.0122868
19.6		0.0122868
19.7		0.0122868
19.8		0.0122868
19.9		0.0122868
20		0.0122868
20.1		0.0137064
20.2		0.0137064
20.3		0.0137064
20.4		0.0137064
20.5		0.0137064
20.6		0.0137064
20.7		0.0137064
20.8		0.0137064
20.9		0.0137064
21		0.0137064
21.1		0.0185219
21.2		0.0185219
21.3		0.0185219
21.4		0.0185219
21.5		0.0185219
21.6		0.0185219
21.7		0.0185219
21.8		0.0185219
21.9		0.0185219
22		0.0185219
22.1		0.0190499
22.2		0.0190499
22.3		0.0190499
22.4		0.0190499
22.5		0.0190499
22.6		0.0190499
22.7		0.0190499
22.8		0.0190499
22.9		0.0190499
23		0.0190499
23.1		0.01917
23.2		0.01917
23.3		0.01917
23.4		0.01917
23.5		0.01917
23.6		0.01917
23.7		0.01917
23.8		0.01917
23.9		0.01917
24		0.01917
24.1		0.0209754
24.2		0.0209754
24.3		0.0209754
24.4		0.0209754
24.5		0.0209754
24.6		0.0209754
24.7		0.0209754
24.8		0.0209754
24.9		0.0209754
25		0.0209754
25.1		0.0257339
25.2		0.0257339
25.3		0.0257339
25.4		0.0257339
25.5		0.0257339
25.6		0.0257339
25.7		0.0257339
25.8		0.0257339
25.9		0.0257339
26		0.0257339
26.1		0.0271757
26.2		0.0271757
26.3		0.0271757
26.4		0.0271757
26.5		0.0271757
26.6		0.0271757
26.7		0.0271757
26.8		0.0271757
26.9		0.0271757
27		0.0271757
27.1		0.0286649
27.2		0.0286649
27.3		0.0286649
27.4		0.0286649
27.5		0.0286649
27.6		0.0286649
27.7		0.0286649
27.8		0.0286649
27.9		0.0286649
28		0.0286649
28.1		0.0318299
28.2		0.0318299
28.3		0.0318299
28.4		0.0318299
28.5		0.0318299
28.6		0.0318299
28.7		0.0318299
28.8		0.0318299
28.9		0.0318299
29		0.0318299
29.1		0.0328037
29.2		0.0328037
29.3		0.0328037
29.4		0.0328037
29.5		0.0328037
29.6		0.0328037
29.7		0.0328037
29.8		0.0328037
29.9		0.0328037
30		0.0328037
30.1		0.0335309
30.2		0.0335309
30.3		0.0335309
30.4		0.0335309
30.5		0.0335309
30.6		0.0335309
30.7		0.0335309
30.8		0.0335309
30.9		0.0335309
31		0.0335309
31.1		0.03447
31.2		0.03447
31.3		0.03447
31.4		0.03447
31.5		0.03447
31.6		0.03447
31.7		0.03447
31.8		0.03447
31.9		0.03447
32		0.03447
32.1		0.0383685
32.2		0.0383685
32.3		0.0383685
32.4		0.0383685
32.5		0.0383685
32.6		0.0383685
32.7		0.0383685
32.8		0.0383685
32.9		0.0383685
33		0.0383685
33.1		0.039434
33.2		0.039434
33.3		0.039434
33.4		0.039434
33.5		0.039434
33.6		0.039434
33.7		0.039434
33.8		0.039434
33.9		0.039434
34		0.039434
34.1		0.0439364
34.2		0.0439364
34.3		0.0439364
34.4		0.0439364
34.5		0.0439364
34.6		0.0439364
34.7		0.0439364
34.8		0.0439364
34.9		0.0439364
35		0.0439364
35.1		0.0451063
35.2		0.0451063
35.3		0.0451063
35.4		0.0451063
35.5		0.0451063
35.6		0.0451063
35.7		0.0451063
35.8		0.0451063
35.9		0.0451063
36		0.0451063
36.1		0.0456849
36.2		0.0456849
36.3		0.0456849
36.4		0.0456849
36.5		0.0456849
36.6		0.0456849
36.7		0.0456849
36.8		0.0456849
36.9		0.0456849
37		0.0456849
37.1		0.0462952
37.2		0.0462952
37.3		0.0462952
37.4		0.0462952
37.5		0.0462952
37.6		0.0462952
37.7		0.0462952
37.8		0.0462952
37.9		0.0462952
38		0.0462952
38.1		0.0489479
38.2		0.0489479
38.3		0.0489479
38.4		0.0489479
38.5		0.0489479
38.6		0.0489479
38.7		0.0489479
38.8		0.0489479
38.9		0.0489479
39		0.0489479
39.1		0.0494443
39.2		0.0494443
39.3		0.0494443
39.4		0.0494443
39.5		0.0494443
39.6		0.0494443
39.7		0.0494443
39.8		0.0494443
39.9		0.0494443
40		0.0494443
40.1		0.0551229
40.2		0.0551229
40.3		0.0551229
40.4		0.0551229
40.5		0.0551229
40.6		0.0551229
40.7		0.0551229
40.8		0.0551229
40.9		0.0551229
41		0.0551229
41.1		0.0553632
41.2		0.0553632
41.3		0.0553632
41.4		0.0553632
41.5		0.0553632
41.6		0.0553632
41.7		0.0553632
41.8		0.0553632
41.9		0.0553632
42		0.0553632
42.1		0.0576587
42.2		0.0576587
42.3		0.0576587
42.4		0.0576587
42.5		0.0576587
42.6		0.0576587
42.7		0.0576587
42.8		0.0576587
42.9		0.0576587
43		0.0576587
43.1		0.0600869
43.2		0.0600869
43.3		0.0600869
43.4		0.0600869
43.5		0.0600869
43.6		0.0600869
43.7		0.0600869
43.8		0.0600869
43.9		0.0600869
44		0.0600869
44.1		0.0602956
44.2		0.0602956
44.3		0.0602956
44.4		0.0602956
44.5		0.0602956
44.6		0.0602956
44.7		0.0602956
44.8		0.0602956
44.9		0.0602956
45		0.0602956
45.1		0.0613137
45.2		0.0613137
45.3		0.0613137
45.4		0.0613137
45.5		0.0613137
45.6		0.0613137
45.7		0.0613137
45.8		0.0613137
45.9		0.0613137
46		0.0613137
46.1		0.0675931
46.2		0.0675931
46.3		0.0675931
46.4		0.0675931
46.5		0.0675931
46.6		0.0675931
46.7		0.0675931
46.8		0.0675931
46.9		0.0675931
47		0.0675931
47.1		0.0680958
47.2		0.0680958
47.3		0.0680958
47.4		0.0680958
47.5		0.0680958
47.6		0.0680958
47.7		0.0680958
47.8		0.0680958
47.9		0.0680958
48		0.0680958
48.1		0.068431
48.2		0.068431
48.3		0.068431
48.4		0.068431
48.5		0.068431
48.6		0.068431
48.7		0.068431
48.8		0.068431
48.9		0.068431
49		0.068431
49.1		0.0701763
49.2		0.0701763
49.3		0.0701763
49.4		0.0701763
49.5		0.0701763
49.6		0.0701763
49.7		0.0701763
49.8		0.0701763
49.9		0.0701763
50		0.0701763
50.1		0.0722599
50.2		0.0722599
50.3		0.0722599
50.4		0.0722599
50.5		0.0722599
50.6		0.0722599
50.7		0.0722599
50.8		0.0722599
50.9		0.0722599
51		0.0722599
51.1		0.0730124
51.2		0.0730124
51.3		0.0730124
51.4		0.0730124
51.5		0.0730124
51.6		0.0730124
51.7		0.0730124
51.8		0.0730124
51.9		0.0730124
52		0.0730124
52.1		0.0789566
52.2		0.0789566
52.3		0.0789566
52.4		0.0789566
52.5		0.0789566
52.6		0.0789566
52.7		0.0789566
52.8		0.0789566
52.9		0.0789566
53		0.0789566
53.1		0.0811857
53.2		0.0811857
53.3		0.0811857
53.4		0.0811857
53.5		0.0811857
53.6		0.0811857
53.7		0.0811857
53.8		0.0811857
53.9		0.0811857
54		0.0811857
54.1		0.081407
54.2		0.081407
54.3		0.081407
54.4		0.081407
54.5		0.081407
54.6		0.081407
54.7		0.081407
54.8		0.081407
54.9		0.081407
55		0.081407
55.1		0.0823144
55.2		0.0823144
55.3		0.0823144
55.4		0.0823144
55.5		0.0823144
55.6		0.0823144
55.7		0.0823144
55.8		0.0823144
55.9		0.0823144
56		0.0823144
56.1		0.0829278
56.2		0.0829278
56.3		0.0829278
56.4		0.0829278
56.5		0.0829278
56.6		0.0829278
56.7		0.0829278
56.8		0.0829278
56.9		0.0829278
57		0.0829278
57.1		0.0847301
57.2		0.0847301
57.3		0.0847301
57.4		0.0847301
57.5		0.0847301
57.6		0.0847301
57.7		0.0847301
57.8		0.0847301
57.9		0.0847301
58		0.0847301
58.1		0.0887076
58.2		0.0887076
58.3		0.0887076
58.4		0.0887076
58.5		0.0887076
58.6		0.0887076
58.7		0.0887076
58.8		0.0887076
58.9		0.0887076
59		0.0887076
59.1		0.0912655
59.2		0.0912655
59.3		0.0912655
59.4		0.0912655
59.5		0.0912655
59.6		0.0912655
59.7		0.0912655
59.8		0.0912655
59.9		0.0912655
60		0.0912655
60.1		0.0936242
60.2		0.0936242
60.3		0.0936242
60.4		0.0936242
60.5		0.0936242
60.6		0.0936242
60.7		0.0936242
60.8		0.0936242
60.9		0.0936242
61		0.0936242
61.1		0.0947435
61.2		0.0947435
61.3		0.0947435
61.4		0.0947435
61.5		0.0947435
61.6		0.0947435
61.7		0.0947435
61.8		0.0947435
61.9		0.0947435
62		0.0947435
62.1		0.0950723
62.2		0.0950723
62.3		0.0950723
62.4		0.0950723
62.5		0.0950723
62.6		0.0950723
62.7		0.0950723
62.8		0.0950723
62.9		0.0950723
63		0.0950723
63.1		0.100444
63.2		0.100444
63.3		0.100444
63.4		0.100444
63.5		0.100444
63.6		0.100444
63.7		0.100444
63.8		0.100444
63.9		0.100444
64		0.100444
64.1		0.100719
64.2		0.100719
64.3		0.100719
64.4		0.100719
64.5		0.100719
64.6		0.100719
64.7		0.100719
64.8		0.100719
64.9		0.100719
65		0.100719
65.1		0.101883
65.2		0.101883
65.3		0.101883
65.4		0.101883
65.5		0.101883
65.6		0.101883
65.7		0.101883
65.8		0.101883
65.9		0.101883
66		0.101883
66.1		0.107062
66.2		0.107062
66.3		0.107062
66.4		0.107062
66.5		0.107062
66.6		0.107062
66.7		0.107062
66.8		0.107062
66.9		0.107062
67		0.107062
67.1		0.107252
67.2		0.107252
67.3		0.107252
67.4		0.107252
67.5		0.107252
67.6		0.107252
67.7		0.107252
67.8		0.107252
67.9		0.107252
68		0.107252
68.1		0.108946
68.2		0.108946
68.3		0.108946
68.4		0.108946
68.5		0.108946
68.6		0.108946
68.7		0.108946
68.8		0.108946
68.9		0.108946
69		0.108946
69.1		0.112567
69.2		0.112567
69.3		0.112567
69.4		0.112567
69.5		0.112567
69.6		0.112567
69.7		0.112567
69.8		0.112567
69.9		0.112567
70		0.112567
70.1		0.113332
70.2		0.113332
70.3		0.113332
70.4		0.113332
70.5		0.113332
70.6		0.113332
70.7		0.113332
70.8		0.113332
70.9		0.113332
71		0.113332
71.1		0.114533
71.2		0.114533
71.3		0.114533
71.4		0.114533
71.5		0.114533
71.6		0.114533
71.7		0.114533
71.8		0.114533
71.9		0.114533
72		0.114533
72.1		0.120047
72.2		0.120047
72.3		0.120047
72.4		0.120047
72.5		0.120047
72.6		0.120047
72.7		0.120047
72.8		0.120047
72.9		0.120047
73		0.120047
73.1		0.121458
73.2		0.121458
73.3		0.121458
73.4		0.121458
73.5		0.121458
73.6		0.121458
73.7		0.121458
73.8		0.121458
73.9		0.121458
74		0.121458
74.1		0.121692
74.2		0.121692
74.3		0.121692
74.4		0.121692
74.5		0.121692
74.6		0.121692
74.7		0.121692
74.8		0.121692
74.9		0.121692
75		0.121692
75.1		0.124363
75.2		0.124363
75.3		0.124363
75.4		0.124363
75.5		0.124363
75.6		0.124363
75.7		0.124363
75.8		0.124363
75.9		0.124363
76		0.124363
76.1		0.12541
76.2		0.12541
76.3		0.12541
76.4		0.12541
76.5		0.12541
76.6		0.12541
76.7		0.12541
76.8		0.12541
76.9		0.12541
77		0.12541
77.1		0.127063
77.2		0.127063
77.3		0.127063
77.4		0.127063
77.5		0.127063
77.6		0.127063
77.7		0.127063
77.8		0.127063
77.9		0.127063
78		0.127063
78.1		0.131553
78.2		0.131553
78.3		0.131553
78.4		0.131553
78.5		0.131553
78.6		0.131553
78.7		0.131553
78.8		0.131553
78.9		0.131553
79		0.131553
79.1		0.133621
79.2		0.133621
79.3		0.133621
79.4		0.133621
79.5		0.133621
79.6		0.133621
79.7		0.133621
79.8		0.133621
79.9		0.133621
80		0.133621
80.1		0.134819
80.2		0.134819
80.3		0.134819
80.4		0.134819
80.5		0.134819
80.6		0.134819
80.7		0.134819
80.8		0.134819
80.9		0.134819
81		0.134819
81.1		0.135057
81.2		0.135057
81.3		0.135057
81.4		0.135057
81.5		0.135057
81.6		0.135057
81.7		0.135057
81.8		0.135057
81.9		0.135057
82		0.135057
82.1		0.137624
82.2		0.137624
82.3		0.137624
82.4		0.137624
82.5		0.137624
82.6		0.137624
82.7		0.137624
82.8		0.137624
82.9		0.137624
83		0.137624
83.1		0.140767
83.2		0.140767
83.3		0.140767
83.4		0.140767
83.5		0.140767
83.6		0.140767
83.7		0.140767
83.8		0.140767
83.9		0.140767
84		0.140767
84.1		0.145497
84.2		0.145497
84.3		0.145497
84.4		0.145497
84.5		0.145497
84.6		0.145497
84.7		0.145497
84.8		0.145497
84.9		0.145497
85		0.145497
85.1		0.146294
85.2		0.146294
85.3		0.146294
85.4		0.146294
85.5		0.146294
85.6		0.146294
85.7		0.146294
85.8		0.146294
85.9		0.146294
86		0.146294
86.1		0.14648
86.2		0.14648
86.3		0.14648
86.4		0.14648
86.5		0.14648
86.6		0.14648
86.7		0.14648
86.8		0.14648
86.9		0.14648
87		0.14648
87.1		0.148418
87.2		0.148418
87.3		0.148418
87.4		0.148418
87.5		0.148418
87.6		0.148418
87.7		0.148418
87.8		0.148418
87.9		0.148418
88		0.148418
88.1		0.149013
88.2		0.149013
88.3		0.149013
88.4		0.149013
88.5		0.149013
88.6		0.149013
88.7		0.149013
88.8		0.149013
88.9		0.149013
89		0.149013
89.1		0.151748
89.2		0.151748
89.3		0.151748
89.4		0.151748
89.5		0.151748
89.6		0.151748
89.7		0.151748
89.8		0.151748
89.9		0.151748
90		0.151748
90.1		0.15404
90.2		0.15404
90.3		0.15404
90.4		0.15404
90.5		0.15404
90.6		0.15404
90.7		0.15404
90.8		0.15404
90.9		0.15404
91		0.15404
91.1		0.158144
91.2		0.158144
91.3		0.158144
91.4		0.158144
91.5		0.158144
91.6		0.158144
91.7		0.158144
91.8		0.158144
91.9		0.158144
92		0.158144
92.1		0.159355
92.2		0.159355
92.3		0.159355
92.4		0.159355
92.5		0.159355
92.6		0.159355
92.7		0.159355
92.8		0.159355
92.9		0.159355
93		0.159355
93.1		0.159633
93.2		0.159633
93.3		0.159633
93.4		0.159633
93.5		0.159633
93.6		0.159633
93.7		0.159633
93.8		0.159633
93.9		0.159633
94		0.159633
94.1		0.16209
94.2		0.16209
94.3		0.16209
94.4		0.16209
94.5		0.16209
94.6		0.16209
94.7		0.16209
94.8		0.16209
94.9		0.16209
95		0.16209
95.1		0.162751
95.2		0.162751
95.3		0.162751
95.4		0.162751
95.5		0.162751
95.6		0.162751
95.7		0.162751
95.8		0.162751
95.9		0.162751
96		0.162751
96.1		0.165495
96.2		0.165495
96.3		0.165495
96.4		0.165495
96.5		0.165495
96.6		0.165495
96.7		0.165495
96.8		0.165495
96.9		0.165495
97		0.165495
97.1		0.169176
97.2		0.169176
97.3		0.169176
97.4		0.169176
97.5		0.169176
97.6		0.169176
97.7		0.169176
97.8		0.169176
97.9		0.169176
98		0.169176
98.1		0.170731
98.2		0.170731
98.3		0.170731
98.4		0.170731
98.5		0.170731
98.6		0.170731
98.7		0.170731
98.8		0.170731
98.9		0.170731
99		0.170731
99.1		0.171598
99.2		0.171598
99.3		0.171598
99.4		0.171598
99.5		0.171598
99.6		0.171598
99.7		0.171598
99.8		0.171598
99.9		0.171598
100		0.171598
100.1		0.173226
100.2		0.173226
100.3		0.173226
100.4		0.173226
100.5		0.173226
100.6		0.173226
100.7		0.173226
100.8		0.173226
100.9		0.173226
101		0.173226
101.1		0.173719
101.2		0.173719
101.3		0.173719
101.4		0.173719
101.5		0.173719
101.6		0.173719
101.7		0.173719
101.8		0.173719
101.9		0.173719
102		0.173719
102.1		0.181301
102.2		0.181301
102.3		0.181301
102.4		0.181301
102.5		0.181301
102.6		0.181301
102.7		0.181301
102.8		0.181301
102.9		0.181301
103		0.181301
103.1		0.182993
103.2		0.182993
103.3		0.182993
103.4		0.182993
103.5		0.182993
103.6		0.182993
103.7		0.182993
103.8		0.182993
103.9		0.182993
104		0.182993
104.1		0.183714
104.2		0.183714
104.3		0.183714
104.4		0.183714
104.5		0.183714
104.6		0.183714
104.7		0.183714
104.8		0.183714
104.9		0.183714
105		0.183714
105.1		0.185402
105.2		0.185402
105.3		0.185402
105.4		0.185402
105.5		0.185402
105.6		0.185402
105.7		0.185402
105.8		0.185402
105.9		0.185402
106		0.185402
106.1		0.186262
106.2		0.186262
106.3		0.186262
106.4		0.186262
106.5		0.186262
106.6		0.186262
106.7		0.186262
106.8		0.186262
106.9		0.186262
107		0.186262
107.1		0.187138
107.2		0.187138
107.3		0.187138
107.4		0.187138
107.5		0.187138
107.6		0.187138
107.7		0.187138
107.8		0.187138
107.9		0.187138
108		0.187138
108.1		0.191324
108.2		0.191324
108.3		0.191324
108.4		0.191324
108.5		0.191324
108.6		0.191324
108.7		0.191324
108.8		0.191324
108.9		0.191324
109		0.191324
109.1		0.194546
109.2		0.194546
109.3		0.194546
109.4		0.194546
109.5		0.194546
109.6		0.194546
109.7		0.194546
109.8		0.194546
109.9		0.194546
110		0.194546
110.1		0.195298
110.2		0.195298
110.3		0.195298
110.4		0.195298
110.5		0.195298
110.6		0.195298
110.7		0.195298
110.8		0.195298
110.9		0.195298
111		0.195298
111.1		0.197648
111.2		0.197648
111.3		0.197648
111.4		0.197648
111.5		0.197648
111.6		0.197648
111.7		0.197648
111.8		0.197648
111.9		0.197648
112		0.197648
112.1		0.198014
112.2		0.198014
112.3		0.198014
112.4		0.198014
112.5		0.198014
112.6		0.198014
112.7		0.198014
112.8		0.198014
112.9		0.198014
113		0.198014
113.1		0.199093
113.2		0.199093
113.3		0.199093
113.4		0.199093
113.5		0.199093
113.6		0.199093
113.7		0.199093
113.8		0.199093
113.9		0.199093
114		0.199093
114.1		0.204117
114.2		0.204117
114.3		0.204117
114.4		0.204117
114.5		0.204117
114.6		0.204117
114.7		0.204117
114.8		0.204117
114.9		0.204117
115		0.204117
115.1		0.205132
115.2		0.205132
115.3		0.205132
115.4		0.205132
115.5		0.205132
115.6		0.205132
115.7		0.205132
115.8		0.205132
115.9		0.205132
116		0.205132
116.1		0.206969
116.2		0.206969
116.3		0.206969
116.4		0.206969
116.5		0.206969
116.6		0.206969
116.7		0.206969
116.8		0.206969
116.9		0.206969
117		0.206969
117.1		0.209071
117.2		0.209071
117.3		0.209071
117.4		0.209071
117.5		0.209071
117.6		0.209071
117.7		0.209071
117.8		0.209071
117.9		0.209071
118		0.209071
118.1		0.21056
118.2		0.21056
118.3		0.21056
118.4		0.21056
118.5		0.21056
118.6		0.21056
118.7		0.21056
118.8		0.21056
118.9		0.21056
119		0.21056
119.1		0.212556
119.2		0.212556
119.3		0.212556
119.4		0.212556
119.5		0.212556
119.6		0.212556
119.7		0.212556
119.8		0.212556
119.9		0.212556
120		0.212556
120.1		0.21437
120.2		0.21437
120.3		0.21437
120.4		0.21437
120.5		0.21437
120.6		0.21437
120.7		0.21437
120.8		0.21437
120.9		0.21437
121		0.21437
121.1		0.21475
121.2		0.21475
121.3		0.21475
121.4		0.21475
121.5		0.21475
121.6		0.21475
121.7		0.21475
121.8		0.21475
121.9		0.21475
122		0.21475
122.1		0.2172
122.2		0.2172
122.3		0.2172
122.4		0.2172
122.5		0.2172
122.6		0.2172
122.7		0.2172
122.8		0.2172
122.9		0.2172
123		0.2172
123.1		0.219651
123.2		0.219651
123.3		0.219651
123.4		0.219651
123.5		0.219651
123.6		0.219651
123.7		0.219651
123.8		0.219651
123.9		0.219651
124		0.219651
124.1		0.224406
124.2		0.224406
124.3		0.224406
124.4		0.224406
124.5		0.224406
124.6		0.224406
124.7		0.224406
124.8		0.224406
124.9		0.224406
125		0.224406
125.1		0.224548
125.2		0.224548
125.3		0.224548
125.4		0.224548
125.5		0.224548
125.6		0.224548
125.7		0.224548
125.8		0.224548
125.9		0.224548
126		0.224548
126.1		0.226161
126.2		0.226161
126.3		0.226161
126.4		0.226161
126.5		0.226161
126.6		0.226161
126.7		0.226161
126.8		0.226161
126.9		0.226161
127		0.226161
127.1		0.228159
127.2		0.228159
127.3		0.228159
127.4		0.228159
127.5		0.228159
127.6		0.228159
127.7		0.228159
127.8		0.228159
127.9		0.228159
128		0.228159
128.1		0.229977
128.2		0.229977
128.3		0.229977
128.4		0.229977
128.5		0.229977
128.6		0.229977
128.7		0.229977
128.8		0.229977
128.9		0.229977
129		0.229977
129.1		0.232899
129.2		0.232899
129.3		0.232899
129.4		0.232899
129.5		0.232899
129.6		0.232899
129.7		0.232899
129.8		0.232899
129.9		0.232899
130		0.232899
130.1		0.23557
130.2		0.23557
130.3		0.23557
130.4		0.23557
130.5		0.23557
130.6		0.23557
130.7		0.23557
130.8		0.23557
130.9		0.23557
131		0.23557
131.1		0.236655
131.2		0.236655
131.3		0.236655
131.4		0.236655
131.5		0.236655
131.6		0.236655
131.7		0.236655
131.8		0.236655
131.9		0.236655
132		0.236655
132.1		0.237499
132.2		0.237499
132.3		0.237499
132.4		0.237499
132.5		0.237499
132.6		0.237499
132.7		0.237499
132.8		0.237499
132.9		0.237499
133		0.237499
133.1		0.23988
133.2		0.23988
133.3		0.23988
133.4		0.23988
133.5		0.23988
133.6		0.23988
133.7		0.23988
133.8		0.23988
133.9		0.23988
134		0.23988
134.1		0.240006
134.2		0.240006
134.3		0.240006
134.4		0.240006
134.5		0.240006
134.6		0.240006
134.7		0.240006
134.8		0.240006
134.9		0.240006
135		0.240006
135.1		0.243355
135.2		0.243355
135.3		0.243355
135.4		0.243355
135.5		0.243355
135.6		0.243355
135.7		0.243355
135.8		0.243355
135.9		0.243355
136		0.243355
136.1		0.248047
136.2		0.248047
136.3		0.248047
136.4		0.248047
136.5		0.248047
136.6		0.248047
136.7		0.248047
136.8		0.248047
136.9		0.248047
137		0.248047
137.1		0.249406
137.2		0.249406
137.3		0.249406
137.4		0.249406
137.5		0.249406
137.6		0.249406
137.7		0.249406
137.8		0.249406
137.9		0.249406
138		0.249406
138.1		0.250731
138.2		0.250731
138.3		0.250731
138.4		0.250731
138.5		0.250731
138.6		0.250731
138.7		0.250731
138.8		0.250731
138.9		0.250731
139		0.250731
139.1		0.251996
139.2		0.251996
139.3		0.251996
139.4		0.251996
139.5		0.251996
139.6		0.251996
139.7		0.251996
139.8		0.251996
139.9		0.251996
140		0.251996
140.1		0.254317
140.2		0.254317
140.3		0.254317
140.4		0.254317
140.5		0.254317
140.6		0.254317
140.7		0.254317
140.8		0.254317
140.9		0.254317
141		0.254317
141.1		0.256758
141.2		0.256758
141.3		0.256758
141.4		0.256758
141.5		0.256758
141.6		0.256758
141.7		0.256758
141.8		0.256758
141.9		0.256758
142		0.256758
142.1		0.26107
142.2		0.26107
142.3		0.26107
142.4		0.26107
142.5		0.26107
142.6		0.26107
142.7		0.26107
142.8		0.26107
142.9		0.26107
143		0.26107
143.1		0.262142
143.2		0.262142
143.3		0.262142
143.4		0.262142
143.5		0.262142
143.6		0.262142
143.7		0.262142
143.8		0.262142
143.9		0.262142
144		0.262142
144.1		0.262541
144.2		0.262541
144.3		0.262541
144.4		0.262541
144.5		0.262541
144.6		0.262541
144.7		0.262541
144.8		0.262541
144.9		0.262541
145		0.262541
145.1		0.264656
145.2		0.264656
145.3		0.264656
145.4		0.264656
145.5		0.264656
145.6		0.264656
145.7		0.264656
145.8		0.264656
145.9		0.264656
146		0.264656
146.1		0.265759
146.2		0.265759
146.3		0.265759
146.4		0.265759
146.5		0.265759
146.6		0.265759
146.7		0.265759
146.8		0.265759
146.9		0.265759
147		0.265759
147.1		0.269515
147.2		0.269515
147.3		0.269515
147.4		0.269515
147.5		0.269515
147.6		0.269515
147.7		0.269515
147.8		0.269515
147.9		0.269515
148		0.269515
148.1		0.27225
148.2		0.27225
148.3		0.27225
148.4		0.27225
148.5		0.27225
148.6		0.27225
148.7		0.27225
148.8		0.27225
148.9		0.27225
149		0.27225
149.1		0.273417
149.2		0.273417
149.3		0.273417
149.4		0.273417
149.5		0.273417
149.6		0.273417
149.7		0.273417
149.8		0.273417
149.9		0.273417
150		0.273417
150.1		0.276528
150.2		0.276528
150.3		0.276528
150.4		0.276528
150.5		0.276528
150.6		0.276528
150.7		0.276528
150.8		0.276528
150.9		0.276528
151		0.276528
151.1		0.278735
151.2		0.278735
151.3		0.278735
151.4		0.278735
151.5		0.278735
151.6		0.278735
151.7		0.278735
151.8		0.278735
151.9		0.278735
152		0.278735
152.1		0.278963
152.2		0.278963
152.3		0.278963
152.4		0.278963
152.5		0.278963
152.6		0.278963
152.7		0.278963
152.8		0.278963
152.9		0.278963
153		0.278963
153.1		0.282084
153.2		0.282084
153.3		0.282084
153.4		0.282084
153.5		0.282084
153.6		0.282084
153.7		0.282084
153.8		0.282084
153.9		0.282084
154		0.282084
154.1		0.28227
154.2		0.28227
154.3		0.28227
154.4		0.28227
154.5		0.28227
154.6		0.28227
154.7		0.28227
154.8		0.28227
154.9		0.28227
155		0.28227
155.1		0.2854
155.2		0.2854
155.3		0.2854
155.4		0.2854
155.5		0.2854
155.6		0.2854
155.7		0.2854
155.8		0.2854
155.9		0.2854
156		0.2854
156.1		0.288379
156.2		0.288379
156.3		0.288379
156.4		0.288379
156.5		0.288379
156.6		0.288379
156.7		0.288379
156.8		0.288379
156.9		0.288379
157		0.288379
157.1		0.28866
157.2		0.28866
157.3		0.28866
157.4		0.28866
157.5		0.28866
157.6		0.28866
157.7		0.28866
157.8		0.28866
157.9		0.28866
158		0.28866
158.1		0.289451
158.2		0.289451
158.3		0.289451
158.4		0.289451
158.5		0.289451
158.6		0.289451
158.7		0.289451
158.8		0.289451
158.9		0.289451
159		0.289451
159.1		0.291933
159.2		0.291933
159.3		0.291933
159.4		0.291933
159.5		0.291933
159.6		0.291933
159.7		0.291933
159.8		0.291933
159.9		0.291933
160		0.291933
160.1		0.294902
160.2		0.294902
160.3		0.294902
160.4		0.294902
160.5		0.294902
160.6		0.294902
160.7		0.294902
160.8		0.294902
160.9		0.294902
161		0.294902
161.1		0.29555
161.2		0.29555
161.3		0.29555
161.4		0.29555
161.5		0.29555
161.6		0.29555
161.7		0.29555
161.8		0.29555
161.9		0.29555
162		0.29555
162.1		0.301456
162.2		0.301456
162.3		0.301456
162.4		0.301456
162.5		0.301456
162.6		0.301456
162.7		0.301456
162.8		0.301456
162.9		0.301456
163		0.301456
163.1		0.301624
163.2		0.301624
163.3		0.301624
163.4		0.301624
163.5		0.301624
163.6		0.301624
163.7		0.301624
163.8		0.301624
163.9		0.301624
164		0.301624
164.1		0.30224
164.2		0.30224
164.3		0.30224
164.4		0.30224
164.5		0.30224
164.6		0.30224
164.7		0.30224
164.8		0.30224
164.9		0.30224
165		0.30224
165.1		0.304077
165.2		0.304077
165.3		0.304077
165.4		0.304077
165.5		0.304077
165.6		0.304077
165.7		0.304077
165.8		0.304077
165.9		0.304077
166		0.304077
166.1		0.306145
166.2		0.306145
166.3		0.306145
166.4		0.306145
166.5		0.306145
166.6		0.306145
166.7		0.306145
166.8		0.306145
166.9		0.306145
167		0.306145
167.1		0.309408
167.2		0.309408
167.3		0.309408
167.4		0.309408
167.5		0.309408
167.6		0.309408
167.7		0.309408
167.8		0.309408
167.9		0.309408
168		0.309408
168.1		0.312427
168.2		0.312427
168.3		0.312427
168.4		0.312427
168.5		0.312427
168.6		0.312427
168.7		0.312427
168.8		0.312427
168.9		0.312427
169		0.312427
169.1		0.313363
169.2		0.313363
169.3		0.313363
169.4		0.313363
169.5		0.313363
169.6		0.313363
169.7		0.313363
169.8		0.313363
169.9		0.313363
170		0.313363
170.1		0.316772
170.2		0.316772
170.3		0.316772
170.4		0.316772
170.5		0.316772
170.6		0.316772
170.7		0.316772
170.8		0.316772
170.9		0.316772
171		0.316772
171.1		0.317031
171.2		0.317031
171.3		0.317031
171.4		0.317031
171.5		0.317031
171.6		0.317031
171.7		0.317031
171.8		0.317031
171.9		0.317031
172		0.317031
172.1		0.317752
172.2		0.317752
172.3		0.317752
172.4		0.317752
172.5		0.317752
172.6		0.317752
172.7		0.317752
172.8		0.317752
172.9		0.317752
173		0.317752
173.1		0.318836
173.2		0.318836
173.3		0.318836
173.4		0.318836
173.5		0.318836
173.6		0.318836
173.7		0.318836
173.8		0.318836
173.9		0.318836
174		0.318836
174.1		0.323971
174.2		0.323971
174.3		0.323971
174.4		0.323971
174.5		0.323971
174.6		0.323971
174.7		0.323971
174.8		0.323971
174.9		0.323971
175		0.323971
175.1		0.326991
175.2		0.326991
175.3		0.326991
175.4		0.326991
175.5		0.326991
175.6		0.326991
175.7		0.326991
175.8		0.326991
175.9		0.326991
176		0.326991
176.1		0.328353
176.2		0.328353
176.3		0.328353
176.4		0.328353
176.5		0.328353
176.6		0.328353
176.7		0.328353
176.8		0.328353
176.9		0.328353
177		0.328353
177.1		0.329176
177.2		0.329176
177.3		0.329176
177.4		0.329176
177.5		0.329176
177.6		0.329176
177.7		0.329176
177.8		0.329176
177.9		0.329176
178		0.329176
178.1		0.32964
178.2		0.32964
178.3		0.32964
178.4		0.32964
178.5		0.32964
178.6		0.32964
178.7		0.32964
178.8		0.32964
178.9		0.32964
179		0.32964
179.1		0.332597
179.2		0.332597
179.3		0.332597
179.4		0.332597
179.5		0.332597
179.6		0.332597
179.7		0.332597
179.8		0.332597
179.9		0.332597
180		0.332597
180.1		0.33486
180.2		0.33486
180.3		0.33486
180.4		0.33486
180.5		0.33486
180.6		0.33486
180.7		0.33486
180.8		0.33486
180.9		0.33486
181		0.33486
181.1		0.338759
181.2		0.338759
181.3		0.338759
181.4		0.338759
181.5		0.338759
181.6		0.338759
181.7		0.338759
181.8		0.338759
181.9		0.338759
182		0.338759
182.1		0.340239
182.2		0.340239
182.3		0.340239
182.4		0.340239
182.5		0.340239
182.6		0.340239
182.7		0.340239
182.8		0.340239
182.9		0.340239
183		0.340239
183.1		0.340482
183.2		0.340482
183.3		0.340482
183.4		0.340482
183.5		0.340482
183.6		0.340482
183.7		0.340482
183.8		0.340482
183.9		0.340482
184		0.340482
184.1		0.343211
184.2		0.343211
184.3		0.343211
184.4		0.343211
184.5		0.343211
184.6		0.343211
184.7		0.343211
184.8		0.343211
184.9		0.343211
185		0.343211
185.1		0.345389
185.2		0.345389
185.3		0.345389
185.4		0.345389
185.5		0.345389
185.6		0.345389
185.7		0.345389
185.8		0.345389
185.9		0.345389
186		0.345389
186.1		0.346246
186.2		0.346246
186.3		0.346246
186.4		0.346246
186.5		0.346246
186.6		0.346246
186.7		0.346246
186.8		0.346246
186.9		0.346246
187		0.346246
187.1		0.350862
187.2		0.350862
187.3		0.350862
187.4		0.350862
187.5		0.350862
187.6		0.350862
187.7		0.350862
187.8		0.350862
187.9		0.350862
188		0.350862
188.1		0.35287
188.2		0.35287
188.3		0.35287
188.4		0.35287
188.5		0.35287
188.6		0.35287
188.7		0.35287
188.8		0.35287
188.9		0.35287
189		0.35287
189.1		0.353458
189.2		0.353458
189.3		0.353458
189.4		0.353458
189.5		0.353458
189.6		0.353458
189.7		0.353458
189.8		0.353458
189.9		0.353458
190		0.353458
190.1		0.35533
190.2		0.35533
190.3		0.35533
190.4		0.35533
190.5		0.35533
190.6		0.35533
190.7		0.35533
190.8		0.35533
190.9		0.35533
191		0.35533
191.1		0.355678
191.2		0.355678
191.3		0.355678
191.4		0.355678
191.5		0.355678
191.6		0.355678
191.7		0.355678
191.8		0.355678
191.9		0.355678
192		0.355678
192.1		0.361878
192.2		0.361878
192.3		0.361878
192.4		0.361878
192.5		0.361878
192.6		0.361878
192.7		0.361878
192.8		0.361878
192.9		0.361878
193		0.361878
193.1		0.362441
193.2		0.362441
193.3		0.362441
193.4		0.362441
193.5		0.362441
193.6		0.362441
193.7		0.362441
193.8		0.362441
193.9		0.362441
194		0.362441
194.1		0.362757
194.2		0.362757
194.3		0.362757
194.4		0.362757
194.5		0.362757
194.6		0.362757
194.7		0.362757
194.8		0.362757
194.9		0.362757
195		0.362757
195.1		0.363424
195.2		0.363424
195.3		0.363424
195.4		0.363424
195.5		0.363424
195.6		0.363424
195.7		0.363424
195.8		0.363424
195.9		0.363424
196		0.363424
196.1		0.368218
196.2		0.368218
196.3		0.368218
196.4		0.368218
196.5		0.368218
196.6		0.368218
196.7		0.368218
196.8		0.368218
196.9		0.368218
197		0.368218
197.1		0.369545
197.2		0.369545
197.3		0.369545
197.4		0.369545
197.5		0.369545
197.6		0.369545
197.7		0.369545
197.8		0.369545
197.9		0.369545
198		0.369545
198.1		0.373378
198.2		0.373378
198.3		0.373378
198.4		0.373378
198.5		0.373378
198.6		0.373378
198.7		0.373378
198.8		0.373378
198.9		0.373378
199		0.373378
199.1		0.37389
199.2		0.37389
199.3		0.37389
199.4		0.37389
199.5		0.37389
199.6		0.37389
199.7		0.37389
199.8		0.37389
199.9		0.37389
200		0.37389
200.1		0.375155
200.2		0.375155
200.3		0.375155
200.4		0.375155
200.5		0.375155
200.6		0.375155
200.7		0.375155
200.8		0.375155
200.9		0.375155
201		0.375155
201.1		0.379037
201.2		0.379037
201.3		0.379037
201.4		0.379037
201.5		0.379037
201.6		0.379037
201.7		0.379037
201.8		0.379037
201.9		0.379037
202		0.379037
202.1		0.381054
202.2		0.381054
202.3		0.381054
202.4		0.381054
202.5		0.381054
202.6		0.381054
202.7		0.381054
202.8		0.381054
202.9		0.381054
203		0.381054
203.1		0.381845
203.2		0.381845
203.3		0.381845
203.4		0.381845
203.5		0.381845
203.6		0.381845
203.7		0.381845
203.8		0.381845
203.9		0.381845
204		0.381845
204.1		0.384273
204.2		0.384273
204.3		0.384273
204.4		0.384273
204.5		0.384273
204.6		0.384273
204.7		0.384273
204.8		0.384273
204.9		0.384273
205		0.384273
205.1		0.386325
205.2		0.386325
205.3		0.386325
205.4		0.386325
205.5		0.386325
205.6		0.386325
205.7		0.386325
205.8		0.386325
205.9		0.386325
206		0.386325
206.1		0.389063
206.2		0.389063
206.3		0.389063
206.4		0.389063
206.5		0.389063
206.6		0.389063
206.7		0.389063
206.8		0.389063
206.9		0.389063
207		0.389063
207.1		0.391571
207.2		0.391571
207.3		0.391571
207.4		0.391571
207.5		0.391571
207.6		0.391571
207.7		0.391571
207.8		0.391571
207.9		0.391571
208		0.391571
208.1		0.394438
208.2		0.394438
208.3		0.394438
208.4		0.394438
208.5		0.394438
208.6		0.394438
208.7		0.394438
208.8		0.394438
208.9		0.394438
209		0.394438
209.1		0.395219
209.2		0.395219
209.3		0.395219
209.4		0.395219
209.5		0.395219
209.6		0.395219
209.7		0.395219
209.8		0.395219
209.9		0.395219
210		0.395219
210.1		0.397135
210.2		0.397135
210.3		0.397135
210.4		0.397135
210.5		0.397135
210.6		0.397135
210.7		0.397135
210.8		0.397135
210.9		0.397135
211		0.397135
211.1		0.397464
211.2		0.397464
211.3		0.397464
211.4		0.397464
211.5		0.397464
211.6		0.397464
211.7		0.397464
211.8		0.397464
211.9		0.397464
212		0.397464
212.1		0.399361
212.2		0.399361
212.3		0.399361
212.4		0.399361
212.5		0.399361
212.6		0.399361
212.7		0.399361
212.8		0.399361
212.9		0.399361
213		0.399361
213.1		0.402204
213.2		0.402204
213.3		0.402204
213.4		0.402204
213.5		0.402204
213.6		0.402204
213.7		0.402204
213.8		0.402204
213.9		0.402204
214		0.402204
214.1		0.405802
214.2		0.405802
214.3		0.405802
214.4		0.405802
214.5		0.405802
214.6		0.405802
214.7		0.405802
214.8		0.405802
214.9		0.405802
215		0.405802
215.1		0.407399
215.2		0.407399
215.3		0.407399
215.4		0.407399
215.5		0.407399
215.6		0.407399
215.7		0.407399
215.8		0.407399
215.9		0.407399
216		0.407399
216.1		0.407696
216.2		0.407696
216.3		0.407696
216.4		0.407696
216.5		0.407696
216.6		0.407696
216.7		0.407696
216.8		0.407696
216.9		0.407696
217		0.407696
217.1		0.408382
217.2		0.408382
217.3		0.408382
217.4		0.408382
217.5		0.408382
217.6		0.408382
217.7		0.408382
217.8		0.408382
217.9		0.408382
218		0.408382
218.1		0.413545
218.2		0.413545
218.3		0.413545
218.4		0.413545
218.5		0.413545
218.6		0.413545
218.7		0.413545
218.8		0.413545
218.9		0.413545
219		0.413545
219.1		0.414048
219.2		0.414048
219.3		0.414048
219.4		0.414048
219.5		0.414048
219.6		0.414048
219.7		0.414048
219.8		0.414048
219.9		0.414048
220		0.414048
220.1		0.418168
220.2		0.418168
220.3		0.418168
220.4		0.418168
220.5		0.418168
220.6		0.418168
220.7		0.418168
220.8		0.418168
220.9		0.418168
221		0.418168
221.1		0.419983
221.2		0.419983
221.3		0.419983
221.4		0.419983
221.5		0.419983
221.6		0.419983
221.7		0.419983
221.8		0.419983
221.9		0.419983
222		0.419983
222.1		0.420476
222.2		0.420476
222.3		0.420476
222.4		0.420476
222.5		0.420476
222.6		0.420476
222.7		0.420476
222.8		0.420476
222.9		0.420476
223		0.420476
223.1		0.421431
223.2		0.421431
223.3		0.421431
223.4		0.421431
223.5		0.421431
223.6		0.421431
223.7		0.421431
223.8		0.421431
223.9		0.421431
224		0.421431
224.1		0.425279
224.2		0.425279
224.3		0.425279
224.4		0.425279
224.5		0.425279
224.6		0.425279
224.7		0.425279
224.8		0.425279
224.9		0.425279
225		0.425279
225.1		0.426196
225.2		0.426196
225.3		0.426196
225.4		0.426196
225.5		0.426196
225.6		0.426196
225.7		0.426196
225.8		0.426196
225.9		0.426196
226		0.426196
226.1		0.429427
226.2		0.429427
226.3		0.429427
226.4		0.429427
226.5		0.429427
226.6		0.429427
226.7		0.429427
226.8		0.429427
226.9		0.429427
227		0.429427
227.1		0.431583
227.2		0.431583
227.3		0.431583
227.4		0.431583
227.5		0.431583
227.6		0.431583
227.7		0.431583
227.8		0.431583
227.9		0.431583
228		0.431583
228.1		0.432446
228.2		0.432446
228.3		0.432446
228.4		0.432446
228.5		0.432446
228.6		0.432446
228.7		0.432446
228.8		0.432446
228.9		0.432446
229		0.432446
229.1		0.434903
229.2		0.434903
229.3		0.434903
229.4		0.434903
229.5		0.434903
229.6		0.434903
229.7		0.434903
229.8		0.434903
229.9		0.434903
230		0.434903
230.1		0.436279
230.2		0.436279
230.3		0.436279
230.4		0.436279
230.5		0.436279
230.6		0.436279
230.7		0.436279
230.8		0.436279
230.9		0.436279
231		0.436279
231.1		0.439317
231.2		0.439317
231.3		0.439317
231.4		0.439317
231.5		0.439317
231.6		0.439317
231.7		0.439317
231.8		0.439317
231.9		0.439317
232		0.439317
232.1		0.440942
232.2		0.440942
232.3		0.440942
232.4		0.440942
232.5		0.440942
232.6		0.440942
232.7		0.440942
232.8		0.440942
232.9		0.440942
233		0.440942
233.1		0.444072
233.2		0.444072
233.3		0.444072
233.4		0.444072
233.5		0.444072
233.6		0.444072
233.7		0.444072
233.8		0.444072
233.9		0.444072
234		0.444072
234.1		0.445362
234.2		0.445362
234.3		0.445362
234.4		0.445362
234.5		0.445362
234.6		0.445362
234.7		0.445362
234.8		0.445362
234.9		0.445362
235		0.445362
235.1		0.445543
235.2		0.445543
235.3		0.445543
235.4		0.445543
235.5		0.445543
235.6		0.445543
235.7		0.445543
235.8		0.445543
235.9		0.445543
236		0.445543
236.1		0.448091
236.2		0.448091
236.3		0.448091
236.4		0.448091
236.5		0.448091
236.6		0.448091
236.7		0.448091
236.8		0.448091
236.9		0.448091
237		0.448091
237.1		0.452046
237.2		0.452046
237.3		0.452046
237.4		0.452046
237.5		0.452046
237.6		0.452046
237.7		0.452046
237.8		0.452046
237.9		0.452046
238		0.452046
238.1		0.45284
238.2		0.45284
238.3		0.45284
238.4		0.45284
238.5		0.45284
238.6		0.45284
238.7		0.45284
238.8		0.45284
238.9		0.45284
239		0.45284
239.1		0.452944
239.2		0.452944
239.3		0.452944
239.4		0.452944
239.5		0.452944
239.6		0.452944
239.7		0.452944
239.8		0.452944
239.9		0.452944
240		0.452944
240.1		0.459227
240.2		0.459227
240.3		0.459227
240.4		0.459227
240.5		0.459227
240.6		0.459227
240.7		0.459227
240.8		0.459227
240.9		0.459227
241		0.459227
241.1		0.460043
241.2		0.460043
241.3		0.460043
241.4		0.460043
241.5		0.460043
241.6		0.460043
241.7		0.460043
241.8		0.460043
241.9		0.460043
242		0.460043
242.1		0.460969
242.2		0.460969
242.3		0.460969
242.4		0.460969
242.5		0.460969
242.6		0.460969
242.7		0.460969
242.8		0.460969
242.9		0.460969
243		0.460969
243.1		0.463533
243.2		0.463533
243.3		0.463533
243.4		0.463533
243.5		0.463533
243.6		0.463533
243.7		0.463533
243.8		0.463533
243.9		0.463533
244		0.463533
244.1		0.46617
244.2		0.46617
244.3		0.46617
244.4		0.46617
244.5		0.46617
244.6		0.46617
244.7		0.46617
244.8		0.46617
244.9		0.46617
245		0.46617
245.1		0.466847
245.2		0.466847
245.3		0.466847
245.4		0.466847
245.5		0.466847
245.6		0.466847
245.7		0.466847
245.8		0.466847
245.9		0.466847
246		0.466847
246.1		0.471156
246.2		0.471156
246.3		0.471156
246.4		0.471156
246.5		0.471156
246.6		0.471156
246.7		0.471156
246.8		0.471156
246.9		0.471156
247		0.471156
247.1		0.472952
247.2		0.472952
247.3		0.472952
247.4		0.472952
247.5		0.472952
247.6		0.472952
247.7		0.472952
247.8		0.472952
247.9		0.472952
248		0.472952
248.1		0.473882
248.2		0.473882
248.3		0.473882
248.4		0.473882
248.5		0.473882
248.6		0.473882
248.7		0.473882
248.8		0.473882
248.9		0.473882
249		0.473882
249.1		0.47563
249.2		0.47563
249.3		0.47563
249.4		0.47563
249.5		0.47563
249.6		0.47563
249.7		0.47563
249.8		0.47563
249.9		0.47563
250		0.47563
250.1		0.476
250.2		0.476
250.3		0.476
250.4		0.476
250.5		0.476
250.6		0.476
250.7		0.476
250.8		0.476
250.9		0.476
251		0.476
251.1		0.478267
251.2		0.478267
251.3		0.478267
251.4		0.478267
251.5		0.478267
251.6		0.478267
251.7		0.478267
251.8		0.478267
251.9		0.478267
252		0.478267
252.1		0.48203
252.2		0.48203
252.3		0.48203
252.4		0.48203
252.5		0.48203
252.6		0.48203
252.7		0.48203
252.8		0.48203
252.9		0.48203
253		0.48203
253.1		0.485018
253.2		0.485018
253.3		0.485018
253.4		0.485018
253.5		0.485018
253.6		0.485018
253.7		0.485018
253.8		0.485018
253.9		0.485018
254		0.485018
254.1		0.485698
254.2		0.485698
254.3		0.485698
254.4		0.485698
254.5		0.485698
254.6		0.485698
254.7		0.485698
254.8		0.485698
254.9		0.485698
255		0.485698
255.1		0.4886
255.2		0.4886
255.3		0.4886
255.4		0.4886
255.5		0.4886
255.6		0.4886
255.7		0.4886
255.8		0.4886
255.9		0.4886
256		0.4886
256.1		0.488749
256.2		0.488749
256.3		0.488749
256.4		0.488749
256.5		0.488749
256.6		0.488749
256.7		0.488749
256.8		0.488749
256.9		0.488749
257		0.488749
257.1		0.492072
257.2		0.492072
257.3		0.492072
257.4		0.492072
257.5		0.492072
257.6		0.492072
257.7		0.492072
257.8		0.492072
257.9		0.492072
258		0.492072
258.1		0.492622
258.2		0.492622
258.3		0.492622
258.4		0.492622
258.5		0.492622
258.6		0.492622
258.7		0.492622
258.8		0.492622
258.9		0.492622
259		0.492622
259.1		0.49763
259.2		0.49763
259.3		0.49763
259.4		0.49763
259.5		0.49763
259.6		0.49763
259.7		0.49763
259.8		0.49763
259.9		0.49763
260		0.49763
260.1		0.498152
260.2		0.498152
260.3		0.498152
260.4		0.498152
260.5		0.498152
260.6		0.498152
260.7		0.498152
260.8		0.498152
260.9		0.498152
261		0.498152
261.1		0.499951
261.2		0.499951
261.3		0.499951
261.4		0.499951
261.5		0.499951
261.6		0.499951
261.7		0.499951
261.8		0.499951
261.9		0.499951
262		0.499951
262.1		0.500896
262.2		0.500896
262.3		0.500896
262.4		0.500896
262.5		0.500896
262.6		0.500896
262.7		0.500896
262.8		0.500896
262.9		0.500896
263		0.500896
263.1		0.503189
263.2		0.503189
263.3		0.503189
263.4		0.503189
263.5		0.503189
263.6		0.503189
263.7		0.503189
263.8		0.503189
263.9		0.503189
264		0.503189
264.1		0.504826
264.2		0.504826
264.3		0.504826
264.4		0.504826
264.5		0.504826
264.6		0.504826
264.7		0.504826
264.8		0.504826
264.9		0.504826
265		0.504826
265.1		0.50986
265.2		0.50986
265.3		0.50986
265.4		0.50986
265.5		0.50986
265.6		0.50986
265.7		0.50986
265.8		0.50986
265.9		0.50986
266		0.50986
266.1		0.510673
266.2		0.510673
266.3		0.510673
266.4		0.510673
266.5		0.510673
266.6		0.510673
266.7		0.510673
266.8		0.510673
266.9		0.510673
267		0.510673
267.1		0.51213
267.2		0.51213
267.3		0.51213
267.4		0.51213
267.5		0.51213
267.6		0.51213
267.7		0.51213
267.8		0.51213
267.9		0.51213
268		0.51213
268.1		0.512472
268.2		0.512472
268.3		0.512472
268.4		0.512472
268.5		0.512472
268.6		0.512472
268.7		0.512472
268.8		0.512472
268.9		0.512472
269		0.512472
269.1		0.514524
269.2		0.514524
269.3		0.514524
269.4		0.514524
269.5		0.514524
269.6		0.514524
269.7		0.514524
269.8		0.514524
269.9		0.514524
270		0.514524
270.1		0.51858
270.2		0.51858
270.3		0.51858
270.4		0.51858
270.5		0.51858
270.6		0.51858
270.7		0.51858
270.8		0.51858
270.9		0.51858
271		0.51858
271.1		0.522662
271.2		0.522662
271.3		0.522662
271.4		0.522662
271.5		0.522662
271.6		0.522662
271.7		0.522662
271.8		0.522662
271.9		0.522662
272		0.522662
272.1		0.524202
272.2		0.524202
272.3		0.524202
272.4		0.524202
272.5		0.524202
272.6		0.524202
272.7		0.524202
272.8		0.524202
272.9		0.524202
273		0.524202
273.1		0.524474
273.2		0.524474
273.3		0.524474
273.4		0.524474
273.5		0.524474
273.6		0.524474
273.7		0.524474
273.8		0.524474
273.9		0.524474
274		0.524474
274.1		0.526308
274.2		0.526308
274.3		0.526308
274.4		0.526308
274.5		0.526308
274.6		0.526308
274.7		0.526308
274.8		0.526308
274.9		0.526308
275		0.526308
275.1		0.528983
275.2		0.528983
275.3		0.528983
275.4		0.528983
275.5		0.528983
275.6		0.528983
275.7		0.528983
275.8		0.528983
275.9		0.528983
276		0.528983
276.1		0.531319
276.2		0.531319
276.3		0.531319
276.4		0.531319
276.5		0.531319
276.6		0.531319
276.7		0.531319
276.8		0.531319
276.9		0.531319
277		0.531319
277.1		0.532312
277.2		0.532312
277.3		0.532312
277.4		0.532312
277.5		0.532312
277.6		0.532312
277.7		0.532312
277.8		0.532312
277.9		0.532312
278		0.532312
278.1		0.534772
278.2		0.534772
278.3		0.534772
278.4		0.534772
278.5		0.534772
278.6		0.534772
278.7		0.534772
278.8		0.534772
278.9		0.534772
279		0.534772
279.1		0.537447
279.2		0.537447
279.3		0.537447
279.4		0.537447
279.5		0.537447
279.6		0.537447
279.7		0.537447
279.8		0.537447
279.9		0.537447
280		0.537447
280.1		0.538392
280.2		0.538392
280.3		0.538392
280.4		0.538392
280.5		0.538392
280.6		0.538392
280.7		0.538392
280.8		0.538392
280.9		0.538392
281		0.538392
281.1		0.538699
281.2		0.538699
281.3		0.538699
281.4		0.538699
281.5		0.538699
281.6		0.538699
281.7		0.538699
281.8		0.538699
281.9		0.538699
282		0.538699
282.1		0.543641
282.2		0.543641
282.3		0.543641
282.4		0.543641
282.5		0.543641
282.6		0.543641
282.7		0.543641
282.8		0.543641
282.9		0.543641
283		0.543641
283.1		0.545057
283.2		0.545057
283.3		0.545057
283.4		0.545057
283.5		0.545057
283.6		0.545057
283.7		0.545057
283.8		0.545057
283.9		0.545057
284		0.545057
284.1		0.54881
284.2		0.54881
284.3		0.54881
284.4		0.54881
284.5		0.54881
284.6		0.54881
284.7		0.54881
284.8		0.54881
284.9		0.54881
285		0.54881
285.1		0.551523
285.2		0.551523
285.3		0.551523
285.4		0.551523
285.5		0.551523
285.6		0.551523
285.7		0.551523
285.8		0.551523
285.9		0.551523
286		0.551523
286.1		0.55385
286.2		0.55385
286.3		0.55385
286.4		0.55385
286.5		0.55385
286.6		0.55385
286.7		0.55385
286.8		0.55385
286.9		0.55385
287		0.55385
287.1		0.554571
287.2		0.554571
287.3		0.554571
287.4		0.554571
287.5		0.554571
287.6		0.554571
287.7		0.554571
287.8		0.554571
287.9		0.554571
288		0.554571
288.1		0.555678
288.2		0.555678
288.3		0.555678
288.4		0.555678
288.5		0.555678
288.6		0.555678
288.7		0.555678
288.8		0.555678
288.9		0.555678
289		0.555678
289.1		0.562305
289.2		0.562305
289.3		0.562305
289.4		0.562305
289.5		0.562305
289.6		0.562305
289.7		0.562305
289.8		0.562305
289.9		0.562305
290		0.562305
290.1		0.562305
290.2		0.562305
290.3		0.562305
290.4		0.562305
290.5		0.562305
290.6		0.562305
290.7		0.562305
290.8		0.562305
290.9		0.562305
291		0.562305
291.1		0.56351
291.2		0.56351
291.3		0.56351
291.4		0.56351
291.5		0.56351
291.6		0.56351
291.7		0.56351
291.8		0.56351
291.9		0.56351
292		0.56351
292.1		0.563674
292.2		0.563674
292.3		0.563674
292.4		0.563674
292.5		0.563674
292.6		0.563674
292.7		0.563674
292.8		0.563674
292.9		0.563674
293		0.563674
293.1		0.564607
293.2		0.564607
293.3		0.564607
293.4		0.564607
293.5		0.564607
293.6		0.564607
293.7		0.564607
293.8		0.564607
293.9		0.564607
294		0.564607
294.1		0.57167
294.2		0.57167
294.3		0.57167
294.4		0.57167
294.5		0.57167
294.6		0.57167
294.7		0.57167
294.8		0.57167
294.9		0.57167
295		0.57167
295.1		0.571885
295.2		0.571885
295.3		0.571885
295.4		0.571885
295.5		0.571885
295.6		0.571885
295.7		0.571885
295.8		0.571885
295.9		0.571885
296		0.571885
296.1		0.575717
296.2		0.575717
296.3		0.575717
296.4		0.575717
296.5		0.575717
296.6		0.575717
296.7		0.575717
296.8		0.575717
296.9		0.575717
297		0.575717
297.1		0.578724
297.2		0.578724
297.3		0.578724
297.4		0.578724
297.5		0.578724
297.6		0.578724
297.7		0.578724
297.8		0.578724
297.9		0.578724
298		0.578724
298.1		0.583723
298.2		0.583723
298.3		0.583723
298.4		0.583723
298.5		0.583723
298.6		0.583723
298.7		0.583723
298.8		0.583723
298.9		0.583723
299		0.583723
299.1		0.585
299.2		0.585
299.3		0.585
299.4		0.585
299.5		0.585
299.6		0.585
299.7		0.585
299.8		0.585
299.9		0.585
300		0.585
300.1		0.588889
300.2		0.588889
300.3		0.588889
300.4		0.588889
300.5		0.588889
300.6		0.588889
300.7		0.588889
300.8		0.588889
300.9		0.588889
301		0.588889
301.1		0.589127
301.2		0.589127
301.3		0.589127
301.4		0.589127
301.5		0.589127
301.6		0.589127
301.7		0.589127
301.8		0.589127
301.9		0.589127
302		0.589127
302.1		0.590309
302.2		0.590309
302.3		0.590309
302.4		0.590309
302.5		0.590309
302.6		0.590309
302.7		0.590309
302.8		0.590309
302.9		0.590309
303		0.590309
303.1		0.596652
303.2		0.596652
303.3		0.596652
303.4		0.596652
303.5		0.596652
303.6		0.596652
303.7		0.596652
303.8		0.596652
303.9		0.596652
304		0.596652
304.1		0.596971
304.2		0.596971
304.3		0.596971
304.4		0.596971
304.5		0.596971
304.6		0.596971
304.7		0.596971
304.8		0.596971
304.9		0.596971
305		0.596971
305.1		0.597976
305.2		0.597976
305.3		0.597976
305.4		0.597976
305.5		0.597976
305.6		0.597976
305.7		0.597976
305.8		0.597976
305.9		0.597976
306		0.597976
306.1		0.601135
306.2		0.601135
306.3		0.601135
306.4		0.601135
306.5		0.601135
306.6		0.601135
306.7		0.601135
306.8		0.601135
306.9		0.601135
307		0.601135
307.1		0.60142
307.2		0.60142
307.3		0.60142
307.4		0.60142
307.5		0.60142
307.6		0.60142
307.7		0.60142
307.8		0.60142
307.9		0.60142
308		0.60142
308.1		0.604107
308.2		0.604107
308.3		0.604107
308.4		0.604107
308.5		0.604107
308.6		0.604107
308.7		0.604107
308.8		0.604107
308.9		0.604107
309		0.604107
309.1		0.607686
309.2		0.607686
309.3		0.607686
309.4		0.607686
309.5		0.607686
309.6		0.607686
309.7		0.607686
309.8		0.607686
309.9		0.607686
310		0.607686
310.1		0.607927
310.2		0.607927
310.3		0.607927
310.4		0.607927
310.5		0.607927
310.6		0.607927
310.7		0.607927
310.8		0.607927
310.9		0.607927
311		0.607927
311.1		0.609732
311.2		0.609732
311.3		0.609732
311.4		0.609732
311.5		0.609732
311.6		0.609732
311.7		0.609732
311.8		0.609732
311.9		0.609732
312		0.609732
312.1		0.615256
312.2		0.615256
312.3		0.615256
312.4		0.615256
312.5		0.615256
312.6		0.615256
312.7		0.615256
312.8		0.615256
312.9		0.615256
313		0.615256
313.1		0.615806
313.2		0.615806
313.3		0.615806
313.4		0.615806
313.5		0.615806
313.6		0.615806
313.7		0.615806
313.8		0.615806
313.9		0.615806
314		0.615806
314.1		0.616312
314.2		0.616312
314.3		0.616312
314.4		0.616312
314.5		0.616312
314.6		0.616312
314.7		0.616312
314.8		0.616312
314.9		0.616312
315		0.616312
315.1		0.619771
315.2		0.619771
315.3		0.619771
315.4		0.619771
315.5		0.619771
315.6		0.619771
315.7		0.619771
315.8		0.619771
315.9		0.619771
316		0.619771
316.1		0.619907
316.2		0.619907
316.3		0.619907
316.4		0.619907
316.5		0.619907
316.6		0.619907
316.7		0.619907
316.8		0.619907
316.9		0.619907
317		0.619907
317.1		0.62236
317.2		0.62236
317.3		0.62236
317.4		0.62236
317.5		0.62236
317.6		0.62236
317.7		0.62236
317.8		0.62236
317.9		0.62236
318		0.62236
318.1		0.625797
318.2		0.625797
318.3		0.625797
318.4		0.625797
318.5		0.625797
318.6		0.625797
318.7		0.625797
318.8		0.625797
318.9		0.625797
319		0.625797
319.1		0.627546
319.2		0.627546
319.3		0.627546
319.4		0.627546
319.5		0.627546
319.6		0.627546
319.7		0.627546
319.8		0.627546
319.9		0.627546
320		0.627546
320.1		0.630755
320.2		0.630755
320.3		0.630755
320.4		0.630755
320.5		0.630755
320.6		0.630755
320.7		0.630755
320.8		0.630755
320.9		0.630755
321		0.630755
321.1		0.631808
321.2		0.631808
321.3		0.631808
321.4		0.631808
321.5		0.631808
321.6		0.631808
321.7		0.631808
321.8		0.631808
321.9		0.631808
322		0.631808
322.1		0.632883
322.2		0.632883
322.3		0.632883
322.4		0.632883
322.5		0.632883
322.6		0.632883
322.7		0.632883
322.8		0.632883
322.9		0.632883
323		0.632883
323.1		0.635026
323.2		0.635026
323.3		0.635026
323.4		0.635026
323.5		0.635026
323.6		0.635026
323.7		0.635026
323.8		0.635026
323.9		0.635026
324		0.635026
324.1		0.635286
324.2		0.635286
324.3		0.635286
324.4		0.635286
324.5		0.635286
324.6		0.635286
324.7		0.635286
324.8		0.635286
324.9		0.635286
325		0.635286
325.1		0.640402
325.2		0.640402
325.3		0.640402
325.4		0.640402
325.5		0.640402
325.6		0.640402
325.7		0.640402
325.8		0.640402
325.9		0.640402
326		0.640402
326.1		0.641258
326.2		0.641258
326.3		0.641258
326.4		0.641258
326.5		0.641258
326.6		0.641258
326.7		0.641258
326.8		0.641258
326.9		0.641258
327		0.641258
327.1		0.64294
327.2		0.64294
327.3		0.64294
327.4		0.64294
327.5		0.64294
327.6		0.64294
327.7		0.64294
327.8		0.64294
327.9		0.64294
328		0.64294
328.1		0.643193
328.2		0.643193
328.3		0.643193
328.4		0.643193
328.5		0.643193
328.6		0.643193
328.7		0.643193
328.8		0.643193
328.9		0.643193
329		0.643193
329.1		0.645242
329.2		0.645242
329.3		0.645242
329.4		0.645242
329.5		0.645242
329.6		0.645242
329.7		0.645242
329.8		0.645242
329.9		0.645242
330		0.645242
330.1		0.650393
330.2		0.650393
330.3		0.650393
330.4		0.650393
330.5		0.650393
330.6		0.650393
330.7		0.650393
330.8		0.650393
330.9		0.650393
331		0.650393
331.1		0.653103
331.2		0.653103
331.3		0.653103
331.4		0.653103
331.5		0.653103
331.6		0.653103
331.7		0.653103
331.8		0.653103
331.9		0.653103
332		0.653103
332.1		0.653336
332.2		0.653336
332.3		0.653336
332.4		0.653336
332.5		0.653336
332.6		0.653336
332.7		0.653336
332.8		0.653336
332.9		0.653336
333		0.653336
333.1		0.654285
333.2		0.654285
333.3		0.654285
333.4		0.654285
333.5		0.654285
333.6		0.654285
333.7		0.654285
333.8		0.654285
333.9		0.654285
334		0.654285
334.1		0.658196
334.2		0.658196
334.3		0.658196
334.4		0.658196
334.5		0.658196
334.6		0.658196
334.7		0.658196
334.8		0.658196
334.9		0.658196
335		0.658196
335.1		0.658424
335.2		0.658424
335.3		0.658424
335.4		0.658424
335.5		0.658424
335.6		0.658424
335.7		0.658424
335.8		0.658424
335.9		0.658424
336		0.658424
336.1		0.661693
336.2		0.661693
336.3		0.661693
336.4		0.661693
336.5		0.661693
336.6		0.661693
336.7		0.661693
336.8		0.661693
336.9		0.661693
337		0.661693
337.1		0.662174
337.2		0.662174
337.3		0.662174
337.4		0.662174
337.5		0.662174
337.6		0.662174
337.7		0.662174
337.8		0.662174
337.9		0.662174
338		0.662174
338.1		0.664978
338.2		0.664978
338.3		0.664978
338.4		0.664978
338.5		0.664978
338.6		0.664978
338.7		0.664978
338.8		0.664978
338.9		0.664978
339		0.664978
339.1		0.668861
339.2		0.668861
339.3		0.668861
339.4		0.668861
339.5		0.668861
339.6		0.668861
339.7		0.668861
339.8		0.668861
339.9		0.668861
340		0.668861
340.1		0.671103
340.2		0.671103
340.3		0.671103
340.4		0.671103
340.5		0.671103
340.6		0.671103
340.7		0.671103
340.8		0.671103
340.9		0.671103
341		0.671103
341.1		0.673642
341.2		0.673642
341.3		0.673642
341.4		0.673642
341.5		0.673642
341.6		0.673642
341.7		0.673642
341.8		0.673642
341.9		0.673642
342		0.673642
342.1		0.675741
342.2		0.675741
342.3		0.675741
342.4		0.675741
342.5		0.675741
342.6		0.675741
342.7		0.675741
342.8		0.675741
342.9		0.675741
343		0.675741
343.1		0.678558
343.2		0.678558
343.3		0.678558
343.4		0.678558
343.5		0.678558
343.6		0.678558
343.7		0.678558
343.8		0.678558
343.9		0.678558
344		0.678558
344.1		0.681818
344.2		0.681818
344.3		0.681818
344.4		0.681818
344.5		0.681818
344.6		0.681818
344.7		0.681818
344.8		0.681818
344.9		0.681818
345		0.681818
345.1		0.681916
345.2		0.681916
345.3		0.681916
345.4		0.681916
345.5		0.681916
345.6		0.681916
345.7		0.681916
345.8		0.681916
345.9		0.681916
346		0.681916
346.1		0.682368
346.2		0.682368
346.3		0.682368
346.4		0.682368
346.5		0.682368
346.6		0.682368
346.7		0.682368
346.8		0.682368
346.9		0.682368
347		0.682368
347.1		0.686083
347.2		0.686083
347.3		0.686083
347.4		0.686083
347.5		0.686083
347.6		0.686083
347.7		0.686083
347.8		0.686083
347.9		0.686083
348		0.686083
348.1		0.68989
348.2		0.68989
348.3		0.68989
348.4		0.68989
348.5		0.68989
348.6		0.68989
348.7		0.68989
348.8		0.68989
348.9		0.68989
349		0.68989
349.1		0.691288
349.2		0.691288
349.3		0.691288
349.4		0.691288
349.5		0.691288
349.6		0.691288
349.7		0.691288
349.8		0.691288
349.9		0.691288
350		0.691288
350.1		0.691288
350.2		0.691288
350.3		0.691288
350.4		0.691288
350.5		0.691288
350.6		0.691288
350.7		0.691288
350.8		0.691288
350.9		0.691288
351		0.691288
351.1		0.693099
351.2		0.693099
351.3		0.693099
351.4		0.693099
351.5		0.693099
351.6		0.693099
351.7		0.693099
351.8		0.693099
351.9		0.693099
352		0.693099
352.1		0.695607
352.2		0.695607
352.3		0.695607
352.4		0.695607
352.5		0.695607
352.6		0.695607
352.7		0.695607
352.8		0.695607
352.9		0.695607
353		0.695607
353.1		0.696837
353.2		0.696837
353.3		0.696837
353.4		0.696837
353.5		0.696837
353.6		0.696837
353.7		0.696837
353.8		0.696837
353.9		0.696837
354		0.696837
354.1		0.701696
354.2		0.701696
354.3		0.701696
354.4		0.701696
354.5		0.701696
354.6		0.701696
354.7		0.701696
354.8		0.701696
354.9		0.701696
355		0.701696
355.1		0.705434
355.2		0.705434
355.3		0.705434
355.4		0.705434
355.5		0.705434
355.6		0.705434
355.7		0.705434
355.8		0.705434
355.9		0.705434
356		0.705434
356.1		0.707878
356.2		0.707878
356.3		0.707878
356.4		0.707878
356.5		0.707878
356.6		0.707878
356.7		0.707878
356.8		0.707878
356.9		0.707878
357		0.707878
357.1		0.709041
357.2		0.709041
357.3		0.709041
357.4		0.709041
357.5		0.709041
357.6		0.709041
357.7		0.709041
357.8		0.709041
357.9		0.709041
358		0.709041
358.1		0.715415
358.2		0.715415
358.3		0.715415
358.4		0.715415
358.5		0.715415
358.6		0.715415
358.7		0.715415
358.8		0.715415
358.9		0.715415
359		0.715415
359.1		0.716623
359.2		0.716623
359.3		0.716623
359.4		0.716623
359.5		0.716623
359.6		0.716623
359.7		0.716623
359.8		0.716623
359.9		0.716623
360		0.716623
360.1		0.719039
360.2		0.719039
360.3		0.719039
360.4		0.719039
360.5		0.719039
360.6		0.719039
360.7		0.719039
360.8		0.719039
360.9		0.719039
361		0.719039
361.1		0.719744
361.2		0.719744
361.3		0.719744
361.4		0.719744
361.5		0.719744
361.6		0.719744
361.7		0.719744
361.8		0.719744
361.9		0.719744
362		0.719744
362.1		0.722646
362.2		0.722646
362.3		0.722646
362.4		0.722646
362.5		0.722646
362.6		0.722646
362.7		0.722646
362.8		0.722646
362.9		0.722646
363		0.722646
363.1		0.723788
363.2		0.723788
363.3		0.723788
363.4		0.723788
363.5		0.723788
363.6		0.723788
363.7		0.723788
363.8		0.723788
363.9		0.723788
364		0.723788
364.1		0.727437
364.2		0.727437
364.3		0.727437
364.4		0.727437
364.5		0.727437
364.6		0.727437
364.7		0.727437
364.8		0.727437
364.9		0.727437
365		0.727437
365.1		0.730576
365.2		0.730576
365.3		0.730576
365.4		0.730576
365.5		0.730576
365.6		0.730576
365.7		0.730576
365.8		0.730576
365.9		0.730576
366		0.730576
366.1		0.730832
366.2		0.730832
366.3		0.730832
366.4		0.730832
366.5		0.730832
366.6		0.730832
366.7		0.730832
366.8		0.730832
366.9		0.730832
367		0.730832
367.1		0.733403
367.2		0.733403
367.3		0.733403
367.4		0.733403
367.5		0.733403
367.6		0.733403
367.7		0.733403
367.8		0.733403
367.9		0.733403
368		0.733403
368.1		0.734114
368.2		0.734114
368.3		0.734114
368.4		0.734114
368.5		0.734114
368.6		0.734114
368.7		0.734114
368.8		0.734114
368.9		0.734114
369		0.734114
369.1		0.736011
369.2		0.736011
369.3		0.736011
369.4		0.736011
369.5		0.736011
369.6		0.736011
369.7		0.736011
369.8		0.736011
369.9		0.736011
370		0.736011
370.1		0.743021
370.2		0.743021
370.3		0.743021
370.4		0.743021
370.5		0.743021
370.6		0.743021
370.7		0.743021
370.8		0.743021
370.9		0.743021
371		0.743021
371.1		0.743309
371.2		0.743309
371.3		0.743309
371.4		0.743309
371.5		0.743309
371.6		0.743309
371.7		0.743309
371.8		0.743309
371.9		0.743309
372		0.743309
372.1		0.743432
372.2		0.743432
372.3		0.743432
372.4		0.743432
372.5		0.743432
372.6		0.743432
372.7		0.743432
372.8		0.743432
372.9		0.743432
373		0.743432
373.1		0.743745
373.2		0.743745
373.3		0.743745
373.4		0.743745
373.5		0.743745
373.6		0.743745
373.7		0.743745
373.8		0.743745
373.9		0.743745
374		0.743745
374.1		0.748067
374.2		0.748067
374.3		0.748067
374.4		0.748067
374.5		0.748067
374.6		0.748067
374.7		0.748067
374.8		0.748067
374.9		0.748067
375		0.748067
375.1		0.751254
375.2		0.751254
375.3		0.751254
375.4		0.751254
375.5		0.751254
375.6		0.751254
375.7		0.751254
375.8		0.751254
375.9		0.751254
376		0.751254
376.1		0.753496
376.2		0.753496
376.3		0.753496
376.4		0.753496
376.5		0.753496
376.6		0.753496
376.7		0.753496
376.8		0.753496
376.9		0.753496
377		0.753496
377.1		0.753635
377.2		0.753635
377.3		0.753635
377.4		0.753635
377.5		0.753635
377.6		0.753635
377.7		0.753635
377.8		0.753635
377.9		0.753635
378		0.753635
378.1		0.753711
378.2		0.753711
378.3		0.753711
378.4		0.753711
378.5		0.753711
378.6		0.753711
378.7		0.753711
378.8		0.753711
378.9		0.753711
379		0.753711
379.1		0.756573
379.2		0.756573
379.3		0.756573
379.4		0.756573
379.5		0.756573
379.6		0.756573
379.7		0.756573
379.8		0.756573
379.9		0.756573
380		0.756573
380.1		0.757515
380.2		0.757515
380.3		0.757515
380.4		0.757515
380.5		0.757515
380.6		0.757515
380.7		0.757515
380.8		0.757515
380.9		0.757515
381		0.757515
381.1		0.761296
381.2		0.761296
381.3		0.761296
381.4		0.761296
381.5		0.761296
381.6		0.761296
381.7		0.761296
381.8		0.761296
381.9		0.761296
382		0.761296
382.1		0.765353
382.2		0.765353
382.3		0.765353
382.4		0.765353
382.5		0.765353
382.6		0.765353
382.7		0.765353
382.8		0.765353
382.9		0.765353
383		0.765353
383.1		0.76689
383.2		0.76689
383.3		0.76689
383.4		0.76689
383.5		0.76689
383.6		0.76689
383.7		0.76689
383.8		0.76689
383.9		0.76689
384		0.76689
384.1		0.767958
384.2		0.767958
384.3		0.767958
384.4		0.767958
384.5		0.767958
384.6		0.767958
384.7		0.767958
384.8		0.767958
384.9		0.767958
385		0.767958
385.1		0.769429
385.2		0.769429
385.3		0.769429
385.4		0.769429
385.5		0.769429
385.6		0.769429
385.7		0.769429
385.8		0.769429
385.9		0.769429
386		0.769429
386.1		0.770472
386.2		0.770472
386.3		0.770472
386.4		0.770472
386.5		0.770472
386.6		0.770472
386.7		0.770472
386.8		0.770472
386.9		0.770472
387		0.770472
387.1		0.773457
387.2		0.773457
387.3		0.773457
387.4		0.773457
387.5		0.773457
387.6		0.773457
387.7		0.773457
387.8		0.773457
387.9		0.773457
388		0.773457
388.1		0.774589
388.2		0.774589
388.3		0.774589
388.4		0.774589
388.5		0.774589
388.6		0.774589
388.7		0.774589
388.8		0.774589
388.9		0.774589
389		0.774589
389.1		0.776274
389.2		0.776274
389.3		0.776274
389.4		0.776274
389.5		0.776274
389.6		0.776274
389.7		0.776274
389.8		0.776274
389.9		0.776274
390		0.776274
390.1		0.779742
390.2		0.779742
390.3		0.779742
390.4		0.779742
390.5		0.779742
390.6		0.779742
390.7		0.779742
390.8		0.779742
390.9		0.779742
391		0.779742
391.1		0.78077
391.2		0.78077
391.3		0.78077
391.4		0.78077
391.5		0.78077
391.6		0.78077
391.7		0.78077
391.8		0.78077
391.9		0.78077
392		0.78077
392.1		0.782167
392.2		0.782167
392.3		0.782167
392.4		0.782167
392.5		0.782167
392.6		0.782167
392.7		0.782167
392.8		0.782167
392.9		0.782167
393		0.782167
393.1		0.783568
393.2		0.783568
393.3		0.783568
393.4		0.783568
393.5		0.783568
393.6		0.783568
393.7		0.783568
393.8		0.783568
393.9		0.783568
394		0.783568
394.1		0.785313
394.2		0.785313
394.3		0.785313
394.4		0.785313
394.5		0.785313
394.6		0.785313
394.7		0.785313
394.8		0.785313
394.9		0.785313
395		0.785313
395.1		0.786117
395.2		0.786117
395.3		0.786117
395.4		0.786117
395.5		0.786117
395.6		0.786117
395.7		0.786117
395.8		0.786117
395.9		0.786117
396		0.786117
396.1		0.791229
396.2		0.791229
396.3		0.791229
396.4		0.791229
396.5		0.791229
396.6		0.791229
396.7		0.791229
396.8		0.791229
396.9		0.791229
397		0.791229
397.1		0.793774
397.2		0.793774
397.3		0.793774
397.4		0.793774
397.5		0.793774
397.6		0.793774
397.7		0.793774
397.8		0.793774
397.9		0.793774
398		0.793774
398.1		0.794495
398.2		0.794495
398.3		0.794495
398.4		0.794495
398.5		0.794495
398.6		0.794495
398.7		0.794495
398.8		0.794495
398.9		0.794495
399		0.794495
399.1		0.794878
399.2		0.794878
399.3		0.794878
399.4		0.794878
399.5		0.794878
399.6		0.794878
399.7		0.794878
399.8		0.794878
399.9		0.794878
400		0.794878
400.1		0.799633
400.2		0.799633
400.3		0.799633
400.4		0.799633
400.5		0.799633
400.6		0.799633
400.7		0.799633
400.8		0.799633
400.9		0.799633
401		0.799633
401.1		0.802776
401.2		0.802776
401.3		0.802776
401.4		0.802776
401.5		0.802776
401.6		0.802776
401.7		0.802776
401.8		0.802776
401.9		0.802776
402		0.802776
402.1		0.803747
402.2		0.803747
402.3		0.803747
402.4		0.803747
402.5		0.803747
402.6		0.803747
402.7		0.803747
402.8		0.803747
402.9		0.803747
403		0.803747
403.1		0.805011
403.2		0.805011
403.3		0.805011
403.4		0.805011
403.5		0.805011
403.6		0.805011
403.7		0.805011
403.8		0.805011
403.9		0.805011
404		0.805011
404.1		0.808553
404.2		0.808553
404.3		0.808553
404.4		0.808553
404.5		0.808553
404.6		0.808553
404.7		0.808553
404.8		0.808553
404.9		0.808553
405		0.808553
405.1		0.808771
405.2		0.808771
405.3		0.808771
405.4		0.808771
405.5		0.808771
405.6		0.808771
405.7		0.808771
405.8		0.808771
405.9		0.808771
406		0.808771
406.1		0.809138
406.2		0.809138
406.3		0.809138
406.4		0.809138
406.5		0.809138
406.6		0.809138
406.7		0.809138
406.8		0.809138
406.9		0.809138
407		0.809138
407.1		0.814661
407.2		0.814661
407.3		0.814661
407.4		0.814661
407.5		0.814661
407.6		0.814661
407.7		0.814661
407.8		0.814661
407.9		0.814661
408		0.814661
408.1		0.814965
408.2		0.814965
408.3		0.814965
408.4		0.814965
408.5		0.814965
408.6		0.814965
408.7		0.814965
408.8		0.814965
408.9		0.814965
409		0.814965
409.1		0.8188
409.2		0.8188
409.3		0.8188
409.4		0.8188
409.5		0.8188
409.6		0.8188
409.7		0.8188
409.8		0.8188
409.9		0.8188
410		0.8188
410.1		0.819733
410.2		0.819733
410.3		0.819733
410.4		0.819733
410.5		0.819733
410.6		0.819733
410.7		0.819733
410.8		0.819733
410.9		0.819733
411		0.819733
411.1		0.819986
411.2		0.819986
411.3		0.819986
411.4		0.819986
411.5		0.819986
411.6		0.819986
411.7		0.819986
411.8		0.819986
411.9		0.819986
412		0.819986
412.1		0.821997
412.2		0.821997
412.3		0.821997
412.4		0.821997
412.5		0.821997
412.6		0.821997
412.7		0.821997
412.8		0.821997
412.9		0.821997
413		0.821997
413.1		0.824615
413.2		0.824615
413.3		0.824615
413.4		0.824615
413.5		0.824615
413.6		0.824615
413.7		0.824615
413.8		0.824615
413.9		0.824615
414		0.824615
414.1		0.825083
414.2		0.825083
414.3		0.825083
414.4		0.825083
414.5		0.825083
414.6		0.825083
414.7		0.825083
414.8		0.825083
414.9		0.825083
415		0.825083
415.1		0.82918
415.2		0.82918
415.3		0.82918
415.4		0.82918
415.5		0.82918
415.6		0.82918
415.7		0.82918
415.8		0.82918
415.9		0.82918
416		0.82918
416.1		0.831773
416.2		0.831773
416.3		0.831773
416.4		0.831773
416.5		0.831773
416.6		0.831773
416.7		0.831773
416.8		0.831773
416.9		0.831773
417		0.831773
417.1		0.832083
417.2		0.832083
417.3		0.832083
417.4		0.832083
417.5		0.832083
417.6		0.832083
417.7		0.832083
417.8		0.832083
417.9		0.832083
418		0.832083
418.1		0.833683
418.2		0.833683
418.3		0.833683
418.4		0.833683
418.5		0.833683
418.6		0.833683
418.7		0.833683
418.8		0.833683
418.9		0.833683
419		0.833683
419.1		0.835915
419.2		0.835915
419.3		0.835915
419.4		0.835915
419.5		0.835915
419.6		0.835915
419.7		0.835915
419.8		0.835915
419.9		0.835915
420		0.835915
420.1		0.838767
420.2		0.838767
420.3		0.838767
420.4		0.838767
420.5		0.838767
420.6		0.838767
420.7		0.838767
420.8		0.838767
420.9		0.838767
421		0.838767
421.1		0.843443
421.2		0.843443
421.3		0.843443
421.4		0.843443
421.5		0.843443
421.6		0.843443
421.7		0.843443
421.8		0.843443
421.9		0.843443
422		0.843443
422.1		0.845018
422.2		0.845018
422.3		0.845018
422.4		0.845018
422.5		0.845018
422.6		0.845018
422.7		0.845018
422.8		0.845018
422.9		0.845018
423		0.845018
423.1		0.84583
423.2		0.84583
423.3		0.84583
423.4		0.84583
423.5		0.84583
423.6		0.84583
423.7		0.84583
423.8		0.84583
423.9		0.84583
424		0.84583
424.1		0.846115
424.2		0.846115
424.3		0.846115
424.4		0.846115
424.5		0.846115
424.6		0.846115
424.7		0.846115
424.8		0.846115
424.9		0.846115
425		0.846115
425.1		0.850184
425.2		0.850184
425.3		0.850184
425.4		0.850184
425.5		0.850184
425.6		0.850184
425.7		0.850184
425.8		0.850184
425.9		0.850184
426		0.850184
426.1		0.85142
426.2		0.85142
426.3		0.85142
426.4		0.85142
426.5		0.85142
426.6		0.85142
426.7		0.85142
426.8		0.85142
426.9		0.85142
427		0.85142
427.1		0.853409
427.2		0.853409
427.3		0.853409
427.4		0.853409
427.5		0.853409
427.6		0.853409
427.7		0.853409
427.8		0.853409
427.9		0.853409
428		0.853409
428.1		0.855142
428.2		0.855142
428.3		0.855142
428.4		0.855142
428.5		0.855142
428.6		0.855142
428.7		0.855142
428.8		0.855142
428.9		0.855142
429		0.855142
429.1		0.858683
429.2		0.858683
429.3		0.858683
429.4		0.858683
429.5		0.858683
429.6		0.858683
429.7		0.858683
429.8		0.858683
429.9		0.858683
430		0.858683
430.1		0.859262
430.2		0.859262
430.3		0.859262
430.4		0.859262
430.5		0.859262
430.6		0.859262
430.7		0.859262
430.8		0.859262
430.9		0.859262
431		0.859262
431.1		0.859632
431.2		0.859632
431.3		0.859632
431.4		0.859632
431.5		0.859632
431.6		0.859632
431.7		0.859632
431.8		0.859632
431.9		0.859632
432		0.859632
432.1		0.863878
432.2		0.863878
432.3		0.863878
432.4		0.863878
432.5		0.863878
432.6		0.863878
432.7		0.863878
432.8		0.863878
432.9		0.863878
433		0.863878
433.1		0.865076
433.2		0.865076
433.3		0.865076
433.4		0.865076
433.5		0.865076
433.6		0.865076
433.7		0.865076
433.8		0.865076
433.9		0.865076
434		0.865076
434.1		0.868096
434.2		0.868096
434.3		0.868096
434.4		0.868096
434.5		0.868096
434.6		0.868096
434.7		0.868096
434.8		0.868096
434.9		0.868096
435		0.868096
435.1		0.872001
435.2		0.872001
435.3		0.872001
435.4		0.872001
435.5		0.872001
435.6		0.872001
435.7		0.872001
435.8		0.872001
435.9		0.872001
436		0.872001
436.1		0.872222
436.2		0.872222
436.3		0.872222
436.4		0.872222
436.5		0.872222
436.6		0.872222
436.7		0.872222
436.8		0.872222
436.9		0.872222
437		0.872222
437.1		0.87336
437.2		0.87336
437.3		0.87336
437.4		0.87336
437.5		0.87336
437.6		0.87336
437.7		0.87336
437.8		0.87336
437.9		0.87336
438		0.87336
438.1		0.875548
438.2		0.875548
438.3		0.875548
438.4		0.875548
438.5		0.875548
438.6		0.875548
438.7		0.875548
438.8		0.875548
438.9		0.875548
439		0.875548
439.1		0.876136
439.2		0.876136
439.3		0.876136
439.4		0.876136
439.5		0.876136
439.6		0.876136
439.7		0.876136
439.8		0.876136
439.9		0.876136
440		0.876136
440.1		0.878188
440.2		0.878188
440.3		0.878188
440.4		0.878188
440.5		0.878188
440.6		0.878188
440.7		0.878188
440.8		0.878188
440.9		0.878188
441		0.878188
441.1		0.883212
441.2		0.883212
441.3		0.883212
441.4		0.883212
441.5		0.883212
441.6		0.883212
441.7		0.883212
441.8		0.883212
441.9		0.883212
442		0.883212
442.1		0.884167
442.2		0.884167
442.3		0.884167
442.4		0.884167
442.5		0.884167
442.6		0.884167
442.7		0.884167
442.8		0.884167
442.9		0.884167
443		0.884167
443.1		0.88621
443.2		0.88621
443.3		0.88621
443.4		0.88621
443.5		0.88621
443.6		0.88621
443.7		0.88621
443.8		0.88621
443.9		0.88621
444		0.88621
444.1		0.887699
444.2		0.887699
444.3		0.887699
444.4		0.887699
444.5		0.887699
444.6		0.887699
444.7		0.887699
444.8		0.887699
444.9		0.887699
445		0.887699
445.1		0.888101
445.2		0.888101
445.3		0.888101
445.4		0.888101
445.5		0.888101
445.6		0.888101
445.7		0.888101
445.8		0.888101
445.9		0.888101
446		0.888101
446.1		0.888919
446.2		0.888919
446.3		0.888919
446.4		0.888919
446.5		0.888919
446.6		0.888919
446.7		0.888919
446.8		0.888919
446.9		0.888919
447		0.888919
447.1		0.892704
447.2		0.892704
447.3		0.892704
447.4		0.892704
447.5		0.892704
447.6		0.892704
447.7		0.892704
447.8		0.892704
447.9		0.892704
448		0.892704
448.1		0.896435
448.2		0.896435
448.3		0.896435
448.4		0.896435
448.5		0.896435
448.6		0.896435
448.7		0.896435
448.8		0.896435
448.9		0.896435
449		0.896435
449.1		0.898256
449.2		0.898256
449.3		0.898256
449.4		0.898256
449.5		0.898256
449.6		0.898256
449.7		0.898256
449.8		0.898256
449.9		0.898256
450		0.898256
450.1		0.89868
450.2		0.89868
450.3		0.89868
450.4		0.89868
450.5		0.89868
450.6		0.89868
450.7		0.89868
450.8		0.89868
450.9		0.89868
451		0.89868
451.1		0.90089
451.2		0.90089
451.3		0.90089
451.4		0.90089
451.5		0.90089
451.6		0.90089
451.7		0.90089
451.8		0.90089
451.9		0.90089
452		0.90089
452.1		0.903249
452.2		0.903249
452.3		0.903249
452.4		0.903249
452.5		0.903249
452.6		0.903249
452.7		0.903249
452.8		0.903249
452.9		0.903249
453		0.903249
453.1		0.904811
453.2		0.904811
453.3		0.904811
453.4		0.904811
453.5		0.904811
453.6		0.904811
453.7		0.904811
453.8		0.904811
453.9		0.904811
454		0.904811
454.1		0.908551
454.2		0.908551
454.3		0.908551
454.4		0.908551
454.5		0.908551
454.6		0.908551
454.7		0.908551
454.8		0.908551
454.9		0.908551
455		0.908551
455.1		0.910338
455.2		0.910338
455.3		0.910338
455.4		0.910338
455.5		0.910338
455.6		0.910338
455.7		0.910338
455.8		0.910338
455.9		0.910338
456		0.910338
456.1		0.910745
456.2		0.910745
456.3		0.910745
456.4		0.910745
456.5		0.910745
456.6		0.910745
456.7		0.910745
456.8		0.910745
456.9		0.910745
457		0.910745
457.1		0.911432
457.2		0.911432
457.3		0.911432
457.4		0.911432
457.5		0.911432
457.6		0.911432
457.7		0.911432
457.8		0.911432
457.9		0.911432
458		0.911432
458.1		0.91496
458.2		0.91496
458.3		0.91496
458.4		0.91496
458.5		0.91496
458.6		0.91496
458.7		0.91496
458.8		0.91496
458.9		0.91496
459		0.91496
459.1		0.915504
459.2		0.915504
459.3		0.915504
459.4		0.915504
459.5		0.915504
459.6		0.915504
459.7		0.915504
459.8		0.915504
459.9		0.915504
460		0.915504
460.1		0.921341
460.2		0.921341
460.3		0.921341
460.4		0.921341
460.5		0.921341
460.6		0.921341
460.7		0.921341
460.8		0.921341
460.9		0.921341
461		0.921341
461.1		0.922314
461.2		0.922314
461.3		0.922314
461.4		0.922314
461.5		0.922314
461.6		0.922314
461.7		0.922314
461.8		0.922314
461.9		0.922314
462		0.922314
462.1		0.922779
462.2		0.922779
462.3		0.922779
462.4		0.922779
462.5		0.922779
462.6		0.922779
462.7		0.922779
462.8		0.922779
462.9		0.922779
463		0.922779
463.1		0.922978
463.2		0.922978
463.3		0.922978
463.4		0.922978
463.5		0.922978
463.6		0.922978
463.7		0.922978
463.8		0.922978
463.9		0.922978
464		0.922978
464.1		0.928037
464.2		0.928037
464.3		0.928037
464.4		0.928037
464.5		0.928037
464.6		0.928037
464.7		0.928037
464.8		0.928037
464.9		0.928037
465		0.928037
465.1		0.930282
465.2		0.930282
465.3		0.930282
465.4		0.930282
465.5		0.930282
465.6		0.930282
465.7		0.930282
465.8		0.930282
465.9		0.930282
466		0.930282
466.1		0.933722
466.2		0.933722
466.3		0.933722
466.4		0.933722
466.5		0.933722
466.6		0.933722
466.7		0.933722
466.8		0.933722
466.9		0.933722
467		0.933722
467.1		0.935072
467.2		0.935072
467.3		0.935072
467.4		0.935072
467.5		0.935072
467.6		0.935072
467.7		0.935072
467.8		0.935072
467.9		0.935072
468		0.935072
468.1		0.935496
468.2		0.935496
468.3		0.935496
468.4		0.935496
468.5		0.935496
468.6		0.935496
468.7		0.935496
468.8		0.935496
468.9		0.935496
469		0.935496
469.1		0.935743
469.2		0.935743
469.3		0.935743
469.4		0.935743
469.5		0.935743
469.6		0.935743
469.7		0.935743
469.8		0.935743
469.9		0.935743
470		0.935743
470.1		0.938408
470.2		0.938408
470.3		0.938408
470.4		0.938408
470.5		0.938408
470.6		0.938408
470.7		0.938408
470.8		0.938408
470.9		0.938408
471		0.938408
471.1		0.940109
471.2		0.940109
471.3		0.940109
471.4		0.940109
471.5		0.940109
471.6		0.940109
471.7		0.940109
471.8		0.940109
471.9		0.940109
472		0.940109
472.1		0.942025
472.2		0.942025
472.3		0.942025
472.4		0.942025
472.5		0.942025
472.6		0.942025
472.7		0.942025
472.8		0.942025
472.9		0.942025
473		0.942025
473.1		0.945288
473.2		0.945288
473.3		0.945288
473.4		0.945288
473.5		0.945288
473.6		0.945288
473.7		0.945288
473.8		0.945288
473.9		0.945288
474		0.945288
474.1		0.945696
474.2		0.945696
474.3		0.945696
474.4		0.945696
474.5		0.945696
474.6		0.945696
474.7		0.945696
474.8		0.945696
474.9		0.945696
475		0.945696
475.1		0.947008
475.2		0.947008
475.3		0.947008
475.4		0.947008
475.5		0.947008
475.6		0.947008
475.7		0.947008
475.8		0.947008
475.9		0.947008
476		0.947008
476.1		0.949278
476.2		0.949278
476.3		0.949278
476.4		0.949278
476.5		0.949278
476.6		0.949278
476.7		0.949278
476.8		0.949278
476.9		0.949278
477		0.949278
477.1		0.952677
477.2		0.952677
477.3		0.952677
477.4		0.952677
477.5		0.952677
477.6		0.952677
477.7		0.952677
477.8		0.952677
477.9		0.952677
478		0.952677
478.1		0.953841
478.2		0.953841
478.3		0.953841
478.4		0.953841
478.5		0.953841
478.6		0.953841
478.7		0.953841
478.8		0.953841
478.9		0.953841
479		0.953841
479.1		0.954173
479.2		0.954173
479.3		0.954173
479.4		0.954173
479.5		0.954173
479.6		0.954173
479.7		0.954173
479.8		0.954173
479.9		0.954173
480		0.954173
480.1		0.957945
480.2		0.957945
480.3		0.957945
480.4		0.957945
480.5		0.957945
480.6		0.957945
480.7		0.957945
480.8		0.957945
480.9		0.957945
481		0.957945
481.1		0.960408
481.2		0.960408
481.3		0.960408
481.4		0.960408
481.5		0.960408
481.6		0.960408
481.7		0.960408
481.8		0.960408
481.9		0.960408
482		0.960408
482.1		0.961435
482.2		0.961435
482.3		0.961435
482.4		0.961435
482.5		0.961435
482.6		0.961435
482.7		0.961435
482.8		0.961435
482.9		0.961435
483		0.961435
483.1		0.965539
483.2		0.965539
483.3		0.965539
483.4		0.965539
483.5		0.965539
483.6		0.965539
483.7		0.965539
483.8		0.965539
483.9		0.965539
484		0.965539
484.1		0.967203
484.2		0.967203
484.3		0.967203
484.4		0.967203
484.5		0.967203
484.6		0.967203
484.7		0.967203
484.8		0.967203
484.9		0.967203
485		0.967203
485.1		0.967329
485.2		0.967329
485.3		0.967329
485.4		0.967329
485.5		0.967329
485.6		0.967329
485.7		0.967329
485.8		0.967329
485.9		0.967329
486		0.967329
486.1		0.97198
486.2		0.97198
486.3		0.97198
486.4		0.97198
486.5		0.97198
486.6		0.97198
486.7		0.97198
486.8		0.97198
486.9		0.97198
487		0.97198
487.1		0.972372
487.2		0.972372
487.3		0.972372
487.4		0.972372
487.5		0.972372
487.6		0.972372
487.7		0.972372
487.8		0.972372
487.9		0.972372
488		0.972372
488.1		0.973444
488.2		0.973444
488.3		0.973444
488.4		0.973444
488.5		0.973444
488.6		0.973444
488.7		0.973444
488.8		0.973444
488.9		0.973444
489		0.973444
489.1		0.978633
489.2		0.978633
489.3		0.978633
489.4		0.978633
489.5		0.978633
489.6		0.978633
489.7		0.978633
489.8		0.978633
489.9		0.978633
490		0.978633
490.1		0.978889
490.2		0.978889
490.3		0.978889
490.4		0.978889
490.5		0.978889
490.6		0.978889
490.7		0.978889
490.8		0.978889
490.9		0.978889
491		0.978889
491.1		0.979176
491.2		0.979176
491.3		0.979176
491.4		0.979176
491.5		0.979176
491.6		0.979176
491.7		0.979176
491.8		0.979176
491.9		0.979176
492		0.979176
492.1		0.982363
492.2		0.982363
492.3		0.982363
492.4		0.982363
492.5		0.982363
492.6		0.982363
492.7		0.982363
492.8		0.982363
492.9		0.982363
493		0.982363
493.1		0.983891
493.2		0.983891
493.3		0.983891
493.4		0.983891
493.5		0.983891
493.6		0.983891
493.7		0.983891
493.8		0.983891
493.9		0.983891
494		0.983891
494.1		0.987846
494.2		0.987846
494.3		0.987846
494.4		0.987846
494.5		0.987846
494.6		0.987846
494.7		0.987846
494.8		0.987846
494.9		0.987846
495		0.987846
495.1		0.98814
495.2		0.98814
495.3		0.98814
495.4		0.98814
495.5		0.98814
495.6		0.98814
495.7		0.98814
495.8		0.98814
495.9		0.98814
496		0.98814
496.1		0.990059
496.2		0.990059
496.3		0.990059
496.4		0.990059
496.5		0.990059
496.6		0.990059
496.7		0.990059
496.8		0.990059
496.9		0.990059
497		0.990059
497.1		0.990287
497.2		0.990287
497.3		0.990287
497.4		0.990287
497.5		0.990287
497.6		0.990287
497.7		0.990287
497.8		0.990287
497.9		0.990287
498		0.990287
498.1		0.995381
498.2		0.995381
498.3		0.995381
498.4		0.995381
498.5		0.995381
498.6		0.995381
498.7		0.995381
498.8		0.995381
498.9		0.995381
499		0.995381
499.1		0.998906
499.2		0.998906
499.3		0.998906
499.4		0.998906
499.5		0.998906
499.6		0.998906
499.7		0.998906
499.8		0.998906
499.9		0.998906
500		0.998906
500.1		0.999162
500.2		0.999162
500.3		0.999162
500.4		0.999162
500.5		0.999162
500.6		0.999162
500.7		0.999162
500.8		0.999162
500.9		0.999162
501		0.999162
501.1		0.999889
501.2		0.999889
501.3		0.999889
501.4		0.999889
501.5		0.999889
501.6		0.999889
501.7		0.999889
501.8		0.999889
501.9		0.999889
502		0.999889
502.1		0.999994
502.2		0.999994
502.3		0.999994
502.4		0.999994
502.5		0.999994
502.6		0.999994
502.7		0.999994
502.8		0.999994
502.9		0.999994
503		0.999994
503.1		1
503.2		1
503.3		1
503.4		1
503.5		1
503.6		1
503.7		1
503.8		1
503.9		1
504		1
504.1		1
504.2		1
504.3		1
504.4		1
504.5		1
504.6		1
504.7		1
504.8		1
504.9		1
505		1
505.1		1
505.2		1
505.3		1
505.4		1
505.5		1
505.6		1
505.7		1
505.8		1
505.9		1
506		1
506.1		1
506.2		1
506.3		1
506.4		1
506.5		1
506.6		1
506.7		1
506.8		1
506.9		1
507		1
507.1		1
507.2		1
507.3		1
507.4		1
507.5		1
507.6		1
507.7		1
507.8		1
507.9		1
508		1
508.1		1
508.2		1
508.3		1
508.4		1
508.5		1
508.6		1
508.7		1
508.8		1
508.9		1
509		1
509.1		1
509.2		1
509.3		1
509.4		1
509.5		1
509.6		1
509.7		1
509.8		1
509.9		1
510		1
510.1		1
510.2		1
510.3		1
510.4		1
510.5		1
510.6		1
510.7		1
510.8		1
510.9		1
511		1
511.1		1
511.2		1
511.3		1
511.4		1
511.5		1
511.6		1
511.7		1
511.8		1
511.9		1
512		1
512.1		1
512.2		1
512.3		1
512.4		1
512.5		1
512.6		1
512.7		1
512.8		1
512.9		1
513		1
513.1		1
513.2		1
513.3		1
513.4		1
513.5		1
513.6		1
513.7		1
513.8		1
513.9		1
514		1
514.1		1
514.2		1
514.3		1
514.4		1
514.5		1
514.6		1
514.7		1
514.8		1
514.9		1
515		1
515.1		1
515.2		1
515.3		1
515.4		1
515.5		1
515.6		1
515.7		1
515.8		1
515.9		1
516		1
516.1		1
516.2		1
516.3		1
516.4		1
516.5		1
516.6		1
516.7		1
516.8		1
516.9		1
517		1
517.1		1
517.2		1
517.3		1
517.4		1
517.5		1
517.6		1
517.7		1
517.8		1
517.9		1
518		1
518.1		1
518.2		1
518.3		1
518.4		1
518.5		1
518.6		1
518.7		1
518.8		1
518.9		1
519		1
519.1		1
519.2		1
519.3		1
519.4		1
519.5		1
519.6		1
519.7		1
519.8		1
519.9		1
520		1
520.1		1
520.2		1
520.3		1
520.4		1
520.5		1
520.6		1
520.7		1
520.8		1
520.9		1
521		1
521.1		1
521.2		1
521.3		1
521.4		1
521.5		1
521.6		1
521.7		1
521.8		1
521.9		1
522		1
522.1		1
522.2		1
522.3		1
522.4		1
522.5		1
522.6		1
522.7		1
522.8		1
522.9		1
523		1
523.1		1
523.2		1
523.3		1
523.4		1
523.5		1
523.6		1
523.7		1
523.8		1
523.9		1
524		1
524.1		1
524.2		1
524.3		1
524.4		1
524.5		1
524.6		1
524.7		1
524.8		1
524.9		1
525		1
525.1		1
525.2		1
525.3		1
525.4		1
525.5		1
525.6		1
525.7		1
525.8		1
525.9		1
526		1
526.1		1
526.2		1
526.3		1
526.4		1
526.5		1
526.6		1
526.7		1
526.8		1
526.9		1
527		1
527.1		1
527.2		1
527.3		1
527.4		1
527.5		1
527.6		1
527.7		1
527.8		1
527.9		1
528		1
528.1		1
528.2		1
528.3		1
528.4		1
528.5		1
528.6		1
528.7		1
528.8		1
528.9		1
529		1
529.1		1
529.2		1
529.3		1
529.4		1
529.5		1
529.6		1
529.7		1
529.8		1
529.9		1
530		1
530.1		1
530.2		1
530.3		1
530.4		1
530.5		1
530.6		1
530.7		1
530.8		1
530.9		1
531		1
531.1		1
531.2		1
531.3		1
531.4		1
531.5		1
531.6		1
531.7		1
531.8		1
531.9		1
532		1
532.1		1
532.2		1
532.3		1
532.4		1
532.5		1
532.6		1
532.7		1
532.8		1
532.9		1
533		1
533.1		1
533.2		1
533.3		1
533.4		1
533.5		1
533.6		1
533.7		1
533.8		1
533.9		1
534		1
534.1		1
534.2		1
534.3		1
534.4		1
534.5		1
534.6		1
534.7		1
534.8		1
534.9		1
535		1
535.1		1
535.2		1
535.3		1
535.4		1
535.5		1
535.6		1
535.7		1
535.8		1
535.9		1
536		1
536.1		1
536.2		1
536.3		1
536.4		1
536.5		1
536.6		1
536.7		1
536.8		1
536.9		1
537		1
537.1		1
537.2		1
537.3		1
537.4		1
537.5		1
537.6		1
537.7		1
537.8		1
537.9		1
538		1
538.1		1
538.2		1
538.3		1
538.4		1
538.5		1
538.6		1
538.7		1
538.8		1
538.9		1
539		1
539.1		1
539.2		1
539.3		1
539.4		1
539.5		1
539.6		1
539.7		1
539.8		1
539.9		1
540		1
540.1		1
540.2		1
540.3		1
540.4		1
540.5		1
540.6		1
540.7		1
540.8		1
540.9		1
541		1
541.1		1
541.2		1
541.3		1
541.4		1
541.5		1
541.6		1
541.7		1
541.8		1
541.9		1
542		1
542.1		1
542.2		1
542.3		1
542.4		1
542.5		1
542.6		1
542.7		1
542.8		1
542.9		1
543		1
543.1		1
543.2		1
543.3		1
543.4		1
543.5		1
543.6		1
543.7		1
543.8		1
543.9		1
544		1
544.1		1
544.2		1
544.3		1
544.4		1
544.5		1
544.6		1
544.7		1
544.8		1
544.9		1
545		1
545.1		1
545.2		1
545.3		1
545.4		1
545.5		1
545.6		1
545.7		1
545.8		1
545.9		1
546		1
546.1		1
546.2		1
546.3		1
546.4		1
546.5		1
546.6		1
546.7		1
546.8		1
546.9		1
547		1
547.1		1
547.2		1
547.3		1
547.4		1
547.5		1
547.6		1
547.7		1
547.8		1
547.9		1
548		1
548.1		1
548.2		1
548.3		1
548.4		1
548.5		1
548.6		1
548.7		1
548.8		1
548.9		1
549		1
549.1		1
549.2		1
549.3		1
549.4		1
549.5		1
549.6		1
549.7		1
549.8		1
549.9		1
550		1
550.1		1
550.2		1
550.3		1
550.4		1
550.5		1
550.6		1
550.7		1
550.8		1
550.9		1
551		1
551.1		1
551.2		1
551.3		1
551.4		1
551.5		1
551.6		1
551.7		1
551.8		1
551.9		1
552		1
552.1		1
552.2		1
552.3		1
552.4		1
552.5		1
552.6		1
552.7		1
552.8		1
552.9		1
553		1
553.1		1
553.2		1
553.3		1
553.4		1
553.5		1
553.6		1
553.7		1
553.8		1
553.9		1
554		1
554.1		1
554.2		1
554.3		1
554.4		1
554.5		1
554.6		1
554.7		1
554.8		1
554.9		1
555		1
555.1		1
555.2		1
555.3		1
555.4		1
555.5		1
555.6		1
555.7		1
555.8		1
555.9		1
556		1
556.1		1
556.2		1
556.3		1
556.4		1
556.5		1
556.6		1
556.7		1
556.8		1
556.9		1
557		1
557.1		1
557.2		1
557.3		1
557.4		1
557.5		1
557.6		1
557.7		1
557.8		1
557.9		1
558		1
558.1		1
558.2		1
558.3		1
558.4		1
558.5		1
558.6		1
558.7		1
558.8		1
558.9		1
559		1
559.1		1
559.2		1
559.3		1
559.4		1
559.5		1
559.6		1
559.7		1
559.8		1
559.9		1
560		1
560.1		1
560.2		1
560.3		1
560.4		1
560.5		1
560.6		1
560.7		1
560.8		1
560.9		1
561		1
561.1		1
561.2		1
561.3		1
561.4		1
561.5		1
561.6		1
561.7		1
561.8		1
561.9		1
562		1
562.1		1
562.2		1
562.3		1
562.4		1
562.5		1
562.6		1
562.7		1
562.8		1
562.9		1
563		1
563.1		1
563.2		1
563.3		1
563.4		1
563.5		1
563.6		1
563.7		1
563.8		1
563.9		1
564		1
564.1		1
564.2		1
564.3		1
564.4		1
564.5		1
564.6		1
564.7		1
564.8		1
564.9		1
565		1
565.1		1
565.2		1
565.3		1
565.4		1
565.5		1
565.6		1
565.7		1
565.8		1
565.9		1
566		1
566.1		1
566.2		1
566.3		1
566.4		1
566.5		1
566.6		1
566.7		1
566.8		1
566.9		1
567		1
567.1		1
567.2		1
567.3		1
567.4		1
567.5		1
567.6		1
567.7		1
567.8		1
567.9		1
568		1
568.1		1
568.2		1
568.3		1
568.4		1
568.5		1
568.6		1
568.7		1
568.8		1
568.9		1
569		1
569.1		1
569.2		1
569.3		1
569.4		1
569.5		1
569.6		1
569.7		1
569.8		1
569.9		1
570		1
570.1		1
570.2		1
570.3		1
570.4		1
570.5		1
570.6		1
570.7		1
570.8		1
570.9		1
571		1
571.1		1
571.2		1
571.3		1
571.4		1
571.5		1
571.6		1
571.7		1
571.8		1
571.9		1
572		1
572.1		1
572.2		1
572.3		1
572.4		1
572.5		1
572.6		1
572.7		1
572.8		1
572.9		1
573		1
573.1		1
573.2		1
573.3		1
573.4		1
573.5		1
573.6		1
573.7		1
573.8		1
573.9		1
574		1
574.1		1
574.2		1
574.3		1
574.4		1
574.5		1
574.6		1
574.7		1
574.8		1
574.9		1
575		1
575.1		1
575.2		1
575.3		1
575.4		1
575.5		1
575.6		1
575.7		1
575.8		1
575.9		1
576		1
576.1		1
576.2		1
576.3		1
576.4		1
576.5		1
576.6		1
576.7		1
576.8		1
576.9		1
577		1
577.1		1
577.2		1
577.3		1
577.4		1
577.5		1
577.6		1
577.7		1
577.8		1
577.9		1
578		1
578.1		1
578.2		1
578.3		1
578.4		1
578.5		1
578.6		1
578.7		1
578.8		1
578.9		1
579		1
579.1		1
579.2		1
579.3		1
579.4		1
579.5		1
579.6		1
579.7		1
579.8		1
579.9		1
580		1
580.1		1
580.2		1
580.3		1
580.4		1
580.5		1
580.6		1
580.7		1
580.8		1
580.9		1
581		1
581.1		1
581.2		1
581.3		1
581.4		1
581.5		1
581.6		1
581.7		1
581.8		1
581.9		1
582		1
582.1		1
582.2		1
582.3		1
582.4		1
582.5		1
582.6		1
582.7		1
582.8		1
582.9		1
583		1
583.1		1
583.2		1
583.3		1
583.4		1
583.5		1
583.6		1
583.7		1
583.8		1
583.9		1
584		1
584.1		1
584.2		1
584.3		1
584.4		1
584.5		1
584.6		1
584.7		1
584.8		1
584.9		1
585		1
585.1		1
585.2		1
585.3		1
585.4		1
585.5		1
585.6		1
585.7		1
585.8		1
585.9		1
586		1
586.1		1
586.2		1
586.3		1
586.4		1
586.5		1
586.6		1
586.7		1
586.8		1
586.9		1
587		1
587.1		1
587.2		1
587.3		1
587.4		1
587.5		1
587.6		1
587.7		1
587.8		1
587.9		1
588		1
588.1		1
588.2		1
588.3		1
588.4		1
588.5		1
588.6		1
588.7		1
588.8		1
588.9		1
589		1
589.1		1
589.2		1
589.3		1
589.4		1
589.5		1
589.6		1
589.7		1
589.8		1
589.9		1
590		1
590.1		1
590.2		1
590.3		1
590.4		1
590.5		1
590.6		1
590.7		1
590.8		1
590.9		1
591		1
591.1		1
591.2		1
591.3		1
591.4		1
591.5		1
591.6		1
591.7		1
591.8		1
591.9		1
592		1
592.1		1
592.2		1
592.3		1
592.4		1
592.5		1
592.6		1
592.7		1
592.8		1
592.9		1
593		1
593.1		1
593.2		1
593.3		1
593.4		1
593.5		1
593.6		1
593.7		1
593.8		1
593.9		1
594		1
594.1		1
594.2		1
594.3		1
594.4		1
594.5		1
594.6		1
594.7		1
594.8		1
594.9		1
595		1
595.1		1
595.2		1
595.3		1
595.4		1
595.5		1
595.6		1
595.7		1
595.8		1
595.9		1
596		1
596.1		1
596.2		1
596.3		1
596.4		1
596.5		1
596.6		1
596.7		1
596.8		1
596.9		1
597		1
597.1		1
597.2		1
597.3		1
597.4		1
597.5		1
597.6		1
597.7		1
597.8		1
597.9		1
598		1
598.1		1
598.2		1
598.3		1
598.4		1
598.5		1
598.6		1
598.7		1
598.8		1
598.9		1
599		1
599.1		1
599.2		1
599.3		1
599.4		1
599.5		1
599.6		1
599.7		1
599.8		1
599.9		1
600		1
