# Calibration file of tamex_id 0 @ channel 35
# fine_T bin		 Calibration value
0.1		0
0.2		0
0.3		0
0.4		0
0.5		0
0.6		0
0.7		0
0.8		0
0.9		0
1		0
1.1		0
1.2		0
1.3		0
1.4		0
1.5		0
1.6		0
1.7		0
1.8		0
1.9		0
2		0
2.1		0
2.2		0
2.3		0
2.4		0
2.5		0
2.6		0
2.7		0
2.8		0
2.9		0
3		0
3.1		0
3.2		0
3.3		0
3.4		0
3.5		0
3.6		0
3.7		0
3.8		0
3.9		0
4		0
4.1		0
4.2		0
4.3		0
4.4		0
4.5		0
4.6		0
4.7		0
4.8		0
4.9		0
5		0
5.1		0
5.2		0
5.3		0
5.4		0
5.5		0
5.6		0
5.7		0
5.8		0
5.9		0
6		0
6.1		0
6.2		0
6.3		0
6.4		0
6.5		0
6.6		0
6.7		0
6.8		0
6.9		0
7		0
7.1		0
7.2		0
7.3		0
7.4		0
7.5		0
7.6		0
7.7		0
7.8		0
7.9		0
8		0
8.1		0
8.2		0
8.3		0
8.4		0
8.5		0
8.6		0
8.7		0
8.8		0
8.9		0
9		0
9.1		0
9.2		0
9.3		0
9.4		0
9.5		0
9.6		0
9.7		0
9.8		0
9.9		0
10		0
10.1		0
10.2		0
10.3		0
10.4		0
10.5		0
10.6		0
10.7		0
10.8		0
10.9		0
11		0
11.1		0
11.2		0
11.3		0
11.4		0
11.5		0
11.6		0
11.7		0
11.8		0
11.9		0
12		0
12.1		0
12.2		0
12.3		0
12.4		0
12.5		0
12.6		0
12.7		0
12.8		0
12.9		0
13		0
13.1		0
13.2		0
13.3		0
13.4		0
13.5		0
13.6		0
13.7		0
13.8		0
13.9		0
14		0
14.1		0
14.2		0
14.3		0
14.4		0
14.5		0
14.6		0
14.7		0
14.8		0
14.9		0
15		0
15.1		0
15.2		0
15.3		0
15.4		0
15.5		0
15.6		0
15.7		0
15.8		0
15.9		0
16		0
16.1		0
16.2		0
16.3		0
16.4		0
16.5		0
16.6		0
16.7		0
16.8		0
16.9		0
17		0
17.1		0.00701675
17.2		0.00701675
17.3		0.00701675
17.4		0.00701675
17.5		0.00701675
17.6		0.00701675
17.7		0.00701675
17.8		0.00701675
17.9		0.00701675
18		0.00701675
18.1		0.0083746
18.2		0.0083746
18.3		0.0083746
18.4		0.0083746
18.5		0.0083746
18.6		0.0083746
18.7		0.0083746
18.8		0.0083746
18.9		0.0083746
19		0.0083746
19.1		0.0106179
19.2		0.0106179
19.3		0.0106179
19.4		0.0106179
19.5		0.0106179
19.6		0.0106179
19.7		0.0106179
19.8		0.0106179
19.9		0.0106179
20		0.0106179
20.1		0.0170152
20.2		0.0170152
20.3		0.0170152
20.4		0.0170152
20.5		0.0170152
20.6		0.0170152
20.7		0.0170152
20.8		0.0170152
20.9		0.0170152
21		0.0170152
21.1		0.0184675
21.2		0.0184675
21.3		0.0184675
21.4		0.0184675
21.5		0.0184675
21.6		0.0184675
21.7		0.0184675
21.8		0.0184675
21.9		0.0184675
22		0.0184675
22.1		0.0189155
22.2		0.0189155
22.3		0.0189155
22.4		0.0189155
22.5		0.0189155
22.6		0.0189155
22.7		0.0189155
22.8		0.0189155
22.9		0.0189155
23		0.0189155
23.1		0.0190695
23.2		0.0190695
23.3		0.0190695
23.4		0.0190695
23.5		0.0190695
23.6		0.0190695
23.7		0.0190695
23.8		0.0190695
23.9		0.0190695
24		0.0190695
24.1		0.0220826
24.2		0.0220826
24.3		0.0220826
24.4		0.0220826
24.5		0.0220826
24.6		0.0220826
24.7		0.0220826
24.8		0.0220826
24.9		0.0220826
25		0.0220826
25.1		0.0269016
25.2		0.0269016
25.3		0.0269016
25.4		0.0269016
25.5		0.0269016
25.6		0.0269016
25.7		0.0269016
25.8		0.0269016
25.9		0.0269016
26		0.0269016
26.1		0.0280845
26.2		0.0280845
26.3		0.0280845
26.4		0.0280845
26.5		0.0280845
26.6		0.0280845
26.7		0.0280845
26.8		0.0280845
26.9		0.0280845
27		0.0280845
27.1		0.0296768
27.2		0.0296768
27.3		0.0296768
27.4		0.0296768
27.5		0.0296768
27.6		0.0296768
27.7		0.0296768
27.8		0.0296768
27.9		0.0296768
28		0.0296768
28.1		0.0315106
28.2		0.0315106
28.3		0.0315106
28.4		0.0315106
28.5		0.0315106
28.6		0.0315106
28.7		0.0315106
28.8		0.0315106
28.9		0.0315106
29		0.0315106
29.1		0.0329735
29.2		0.0329735
29.3		0.0329735
29.4		0.0329735
29.5		0.0329735
29.6		0.0329735
29.7		0.0329735
29.8		0.0329735
29.9		0.0329735
30		0.0329735
30.1		0.0345028
30.2		0.0345028
30.3		0.0345028
30.4		0.0345028
30.5		0.0345028
30.6		0.0345028
30.7		0.0345028
30.8		0.0345028
30.9		0.0345028
31		0.0345028
31.1		0.0378379
31.2		0.0378379
31.3		0.0378379
31.4		0.0378379
31.5		0.0378379
31.6		0.0378379
31.7		0.0378379
31.8		0.0378379
31.9		0.0378379
32		0.0378379
32.1		0.0401687
32.2		0.0401687
32.3		0.0401687
32.4		0.0401687
32.5		0.0401687
32.6		0.0401687
32.7		0.0401687
32.8		0.0401687
32.9		0.0401687
33		0.0401687
33.1		0.042174
33.2		0.042174
33.3		0.042174
33.4		0.042174
33.5		0.042174
33.6		0.042174
33.7		0.042174
33.8		0.042174
33.9		0.042174
34		0.042174
34.1		0.0427584
34.2		0.0427584
34.3		0.0427584
34.4		0.0427584
34.5		0.0427584
34.6		0.0427584
34.7		0.0427584
34.8		0.0427584
34.9		0.0427584
35		0.0427584
35.1		0.0459361
35.2		0.0459361
35.3		0.0459361
35.4		0.0459361
35.5		0.0459361
35.6		0.0459361
35.7		0.0459361
35.8		0.0459361
35.9		0.0459361
36		0.0459361
36.1		0.0463455
36.2		0.0463455
36.3		0.0463455
36.4		0.0463455
36.5		0.0463455
36.6		0.0463455
36.7		0.0463455
36.8		0.0463455
36.9		0.0463455
37		0.0463455
37.1		0.0520884
37.2		0.0520884
37.3		0.0520884
37.4		0.0520884
37.5		0.0520884
37.6		0.0520884
37.7		0.0520884
37.8		0.0520884
37.9		0.0520884
38		0.0520884
38.1		0.0535722
38.2		0.0535722
38.3		0.0535722
38.4		0.0535722
38.5		0.0535722
38.6		0.0535722
38.7		0.0535722
38.8		0.0535722
38.9		0.0535722
39		0.0535722
39.1		0.0537717
39.2		0.0537717
39.3		0.0537717
39.4		0.0537717
39.5		0.0537717
39.6		0.0537717
39.7		0.0537717
39.8		0.0537717
39.9		0.0537717
40		0.0537717
40.1		0.0545801
40.2		0.0545801
40.3		0.0545801
40.4		0.0545801
40.5		0.0545801
40.6		0.0545801
40.7		0.0545801
40.8		0.0545801
40.9		0.0545801
41		0.0545801
41.1		0.0581637
41.2		0.0581637
41.3		0.0581637
41.4		0.0581637
41.5		0.0581637
41.6		0.0581637
41.7		0.0581637
41.8		0.0581637
41.9		0.0581637
42		0.0581637
42.1		0.0622583
42.2		0.0622583
42.3		0.0622583
42.4		0.0622583
42.5		0.0622583
42.6		0.0622583
42.7		0.0622583
42.8		0.0622583
42.9		0.0622583
43		0.0622583
43.1		0.0626923
43.2		0.0626923
43.3		0.0626923
43.4		0.0626923
43.5		0.0626923
43.6		0.0626923
43.7		0.0626923
43.8		0.0626923
43.9		0.0626923
44		0.0626923
44.1		0.0636757
44.2		0.0636757
44.3		0.0636757
44.4		0.0636757
44.5		0.0636757
44.6		0.0636757
44.7		0.0636757
44.8		0.0636757
44.9		0.0636757
45		0.0636757
45.1		0.0645226
45.2		0.0645226
45.3		0.0645226
45.4		0.0645226
45.5		0.0645226
45.6		0.0645226
45.7		0.0645226
45.8		0.0645226
45.9		0.0645226
46		0.0645226
46.1		0.0693345
46.2		0.0693345
46.3		0.0693345
46.4		0.0693345
46.5		0.0693345
46.6		0.0693345
46.7		0.0693345
46.8		0.0693345
46.9		0.0693345
47		0.0693345
47.1		0.070122
47.2		0.070122
47.3		0.070122
47.4		0.070122
47.5		0.070122
47.6		0.070122
47.7		0.070122
47.8		0.070122
47.9		0.070122
48		0.070122
48.1		0.0729987
48.2		0.0729987
48.3		0.0729987
48.4		0.0729987
48.5		0.0729987
48.6		0.0729987
48.7		0.0729987
48.8		0.0729987
48.9		0.0729987
49		0.0729987
49.1		0.0748675
49.2		0.0748675
49.3		0.0748675
49.4		0.0748675
49.5		0.0748675
49.6		0.0748675
49.7		0.0748675
49.8		0.0748675
49.9		0.0748675
50		0.0748675
50.1		0.0783496
50.2		0.0783496
50.3		0.0783496
50.4		0.0783496
50.5		0.0783496
50.6		0.0783496
50.7		0.0783496
50.8		0.0783496
50.9		0.0783496
51		0.0783496
51.1		0.0794135
51.2		0.0794135
51.3		0.0794135
51.4		0.0794135
51.5		0.0794135
51.6		0.0794135
51.7		0.0794135
51.8		0.0794135
51.9		0.0794135
52		0.0794135
52.1		0.0802814
52.2		0.0802814
52.3		0.0802814
52.4		0.0802814
52.5		0.0802814
52.6		0.0802814
52.7		0.0802814
52.8		0.0802814
52.9		0.0802814
53		0.0802814
53.1		0.0812438
53.2		0.0812438
53.3		0.0812438
53.4		0.0812438
53.5		0.0812438
53.6		0.0812438
53.7		0.0812438
53.8		0.0812438
53.9		0.0812438
54		0.0812438
54.1		0.0862727
54.2		0.0862727
54.3		0.0862727
54.4		0.0862727
54.5		0.0862727
54.6		0.0862727
54.7		0.0862727
54.8		0.0862727
54.9		0.0862727
55		0.0862727
55.1		0.0881275
55.2		0.0881275
55.3		0.0881275
55.4		0.0881275
55.5		0.0881275
55.6		0.0881275
55.7		0.0881275
55.8		0.0881275
55.9		0.0881275
56		0.0881275
56.1		0.0884145
56.2		0.0884145
56.3		0.0884145
56.4		0.0884145
56.5		0.0884145
56.6		0.0884145
56.7		0.0884145
56.8		0.0884145
56.9		0.0884145
57		0.0884145
57.1		0.0892334
57.2		0.0892334
57.3		0.0892334
57.4		0.0892334
57.5		0.0892334
57.6		0.0892334
57.7		0.0892334
57.8		0.0892334
57.9		0.0892334
58		0.0892334
58.1		0.0942099
58.2		0.0942099
58.3		0.0942099
58.4		0.0942099
58.5		0.0942099
58.6		0.0942099
58.7		0.0942099
58.8		0.0942099
58.9		0.0942099
59		0.0942099
59.1		0.0959457
59.2		0.0959457
59.3		0.0959457
59.4		0.0959457
59.5		0.0959457
59.6		0.0959457
59.7		0.0959457
59.8		0.0959457
59.9		0.0959457
60		0.0959457
60.1		0.097825
60.2		0.097825
60.3		0.097825
60.4		0.097825
60.5		0.097825
60.6		0.097825
60.7		0.097825
60.8		0.097825
60.9		0.097825
61		0.097825
61.1		0.101549
61.2		0.101549
61.3		0.101549
61.4		0.101549
61.5		0.101549
61.6		0.101549
61.7		0.101549
61.8		0.101549
61.9		0.101549
62		0.101549
62.1		0.103029
62.2		0.103029
62.3		0.103029
62.4		0.103029
62.5		0.103029
62.6		0.103029
62.7		0.103029
62.8		0.103029
62.9		0.103029
63		0.103029
63.1		0.105272
63.2		0.105272
63.3		0.105272
63.4		0.105272
63.5		0.105272
63.6		0.105272
63.7		0.105272
63.8		0.105272
63.9		0.105272
64		0.105272
64.1		0.105468
64.2		0.105468
64.3		0.105468
64.4		0.105468
64.5		0.105468
64.6		0.105468
64.7		0.105468
64.8		0.105468
64.9		0.105468
65		0.105468
65.1		0.107669
65.2		0.107669
65.3		0.107669
65.4		0.107669
65.5		0.107669
65.6		0.107669
65.7		0.107669
65.8		0.107669
65.9		0.107669
66		0.107669
66.1		0.110795
66.2		0.110795
66.3		0.110795
66.4		0.110795
66.5		0.110795
66.6		0.110795
66.7		0.110795
66.8		0.110795
66.9		0.110795
67		0.110795
67.1		0.111404
67.2		0.111404
67.3		0.111404
67.4		0.111404
67.5		0.111404
67.6		0.111404
67.7		0.111404
67.8		0.111404
67.9		0.111404
68		0.111404
68.1		0.11392
68.2		0.11392
68.3		0.11392
68.4		0.11392
68.5		0.11392
68.6		0.11392
68.7		0.11392
68.8		0.11392
68.9		0.11392
69		0.11392
69.1		0.11561
69.2		0.11561
69.3		0.11561
69.4		0.11561
69.5		0.11561
69.6		0.11561
69.7		0.11561
69.8		0.11561
69.9		0.11561
70		0.11561
70.1		0.116842
70.2		0.116842
70.3		0.116842
70.4		0.116842
70.5		0.116842
70.6		0.116842
70.7		0.116842
70.8		0.116842
70.9		0.116842
71		0.116842
71.1		0.122182
71.2		0.122182
71.3		0.122182
71.4		0.122182
71.5		0.122182
71.6		0.122182
71.7		0.122182
71.8		0.122182
71.9		0.122182
72		0.122182
72.1		0.122417
72.2		0.122417
72.3		0.122417
72.4		0.122417
72.5		0.122417
72.6		0.122417
72.7		0.122417
72.8		0.122417
72.9		0.122417
73		0.122417
73.1		0.124083
73.2		0.124083
73.3		0.124083
73.4		0.124083
73.5		0.124083
73.6		0.124083
73.7		0.124083
73.8		0.124083
73.9		0.124083
74		0.124083
74.1		0.124506
74.2		0.124506
74.3		0.124506
74.4		0.124506
74.5		0.124506
74.6		0.124506
74.7		0.124506
74.8		0.124506
74.9		0.124506
75		0.124506
75.1		0.127099
75.2		0.127099
75.3		0.127099
75.4		0.127099
75.5		0.127099
75.6		0.127099
75.7		0.127099
75.8		0.127099
75.9		0.127099
76		0.127099
76.1		0.13216
76.2		0.13216
76.3		0.13216
76.4		0.13216
76.5		0.13216
76.6		0.13216
76.7		0.13216
76.8		0.13216
76.9		0.13216
77		0.13216
77.1		0.133087
77.2		0.133087
77.3		0.133087
77.4		0.133087
77.5		0.133087
77.6		0.133087
77.7		0.133087
77.8		0.133087
77.9		0.133087
78		0.133087
78.1		0.133836
78.2		0.133836
78.3		0.133836
78.4		0.133836
78.5		0.133836
78.6		0.133836
78.7		0.133836
78.8		0.133836
78.9		0.133836
79		0.133836
79.1		0.135509
79.2		0.135509
79.3		0.135509
79.4		0.135509
79.5		0.135509
79.6		0.135509
79.7		0.135509
79.8		0.135509
79.9		0.135509
80		0.135509
80.1		0.139761
80.2		0.139761
80.3		0.139761
80.4		0.139761
80.5		0.139761
80.6		0.139761
80.7		0.139761
80.8		0.139761
80.9		0.139761
81		0.139761
81.1		0.140132
81.2		0.140132
81.3		0.140132
81.4		0.140132
81.5		0.140132
81.6		0.140132
81.7		0.140132
81.8		0.140132
81.9		0.140132
82		0.140132
82.1		0.141567
82.2		0.141567
82.3		0.141567
82.4		0.141567
82.5		0.141567
82.6		0.141567
82.7		0.141567
82.8		0.141567
82.9		0.141567
83		0.141567
83.1		0.144115
83.2		0.144115
83.3		0.144115
83.4		0.144115
83.5		0.144115
83.6		0.144115
83.7		0.144115
83.8		0.144115
83.9		0.144115
84		0.144115
84.1		0.149959
84.2		0.149959
84.3		0.149959
84.4		0.149959
84.5		0.149959
84.6		0.149959
84.7		0.149959
84.8		0.149959
84.9		0.149959
85		0.149959
85.1		0.151341
85.2		0.151341
85.3		0.151341
85.4		0.151341
85.5		0.151341
85.6		0.151341
85.7		0.151341
85.8		0.151341
85.9		0.151341
86		0.151341
86.1		0.151583
86.2		0.151583
86.3		0.151583
86.4		0.151583
86.5		0.151583
86.6		0.151583
86.7		0.151583
86.8		0.151583
86.9		0.151583
87		0.151583
87.1		0.153598
87.2		0.153598
87.3		0.153598
87.4		0.153598
87.5		0.153598
87.6		0.153598
87.7		0.153598
87.8		0.153598
87.9		0.153598
88		0.153598
88.1		0.156447
88.2		0.156447
88.3		0.156447
88.4		0.156447
88.5		0.156447
88.6		0.156447
88.7		0.156447
88.8		0.156447
88.9		0.156447
89		0.156447
89.1		0.158578
89.2		0.158578
89.3		0.158578
89.4		0.158578
89.5		0.158578
89.6		0.158578
89.7		0.158578
89.8		0.158578
89.9		0.158578
90		0.158578
90.1		0.158928
90.2		0.158928
90.3		0.158928
90.4		0.158928
90.5		0.158928
90.6		0.158928
90.7		0.158928
90.8		0.158928
90.9		0.158928
91		0.158928
91.1		0.163264
91.2		0.163264
91.3		0.163264
91.4		0.163264
91.5		0.163264
91.6		0.163264
91.7		0.163264
91.8		0.163264
91.9		0.163264
92		0.163264
92.1		0.164433
92.2		0.164433
92.3		0.164433
92.4		0.164433
92.5		0.164433
92.6		0.164433
92.7		0.164433
92.8		0.164433
92.9		0.164433
93		0.164433
93.1		0.168213
93.2		0.168213
93.3		0.168213
93.4		0.168213
93.5		0.168213
93.6		0.168213
93.7		0.168213
93.8		0.168213
93.9		0.168213
94		0.168213
94.1		0.168804
94.2		0.168804
94.3		0.168804
94.4		0.168804
94.5		0.168804
94.6		0.168804
94.7		0.168804
94.8		0.168804
94.9		0.168804
95		0.168804
95.1		0.170414
95.2		0.170414
95.3		0.170414
95.4		0.170414
95.5		0.170414
95.6		0.170414
95.7		0.170414
95.8		0.170414
95.9		0.170414
96		0.170414
96.1		0.171786
96.2		0.171786
96.3		0.171786
96.4		0.171786
96.5		0.171786
96.6		0.171786
96.7		0.171786
96.8		0.171786
96.9		0.171786
97		0.171786
97.1		0.175534
97.2		0.175534
97.3		0.175534
97.4		0.175534
97.5		0.175534
97.6		0.175534
97.7		0.175534
97.8		0.175534
97.9		0.175534
98		0.175534
98.1		0.17721
98.2		0.17721
98.3		0.17721
98.4		0.17721
98.5		0.17721
98.6		0.17721
98.7		0.17721
98.8		0.17721
98.9		0.17721
99		0.17721
99.1		0.178796
99.2		0.178796
99.3		0.178796
99.4		0.178796
99.5		0.178796
99.6		0.178796
99.7		0.178796
99.8		0.178796
99.9		0.178796
100		0.178796
100.1		0.179776
100.2		0.179776
100.3		0.179776
100.4		0.179776
100.5		0.179776
100.6		0.179776
100.7		0.179776
100.8		0.179776
100.9		0.179776
101		0.179776
101.1		0.183044
101.2		0.183044
101.3		0.183044
101.4		0.183044
101.5		0.183044
101.6		0.183044
101.7		0.183044
101.8		0.183044
101.9		0.183044
102		0.183044
102.1		0.184532
102.2		0.184532
102.3		0.184532
102.4		0.184532
102.5		0.184532
102.6		0.184532
102.7		0.184532
102.8		0.184532
102.9		0.184532
103		0.184532
103.1		0.184738
103.2		0.184738
103.3		0.184738
103.4		0.184738
103.5		0.184738
103.6		0.184738
103.7		0.184738
103.8		0.184738
103.9		0.184738
104		0.184738
104.1		0.187391
104.2		0.187391
104.3		0.187391
104.4		0.187391
104.5		0.187391
104.6		0.187391
104.7		0.187391
104.8		0.187391
104.9		0.187391
105		0.187391
105.1		0.189645
105.2		0.189645
105.3		0.189645
105.4		0.189645
105.5		0.189645
105.6		0.189645
105.7		0.189645
105.8		0.189645
105.9		0.189645
106		0.189645
106.1		0.193207
106.2		0.193207
106.3		0.193207
106.4		0.193207
106.5		0.193207
106.6		0.193207
106.7		0.193207
106.8		0.193207
106.9		0.193207
107		0.193207
107.1		0.195052
107.2		0.195052
107.3		0.195052
107.4		0.195052
107.5		0.195052
107.6		0.195052
107.7		0.195052
107.8		0.195052
107.9		0.195052
108		0.195052
108.1		0.197008
108.2		0.197008
108.3		0.197008
108.4		0.197008
108.5		0.197008
108.6		0.197008
108.7		0.197008
108.8		0.197008
108.9		0.197008
109		0.197008
109.1		0.197232
109.2		0.197232
109.3		0.197232
109.4		0.197232
109.5		0.197232
109.6		0.197232
109.7		0.197232
109.8		0.197232
109.9		0.197232
110		0.197232
110.1		0.20357
110.2		0.20357
110.3		0.20357
110.4		0.20357
110.5		0.20357
110.6		0.20357
110.7		0.20357
110.8		0.20357
110.9		0.20357
111		0.20357
111.1		0.204532
111.2		0.204532
111.3		0.204532
111.4		0.204532
111.5		0.204532
111.6		0.204532
111.7		0.204532
111.8		0.204532
111.9		0.204532
112		0.204532
112.1		0.204749
112.2		0.204749
112.3		0.204749
112.4		0.204749
112.5		0.204749
112.6		0.204749
112.7		0.204749
112.8		0.204749
112.9		0.204749
113		0.204749
113.1		0.206544
113.2		0.206544
113.3		0.206544
113.4		0.206544
113.5		0.206544
113.6		0.206544
113.7		0.206544
113.8		0.206544
113.9		0.206544
114		0.206544
114.1		0.212112
114.2		0.212112
114.3		0.212112
114.4		0.212112
114.5		0.212112
114.6		0.212112
114.7		0.212112
114.8		0.212112
114.9		0.212112
115		0.212112
115.1		0.212532
115.2		0.212532
115.3		0.212532
115.4		0.212532
115.5		0.212532
115.6		0.212532
115.7		0.212532
115.8		0.212532
115.9		0.212532
116		0.212532
116.1		0.213295
116.2		0.213295
116.3		0.213295
116.4		0.213295
116.5		0.213295
116.6		0.213295
116.7		0.213295
116.8		0.213295
116.9		0.213295
117		0.213295
117.1		0.216749
117.2		0.216749
117.3		0.216749
117.4		0.216749
117.5		0.216749
117.6		0.216749
117.7		0.216749
117.8		0.216749
117.9		0.216749
118		0.216749
118.1		0.21986
118.2		0.21986
118.3		0.21986
118.4		0.21986
118.5		0.21986
118.6		0.21986
118.7		0.21986
118.8		0.21986
118.9		0.21986
119		0.21986
119.1		0.222664
119.2		0.222664
119.3		0.222664
119.4		0.222664
119.5		0.222664
119.6		0.222664
119.7		0.222664
119.8		0.222664
119.9		0.222664
120		0.222664
120.1		0.222825
120.2		0.222825
120.3		0.222825
120.4		0.222825
120.5		0.222825
120.6		0.222825
120.7		0.222825
120.8		0.222825
120.9		0.222825
121		0.222825
121.1		0.223615
121.2		0.223615
121.3		0.223615
121.4		0.223615
121.5		0.223615
121.6		0.223615
121.7		0.223615
121.8		0.223615
121.9		0.223615
122		0.223615
122.1		0.228529
122.2		0.228529
122.3		0.228529
122.4		0.228529
122.5		0.228529
122.6		0.228529
122.7		0.228529
122.8		0.228529
122.9		0.228529
123		0.228529
123.1		0.23192
123.2		0.23192
123.3		0.23192
123.4		0.23192
123.5		0.23192
123.6		0.23192
123.7		0.23192
123.8		0.23192
123.9		0.23192
124		0.23192
124.1		0.232407
124.2		0.232407
124.3		0.232407
124.4		0.232407
124.5		0.232407
124.6		0.232407
124.7		0.232407
124.8		0.232407
124.9		0.232407
125		0.232407
125.1		0.233743
125.2		0.233743
125.3		0.233743
125.4		0.233743
125.5		0.233743
125.6		0.233743
125.7		0.233743
125.8		0.233743
125.9		0.233743
126		0.233743
126.1		0.237236
126.2		0.237236
126.3		0.237236
126.4		0.237236
126.5		0.237236
126.6		0.237236
126.7		0.237236
126.8		0.237236
126.9		0.237236
127		0.237236
127.1		0.237999
127.2		0.237999
127.3		0.237999
127.4		0.237999
127.5		0.237999
127.6		0.237999
127.7		0.237999
127.8		0.237999
127.9		0.237999
128		0.237999
128.1		0.240053
128.2		0.240053
128.3		0.240053
128.4		0.240053
128.5		0.240053
128.6		0.240053
128.7		0.240053
128.8		0.240053
128.9		0.240053
129		0.240053
129.1		0.243938
129.2		0.243938
129.3		0.243938
129.4		0.243938
129.5		0.243938
129.6		0.243938
129.7		0.243938
129.8		0.243938
129.9		0.243938
130		0.243938
130.1		0.244886
130.2		0.244886
130.3		0.244886
130.4		0.244886
130.5		0.244886
130.6		0.244886
130.7		0.244886
130.8		0.244886
130.9		0.244886
131		0.244886
131.1		0.248568
131.2		0.248568
131.3		0.248568
131.4		0.248568
131.5		0.248568
131.6		0.248568
131.7		0.248568
131.8		0.248568
131.9		0.248568
132		0.248568
132.1		0.249366
132.2		0.249366
132.3		0.249366
132.4		0.249366
132.5		0.249366
132.6		0.249366
132.7		0.249366
132.8		0.249366
132.9		0.249366
133		0.249366
133.1		0.251693
133.2		0.251693
133.3		0.251693
133.4		0.251693
133.5		0.251693
133.6		0.251693
133.7		0.251693
133.8		0.251693
133.9		0.251693
134		0.251693
134.1		0.253607
134.2		0.253607
134.3		0.253607
134.4		0.253607
134.5		0.253607
134.6		0.253607
134.7		0.253607
134.8		0.253607
134.9		0.253607
135		0.253607
135.1		0.254276
135.2		0.254276
135.3		0.254276
135.4		0.254276
135.5		0.254276
135.6		0.254276
135.7		0.254276
135.8		0.254276
135.9		0.254276
136		0.254276
136.1		0.257835
136.2		0.257835
136.3		0.257835
136.4		0.257835
136.5		0.257835
136.6		0.257835
136.7		0.257835
136.8		0.257835
136.9		0.257835
137		0.257835
137.1		0.260127
137.2		0.260127
137.3		0.260127
137.4		0.260127
137.5		0.260127
137.6		0.260127
137.7		0.260127
137.8		0.260127
137.9		0.260127
138		0.260127
138.1		0.261345
138.2		0.261345
138.3		0.261345
138.4		0.261345
138.5		0.261345
138.6		0.261345
138.7		0.261345
138.8		0.261345
138.9		0.261345
139		0.261345
139.1		0.263147
139.2		0.263147
139.3		0.263147
139.4		0.263147
139.5		0.263147
139.6		0.263147
139.7		0.263147
139.8		0.263147
139.9		0.263147
140		0.263147
140.1		0.26657
140.2		0.26657
140.3		0.26657
140.4		0.26657
140.5		0.26657
140.6		0.26657
140.7		0.26657
140.8		0.26657
140.9		0.26657
141		0.26657
141.1		0.267543
141.2		0.267543
141.3		0.267543
141.4		0.267543
141.5		0.267543
141.6		0.267543
141.7		0.267543
141.8		0.267543
141.9		0.267543
142		0.267543
142.1		0.269177
142.2		0.269177
142.3		0.269177
142.4		0.269177
142.5		0.269177
142.6		0.269177
142.7		0.269177
142.8		0.269177
142.9		0.269177
143		0.269177
143.1		0.271683
143.2		0.271683
143.3		0.271683
143.4		0.271683
143.5		0.271683
143.6		0.271683
143.7		0.271683
143.8		0.271683
143.9		0.271683
144		0.271683
144.1		0.275798
144.2		0.275798
144.3		0.275798
144.4		0.275798
144.5		0.275798
144.6		0.275798
144.7		0.275798
144.8		0.275798
144.9		0.275798
145		0.275798
145.1		0.277009
145.2		0.277009
145.3		0.277009
145.4		0.277009
145.5		0.277009
145.6		0.277009
145.7		0.277009
145.8		0.277009
145.9		0.277009
146		0.277009
146.1		0.277482
146.2		0.277482
146.3		0.277482
146.4		0.277482
146.5		0.277482
146.6		0.277482
146.7		0.277482
146.8		0.277482
146.9		0.277482
147		0.277482
147.1		0.278458
147.2		0.278458
147.3		0.278458
147.4		0.278458
147.5		0.278458
147.6		0.278458
147.7		0.278458
147.8		0.278458
147.9		0.278458
148		0.278458
148.1		0.285433
148.2		0.285433
148.3		0.285433
148.4		0.285433
148.5		0.285433
148.6		0.285433
148.7		0.285433
148.8		0.285433
148.9		0.285433
149		0.285433
149.1		0.285898
149.2		0.285898
149.3		0.285898
149.4		0.285898
149.5		0.285898
149.6		0.285898
149.7		0.285898
149.8		0.285898
149.9		0.285898
150		0.285898
150.1		0.286707
150.2		0.286707
150.3		0.286707
150.4		0.286707
150.5		0.286707
150.6		0.286707
150.7		0.286707
150.8		0.286707
150.9		0.286707
151		0.286707
151.1		0.289058
151.2		0.289058
151.3		0.289058
151.4		0.289058
151.5		0.289058
151.6		0.289058
151.7		0.289058
151.8		0.289058
151.9		0.289058
152		0.289058
152.1		0.289982
152.2		0.289982
152.3		0.289982
152.4		0.289982
152.5		0.289982
152.6		0.289982
152.7		0.289982
152.8		0.289982
152.9		0.289982
153		0.289982
153.1		0.294318
153.2		0.294318
153.3		0.294318
153.4		0.294318
153.5		0.294318
153.6		0.294318
153.7		0.294318
153.8		0.294318
153.9		0.294318
154		0.294318
154.1		0.296072
154.2		0.296072
154.3		0.296072
154.4		0.296072
154.5		0.296072
154.6		0.296072
154.7		0.296072
154.8		0.296072
154.9		0.296072
155		0.296072
155.1		0.296985
155.2		0.296985
155.3		0.296985
155.4		0.296985
155.5		0.296985
155.6		0.296985
155.7		0.296985
155.8		0.296985
155.9		0.296985
156		0.296985
156.1		0.299652
156.2		0.299652
156.3		0.299652
156.4		0.299652
156.5		0.299652
156.6		0.299652
156.7		0.299652
156.8		0.299652
156.9		0.299652
157		0.299652
157.1		0.300044
157.2		0.300044
157.3		0.300044
157.4		0.300044
157.5		0.300044
157.6		0.300044
157.7		0.300044
157.8		0.300044
157.9		0.300044
158		0.300044
158.1		0.304142
158.2		0.304142
158.3		0.304142
158.4		0.304142
158.5		0.304142
158.6		0.304142
158.7		0.304142
158.8		0.304142
158.9		0.304142
159		0.304142
159.1		0.304348
159.2		0.304348
159.3		0.304348
159.4		0.304348
159.5		0.304348
159.6		0.304348
159.7		0.304348
159.8		0.304348
159.9		0.304348
160		0.304348
160.1		0.30684
160.2		0.30684
160.3		0.30684
160.4		0.30684
160.5		0.30684
160.6		0.30684
160.7		0.30684
160.8		0.30684
160.9		0.30684
161		0.30684
161.1		0.311568
161.2		0.311568
161.3		0.311568
161.4		0.311568
161.5		0.311568
161.6		0.311568
161.7		0.311568
161.8		0.311568
161.9		0.311568
162		0.311568
162.1		0.313878
162.2		0.313878
162.3		0.313878
162.4		0.313878
162.5		0.313878
162.6		0.313878
162.7		0.313878
162.8		0.313878
162.9		0.313878
163		0.313878
163.1		0.314606
163.2		0.314606
163.3		0.314606
163.4		0.314606
163.5		0.314606
163.6		0.314606
163.7		0.314606
163.8		0.314606
163.9		0.314606
164		0.314606
164.1		0.31681
164.2		0.31681
164.3		0.31681
164.4		0.31681
164.5		0.31681
164.6		0.31681
164.7		0.31681
164.8		0.31681
164.9		0.31681
165		0.31681
165.1		0.319589
165.2		0.319589
165.3		0.319589
165.4		0.319589
165.5		0.319589
165.6		0.319589
165.7		0.319589
165.8		0.319589
165.9		0.319589
166		0.319589
166.1		0.321682
166.2		0.321682
166.3		0.321682
166.4		0.321682
166.5		0.321682
166.6		0.321682
166.7		0.321682
166.8		0.321682
166.9		0.321682
167		0.321682
167.1		0.323152
167.2		0.323152
167.3		0.323152
167.4		0.323152
167.5		0.323152
167.6		0.323152
167.7		0.323152
167.8		0.323152
167.9		0.323152
168		0.323152
168.1		0.325203
168.2		0.325203
168.3		0.325203
168.4		0.325203
168.5		0.325203
168.6		0.325203
168.7		0.325203
168.8		0.325203
168.9		0.325203
169		0.325203
169.1		0.326298
169.2		0.326298
169.3		0.326298
169.4		0.326298
169.5		0.326298
169.6		0.326298
169.7		0.326298
169.8		0.326298
169.9		0.326298
170		0.326298
170.1		0.331099
170.2		0.331099
170.3		0.331099
170.4		0.331099
170.5		0.331099
170.6		0.331099
170.7		0.331099
170.8		0.331099
170.9		0.331099
171		0.331099
171.1		0.331369
171.2		0.331369
171.3		0.331369
171.4		0.331369
171.5		0.331369
171.6		0.331369
171.7		0.331369
171.8		0.331369
171.9		0.331369
172		0.331369
172.1		0.332373
172.2		0.332373
172.3		0.332373
172.4		0.332373
172.5		0.332373
172.6		0.332373
172.7		0.332373
172.8		0.332373
172.9		0.332373
173		0.332373
173.1		0.333371
173.2		0.333371
173.3		0.333371
173.4		0.333371
173.5		0.333371
173.6		0.333371
173.7		0.333371
173.8		0.333371
173.9		0.333371
174		0.333371
174.1		0.339492
174.2		0.339492
174.3		0.339492
174.4		0.339492
174.5		0.339492
174.6		0.339492
174.7		0.339492
174.8		0.339492
174.9		0.339492
175		0.339492
175.1		0.339869
175.2		0.339869
175.3		0.339869
175.4		0.339869
175.5		0.339869
175.6		0.339869
175.7		0.339869
175.8		0.339869
175.9		0.339869
176		0.339869
176.1		0.342879
176.2		0.342879
176.3		0.342879
176.4		0.342879
176.5		0.342879
176.6		0.342879
176.7		0.342879
176.8		0.342879
176.9		0.342879
177		0.342879
177.1		0.344268
177.2		0.344268
177.3		0.344268
177.4		0.344268
177.5		0.344268
177.6		0.344268
177.7		0.344268
177.8		0.344268
177.9		0.344268
178		0.344268
178.1		0.346298
178.2		0.346298
178.3		0.346298
178.4		0.346298
178.5		0.346298
178.6		0.346298
178.7		0.346298
178.8		0.346298
178.9		0.346298
179		0.346298
179.1		0.347877
179.2		0.347877
179.3		0.347877
179.4		0.347877
179.5		0.347877
179.6		0.347877
179.7		0.347877
179.8		0.347877
179.9		0.347877
180		0.347877
180.1		0.34992
180.2		0.34992
180.3		0.34992
180.4		0.34992
180.5		0.34992
180.6		0.34992
180.7		0.34992
180.8		0.34992
180.9		0.34992
181		0.34992
181.1		0.350743
181.2		0.350743
181.3		0.350743
181.4		0.350743
181.5		0.350743
181.6		0.350743
181.7		0.350743
181.8		0.350743
181.9		0.350743
182		0.350743
182.1		0.354498
182.2		0.354498
182.3		0.354498
182.4		0.354498
182.5		0.354498
182.6		0.354498
182.7		0.354498
182.8		0.354498
182.9		0.354498
183		0.354498
183.1		0.35462
183.2		0.35462
183.3		0.35462
183.4		0.35462
183.5		0.35462
183.6		0.35462
183.7		0.35462
183.8		0.35462
183.9		0.35462
184		0.35462
184.1		0.355978
184.2		0.355978
184.3		0.355978
184.4		0.355978
184.5		0.355978
184.6		0.355978
184.7		0.355978
184.8		0.355978
184.9		0.355978
185		0.355978
185.1		0.358169
185.2		0.358169
185.3		0.358169
185.4		0.358169
185.5		0.358169
185.6		0.358169
185.7		0.358169
185.8		0.358169
185.9		0.358169
186		0.358169
186.1		0.363768
186.2		0.363768
186.3		0.363768
186.4		0.363768
186.5		0.363768
186.6		0.363768
186.7		0.363768
186.8		0.363768
186.9		0.363768
187		0.363768
187.1		0.365151
187.2		0.365151
187.3		0.365151
187.4		0.365151
187.5		0.365151
187.6		0.365151
187.7		0.365151
187.8		0.365151
187.9		0.365151
188		0.365151
188.1		0.367289
188.2		0.367289
188.3		0.367289
188.4		0.367289
188.5		0.367289
188.6		0.367289
188.7		0.367289
188.8		0.367289
188.9		0.367289
189		0.367289
189.1		0.367604
189.2		0.367604
189.3		0.367604
189.4		0.367604
189.5		0.367604
189.6		0.367604
189.7		0.367604
189.8		0.367604
189.9		0.367604
190		0.367604
190.1		0.371086
190.2		0.371086
190.3		0.371086
190.4		0.371086
190.5		0.371086
190.6		0.371086
190.7		0.371086
190.8		0.371086
190.9		0.371086
191		0.371086
191.1		0.372899
191.2		0.372899
191.3		0.372899
191.4		0.372899
191.5		0.372899
191.6		0.372899
191.7		0.372899
191.8		0.372899
191.9		0.372899
192		0.372899
192.1		0.373406
192.2		0.373406
192.3		0.373406
192.4		0.373406
192.5		0.373406
192.6		0.373406
192.7		0.373406
192.8		0.373406
192.9		0.373406
193		0.373406
193.1		0.378141
193.2		0.378141
193.3		0.378141
193.4		0.378141
193.5		0.378141
193.6		0.378141
193.7		0.378141
193.8		0.378141
193.9		0.378141
194		0.378141
194.1		0.379142
194.2		0.379142
194.3		0.379142
194.4		0.379142
194.5		0.379142
194.6		0.379142
194.7		0.379142
194.8		0.379142
194.9		0.379142
195		0.379142
195.1		0.381008
195.2		0.381008
195.3		0.381008
195.4		0.381008
195.5		0.381008
195.6		0.381008
195.7		0.381008
195.8		0.381008
195.9		0.381008
196		0.381008
196.1		0.383097
196.2		0.383097
196.3		0.383097
196.4		0.383097
196.5		0.383097
196.6		0.383097
196.7		0.383097
196.8		0.383097
196.9		0.383097
197		0.383097
197.1		0.383895
197.2		0.383895
197.3		0.383895
197.4		0.383895
197.5		0.383895
197.6		0.383895
197.7		0.383895
197.8		0.383895
197.9		0.383895
198		0.383895
198.1		0.386257
198.2		0.386257
198.3		0.386257
198.4		0.386257
198.5		0.386257
198.6		0.386257
198.7		0.386257
198.8		0.386257
198.9		0.386257
199		0.386257
199.1		0.388948
199.2		0.388948
199.3		0.388948
199.4		0.388948
199.5		0.388948
199.6		0.388948
199.7		0.388948
199.8		0.388948
199.9		0.388948
200		0.388948
200.1		0.392259
200.2		0.392259
200.3		0.392259
200.4		0.392259
200.5		0.392259
200.6		0.392259
200.7		0.392259
200.8		0.392259
200.9		0.392259
201		0.392259
201.1		0.39362
201.2		0.39362
201.3		0.39362
201.4		0.39362
201.5		0.39362
201.6		0.39362
201.7		0.39362
201.8		0.39362
201.9		0.39362
202		0.39362
202.1		0.395332
202.2		0.395332
202.3		0.395332
202.4		0.395332
202.5		0.395332
202.6		0.395332
202.7		0.395332
202.8		0.395332
202.9		0.395332
203		0.395332
203.1		0.395653
203.2		0.395653
203.3		0.395653
203.4		0.395653
203.5		0.395653
203.6		0.395653
203.7		0.395653
203.8		0.395653
203.9		0.395653
204		0.395653
204.1		0.399398
204.2		0.399398
204.3		0.399398
204.4		0.399398
204.5		0.399398
204.6		0.399398
204.7		0.399398
204.8		0.399398
204.9		0.399398
205		0.399398
205.1		0.401753
205.2		0.401753
205.3		0.401753
205.4		0.401753
205.5		0.401753
205.6		0.401753
205.7		0.401753
205.8		0.401753
205.9		0.401753
206		0.401753
206.1		0.403846
206.2		0.403846
206.3		0.403846
206.4		0.403846
206.5		0.403846
206.6		0.403846
206.7		0.403846
206.8		0.403846
206.9		0.403846
207		0.403846
207.1		0.404182
207.2		0.404182
207.3		0.404182
207.4		0.404182
207.5		0.404182
207.6		0.404182
207.7		0.404182
207.8		0.404182
207.9		0.404182
208		0.404182
208.1		0.407906
208.2		0.407906
208.3		0.407906
208.4		0.407906
208.5		0.407906
208.6		0.407906
208.7		0.407906
208.8		0.407906
208.9		0.407906
209		0.407906
209.1		0.408522
209.2		0.408522
209.3		0.408522
209.4		0.408522
209.5		0.408522
209.6		0.408522
209.7		0.408522
209.8		0.408522
209.9		0.408522
210		0.408522
210.1		0.41123
210.2		0.41123
210.3		0.41123
210.4		0.41123
210.5		0.41123
210.6		0.41123
210.7		0.41123
210.8		0.41123
210.9		0.41123
211		0.41123
211.1		0.411521
211.2		0.411521
211.3		0.411521
211.4		0.411521
211.5		0.411521
211.6		0.411521
211.7		0.411521
211.8		0.411521
211.9		0.411521
212		0.411521
212.1		0.417628
212.2		0.417628
212.3		0.417628
212.4		0.417628
212.5		0.417628
212.6		0.417628
212.7		0.417628
212.8		0.417628
212.9		0.417628
213		0.417628
213.1		0.419132
213.2		0.419132
213.3		0.419132
213.4		0.419132
213.5		0.419132
213.6		0.419132
213.7		0.419132
213.8		0.419132
213.9		0.419132
214		0.419132
214.1		0.419566
214.2		0.419566
214.3		0.419566
214.4		0.419566
214.5		0.419566
214.6		0.419566
214.7		0.419566
214.8		0.419566
214.9		0.419566
215		0.419566
215.1		0.420308
215.2		0.420308
215.3		0.420308
215.4		0.420308
215.5		0.420308
215.6		0.420308
215.7		0.420308
215.8		0.420308
215.9		0.420308
216		0.420308
216.1		0.426013
216.2		0.426013
216.3		0.426013
216.4		0.426013
216.5		0.426013
216.6		0.426013
216.7		0.426013
216.8		0.426013
216.9		0.426013
217		0.426013
217.1		0.427553
217.2		0.427553
217.3		0.427553
217.4		0.427553
217.5		0.427553
217.6		0.427553
217.7		0.427553
217.8		0.427553
217.9		0.427553
218		0.427553
218.1		0.428081
218.2		0.428081
218.3		0.428081
218.4		0.428081
218.5		0.428081
218.6		0.428081
218.7		0.428081
218.8		0.428081
218.9		0.428081
219		0.428081
219.1		0.430426
219.2		0.430426
219.3		0.430426
219.4		0.430426
219.5		0.430426
219.6		0.430426
219.7		0.430426
219.8		0.430426
219.9		0.430426
220		0.430426
220.1		0.432588
220.2		0.432588
220.3		0.432588
220.4		0.432588
220.5		0.432588
220.6		0.432588
220.7		0.432588
220.8		0.432588
220.9		0.432588
221		0.432588
221.1		0.433078
221.2		0.433078
221.3		0.433078
221.4		0.433078
221.5		0.433078
221.6		0.433078
221.7		0.433078
221.8		0.433078
221.9		0.433078
222		0.433078
222.1		0.437005
222.2		0.437005
222.3		0.437005
222.4		0.437005
222.5		0.437005
222.6		0.437005
222.7		0.437005
222.8		0.437005
222.9		0.437005
223		0.437005
223.1		0.438422
223.2		0.438422
223.3		0.438422
223.4		0.438422
223.5		0.438422
223.6		0.438422
223.7		0.438422
223.8		0.438422
223.9		0.438422
224		0.438422
224.1		0.440529
224.2		0.440529
224.3		0.440529
224.4		0.440529
224.5		0.440529
224.6		0.440529
224.7		0.440529
224.8		0.440529
224.9		0.440529
225		0.440529
225.1		0.44377
225.2		0.44377
225.3		0.44377
225.4		0.44377
225.5		0.44377
225.6		0.44377
225.7		0.44377
225.8		0.44377
225.9		0.44377
226		0.44377
226.1		0.445653
226.2		0.445653
226.3		0.445653
226.4		0.445653
226.5		0.445653
226.6		0.445653
226.7		0.445653
226.8		0.445653
226.9		0.445653
227		0.445653
227.1		0.445828
227.2		0.445828
227.3		0.445828
227.4		0.445828
227.5		0.445828
227.6		0.445828
227.7		0.445828
227.8		0.445828
227.9		0.445828
228		0.445828
228.1		0.44911
228.2		0.44911
228.3		0.44911
228.4		0.44911
228.5		0.44911
228.6		0.44911
228.7		0.44911
228.8		0.44911
228.9		0.44911
229		0.44911
229.1		0.450342
229.2		0.450342
229.3		0.450342
229.4		0.450342
229.5		0.450342
229.6		0.450342
229.7		0.450342
229.8		0.450342
229.9		0.450342
230		0.450342
230.1		0.454745
230.2		0.454745
230.3		0.454745
230.4		0.454745
230.5		0.454745
230.6		0.454745
230.7		0.454745
230.8		0.454745
230.9		0.454745
231		0.454745
231.1		0.456697
231.2		0.456697
231.3		0.456697
231.4		0.456697
231.5		0.456697
231.6		0.456697
231.7		0.456697
231.8		0.456697
231.9		0.456697
232		0.456697
232.1		0.457485
232.2		0.457485
232.3		0.457485
232.4		0.457485
232.5		0.457485
232.6		0.457485
232.7		0.457485
232.8		0.457485
232.9		0.457485
233		0.457485
233.1		0.458006
233.2		0.458006
233.3		0.458006
233.4		0.458006
233.5		0.458006
233.6		0.458006
233.7		0.458006
233.8		0.458006
233.9		0.458006
234		0.458006
234.1		0.462993
234.2		0.462993
234.3		0.462993
234.4		0.462993
234.5		0.462993
234.6		0.462993
234.7		0.462993
234.8		0.462993
234.9		0.462993
235		0.462993
235.1		0.463704
235.2		0.463704
235.3		0.463704
235.4		0.463704
235.5		0.463704
235.6		0.463704
235.7		0.463704
235.8		0.463704
235.9		0.463704
236		0.463704
236.1		0.466321
236.2		0.466321
236.3		0.466321
236.4		0.466321
236.5		0.466321
236.6		0.466321
236.7		0.466321
236.8		0.466321
236.9		0.466321
237		0.466321
237.1		0.467665
237.2		0.467665
237.3		0.467665
237.4		0.467665
237.5		0.467665
237.6		0.467665
237.7		0.467665
237.8		0.467665
237.9		0.467665
238		0.467665
238.1		0.471305
238.2		0.471305
238.3		0.471305
238.4		0.471305
238.5		0.471305
238.6		0.471305
238.7		0.471305
238.8		0.471305
238.9		0.471305
239		0.471305
239.1		0.472684
239.2		0.472684
239.3		0.472684
239.4		0.472684
239.5		0.472684
239.6		0.472684
239.7		0.472684
239.8		0.472684
239.9		0.472684
240		0.472684
240.1		0.473384
240.2		0.473384
240.3		0.473384
240.4		0.473384
240.5		0.473384
240.6		0.473384
240.7		0.473384
240.8		0.473384
240.9		0.473384
241		0.473384
241.1		0.474371
241.2		0.474371
241.3		0.474371
241.4		0.474371
241.5		0.474371
241.6		0.474371
241.7		0.474371
241.8		0.474371
241.9		0.474371
242		0.474371
242.1		0.479959
242.2		0.479959
242.3		0.479959
242.4		0.479959
242.5		0.479959
242.6		0.479959
242.7		0.479959
242.8		0.479959
242.9		0.479959
243		0.479959
243.1		0.480827
243.2		0.480827
243.3		0.480827
243.4		0.480827
243.5		0.480827
243.6		0.480827
243.7		0.480827
243.8		0.480827
243.9		0.480827
244		0.480827
244.1		0.482892
244.2		0.482892
244.3		0.482892
244.4		0.482892
244.5		0.482892
244.6		0.482892
244.7		0.482892
244.8		0.482892
244.9		0.482892
245		0.482892
245.1		0.483949
245.2		0.483949
245.3		0.483949
245.4		0.483949
245.5		0.483949
245.6		0.483949
245.7		0.483949
245.8		0.483949
245.9		0.483949
246		0.483949
246.1		0.488428
246.2		0.488428
246.3		0.488428
246.4		0.488428
246.5		0.488428
246.6		0.488428
246.7		0.488428
246.8		0.488428
246.9		0.488428
247		0.488428
247.1		0.489069
247.2		0.489069
247.3		0.489069
247.4		0.489069
247.5		0.489069
247.6		0.489069
247.7		0.489069
247.8		0.489069
247.9		0.489069
248		0.489069
248.1		0.490133
248.2		0.490133
248.3		0.490133
248.4		0.490133
248.5		0.490133
248.6		0.490133
248.7		0.490133
248.8		0.490133
248.9		0.490133
249		0.490133
249.1		0.490756
249.2		0.490756
249.3		0.490756
249.4		0.490756
249.5		0.490756
249.6		0.490756
249.7		0.490756
249.8		0.490756
249.9		0.490756
250		0.490756
250.1		0.493692
250.2		0.493692
250.3		0.493692
250.4		0.493692
250.5		0.493692
250.6		0.493692
250.7		0.493692
250.8		0.493692
250.9		0.493692
251		0.493692
251.1		0.496985
251.2		0.496985
251.3		0.496985
251.4		0.496985
251.5		0.496985
251.6		0.496985
251.7		0.496985
251.8		0.496985
251.9		0.496985
252		0.496985
252.1		0.500464
252.2		0.500464
252.3		0.500464
252.4		0.500464
252.5		0.500464
252.6		0.500464
252.7		0.500464
252.8		0.500464
252.9		0.500464
253		0.500464
253.1		0.501388
253.2		0.501388
253.3		0.501388
253.4		0.501388
253.5		0.501388
253.6		0.501388
253.7		0.501388
253.8		0.501388
253.9		0.501388
254		0.501388
254.1		0.501717
254.2		0.501717
254.3		0.501717
254.4		0.501717
254.5		0.501717
254.6		0.501717
254.7		0.501717
254.8		0.501717
254.9		0.501717
255		0.501717
255.1		0.504474
255.2		0.504474
255.3		0.504474
255.4		0.504474
255.5		0.504474
255.6		0.504474
255.7		0.504474
255.8		0.504474
255.9		0.504474
256		0.504474
256.1		0.506767
256.2		0.506767
256.3		0.506767
256.4		0.506767
256.5		0.506767
256.6		0.506767
256.7		0.506767
256.8		0.506767
256.9		0.506767
257		0.506767
257.1		0.508254
257.2		0.508254
257.3		0.508254
257.4		0.508254
257.5		0.508254
257.6		0.508254
257.7		0.508254
257.8		0.508254
257.9		0.508254
258		0.508254
258.1		0.509867
258.2		0.509867
258.3		0.509867
258.4		0.509867
258.5		0.509867
258.6		0.509867
258.7		0.509867
258.8		0.509867
258.9		0.509867
259		0.509867
259.1		0.510742
259.2		0.510742
259.3		0.510742
259.4		0.510742
259.5		0.510742
259.6		0.510742
259.7		0.510742
259.8		0.510742
259.9		0.510742
260		0.510742
260.1		0.516702
260.2		0.516702
260.3		0.516702
260.4		0.516702
260.5		0.516702
260.6		0.516702
260.7		0.516702
260.8		0.516702
260.9		0.516702
261		0.516702
261.1		0.517227
261.2		0.517227
261.3		0.517227
261.4		0.517227
261.5		0.517227
261.6		0.517227
261.7		0.517227
261.8		0.517227
261.9		0.517227
262		0.517227
262.1		0.519425
262.2		0.519425
262.3		0.519425
262.4		0.519425
262.5		0.519425
262.6		0.519425
262.7		0.519425
262.8		0.519425
262.9		0.519425
263		0.519425
263.1		0.519778
263.2		0.519778
263.3		0.519778
263.4		0.519778
263.5		0.519778
263.6		0.519778
263.7		0.519778
263.8		0.519778
263.9		0.519778
264		0.519778
264.1		0.526364
264.2		0.526364
264.3		0.526364
264.4		0.526364
264.5		0.526364
264.6		0.526364
264.7		0.526364
264.8		0.526364
264.9		0.526364
265		0.526364
265.1		0.52683
265.2		0.52683
265.3		0.52683
265.4		0.52683
265.5		0.52683
265.6		0.52683
265.7		0.52683
265.8		0.52683
265.9		0.52683
266		0.52683
266.1		0.527106
266.2		0.527106
266.3		0.527106
266.4		0.527106
266.5		0.527106
266.6		0.527106
266.7		0.527106
266.8		0.527106
266.9		0.527106
267		0.527106
267.1		0.527509
267.2		0.527509
267.3		0.527509
267.4		0.527509
267.5		0.527509
267.6		0.527509
267.7		0.527509
267.8		0.527509
267.9		0.527509
268		0.527509
268.1		0.532464
268.2		0.532464
268.3		0.532464
268.4		0.532464
268.5		0.532464
268.6		0.532464
268.7		0.532464
268.8		0.532464
268.9		0.532464
269		0.532464
269.1		0.533917
269.2		0.533917
269.3		0.533917
269.4		0.533917
269.5		0.533917
269.6		0.533917
269.7		0.533917
269.8		0.533917
269.9		0.533917
270		0.533917
270.1		0.535463
270.2		0.535463
270.3		0.535463
270.4		0.535463
270.5		0.535463
270.6		0.535463
270.7		0.535463
270.8		0.535463
270.9		0.535463
271		0.535463
271.1		0.537906
271.2		0.537906
271.3		0.537906
271.4		0.537906
271.5		0.537906
271.6		0.537906
271.7		0.537906
271.8		0.537906
271.9		0.537906
272		0.537906
272.1		0.5401
272.2		0.5401
272.3		0.5401
272.4		0.5401
272.5		0.5401
272.6		0.5401
272.7		0.5401
272.8		0.5401
272.9		0.5401
273		0.5401
273.1		0.54149
273.2		0.54149
273.3		0.54149
273.4		0.54149
273.5		0.54149
273.6		0.54149
273.7		0.54149
273.8		0.54149
273.9		0.54149
274		0.54149
274.1		0.543432
274.2		0.543432
274.3		0.543432
274.4		0.543432
274.5		0.543432
274.6		0.543432
274.7		0.543432
274.8		0.543432
274.9		0.543432
275		0.543432
275.1		0.54514
275.2		0.54514
275.3		0.54514
275.4		0.54514
275.5		0.54514
275.6		0.54514
275.7		0.54514
275.8		0.54514
275.9		0.54514
276		0.54514
276.1		0.548006
276.2		0.548006
276.3		0.548006
276.4		0.548006
276.5		0.548006
276.6		0.548006
276.7		0.548006
276.8		0.548006
276.9		0.548006
277		0.548006
277.1		0.551012
277.2		0.551012
277.3		0.551012
277.4		0.551012
277.5		0.551012
277.6		0.551012
277.7		0.551012
277.8		0.551012
277.9		0.551012
278		0.551012
278.1		0.55125
278.2		0.55125
278.3		0.55125
278.4		0.55125
278.5		0.55125
278.6		0.55125
278.7		0.55125
278.8		0.55125
278.9		0.55125
279		0.55125
279.1		0.553315
279.2		0.553315
279.3		0.553315
279.4		0.553315
279.5		0.553315
279.6		0.553315
279.7		0.553315
279.8		0.553315
279.9		0.553315
280		0.553315
280.1		0.554431
280.2		0.554431
280.3		0.554431
280.4		0.554431
280.5		0.554431
280.6		0.554431
280.7		0.554431
280.8		0.554431
280.9		0.554431
281		0.554431
281.1		0.559296
281.2		0.559296
281.3		0.559296
281.4		0.559296
281.5		0.559296
281.6		0.559296
281.7		0.559296
281.8		0.559296
281.9		0.559296
282		0.559296
282.1		0.559492
282.2		0.559492
282.3		0.559492
282.4		0.559492
282.5		0.559492
282.6		0.559492
282.7		0.559492
282.8		0.559492
282.9		0.559492
283		0.559492
283.1		0.562033
283.2		0.562033
283.3		0.562033
283.4		0.562033
283.5		0.562033
283.6		0.562033
283.7		0.562033
283.8		0.562033
283.9		0.562033
284		0.562033
284.1		0.564717
284.2		0.564717
284.3		0.564717
284.4		0.564717
284.5		0.564717
284.6		0.564717
284.7		0.564717
284.8		0.564717
284.9		0.564717
285		0.564717
285.1		0.565893
285.2		0.565893
285.3		0.565893
285.4		0.565893
285.5		0.565893
285.6		0.565893
285.7		0.565893
285.8		0.565893
285.9		0.565893
286		0.565893
286.1		0.569749
286.2		0.569749
286.3		0.569749
286.4		0.569749
286.5		0.569749
286.6		0.569749
286.7		0.569749
286.8		0.569749
286.9		0.569749
287		0.569749
287.1		0.572524
287.2		0.572524
287.3		0.572524
287.4		0.572524
287.5		0.572524
287.6		0.572524
287.7		0.572524
287.8		0.572524
287.9		0.572524
288		0.572524
288.1		0.575898
288.2		0.575898
288.3		0.575898
288.4		0.575898
288.5		0.575898
288.6		0.575898
288.7		0.575898
288.8		0.575898
288.9		0.575898
289		0.575898
289.1		0.577091
289.2		0.577091
289.3		0.577091
289.4		0.577091
289.5		0.577091
289.6		0.577091
289.7		0.577091
289.8		0.577091
289.9		0.577091
290		0.577091
290.1		0.578712
290.2		0.578712
290.3		0.578712
290.4		0.578712
290.5		0.578712
290.6		0.578712
290.7		0.578712
290.8		0.578712
290.9		0.578712
291		0.578712
291.1		0.584437
291.2		0.584437
291.3		0.584437
291.4		0.584437
291.5		0.584437
291.6		0.584437
291.7		0.584437
291.8		0.584437
291.9		0.584437
292		0.584437
292.1		0.585834
292.2		0.585834
292.3		0.585834
292.4		0.585834
292.5		0.585834
292.6		0.585834
292.7		0.585834
292.8		0.585834
292.9		0.585834
293		0.585834
293.1		0.585946
293.2		0.585946
293.3		0.585946
293.4		0.585946
293.5		0.585946
293.6		0.585946
293.7		0.585946
293.8		0.585946
293.9		0.585946
294		0.585946
294.1		0.586362
294.2		0.586362
294.3		0.586362
294.4		0.586362
294.5		0.586362
294.6		0.586362
294.7		0.586362
294.8		0.586362
294.9		0.586362
295		0.586362
295.1		0.589848
295.2		0.589848
295.3		0.589848
295.4		0.589848
295.5		0.589848
295.6		0.589848
295.7		0.589848
295.8		0.589848
295.9		0.589848
296		0.589848
296.1		0.594292
296.2		0.594292
296.3		0.594292
296.4		0.594292
296.5		0.594292
296.6		0.594292
296.7		0.594292
296.8		0.594292
296.9		0.594292
297		0.594292
297.1		0.594922
297.2		0.594922
297.3		0.594922
297.4		0.594922
297.5		0.594922
297.6		0.594922
297.7		0.594922
297.8		0.594922
297.9		0.594922
298		0.594922
298.1		0.59699
298.2		0.59699
298.3		0.59699
298.4		0.59699
298.5		0.59699
298.6		0.59699
298.7		0.59699
298.8		0.59699
298.9		0.59699
299		0.59699
299.1		0.603143
299.2		0.603143
299.3		0.603143
299.4		0.603143
299.5		0.603143
299.6		0.603143
299.7		0.603143
299.8		0.603143
299.9		0.603143
300		0.603143
300.1		0.606117
300.2		0.606117
300.3		0.606117
300.4		0.606117
300.5		0.606117
300.6		0.606117
300.7		0.606117
300.8		0.606117
300.9		0.606117
301		0.606117
301.1		0.606299
301.2		0.606299
301.3		0.606299
301.4		0.606299
301.5		0.606299
301.6		0.606299
301.7		0.606299
301.8		0.606299
301.9		0.606299
302		0.606299
302.1		0.611395
302.2		0.611395
302.3		0.611395
302.4		0.611395
302.5		0.611395
302.6		0.611395
302.7		0.611395
302.8		0.611395
302.9		0.611395
303		0.611395
303.1		0.612364
303.2		0.612364
303.3		0.612364
303.4		0.612364
303.5		0.612364
303.6		0.612364
303.7		0.612364
303.8		0.612364
303.9		0.612364
304		0.612364
304.1		0.614807
304.2		0.614807
304.3		0.614807
304.4		0.614807
304.5		0.614807
304.6		0.614807
304.7		0.614807
304.8		0.614807
304.9		0.614807
305		0.614807
305.1		0.617733
305.2		0.617733
305.3		0.617733
305.4		0.617733
305.5		0.617733
305.6		0.617733
305.7		0.617733
305.8		0.617733
305.9		0.617733
306		0.617733
306.1		0.619619
306.2		0.619619
306.3		0.619619
306.4		0.619619
306.5		0.619619
306.6		0.619619
306.7		0.619619
306.8		0.619619
306.9		0.619619
307		0.619619
307.1		0.621225
307.2		0.621225
307.3		0.621225
307.4		0.621225
307.5		0.621225
307.6		0.621225
307.7		0.621225
307.8		0.621225
307.9		0.621225
308		0.621225
308.1		0.621365
308.2		0.621365
308.3		0.621365
308.4		0.621365
308.5		0.621365
308.6		0.621365
308.7		0.621365
308.8		0.621365
308.9		0.621365
309		0.621365
309.1		0.62154
309.2		0.62154
309.3		0.62154
309.4		0.62154
309.5		0.62154
309.6		0.62154
309.7		0.62154
309.8		0.62154
309.9		0.62154
310		0.62154
310.1		0.628021
310.2		0.628021
310.3		0.628021
310.4		0.628021
310.5		0.628021
310.6		0.628021
310.7		0.628021
310.8		0.628021
310.9		0.628021
311		0.628021
311.1		0.630443
311.2		0.630443
311.3		0.630443
311.4		0.630443
311.5		0.630443
311.6		0.630443
311.7		0.630443
311.8		0.630443
311.9		0.630443
312		0.630443
312.1		0.631455
312.2		0.631455
312.3		0.631455
312.4		0.631455
312.5		0.631455
312.6		0.631455
312.7		0.631455
312.8		0.631455
312.9		0.631455
313		0.631455
313.1		0.631808
313.2		0.631808
313.3		0.631808
313.4		0.631808
313.5		0.631808
313.6		0.631808
313.7		0.631808
313.8		0.631808
313.9		0.631808
314		0.631808
314.1		0.63493
314.2		0.63493
314.3		0.63493
314.4		0.63493
314.5		0.63493
314.6		0.63493
314.7		0.63493
314.8		0.63493
314.9		0.63493
315		0.63493
315.1		0.638559
315.2		0.638559
315.3		0.638559
315.4		0.638559
315.5		0.638559
315.6		0.638559
315.7		0.638559
315.8		0.638559
315.9		0.638559
316		0.638559
316.1		0.638776
316.2		0.638776
316.3		0.638776
316.4		0.638776
316.5		0.638776
316.6		0.638776
316.7		0.638776
316.8		0.638776
316.9		0.638776
317		0.638776
317.1		0.641383
317.2		0.641383
317.3		0.641383
317.4		0.641383
317.5		0.641383
317.6		0.641383
317.7		0.641383
317.8		0.641383
317.9		0.641383
318		0.641383
318.1		0.645502
318.2		0.645502
318.3		0.645502
318.4		0.645502
318.5		0.645502
318.6		0.645502
318.7		0.645502
318.8		0.645502
318.9		0.645502
319		0.645502
319.1		0.645625
319.2		0.645625
319.3		0.645625
319.4		0.645625
319.5		0.645625
319.6		0.645625
319.7		0.645625
319.8		0.645625
319.9		0.645625
320		0.645625
320.1		0.646853
320.2		0.646853
320.3		0.646853
320.4		0.646853
320.5		0.646853
320.6		0.646853
320.7		0.646853
320.8		0.646853
320.9		0.646853
321		0.646853
321.1		0.649492
321.2		0.649492
321.3		0.649492
321.4		0.649492
321.5		0.649492
321.6		0.649492
321.7		0.649492
321.8		0.649492
321.9		0.649492
322		0.649492
322.1		0.65353
322.2		0.65353
322.3		0.65353
322.4		0.65353
322.5		0.65353
322.6		0.65353
322.7		0.65353
322.8		0.65353
322.9		0.65353
323		0.65353
323.1		0.654906
323.2		0.654906
323.3		0.654906
323.4		0.654906
323.5		0.654906
323.6		0.654906
323.7		0.654906
323.8		0.654906
323.9		0.654906
324		0.654906
324.1		0.655287
324.2		0.655287
324.3		0.655287
324.4		0.655287
324.5		0.655287
324.6		0.655287
324.7		0.655287
324.8		0.655287
324.9		0.655287
325		0.655287
325.1		0.657887
325.2		0.657887
325.3		0.657887
325.4		0.657887
325.5		0.657887
325.6		0.657887
325.7		0.657887
325.8		0.657887
325.9		0.657887
326		0.657887
326.1		0.658202
326.2		0.658202
326.3		0.658202
326.4		0.658202
326.5		0.658202
326.6		0.658202
326.7		0.658202
326.8		0.658202
326.9		0.658202
327		0.658202
327.1		0.66363
327.2		0.66363
327.3		0.66363
327.4		0.66363
327.5		0.66363
327.6		0.66363
327.7		0.66363
327.8		0.66363
327.9		0.66363
328		0.66363
328.1		0.664138
328.2		0.664138
328.3		0.664138
328.4		0.664138
328.5		0.664138
328.6		0.664138
328.7		0.664138
328.8		0.664138
328.9		0.664138
329		0.664138
329.1		0.667595
329.2		0.667595
329.3		0.667595
329.4		0.667595
329.5		0.667595
329.6		0.667595
329.7		0.667595
329.8		0.667595
329.9		0.667595
330		0.667595
330.1		0.667805
330.2		0.667805
330.3		0.667805
330.4		0.667805
330.5		0.667805
330.6		0.667805
330.7		0.667805
330.8		0.667805
330.9		0.667805
331		0.667805
331.1		0.668712
331.2		0.668712
331.3		0.668712
331.4		0.668712
331.5		0.668712
331.6		0.668712
331.7		0.668712
331.8		0.668712
331.9		0.668712
332		0.668712
332.1		0.67155
332.2		0.67155
332.3		0.67155
332.4		0.67155
332.5		0.67155
332.6		0.67155
332.7		0.67155
332.8		0.67155
332.9		0.67155
333		0.67155
333.1		0.674899
333.2		0.674899
333.3		0.674899
333.4		0.674899
333.5		0.674899
333.6		0.674899
333.7		0.674899
333.8		0.674899
333.9		0.674899
334		0.674899
334.1		0.675448
334.2		0.675448
334.3		0.675448
334.4		0.675448
334.5		0.675448
334.6		0.675448
334.7		0.675448
334.8		0.675448
334.9		0.675448
335		0.675448
335.1		0.677569
335.2		0.677569
335.3		0.677569
335.4		0.677569
335.5		0.677569
335.6		0.677569
335.7		0.677569
335.8		0.677569
335.9		0.677569
336		0.677569
336.1		0.681958
336.2		0.681958
336.3		0.681958
336.4		0.681958
336.5		0.681958
336.6		0.681958
336.7		0.681958
336.8		0.681958
336.9		0.681958
337		0.681958
337.1		0.682343
337.2		0.682343
337.3		0.682343
337.4		0.682343
337.5		0.682343
337.6		0.682343
337.7		0.682343
337.8		0.682343
337.9		0.682343
338		0.682343
338.1		0.685849
338.2		0.685849
338.3		0.685849
338.4		0.685849
338.5		0.685849
338.6		0.685849
338.7		0.685849
338.8		0.685849
338.9		0.685849
339		0.685849
339.1		0.69085
339.2		0.69085
339.3		0.69085
339.4		0.69085
339.5		0.69085
339.6		0.69085
339.7		0.69085
339.8		0.69085
339.9		0.69085
340		0.69085
340.1		0.691431
340.2		0.691431
340.3		0.691431
340.4		0.691431
340.5		0.691431
340.6		0.691431
340.7		0.691431
340.8		0.691431
340.9		0.691431
341		0.691431
341.1		0.694598
341.2		0.694598
341.3		0.694598
341.4		0.694598
341.5		0.694598
341.6		0.694598
341.7		0.694598
341.8		0.694598
341.9		0.694598
342		0.694598
342.1		0.697003
342.2		0.697003
342.3		0.697003
342.4		0.697003
342.5		0.697003
342.6		0.697003
342.7		0.697003
342.8		0.697003
342.9		0.697003
343		0.697003
343.1		0.697248
343.2		0.697248
343.3		0.697248
343.4		0.697248
343.5		0.697248
343.6		0.697248
343.7		0.697248
343.8		0.697248
343.9		0.697248
344		0.697248
344.1		0.701223
344.2		0.701223
344.3		0.701223
344.4		0.701223
344.5		0.701223
344.6		0.701223
344.7		0.701223
344.8		0.701223
344.9		0.701223
345		0.701223
345.1		0.706039
345.2		0.706039
345.3		0.706039
345.4		0.706039
345.5		0.706039
345.6		0.706039
345.7		0.706039
345.8		0.706039
345.9		0.706039
346		0.706039
346.1		0.706686
346.2		0.706686
346.3		0.706686
346.4		0.706686
346.5		0.706686
346.6		0.706686
346.7		0.706686
346.8		0.706686
346.9		0.706686
347		0.706686
347.1		0.70669
347.2		0.70669
347.3		0.70669
347.4		0.70669
347.5		0.70669
347.6		0.70669
347.7		0.70669
347.8		0.70669
347.9		0.70669
348		0.70669
348.1		0.706781
348.2		0.706781
348.3		0.706781
348.4		0.706781
348.5		0.706781
348.6		0.706781
348.7		0.706781
348.8		0.706781
348.9		0.706781
349		0.706781
349.1		0.707263
349.2		0.707263
349.3		0.707263
349.4		0.707263
349.5		0.707263
349.6		0.707263
349.7		0.707263
349.8		0.707263
349.9		0.707263
350		0.707263
350.1		0.714879
350.2		0.714879
350.3		0.714879
350.4		0.714879
350.5		0.714879
350.6		0.714879
350.7		0.714879
350.8		0.714879
350.9		0.714879
351		0.714879
351.1		0.716142
351.2		0.716142
351.3		0.716142
351.4		0.716142
351.5		0.716142
351.6		0.716142
351.7		0.716142
351.8		0.716142
351.9		0.716142
352		0.716142
352.1		0.718809
352.2		0.718809
352.3		0.718809
352.4		0.718809
352.5		0.718809
352.6		0.718809
352.7		0.718809
352.8		0.718809
352.9		0.718809
353		0.718809
353.1		0.721223
353.2		0.721223
353.3		0.721223
353.4		0.721223
353.5		0.721223
353.6		0.721223
353.7		0.721223
353.8		0.721223
353.9		0.721223
354		0.721223
354.1		0.724583
354.2		0.724583
354.3		0.724583
354.4		0.724583
354.5		0.724583
354.6		0.724583
354.7		0.724583
354.8		0.724583
354.9		0.724583
355		0.724583
355.1		0.729332
355.2		0.729332
355.3		0.729332
355.4		0.729332
355.5		0.729332
355.6		0.729332
355.7		0.729332
355.8		0.729332
355.9		0.729332
356		0.729332
356.1		0.731418
356.2		0.731418
356.3		0.731418
356.4		0.731418
356.5		0.731418
356.6		0.731418
356.7		0.731418
356.8		0.731418
356.9		0.731418
357		0.731418
357.1		0.732958
357.2		0.732958
357.3		0.732958
357.4		0.732958
357.5		0.732958
357.6		0.732958
357.7		0.732958
357.8		0.732958
357.9		0.732958
358		0.732958
358.1		0.737126
358.2		0.737126
358.3		0.737126
358.4		0.737126
358.5		0.737126
358.6		0.737126
358.7		0.737126
358.8		0.737126
358.9		0.737126
359		0.737126
359.1		0.737805
359.2		0.737805
359.3		0.737805
359.4		0.737805
359.5		0.737805
359.6		0.737805
359.7		0.737805
359.8		0.737805
359.9		0.737805
360		0.737805
360.1		0.740688
360.2		0.740688
360.3		0.740688
360.4		0.740688
360.5		0.740688
360.6		0.740688
360.7		0.740688
360.8		0.740688
360.9		0.740688
361		0.740688
361.1		0.742988
361.2		0.742988
361.3		0.742988
361.4		0.742988
361.5		0.742988
361.6		0.742988
361.7		0.742988
361.8		0.742988
361.9		0.742988
362		0.742988
362.1		0.745759
362.2		0.745759
362.3		0.745759
362.4		0.745759
362.5		0.745759
362.6		0.745759
362.7		0.745759
362.8		0.745759
362.9		0.745759
363		0.745759
363.1		0.746459
363.2		0.746459
363.3		0.746459
363.4		0.746459
363.5		0.746459
363.6		0.746459
363.7		0.746459
363.8		0.746459
363.9		0.746459
364		0.746459
364.1		0.746988
364.2		0.746988
364.3		0.746988
364.4		0.746988
364.5		0.746988
364.6		0.746988
364.7		0.746988
364.8		0.746988
364.9		0.746988
365		0.746988
365.1		0.748332
365.2		0.748332
365.3		0.748332
365.4		0.748332
365.5		0.748332
365.6		0.748332
365.7		0.748332
365.8		0.748332
365.9		0.748332
366		0.748332
366.1		0.752962
366.2		0.752962
366.3		0.752962
366.4		0.752962
366.5		0.752962
366.6		0.752962
366.7		0.752962
366.8		0.752962
366.9		0.752962
367		0.752962
367.1		0.755891
367.2		0.755891
367.3		0.755891
367.4		0.755891
367.5		0.755891
367.6		0.755891
367.7		0.755891
367.8		0.755891
367.9		0.755891
368		0.755891
368.1		0.756272
368.2		0.756272
368.3		0.756272
368.4		0.756272
368.5		0.756272
368.6		0.756272
368.7		0.756272
368.8		0.756272
368.9		0.756272
369		0.756272
369.1		0.759425
369.2		0.759425
369.3		0.759425
369.4		0.759425
369.5		0.759425
369.6		0.759425
369.7		0.759425
369.8		0.759425
369.9		0.759425
370		0.759425
370.1		0.761056
370.2		0.761056
370.3		0.761056
370.4		0.761056
370.5		0.761056
370.6		0.761056
370.7		0.761056
370.8		0.761056
370.9		0.761056
371		0.761056
371.1		0.762306
371.2		0.762306
371.3		0.762306
371.4		0.762306
371.5		0.762306
371.6		0.762306
371.7		0.762306
371.8		0.762306
371.9		0.762306
372		0.762306
372.1		0.762914
372.2		0.762914
372.3		0.762914
372.4		0.762914
372.5		0.762914
372.6		0.762914
372.7		0.762914
372.8		0.762914
372.9		0.762914
373		0.762914
373.1		0.767321
373.2		0.767321
373.3		0.767321
373.4		0.767321
373.5		0.767321
373.6		0.767321
373.7		0.767321
373.8		0.767321
373.9		0.767321
374		0.767321
374.1		0.76851
374.2		0.76851
374.3		0.76851
374.4		0.76851
374.5		0.76851
374.6		0.76851
374.7		0.76851
374.8		0.76851
374.9		0.76851
375		0.76851
375.1		0.771429
375.2		0.771429
375.3		0.771429
375.4		0.771429
375.5		0.771429
375.6		0.771429
375.7		0.771429
375.8		0.771429
375.9		0.771429
376		0.771429
376.1		0.77404
376.2		0.77404
376.3		0.77404
376.4		0.77404
376.5		0.77404
376.6		0.77404
376.7		0.77404
376.8		0.77404
376.9		0.77404
377		0.77404
377.1		0.775219
377.2		0.775219
377.3		0.775219
377.4		0.775219
377.5		0.775219
377.6		0.775219
377.7		0.775219
377.8		0.775219
377.9		0.775219
378		0.775219
378.1		0.775863
378.2		0.775863
378.3		0.775863
378.4		0.775863
378.5		0.775863
378.6		0.775863
378.7		0.775863
378.8		0.775863
378.9		0.775863
379		0.775863
379.1		0.779373
379.2		0.779373
379.3		0.779373
379.4		0.779373
379.5		0.779373
379.6		0.779373
379.7		0.779373
379.8		0.779373
379.9		0.779373
380		0.779373
380.1		0.782964
380.2		0.782964
380.3		0.782964
380.4		0.782964
380.5		0.782964
380.6		0.782964
380.7		0.782964
380.8		0.782964
380.9		0.782964
381		0.782964
381.1		0.783317
381.2		0.783317
381.3		0.783317
381.4		0.783317
381.5		0.783317
381.6		0.783317
381.7		0.783317
381.8		0.783317
381.9		0.783317
382		0.783317
382.1		0.78415
382.2		0.78415
382.3		0.78415
382.4		0.78415
382.5		0.78415
382.6		0.78415
382.7		0.78415
382.8		0.78415
382.9		0.78415
383		0.78415
383.1		0.786176
383.2		0.786176
383.3		0.786176
383.4		0.786176
383.5		0.786176
383.6		0.786176
383.7		0.786176
383.8		0.786176
383.9		0.786176
384		0.786176
384.1		0.791202
384.2		0.791202
384.3		0.791202
384.4		0.791202
384.5		0.791202
384.6		0.791202
384.7		0.791202
384.8		0.791202
384.9		0.791202
385		0.791202
385.1		0.791702
385.2		0.791702
385.3		0.791702
385.4		0.791702
385.5		0.791702
385.6		0.791702
385.7		0.791702
385.8		0.791702
385.9		0.791702
386		0.791702
386.1		0.792812
386.2		0.792812
386.3		0.792812
386.4		0.792812
386.5		0.792812
386.6		0.792812
386.7		0.792812
386.8		0.792812
386.9		0.792812
387		0.792812
387.1		0.79593
387.2		0.79593
387.3		0.79593
387.4		0.79593
387.5		0.79593
387.6		0.79593
387.7		0.79593
387.8		0.79593
387.9		0.79593
388		0.79593
388.1		0.799083
388.2		0.799083
388.3		0.799083
388.4		0.799083
388.5		0.799083
388.6		0.799083
388.7		0.799083
388.8		0.799083
388.9		0.799083
389		0.799083
389.1		0.800371
389.2		0.800371
389.3		0.800371
389.4		0.800371
389.5		0.800371
389.6		0.800371
389.7		0.800371
389.8		0.800371
389.9		0.800371
390		0.800371
390.1		0.800777
390.2		0.800777
390.3		0.800777
390.4		0.800777
390.5		0.800777
390.6		0.800777
390.7		0.800777
390.8		0.800777
390.9		0.800777
391		0.800777
391.1		0.801648
391.2		0.801648
391.3		0.801648
391.4		0.801648
391.5		0.801648
391.6		0.801648
391.7		0.801648
391.8		0.801648
391.9		0.801648
392		0.801648
392.1		0.806901
392.2		0.806901
392.3		0.806901
392.4		0.806901
392.5		0.806901
392.6		0.806901
392.7		0.806901
392.8		0.806901
392.9		0.806901
393		0.806901
393.1		0.807913
393.2		0.807913
393.3		0.807913
393.4		0.807913
393.5		0.807913
393.6		0.807913
393.7		0.807913
393.8		0.807913
393.9		0.807913
394		0.807913
394.1		0.811384
394.2		0.811384
394.3		0.811384
394.4		0.811384
394.5		0.811384
394.6		0.811384
394.7		0.811384
394.8		0.811384
394.9		0.811384
395		0.811384
395.1		0.811591
395.2		0.811591
395.3		0.811591
395.4		0.811591
395.5		0.811591
395.6		0.811591
395.7		0.811591
395.8		0.811591
395.9		0.811591
396		0.811591
396.1		0.817106
396.2		0.817106
396.3		0.817106
396.4		0.817106
396.5		0.817106
396.6		0.817106
396.7		0.817106
396.8		0.817106
396.9		0.817106
397		0.817106
397.1		0.817225
397.2		0.817225
397.3		0.817225
397.4		0.817225
397.5		0.817225
397.6		0.817225
397.7		0.817225
397.8		0.817225
397.9		0.817225
398		0.817225
398.1		0.818139
398.2		0.818139
398.3		0.818139
398.4		0.818139
398.5		0.818139
398.6		0.818139
398.7		0.818139
398.8		0.818139
398.9		0.818139
399		0.818139
399.1		0.822545
399.2		0.822545
399.3		0.822545
399.4		0.822545
399.5		0.822545
399.6		0.822545
399.7		0.822545
399.8		0.822545
399.9		0.822545
400		0.822545
400.1		0.822769
400.2		0.822769
400.3		0.822769
400.4		0.822769
400.5		0.822769
400.6		0.822769
400.7		0.822769
400.8		0.822769
400.9		0.822769
401		0.822769
401.1		0.8261
401.2		0.8261
401.3		0.8261
401.4		0.8261
401.5		0.8261
401.6		0.8261
401.7		0.8261
401.8		0.8261
401.9		0.8261
402		0.8261
402.1		0.827241
402.2		0.827241
402.3		0.827241
402.4		0.827241
402.5		0.827241
402.6		0.827241
402.7		0.827241
402.8		0.827241
402.9		0.827241
403		0.827241
403.1		0.827731
403.2		0.827731
403.3		0.827731
403.4		0.827731
403.5		0.827731
403.6		0.827731
403.7		0.827731
403.8		0.827731
403.9		0.827731
404		0.827731
404.1		0.830496
404.2		0.830496
404.3		0.830496
404.4		0.830496
404.5		0.830496
404.6		0.830496
404.7		0.830496
404.8		0.830496
404.9		0.830496
405		0.830496
405.1		0.832375
405.2		0.832375
405.3		0.832375
405.4		0.832375
405.5		0.832375
405.6		0.832375
405.7		0.832375
405.8		0.832375
405.9		0.832375
406		0.832375
406.1		0.834762
406.2		0.834762
406.3		0.834762
406.4		0.834762
406.5		0.834762
406.6		0.834762
406.7		0.834762
406.8		0.834762
406.9		0.834762
407		0.834762
407.1		0.837733
407.2		0.837733
407.3		0.837733
407.4		0.837733
407.5		0.837733
407.6		0.837733
407.7		0.837733
407.8		0.837733
407.9		0.837733
408		0.837733
408.1		0.839528
408.2		0.839528
408.3		0.839528
408.4		0.839528
408.5		0.839528
408.6		0.839528
408.7		0.839528
408.8		0.839528
408.9		0.839528
409		0.839528
409.1		0.8409
409.2		0.8409
409.3		0.8409
409.4		0.8409
409.5		0.8409
409.6		0.8409
409.7		0.8409
409.8		0.8409
409.9		0.8409
410		0.8409
410.1		0.843591
410.2		0.843591
410.3		0.843591
410.4		0.843591
410.5		0.843591
410.6		0.843591
410.7		0.843591
410.8		0.843591
410.9		0.843591
411		0.843591
411.1		0.846314
411.2		0.846314
411.3		0.846314
411.4		0.846314
411.5		0.846314
411.6		0.846314
411.7		0.846314
411.8		0.846314
411.9		0.846314
412		0.846314
412.1		0.847154
412.2		0.847154
412.3		0.847154
412.4		0.847154
412.5		0.847154
412.6		0.847154
412.7		0.847154
412.8		0.847154
412.9		0.847154
413		0.847154
413.1		0.850465
413.2		0.850465
413.3		0.850465
413.4		0.850465
413.5		0.850465
413.6		0.850465
413.7		0.850465
413.8		0.850465
413.9		0.850465
414		0.850465
414.1		0.853292
414.2		0.853292
414.3		0.853292
414.4		0.853292
414.5		0.853292
414.6		0.853292
414.7		0.853292
414.8		0.853292
414.9		0.853292
415		0.853292
415.1		0.854125
415.2		0.854125
415.3		0.854125
415.4		0.854125
415.5		0.854125
415.6		0.854125
415.7		0.854125
415.8		0.854125
415.9		0.854125
416		0.854125
416.1		0.854412
416.2		0.854412
416.3		0.854412
416.4		0.854412
416.5		0.854412
416.6		0.854412
416.7		0.854412
416.8		0.854412
416.9		0.854412
417		0.854412
417.1		0.856424
417.2		0.856424
417.3		0.856424
417.4		0.856424
417.5		0.856424
417.6		0.856424
417.7		0.856424
417.8		0.856424
417.9		0.856424
418		0.856424
418.1		0.861789
418.2		0.861789
418.3		0.861789
418.4		0.861789
418.5		0.861789
418.6		0.861789
418.7		0.861789
418.8		0.861789
418.9		0.861789
419		0.861789
419.1		0.862104
419.2		0.862104
419.3		0.862104
419.4		0.862104
419.5		0.862104
419.6		0.862104
419.7		0.862104
419.8		0.862104
419.9		0.862104
420		0.862104
420.1		0.865194
420.2		0.865194
420.3		0.865194
420.4		0.865194
420.5		0.865194
420.6		0.865194
420.7		0.865194
420.8		0.865194
420.9		0.865194
421		0.865194
421.1		0.8656
421.2		0.8656
421.3		0.8656
421.4		0.8656
421.5		0.8656
421.6		0.8656
421.7		0.8656
421.8		0.8656
421.9		0.8656
422		0.8656
422.1		0.867487
422.2		0.867487
422.3		0.867487
422.4		0.867487
422.5		0.867487
422.6		0.867487
422.7		0.867487
422.8		0.867487
422.9		0.867487
423		0.867487
423.1		0.869034
423.2		0.869034
423.3		0.869034
423.4		0.869034
423.5		0.869034
423.6		0.869034
423.7		0.869034
423.8		0.869034
423.9		0.869034
424		0.869034
424.1		0.872722
424.2		0.872722
424.3		0.872722
424.4		0.872722
424.5		0.872722
424.6		0.872722
424.7		0.872722
424.8		0.872722
424.9		0.872722
425		0.872722
425.1		0.872918
425.2		0.872918
425.3		0.872918
425.4		0.872918
425.5		0.872918
425.6		0.872918
425.7		0.872918
425.8		0.872918
425.9		0.872918
426		0.872918
426.1		0.877293
426.2		0.877293
426.3		0.877293
426.4		0.877293
426.5		0.877293
426.6		0.877293
426.7		0.877293
426.8		0.877293
426.9		0.877293
427		0.877293
427.1		0.87752
427.2		0.87752
427.3		0.87752
427.4		0.87752
427.5		0.87752
427.6		0.87752
427.7		0.87752
427.8		0.87752
427.9		0.87752
428		0.87752
428.1		0.879574
428.2		0.879574
428.3		0.879574
428.4		0.879574
428.5		0.879574
428.6		0.879574
428.7		0.879574
428.8		0.879574
428.9		0.879574
429		0.879574
429.1		0.880057
429.2		0.880057
429.3		0.880057
429.4		0.880057
429.5		0.880057
429.6		0.880057
429.7		0.880057
429.8		0.880057
429.9		0.880057
430		0.880057
430.1		0.8858
430.2		0.8858
430.3		0.8858
430.4		0.8858
430.5		0.8858
430.6		0.8858
430.7		0.8858
430.8		0.8858
430.9		0.8858
431		0.8858
431.1		0.887484
431.2		0.887484
431.3		0.887484
431.4		0.887484
431.5		0.887484
431.6		0.887484
431.7		0.887484
431.8		0.887484
431.9		0.887484
432		0.887484
432.1		0.888838
432.2		0.888838
432.3		0.888838
432.4		0.888838
432.5		0.888838
432.6		0.888838
432.7		0.888838
432.8		0.888838
432.9		0.888838
433		0.888838
433.1		0.889048
433.2		0.889048
433.3		0.889048
433.4		0.889048
433.5		0.889048
433.6		0.889048
433.7		0.889048
433.8		0.889048
433.9		0.889048
434		0.889048
434.1		0.891848
434.2		0.891848
434.3		0.891848
434.4		0.891848
434.5		0.891848
434.6		0.891848
434.7		0.891848
434.8		0.891848
434.9		0.891848
435		0.891848
435.1		0.895946
435.2		0.895946
435.3		0.895946
435.4		0.895946
435.5		0.895946
435.6		0.895946
435.7		0.895946
435.8		0.895946
435.9		0.895946
436		0.895946
436.1		0.896212
436.2		0.896212
436.3		0.896212
436.4		0.896212
436.5		0.896212
436.6		0.896212
436.7		0.896212
436.8		0.896212
436.9		0.896212
437		0.896212
437.1		0.897664
437.2		0.897664
437.3		0.897664
437.4		0.897664
437.5		0.897664
437.6		0.897664
437.7		0.897664
437.8		0.897664
437.9		0.897664
438		0.897664
438.1		0.898381
438.2		0.898381
438.3		0.898381
438.4		0.898381
438.5		0.898381
438.6		0.898381
438.7		0.898381
438.8		0.898381
438.9		0.898381
439		0.898381
439.1		0.89996
439.2		0.89996
439.3		0.89996
439.4		0.89996
439.5		0.89996
439.6		0.89996
439.7		0.89996
439.8		0.89996
439.9		0.89996
440		0.89996
440.1		0.904408
440.2		0.904408
440.3		0.904408
440.4		0.904408
440.5		0.904408
440.6		0.904408
440.7		0.904408
440.8		0.904408
440.9		0.904408
441		0.904408
441.1		0.906245
441.2		0.906245
441.3		0.906245
441.4		0.906245
441.5		0.906245
441.6		0.906245
441.7		0.906245
441.8		0.906245
441.9		0.906245
442		0.906245
442.1		0.906847
442.2		0.906847
442.3		0.906847
442.4		0.906847
442.5		0.906847
442.6		0.906847
442.7		0.906847
442.8		0.906847
442.9		0.906847
443		0.906847
443.1		0.909059
443.2		0.909059
443.3		0.909059
443.4		0.909059
443.5		0.909059
443.6		0.909059
443.7		0.909059
443.8		0.909059
443.9		0.909059
444		0.909059
444.1		0.913076
444.2		0.913076
444.3		0.913076
444.4		0.913076
444.5		0.913076
444.6		0.913076
444.7		0.913076
444.8		0.913076
444.9		0.913076
445		0.913076
445.1		0.915873
445.2		0.915873
445.3		0.915873
445.4		0.915873
445.5		0.915873
445.6		0.915873
445.7		0.915873
445.8		0.915873
445.9		0.915873
446		0.915873
446.1		0.916968
446.2		0.916968
446.3		0.916968
446.4		0.916968
446.5		0.916968
446.6		0.916968
446.7		0.916968
446.8		0.916968
446.9		0.916968
447		0.916968
447.1		0.917626
447.2		0.917626
447.3		0.917626
447.4		0.917626
447.5		0.917626
447.6		0.917626
447.7		0.917626
447.8		0.917626
447.9		0.917626
448		0.917626
448.1		0.921276
448.2		0.921276
448.3		0.921276
448.4		0.921276
448.5		0.921276
448.6		0.921276
448.7		0.921276
448.8		0.921276
448.9		0.921276
449		0.921276
449.1		0.921654
449.2		0.921654
449.3		0.921654
449.4		0.921654
449.5		0.921654
449.6		0.921654
449.7		0.921654
449.8		0.921654
449.9		0.921654
450		0.921654
450.1		0.923908
450.2		0.923908
450.3		0.923908
450.4		0.923908
450.5		0.923908
450.6		0.923908
450.7		0.923908
450.8		0.923908
450.9		0.923908
451		0.923908
451.1		0.926277
451.2		0.926277
451.3		0.926277
451.4		0.926277
451.5		0.926277
451.6		0.926277
451.7		0.926277
451.8		0.926277
451.9		0.926277
452		0.926277
452.1		0.929098
452.2		0.929098
452.3		0.929098
452.4		0.929098
452.5		0.929098
452.6		0.929098
452.7		0.929098
452.8		0.929098
452.9		0.929098
453		0.929098
453.1		0.931285
453.2		0.931285
453.3		0.931285
453.4		0.931285
453.5		0.931285
453.6		0.931285
453.7		0.931285
453.8		0.931285
453.9		0.931285
454		0.931285
454.1		0.931995
454.2		0.931995
454.3		0.931995
454.4		0.931995
454.5		0.931995
454.6		0.931995
454.7		0.931995
454.8		0.931995
454.9		0.931995
455		0.931995
455.1		0.932706
455.2		0.932706
455.3		0.932706
455.4		0.932706
455.5		0.932706
455.6		0.932706
455.7		0.932706
455.8		0.932706
455.9		0.932706
456		0.932706
456.1		0.936604
456.2		0.936604
456.3		0.936604
456.4		0.936604
456.5		0.936604
456.6		0.936604
456.7		0.936604
456.8		0.936604
456.9		0.936604
457		0.936604
457.1		0.938946
457.2		0.938946
457.3		0.938946
457.4		0.938946
457.5		0.938946
457.6		0.938946
457.7		0.938946
457.8		0.938946
457.9		0.938946
458		0.938946
458.1		0.939369
458.2		0.939369
458.3		0.939369
458.4		0.939369
458.5		0.939369
458.6		0.939369
458.7		0.939369
458.8		0.939369
458.9		0.939369
459		0.939369
459.1		0.942015
459.2		0.942015
459.3		0.942015
459.4		0.942015
459.5		0.942015
459.6		0.942015
459.7		0.942015
459.8		0.942015
459.9		0.942015
460		0.942015
460.1		0.94591
460.2		0.94591
460.3		0.94591
460.4		0.94591
460.5		0.94591
460.6		0.94591
460.7		0.94591
460.8		0.94591
460.9		0.94591
461		0.94591
461.1		0.948559
461.2		0.948559
461.3		0.948559
461.4		0.948559
461.5		0.948559
461.6		0.948559
461.7		0.948559
461.8		0.948559
461.9		0.948559
462		0.948559
462.1		0.948954
462.2		0.948954
462.3		0.948954
462.4		0.948954
462.5		0.948954
462.6		0.948954
462.7		0.948954
462.8		0.948954
462.9		0.948954
463		0.948954
463.1		0.951478
463.2		0.951478
463.3		0.951478
463.4		0.951478
463.5		0.951478
463.6		0.951478
463.7		0.951478
463.8		0.951478
463.9		0.951478
464		0.951478
464.1		0.955443
464.2		0.955443
464.3		0.955443
464.4		0.955443
464.5		0.955443
464.6		0.955443
464.7		0.955443
464.8		0.955443
464.9		0.955443
465		0.955443
465.1		0.956496
465.2		0.956496
465.3		0.956496
465.4		0.956496
465.5		0.956496
465.6		0.956496
465.7		0.956496
465.8		0.956496
465.9		0.956496
466		0.956496
466.1		0.957217
466.2		0.957217
466.3		0.957217
466.4		0.957217
466.5		0.957217
466.6		0.957217
466.7		0.957217
466.8		0.957217
466.9		0.957217
467		0.957217
467.1		0.957662
467.2		0.957662
467.3		0.957662
467.4		0.957662
467.5		0.957662
467.6		0.957662
467.7		0.957662
467.8		0.957662
467.9		0.957662
468		0.957662
468.1		0.960174
468.2		0.960174
468.3		0.960174
468.4		0.960174
468.5		0.960174
468.6		0.960174
468.7		0.960174
468.8		0.960174
468.9		0.960174
469		0.960174
469.1		0.966323
469.2		0.966323
469.3		0.966323
469.4		0.966323
469.5		0.966323
469.6		0.966323
469.7		0.966323
469.8		0.966323
469.9		0.966323
470		0.966323
470.1		0.966638
470.2		0.966638
470.3		0.966638
470.4		0.966638
470.5		0.966638
470.6		0.966638
470.7		0.966638
470.8		0.966638
470.9		0.966638
471		0.966638
471.1		0.967265
471.2		0.967265
471.3		0.967265
471.4		0.967265
471.5		0.967265
471.6		0.967265
471.7		0.967265
471.8		0.967265
471.9		0.967265
472		0.967265
472.1		0.970901
472.2		0.970901
472.3		0.970901
472.4		0.970901
472.5		0.970901
472.6		0.970901
472.7		0.970901
472.8		0.970901
472.9		0.970901
473		0.970901
473.1		0.972888
473.2		0.972888
473.3		0.972888
473.4		0.972888
473.5		0.972888
473.6		0.972888
473.7		0.972888
473.8		0.972888
473.9		0.972888
474		0.972888
474.1		0.973914
474.2		0.973914
474.3		0.973914
474.4		0.973914
474.5		0.973914
474.6		0.973914
474.7		0.973914
474.8		0.973914
474.9		0.973914
475		0.973914
475.1		0.975657
475.2		0.975657
475.3		0.975657
475.4		0.975657
475.5		0.975657
475.6		0.975657
475.7		0.975657
475.8		0.975657
475.9		0.975657
476		0.975657
476.1		0.97784
476.2		0.97784
476.3		0.97784
476.4		0.97784
476.5		0.97784
476.6		0.97784
476.7		0.97784
476.8		0.97784
476.9		0.97784
477		0.97784
477.1		0.980626
477.2		0.980626
477.3		0.980626
477.4		0.980626
477.5		0.980626
477.6		0.980626
477.7		0.980626
477.8		0.980626
477.9		0.980626
478		0.980626
478.1		0.981406
478.2		0.981406
478.3		0.981406
478.4		0.981406
478.5		0.981406
478.6		0.981406
478.7		0.981406
478.8		0.981406
478.9		0.981406
479		0.981406
479.1		0.98407
479.2		0.98407
479.3		0.98407
479.4		0.98407
479.5		0.98407
479.6		0.98407
479.7		0.98407
479.8		0.98407
479.9		0.98407
480		0.98407
480.1		0.98505
480.2		0.98505
480.3		0.98505
480.4		0.98505
480.5		0.98505
480.6		0.98505
480.7		0.98505
480.8		0.98505
480.9		0.98505
481		0.98505
481.1		0.986449
481.2		0.986449
481.3		0.986449
481.4		0.986449
481.5		0.986449
481.6		0.986449
481.7		0.986449
481.8		0.986449
481.9		0.986449
482		0.986449
482.1		0.991671
482.2		0.991671
482.3		0.991671
482.4		0.991671
482.5		0.991671
482.6		0.991671
482.7		0.991671
482.8		0.991671
482.9		0.991671
483		0.991671
483.1		0.992903
483.2		0.992903
483.3		0.992903
483.4		0.992903
483.5		0.992903
483.6		0.992903
483.7		0.992903
483.8		0.992903
483.9		0.992903
484		0.992903
484.1		0.993739
484.2		0.993739
484.3		0.993739
484.4		0.993739
484.5		0.993739
484.6		0.993739
484.7		0.993739
484.8		0.993739
484.9		0.993739
485		0.993739
485.1		0.996084
485.2		0.996084
485.3		0.996084
485.4		0.996084
485.5		0.996084
485.6		0.996084
485.7		0.996084
485.8		0.996084
485.9		0.996084
486		0.996084
486.1		0.999692
486.2		0.999692
486.3		0.999692
486.4		0.999692
486.5		0.999692
486.6		0.999692
486.7		0.999692
486.8		0.999692
486.9		0.999692
487		0.999692
487.1		1
487.2		1
487.3		1
487.4		1
487.5		1
487.6		1
487.7		1
487.8		1
487.9		1
488		1
488.1		1
488.2		1
488.3		1
488.4		1
488.5		1
488.6		1
488.7		1
488.8		1
488.9		1
489		1
489.1		1
489.2		1
489.3		1
489.4		1
489.5		1
489.6		1
489.7		1
489.8		1
489.9		1
490		1
490.1		1
490.2		1
490.3		1
490.4		1
490.5		1
490.6		1
490.7		1
490.8		1
490.9		1
491		1
491.1		1
491.2		1
491.3		1
491.4		1
491.5		1
491.6		1
491.7		1
491.8		1
491.9		1
492		1
492.1		1
492.2		1
492.3		1
492.4		1
492.5		1
492.6		1
492.7		1
492.8		1
492.9		1
493		1
493.1		1
493.2		1
493.3		1
493.4		1
493.5		1
493.6		1
493.7		1
493.8		1
493.9		1
494		1
494.1		1
494.2		1
494.3		1
494.4		1
494.5		1
494.6		1
494.7		1
494.8		1
494.9		1
495		1
495.1		1
495.2		1
495.3		1
495.4		1
495.5		1
495.6		1
495.7		1
495.8		1
495.9		1
496		1
496.1		1
496.2		1
496.3		1
496.4		1
496.5		1
496.6		1
496.7		1
496.8		1
496.9		1
497		1
497.1		1
497.2		1
497.3		1
497.4		1
497.5		1
497.6		1
497.7		1
497.8		1
497.9		1
498		1
498.1		1
498.2		1
498.3		1
498.4		1
498.5		1
498.6		1
498.7		1
498.8		1
498.9		1
499		1
499.1		1
499.2		1
499.3		1
499.4		1
499.5		1
499.6		1
499.7		1
499.8		1
499.9		1
500		1
500.1		1
500.2		1
500.3		1
500.4		1
500.5		1
500.6		1
500.7		1
500.8		1
500.9		1
501		1
501.1		1
501.2		1
501.3		1
501.4		1
501.5		1
501.6		1
501.7		1
501.8		1
501.9		1
502		1
502.1		1
502.2		1
502.3		1
502.4		1
502.5		1
502.6		1
502.7		1
502.8		1
502.9		1
503		1
503.1		1
503.2		1
503.3		1
503.4		1
503.5		1
503.6		1
503.7		1
503.8		1
503.9		1
504		1
504.1		1
504.2		1
504.3		1
504.4		1
504.5		1
504.6		1
504.7		1
504.8		1
504.9		1
505		1
505.1		1
505.2		1
505.3		1
505.4		1
505.5		1
505.6		1
505.7		1
505.8		1
505.9		1
506		1
506.1		1
506.2		1
506.3		1
506.4		1
506.5		1
506.6		1
506.7		1
506.8		1
506.9		1
507		1
507.1		1
507.2		1
507.3		1
507.4		1
507.5		1
507.6		1
507.7		1
507.8		1
507.9		1
508		1
508.1		1
508.2		1
508.3		1
508.4		1
508.5		1
508.6		1
508.7		1
508.8		1
508.9		1
509		1
509.1		1
509.2		1
509.3		1
509.4		1
509.5		1
509.6		1
509.7		1
509.8		1
509.9		1
510		1
510.1		1
510.2		1
510.3		1
510.4		1
510.5		1
510.6		1
510.7		1
510.8		1
510.9		1
511		1
511.1		1
511.2		1
511.3		1
511.4		1
511.5		1
511.6		1
511.7		1
511.8		1
511.9		1
512		1
512.1		1
512.2		1
512.3		1
512.4		1
512.5		1
512.6		1
512.7		1
512.8		1
512.9		1
513		1
513.1		1
513.2		1
513.3		1
513.4		1
513.5		1
513.6		1
513.7		1
513.8		1
513.9		1
514		1
514.1		1
514.2		1
514.3		1
514.4		1
514.5		1
514.6		1
514.7		1
514.8		1
514.9		1
515		1
515.1		1
515.2		1
515.3		1
515.4		1
515.5		1
515.6		1
515.7		1
515.8		1
515.9		1
516		1
516.1		1
516.2		1
516.3		1
516.4		1
516.5		1
516.6		1
516.7		1
516.8		1
516.9		1
517		1
517.1		1
517.2		1
517.3		1
517.4		1
517.5		1
517.6		1
517.7		1
517.8		1
517.9		1
518		1
518.1		1
518.2		1
518.3		1
518.4		1
518.5		1
518.6		1
518.7		1
518.8		1
518.9		1
519		1
519.1		1
519.2		1
519.3		1
519.4		1
519.5		1
519.6		1
519.7		1
519.8		1
519.9		1
520		1
520.1		1
520.2		1
520.3		1
520.4		1
520.5		1
520.6		1
520.7		1
520.8		1
520.9		1
521		1
521.1		1
521.2		1
521.3		1
521.4		1
521.5		1
521.6		1
521.7		1
521.8		1
521.9		1
522		1
522.1		1
522.2		1
522.3		1
522.4		1
522.5		1
522.6		1
522.7		1
522.8		1
522.9		1
523		1
523.1		1
523.2		1
523.3		1
523.4		1
523.5		1
523.6		1
523.7		1
523.8		1
523.9		1
524		1
524.1		1
524.2		1
524.3		1
524.4		1
524.5		1
524.6		1
524.7		1
524.8		1
524.9		1
525		1
525.1		1
525.2		1
525.3		1
525.4		1
525.5		1
525.6		1
525.7		1
525.8		1
525.9		1
526		1
526.1		1
526.2		1
526.3		1
526.4		1
526.5		1
526.6		1
526.7		1
526.8		1
526.9		1
527		1
527.1		1
527.2		1
527.3		1
527.4		1
527.5		1
527.6		1
527.7		1
527.8		1
527.9		1
528		1
528.1		1
528.2		1
528.3		1
528.4		1
528.5		1
528.6		1
528.7		1
528.8		1
528.9		1
529		1
529.1		1
529.2		1
529.3		1
529.4		1
529.5		1
529.6		1
529.7		1
529.8		1
529.9		1
530		1
530.1		1
530.2		1
530.3		1
530.4		1
530.5		1
530.6		1
530.7		1
530.8		1
530.9		1
531		1
531.1		1
531.2		1
531.3		1
531.4		1
531.5		1
531.6		1
531.7		1
531.8		1
531.9		1
532		1
532.1		1
532.2		1
532.3		1
532.4		1
532.5		1
532.6		1
532.7		1
532.8		1
532.9		1
533		1
533.1		1
533.2		1
533.3		1
533.4		1
533.5		1
533.6		1
533.7		1
533.8		1
533.9		1
534		1
534.1		1
534.2		1
534.3		1
534.4		1
534.5		1
534.6		1
534.7		1
534.8		1
534.9		1
535		1
535.1		1
535.2		1
535.3		1
535.4		1
535.5		1
535.6		1
535.7		1
535.8		1
535.9		1
536		1
536.1		1
536.2		1
536.3		1
536.4		1
536.5		1
536.6		1
536.7		1
536.8		1
536.9		1
537		1
537.1		1
537.2		1
537.3		1
537.4		1
537.5		1
537.6		1
537.7		1
537.8		1
537.9		1
538		1
538.1		1
538.2		1
538.3		1
538.4		1
538.5		1
538.6		1
538.7		1
538.8		1
538.9		1
539		1
539.1		1
539.2		1
539.3		1
539.4		1
539.5		1
539.6		1
539.7		1
539.8		1
539.9		1
540		1
540.1		1
540.2		1
540.3		1
540.4		1
540.5		1
540.6		1
540.7		1
540.8		1
540.9		1
541		1
541.1		1
541.2		1
541.3		1
541.4		1
541.5		1
541.6		1
541.7		1
541.8		1
541.9		1
542		1
542.1		1
542.2		1
542.3		1
542.4		1
542.5		1
542.6		1
542.7		1
542.8		1
542.9		1
543		1
543.1		1
543.2		1
543.3		1
543.4		1
543.5		1
543.6		1
543.7		1
543.8		1
543.9		1
544		1
544.1		1
544.2		1
544.3		1
544.4		1
544.5		1
544.6		1
544.7		1
544.8		1
544.9		1
545		1
545.1		1
545.2		1
545.3		1
545.4		1
545.5		1
545.6		1
545.7		1
545.8		1
545.9		1
546		1
546.1		1
546.2		1
546.3		1
546.4		1
546.5		1
546.6		1
546.7		1
546.8		1
546.9		1
547		1
547.1		1
547.2		1
547.3		1
547.4		1
547.5		1
547.6		1
547.7		1
547.8		1
547.9		1
548		1
548.1		1
548.2		1
548.3		1
548.4		1
548.5		1
548.6		1
548.7		1
548.8		1
548.9		1
549		1
549.1		1
549.2		1
549.3		1
549.4		1
549.5		1
549.6		1
549.7		1
549.8		1
549.9		1
550		1
550.1		1
550.2		1
550.3		1
550.4		1
550.5		1
550.6		1
550.7		1
550.8		1
550.9		1
551		1
551.1		1
551.2		1
551.3		1
551.4		1
551.5		1
551.6		1
551.7		1
551.8		1
551.9		1
552		1
552.1		1
552.2		1
552.3		1
552.4		1
552.5		1
552.6		1
552.7		1
552.8		1
552.9		1
553		1
553.1		1
553.2		1
553.3		1
553.4		1
553.5		1
553.6		1
553.7		1
553.8		1
553.9		1
554		1
554.1		1
554.2		1
554.3		1
554.4		1
554.5		1
554.6		1
554.7		1
554.8		1
554.9		1
555		1
555.1		1
555.2		1
555.3		1
555.4		1
555.5		1
555.6		1
555.7		1
555.8		1
555.9		1
556		1
556.1		1
556.2		1
556.3		1
556.4		1
556.5		1
556.6		1
556.7		1
556.8		1
556.9		1
557		1
557.1		1
557.2		1
557.3		1
557.4		1
557.5		1
557.6		1
557.7		1
557.8		1
557.9		1
558		1
558.1		1
558.2		1
558.3		1
558.4		1
558.5		1
558.6		1
558.7		1
558.8		1
558.9		1
559		1
559.1		1
559.2		1
559.3		1
559.4		1
559.5		1
559.6		1
559.7		1
559.8		1
559.9		1
560		1
560.1		1
560.2		1
560.3		1
560.4		1
560.5		1
560.6		1
560.7		1
560.8		1
560.9		1
561		1
561.1		1
561.2		1
561.3		1
561.4		1
561.5		1
561.6		1
561.7		1
561.8		1
561.9		1
562		1
562.1		1
562.2		1
562.3		1
562.4		1
562.5		1
562.6		1
562.7		1
562.8		1
562.9		1
563		1
563.1		1
563.2		1
563.3		1
563.4		1
563.5		1
563.6		1
563.7		1
563.8		1
563.9		1
564		1
564.1		1
564.2		1
564.3		1
564.4		1
564.5		1
564.6		1
564.7		1
564.8		1
564.9		1
565		1
565.1		1
565.2		1
565.3		1
565.4		1
565.5		1
565.6		1
565.7		1
565.8		1
565.9		1
566		1
566.1		1
566.2		1
566.3		1
566.4		1
566.5		1
566.6		1
566.7		1
566.8		1
566.9		1
567		1
567.1		1
567.2		1
567.3		1
567.4		1
567.5		1
567.6		1
567.7		1
567.8		1
567.9		1
568		1
568.1		1
568.2		1
568.3		1
568.4		1
568.5		1
568.6		1
568.7		1
568.8		1
568.9		1
569		1
569.1		1
569.2		1
569.3		1
569.4		1
569.5		1
569.6		1
569.7		1
569.8		1
569.9		1
570		1
570.1		1
570.2		1
570.3		1
570.4		1
570.5		1
570.6		1
570.7		1
570.8		1
570.9		1
571		1
571.1		1
571.2		1
571.3		1
571.4		1
571.5		1
571.6		1
571.7		1
571.8		1
571.9		1
572		1
572.1		1
572.2		1
572.3		1
572.4		1
572.5		1
572.6		1
572.7		1
572.8		1
572.9		1
573		1
573.1		1
573.2		1
573.3		1
573.4		1
573.5		1
573.6		1
573.7		1
573.8		1
573.9		1
574		1
574.1		1
574.2		1
574.3		1
574.4		1
574.5		1
574.6		1
574.7		1
574.8		1
574.9		1
575		1
575.1		1
575.2		1
575.3		1
575.4		1
575.5		1
575.6		1
575.7		1
575.8		1
575.9		1
576		1
576.1		1
576.2		1
576.3		1
576.4		1
576.5		1
576.6		1
576.7		1
576.8		1
576.9		1
577		1
577.1		1
577.2		1
577.3		1
577.4		1
577.5		1
577.6		1
577.7		1
577.8		1
577.9		1
578		1
578.1		1
578.2		1
578.3		1
578.4		1
578.5		1
578.6		1
578.7		1
578.8		1
578.9		1
579		1
579.1		1
579.2		1
579.3		1
579.4		1
579.5		1
579.6		1
579.7		1
579.8		1
579.9		1
580		1
580.1		1
580.2		1
580.3		1
580.4		1
580.5		1
580.6		1
580.7		1
580.8		1
580.9		1
581		1
581.1		1
581.2		1
581.3		1
581.4		1
581.5		1
581.6		1
581.7		1
581.8		1
581.9		1
582		1
582.1		1
582.2		1
582.3		1
582.4		1
582.5		1
582.6		1
582.7		1
582.8		1
582.9		1
583		1
583.1		1
583.2		1
583.3		1
583.4		1
583.5		1
583.6		1
583.7		1
583.8		1
583.9		1
584		1
584.1		1
584.2		1
584.3		1
584.4		1
584.5		1
584.6		1
584.7		1
584.8		1
584.9		1
585		1
585.1		1
585.2		1
585.3		1
585.4		1
585.5		1
585.6		1
585.7		1
585.8		1
585.9		1
586		1
586.1		1
586.2		1
586.3		1
586.4		1
586.5		1
586.6		1
586.7		1
586.8		1
586.9		1
587		1
587.1		1
587.2		1
587.3		1
587.4		1
587.5		1
587.6		1
587.7		1
587.8		1
587.9		1
588		1
588.1		1
588.2		1
588.3		1
588.4		1
588.5		1
588.6		1
588.7		1
588.8		1
588.9		1
589		1
589.1		1
589.2		1
589.3		1
589.4		1
589.5		1
589.6		1
589.7		1
589.8		1
589.9		1
590		1
590.1		1
590.2		1
590.3		1
590.4		1
590.5		1
590.6		1
590.7		1
590.8		1
590.9		1
591		1
591.1		1
591.2		1
591.3		1
591.4		1
591.5		1
591.6		1
591.7		1
591.8		1
591.9		1
592		1
592.1		1
592.2		1
592.3		1
592.4		1
592.5		1
592.6		1
592.7		1
592.8		1
592.9		1
593		1
593.1		1
593.2		1
593.3		1
593.4		1
593.5		1
593.6		1
593.7		1
593.8		1
593.9		1
594		1
594.1		1
594.2		1
594.3		1
594.4		1
594.5		1
594.6		1
594.7		1
594.8		1
594.9		1
595		1
595.1		1
595.2		1
595.3		1
595.4		1
595.5		1
595.6		1
595.7		1
595.8		1
595.9		1
596		1
596.1		1
596.2		1
596.3		1
596.4		1
596.5		1
596.6		1
596.7		1
596.8		1
596.9		1
597		1
597.1		1
597.2		1
597.3		1
597.4		1
597.5		1
597.6		1
597.7		1
597.8		1
597.9		1
598		1
598.1		1
598.2		1
598.3		1
598.4		1
598.5		1
598.6		1
598.7		1
598.8		1
598.9		1
599		1
599.1		1
599.2		1
599.3		1
599.4		1
599.5		1
599.6		1
599.7		1
599.8		1
599.9		1
600		1
