# Calibration file of tamex_id 2 @ channel 4
# fine_T bin		 Calibration value
0.1		0
0.2		0
0.3		0
0.4		0
0.5		0
0.6		0
0.7		0
0.8		0
0.9		0
1		0
1.1		0
1.2		0
1.3		0
1.4		0
1.5		0
1.6		0
1.7		0
1.8		0
1.9		0
2		0
2.1		0
2.2		0
2.3		0
2.4		0
2.5		0
2.6		0
2.7		0
2.8		0
2.9		0
3		0
3.1		0
3.2		0
3.3		0
3.4		0
3.5		0
3.6		0
3.7		0
3.8		0
3.9		0
4		0
4.1		0
4.2		0
4.3		0
4.4		0
4.5		0
4.6		0
4.7		0
4.8		0
4.9		0
5		0
5.1		0
5.2		0
5.3		0
5.4		0
5.5		0
5.6		0
5.7		0
5.8		0
5.9		0
6		0
6.1		0
6.2		0
6.3		0
6.4		0
6.5		0
6.6		0
6.7		0
6.8		0
6.9		0
7		0
7.1		0
7.2		0
7.3		0
7.4		0
7.5		0
7.6		0
7.7		0
7.8		0
7.9		0
8		0
8.1		0
8.2		0
8.3		0
8.4		0
8.5		0
8.6		0
8.7		0
8.8		0
8.9		0
9		0
9.1		0
9.2		0
9.3		0
9.4		0
9.5		0
9.6		0
9.7		0
9.8		0
9.9		0
10		0
10.1		0
10.2		0
10.3		0
10.4		0
10.5		0
10.6		0
10.7		0
10.8		0
10.9		0
11		0
11.1		0
11.2		0
11.3		0
11.4		0
11.5		0
11.6		0
11.7		0
11.8		0
11.9		0
12		0
12.1		0
12.2		0
12.3		0
12.4		0
12.5		0
12.6		0
12.7		0
12.8		0
12.9		0
13		0
13.1		0
13.2		0
13.3		0
13.4		0
13.5		0
13.6		0
13.7		0
13.8		0
13.9		0
14		0
14.1		0
14.2		0
14.3		0
14.4		0
14.5		0
14.6		0
14.7		0
14.8		0
14.9		0
15		0
15.1		0
15.2		0
15.3		0
15.4		0
15.5		0
15.6		0
15.7		0
15.8		0
15.9		0
16		0
16.1		0
16.2		0
16.3		0
16.4		0
16.5		0
16.6		0
16.7		0
16.8		0
16.9		0
17		0
17.1		0.00689866
17.2		0.00689866
17.3		0.00689866
17.4		0.00689866
17.5		0.00689866
17.6		0.00689866
17.7		0.00689866
17.8		0.00689866
17.9		0.00689866
18		0.00689866
18.1		0.00897132
18.2		0.00897132
18.3		0.00897132
18.4		0.00897132
18.5		0.00897132
18.6		0.00897132
18.7		0.00897132
18.8		0.00897132
18.9		0.00897132
19		0.00897132
19.1		0.0109216
19.2		0.0109216
19.3		0.0109216
19.4		0.0109216
19.5		0.0109216
19.6		0.0109216
19.7		0.0109216
19.8		0.0109216
19.9		0.0109216
20		0.0109216
20.1		0.0154646
20.2		0.0154646
20.3		0.0154646
20.4		0.0154646
20.5		0.0154646
20.6		0.0154646
20.7		0.0154646
20.8		0.0154646
20.9		0.0154646
21		0.0154646
21.1		0.0177897
21.2		0.0177897
21.3		0.0177897
21.4		0.0177897
21.5		0.0177897
21.6		0.0177897
21.7		0.0177897
21.8		0.0177897
21.9		0.0177897
22		0.0177897
22.1		0.0189216
22.2		0.0189216
22.3		0.0189216
22.4		0.0189216
22.5		0.0189216
22.6		0.0189216
22.7		0.0189216
22.8		0.0189216
22.9		0.0189216
23		0.0189216
23.1		0.0189216
23.2		0.0189216
23.3		0.0189216
23.4		0.0189216
23.5		0.0189216
23.6		0.0189216
23.7		0.0189216
23.8		0.0189216
23.9		0.0189216
24		0.0189216
24.1		0.0213996
24.2		0.0213996
24.3		0.0213996
24.4		0.0213996
24.5		0.0213996
24.6		0.0213996
24.7		0.0213996
24.8		0.0213996
24.9		0.0213996
25		0.0213996
25.1		0.0238394
25.2		0.0238394
25.3		0.0238394
25.4		0.0238394
25.5		0.0238394
25.6		0.0238394
25.7		0.0238394
25.8		0.0238394
25.9		0.0238394
26		0.0238394
26.1		0.026608
26.2		0.026608
26.3		0.026608
26.4		0.026608
26.5		0.026608
26.6		0.026608
26.7		0.026608
26.8		0.026608
26.9		0.026608
27		0.026608
27.1		0.026761
27.2		0.026761
27.3		0.026761
27.4		0.026761
27.5		0.026761
27.6		0.026761
27.7		0.026761
27.8		0.026761
27.9		0.026761
28		0.026761
28.1		0.0285583
28.2		0.0285583
28.3		0.0285583
28.4		0.0285583
28.5		0.0285583
28.6		0.0285583
28.7		0.0285583
28.8		0.0285583
28.9		0.0285583
29		0.0285583
29.1		0.0321912
29.2		0.0321912
29.3		0.0321912
29.4		0.0321912
29.5		0.0321912
29.6		0.0321912
29.7		0.0321912
29.8		0.0321912
29.9		0.0321912
30		0.0321912
30.1		0.0361453
30.2		0.0361453
30.3		0.0361453
30.4		0.0361453
30.5		0.0361453
30.6		0.0361453
30.7		0.0361453
30.8		0.0361453
30.9		0.0361453
31		0.0361453
31.1		0.0363671
31.2		0.0363671
31.3		0.0363671
31.4		0.0363671
31.5		0.0363671
31.6		0.0363671
31.7		0.0363671
31.8		0.0363671
31.9		0.0363671
32		0.0363671
32.1		0.0372161
32.2		0.0372161
32.3		0.0372161
32.4		0.0372161
32.5		0.0372161
32.6		0.0372161
32.7		0.0372161
32.8		0.0372161
32.9		0.0372161
33		0.0372161
33.1		0.0373996
33.2		0.0373996
33.3		0.0373996
33.4		0.0373996
33.5		0.0373996
33.6		0.0373996
33.7		0.0373996
33.8		0.0373996
33.9		0.0373996
34		0.0373996
34.1		0.0420038
34.2		0.0420038
34.3		0.0420038
34.4		0.0420038
34.5		0.0420038
34.6		0.0420038
34.7		0.0420038
34.8		0.0420038
34.9		0.0420038
35		0.0420038
35.1		0.0431052
35.2		0.0431052
35.3		0.0431052
35.4		0.0431052
35.5		0.0431052
35.6		0.0431052
35.7		0.0431052
35.8		0.0431052
35.9		0.0431052
36		0.0431052
36.1		0.0478164
36.2		0.0478164
36.3		0.0478164
36.4		0.0478164
36.5		0.0478164
36.6		0.0478164
36.7		0.0478164
36.8		0.0478164
36.9		0.0478164
37		0.0478164
37.1		0.048
37.2		0.048
37.3		0.048
37.4		0.048
37.5		0.048
37.6		0.048
37.7		0.048
37.8		0.048
37.9		0.048
38		0.048
38.1		0.049675
38.2		0.049675
38.3		0.049675
38.4		0.049675
38.5		0.049675
38.6		0.049675
38.7		0.049675
38.8		0.049675
38.9		0.049675
39		0.049675
39.1		0.0529178
39.2		0.0529178
39.3		0.0529178
39.4		0.0529178
39.5		0.0529178
39.6		0.0529178
39.7		0.0529178
39.8		0.0529178
39.9		0.0529178
40		0.0529178
40.1		0.0540956
40.2		0.0540956
40.3		0.0540956
40.4		0.0540956
40.5		0.0540956
40.6		0.0540956
40.7		0.0540956
40.8		0.0540956
40.9		0.0540956
41		0.0540956
41.1		0.0562677
41.2		0.0562677
41.3		0.0562677
41.4		0.0562677
41.5		0.0562677
41.6		0.0562677
41.7		0.0562677
41.8		0.0562677
41.9		0.0562677
42		0.0562677
42.1		0.0590134
42.2		0.0590134
42.3		0.0590134
42.4		0.0590134
42.5		0.0590134
42.6		0.0590134
42.7		0.0590134
42.8		0.0590134
42.9		0.0590134
43		0.0590134
43.1		0.062065
43.2		0.062065
43.3		0.062065
43.4		0.062065
43.5		0.062065
43.6		0.062065
43.7		0.062065
43.8		0.062065
43.9		0.062065
44		0.062065
44.1		0.0623556
44.2		0.0623556
44.3		0.0623556
44.4		0.0623556
44.5		0.0623556
44.6		0.0623556
44.7		0.0623556
44.8		0.0623556
44.9		0.0623556
45		0.0623556
45.1		0.0630593
45.2		0.0630593
45.3		0.0630593
45.4		0.0630593
45.5		0.0630593
45.6		0.0630593
45.7		0.0630593
45.8		0.0630593
45.9		0.0630593
46		0.0630593
46.1		0.0670746
46.2		0.0670746
46.3		0.0670746
46.4		0.0670746
46.5		0.0670746
46.6		0.0670746
46.7		0.0670746
46.8		0.0670746
46.9		0.0670746
47		0.0670746
47.1		0.0698815
47.2		0.0698815
47.3		0.0698815
47.4		0.0698815
47.5		0.0698815
47.6		0.0698815
47.7		0.0698815
47.8		0.0698815
47.9		0.0698815
48		0.0698815
48.1		0.0700497
48.2		0.0700497
48.3		0.0700497
48.4		0.0700497
48.5		0.0700497
48.6		0.0700497
48.7		0.0700497
48.8		0.0700497
48.9		0.0700497
49		0.0700497
49.1		0.0726424
49.2		0.0726424
49.3		0.0726424
49.4		0.0726424
49.5		0.0726424
49.6		0.0726424
49.7		0.0726424
49.8		0.0726424
49.9		0.0726424
50		0.0726424
50.1		0.0739273
50.2		0.0739273
50.3		0.0739273
50.4		0.0739273
50.5		0.0739273
50.6		0.0739273
50.7		0.0739273
50.8		0.0739273
50.9		0.0739273
51		0.0739273
51.1		0.0767725
51.2		0.0767725
51.3		0.0767725
51.4		0.0767725
51.5		0.0767725
51.6		0.0767725
51.7		0.0767725
51.8		0.0767725
51.9		0.0767725
52		0.0767725
52.1		0.078088
52.2		0.078088
52.3		0.078088
52.4		0.078088
52.5		0.078088
52.6		0.078088
52.7		0.078088
52.8		0.078088
52.9		0.078088
53		0.078088
53.1		0.08013
53.2		0.08013
53.3		0.08013
53.4		0.08013
53.5		0.08013
53.6		0.08013
53.7		0.08013
53.8		0.08013
53.9		0.08013
54		0.08013
54.1		0.0828987
54.2		0.0828987
54.3		0.0828987
54.4		0.0828987
54.5		0.0828987
54.6		0.0828987
54.7		0.0828987
54.8		0.0828987
54.9		0.0828987
55		0.0828987
55.1		0.0834799
55.2		0.0834799
55.3		0.0834799
55.4		0.0834799
55.5		0.0834799
55.6		0.0834799
55.7		0.0834799
55.8		0.0834799
55.9		0.0834799
56		0.0834799
56.1		0.0859579
56.2		0.0859579
56.3		0.0859579
56.4		0.0859579
56.5		0.0859579
56.6		0.0859579
56.7		0.0859579
56.8		0.0859579
56.9		0.0859579
57		0.0859579
57.1		0.0862868
57.2		0.0862868
57.3		0.0862868
57.4		0.0862868
57.5		0.0862868
57.6		0.0862868
57.7		0.0862868
57.8		0.0862868
57.9		0.0862868
58		0.0862868
58.1		0.0933384
58.2		0.0933384
58.3		0.0933384
58.4		0.0933384
58.5		0.0933384
58.6		0.0933384
58.7		0.0933384
58.8		0.0933384
58.9		0.0933384
59		0.0933384
59.1		0.0943633
59.2		0.0943633
59.3		0.0943633
59.4		0.0943633
59.5		0.0943633
59.6		0.0943633
59.7		0.0943633
59.8		0.0943633
59.9		0.0943633
60		0.0943633
60.1		0.0955029
60.2		0.0955029
60.3		0.0955029
60.4		0.0955029
60.5		0.0955029
60.6		0.0955029
60.7		0.0955029
60.8		0.0955029
60.9		0.0955029
61		0.0955029
61.1		0.0957935
61.2		0.0957935
61.3		0.0957935
61.4		0.0957935
61.5		0.0957935
61.6		0.0957935
61.7		0.0957935
61.8		0.0957935
61.9		0.0957935
62		0.0957935
62.1		0.100872
62.2		0.100872
62.3		0.100872
62.4		0.100872
62.5		0.100872
62.6		0.100872
62.7		0.100872
62.8		0.100872
62.9		0.100872
63		0.100872
63.1		0.102623
63.2		0.102623
63.3		0.102623
63.4		0.102623
63.5		0.102623
63.6		0.102623
63.7		0.102623
63.8		0.102623
63.9		0.102623
64		0.102623
64.1		0.102876
64.2		0.102876
64.3		0.102876
64.4		0.102876
64.5		0.102876
64.6		0.102876
64.7		0.102876
64.8		0.102876
64.9		0.102876
65		0.102876
65.1		0.106256
65.2		0.106256
65.3		0.106256
65.4		0.106256
65.5		0.106256
65.6		0.106256
65.7		0.106256
65.8		0.106256
65.9		0.106256
66		0.106256
66.1		0.107197
66.2		0.107197
66.3		0.107197
66.4		0.107197
66.5		0.107197
66.6		0.107197
66.7		0.107197
66.8		0.107197
66.9		0.107197
67		0.107197
67.1		0.110554
67.2		0.110554
67.3		0.110554
67.4		0.110554
67.5		0.110554
67.6		0.110554
67.7		0.110554
67.8		0.110554
67.9		0.110554
68		0.110554
68.1		0.113446
68.2		0.113446
68.3		0.113446
68.4		0.113446
68.5		0.113446
68.6		0.113446
68.7		0.113446
68.8		0.113446
68.9		0.113446
69		0.113446
69.1		0.114432
69.2		0.114432
69.3		0.114432
69.4		0.114432
69.5		0.114432
69.6		0.114432
69.7		0.114432
69.8		0.114432
69.9		0.114432
70		0.114432
70.1		0.114677
70.2		0.114677
70.3		0.114677
70.4		0.114677
70.5		0.114677
70.6		0.114677
70.7		0.114677
70.8		0.114677
70.9		0.114677
71		0.114677
71.1		0.117866
71.2		0.117866
71.3		0.117866
71.4		0.117866
71.5		0.117866
71.6		0.117866
71.7		0.117866
71.8		0.117866
71.9		0.117866
72		0.117866
72.1		0.12205
72.2		0.12205
72.3		0.12205
72.4		0.12205
72.5		0.12205
72.6		0.12205
72.7		0.12205
72.8		0.12205
72.9		0.12205
73		0.12205
73.1		0.123044
73.2		0.123044
73.3		0.123044
73.4		0.123044
73.5		0.123044
73.6		0.123044
73.7		0.123044
73.8		0.123044
73.9		0.123044
74		0.123044
74.1		0.123273
74.2		0.123273
74.3		0.123273
74.4		0.123273
74.5		0.123273
74.6		0.123273
74.7		0.123273
74.8		0.123273
74.9		0.123273
75		0.123273
75.1		0.126493
75.2		0.126493
75.3		0.126493
75.4		0.126493
75.5		0.126493
75.6		0.126493
75.7		0.126493
75.8		0.126493
75.9		0.126493
76		0.126493
76.1		0.130516
76.2		0.130516
76.3		0.130516
76.4		0.130516
76.5		0.130516
76.6		0.130516
76.7		0.130516
76.8		0.130516
76.9		0.130516
77		0.130516
77.1		0.13138
77.2		0.13138
77.3		0.13138
77.4		0.13138
77.5		0.13138
77.6		0.13138
77.7		0.13138
77.8		0.13138
77.9		0.13138
78		0.13138
78.1		0.131793
78.2		0.131793
78.3		0.131793
78.4		0.131793
78.5		0.131793
78.6		0.131793
78.7		0.131793
78.8		0.131793
78.9		0.131793
79		0.131793
79.1		0.134608
79.2		0.134608
79.3		0.134608
79.4		0.134608
79.5		0.134608
79.6		0.134608
79.7		0.134608
79.8		0.134608
79.9		0.134608
80		0.134608
80.1		0.139694
80.2		0.139694
80.3		0.139694
80.4		0.139694
80.5		0.139694
80.6		0.139694
80.7		0.139694
80.8		0.139694
80.9		0.139694
81		0.139694
81.1		0.140857
81.2		0.140857
81.3		0.140857
81.4		0.140857
81.5		0.140857
81.6		0.140857
81.7		0.140857
81.8		0.140857
81.9		0.140857
82		0.140857
82.1		0.140971
82.2		0.140971
82.3		0.140971
82.4		0.140971
82.5		0.140971
82.6		0.140971
82.7		0.140971
82.8		0.140971
82.9		0.140971
83		0.140971
83.1		0.141163
83.2		0.141163
83.3		0.141163
83.4		0.141163
83.5		0.141163
83.6		0.141163
83.7		0.141163
83.8		0.141163
83.9		0.141163
84		0.141163
84.1		0.147098
84.2		0.147098
84.3		0.147098
84.4		0.147098
84.5		0.147098
84.6		0.147098
84.7		0.147098
84.8		0.147098
84.9		0.147098
85		0.147098
85.1		0.150547
85.2		0.150547
85.3		0.150547
85.4		0.150547
85.5		0.150547
85.6		0.150547
85.7		0.150547
85.8		0.150547
85.9		0.150547
86		0.150547
86.1		0.151488
86.2		0.151488
86.3		0.151488
86.4		0.151488
86.5		0.151488
86.6		0.151488
86.7		0.151488
86.8		0.151488
86.9		0.151488
87		0.151488
87.1		0.151702
87.2		0.151702
87.3		0.151702
87.4		0.151702
87.5		0.151702
87.6		0.151702
87.7		0.151702
87.8		0.151702
87.9		0.151702
88		0.151702
88.1		0.154922
88.2		0.154922
88.3		0.154922
88.4		0.154922
88.5		0.154922
88.6		0.154922
88.7		0.154922
88.8		0.154922
88.9		0.154922
89		0.154922
89.1		0.15688
89.2		0.15688
89.3		0.15688
89.4		0.15688
89.5		0.15688
89.6		0.15688
89.7		0.15688
89.8		0.15688
89.9		0.15688
90		0.15688
90.1		0.157522
90.2		0.157522
90.3		0.157522
90.4		0.157522
90.5		0.157522
90.6		0.157522
90.7		0.157522
90.8		0.157522
90.9		0.157522
91		0.157522
91.1		0.162157
91.2		0.162157
91.3		0.162157
91.4		0.162157
91.5		0.162157
91.6		0.162157
91.7		0.162157
91.8		0.162157
91.9		0.162157
92		0.162157
92.1		0.163656
92.2		0.163656
92.3		0.163656
92.4		0.163656
92.5		0.163656
92.6		0.163656
92.7		0.163656
92.8		0.163656
92.9		0.163656
93		0.163656
93.1		0.166669
93.2		0.166669
93.3		0.166669
93.4		0.166669
93.5		0.166669
93.6		0.166669
93.7		0.166669
93.8		0.166669
93.9		0.166669
94		0.166669
94.1		0.167396
94.2		0.167396
94.3		0.167396
94.4		0.167396
94.5		0.167396
94.6		0.167396
94.7		0.167396
94.8		0.167396
94.9		0.167396
95		0.167396
95.1		0.167564
95.2		0.167564
95.3		0.167564
95.4		0.167564
95.5		0.167564
95.6		0.167564
95.7		0.167564
95.8		0.167564
95.9		0.167564
96		0.167564
96.1		0.169055
96.2		0.169055
96.3		0.169055
96.4		0.169055
96.5		0.169055
96.6		0.169055
96.7		0.169055
96.8		0.169055
96.9		0.169055
97		0.169055
97.1		0.171786
97.2		0.171786
97.3		0.171786
97.4		0.171786
97.5		0.171786
97.6		0.171786
97.7		0.171786
97.8		0.171786
97.9		0.171786
98		0.171786
98.1		0.176283
98.2		0.176283
98.3		0.176283
98.4		0.176283
98.5		0.176283
98.6		0.176283
98.7		0.176283
98.8		0.176283
98.9		0.176283
99		0.176283
99.1		0.178218
99.2		0.178218
99.3		0.178218
99.4		0.178218
99.5		0.178218
99.6		0.178218
99.7		0.178218
99.8		0.178218
99.9		0.178218
100		0.178218
100.1		0.180237
100.2		0.180237
100.3		0.180237
100.4		0.180237
100.5		0.180237
100.6		0.180237
100.7		0.180237
100.8		0.180237
100.9		0.180237
101		0.180237
101.1		0.180421
101.2		0.180421
101.3		0.180421
101.4		0.180421
101.5		0.180421
101.6		0.180421
101.7		0.180421
101.8		0.180421
101.9		0.180421
102		0.180421
102.1		0.185384
102.2		0.185384
102.3		0.185384
102.4		0.185384
102.5		0.185384
102.6		0.185384
102.7		0.185384
102.8		0.185384
102.9		0.185384
103		0.185384
103.1		0.186577
103.2		0.186577
103.3		0.186577
103.4		0.186577
103.5		0.186577
103.6		0.186577
103.7		0.186577
103.8		0.186577
103.9		0.186577
104		0.186577
104.1		0.189293
104.2		0.189293
104.3		0.189293
104.4		0.189293
104.5		0.189293
104.6		0.189293
104.7		0.189293
104.8		0.189293
104.9		0.189293
105		0.189293
105.1		0.189476
105.2		0.189476
105.3		0.189476
105.4		0.189476
105.5		0.189476
105.6		0.189476
105.7		0.189476
105.8		0.189476
105.9		0.189476
106		0.189476
106.1		0.194707
106.2		0.194707
106.3		0.194707
106.4		0.194707
106.5		0.194707
106.6		0.194707
106.7		0.194707
106.8		0.194707
106.9		0.194707
107		0.194707
107.1		0.196038
107.2		0.196038
107.3		0.196038
107.4		0.196038
107.5		0.196038
107.6		0.196038
107.7		0.196038
107.8		0.196038
107.9		0.196038
108		0.196038
108.1		0.196176
108.2		0.196176
108.3		0.196176
108.4		0.196176
108.5		0.196176
108.6		0.196176
108.7		0.196176
108.8		0.196176
108.9		0.196176
109		0.196176
109.1		0.197759
109.2		0.197759
109.3		0.197759
109.4		0.197759
109.5		0.197759
109.6		0.197759
109.7		0.197759
109.8		0.197759
109.9		0.197759
110		0.197759
110.1		0.203059
110.2		0.203059
110.3		0.203059
110.4		0.203059
110.5		0.203059
110.6		0.203059
110.7		0.203059
110.8		0.203059
110.9		0.203059
111		0.203059
111.1		0.204291
111.2		0.204291
111.3		0.204291
111.4		0.204291
111.5		0.204291
111.6		0.204291
111.7		0.204291
111.8		0.204291
111.9		0.204291
112		0.204291
112.1		0.205254
112.2		0.205254
112.3		0.205254
112.4		0.205254
112.5		0.205254
112.6		0.205254
112.7		0.205254
112.8		0.205254
112.9		0.205254
113		0.205254
113.1		0.206409
113.2		0.206409
113.3		0.206409
113.4		0.206409
113.5		0.206409
113.6		0.206409
113.7		0.206409
113.8		0.206409
113.9		0.206409
114		0.206409
114.1		0.208887
114.2		0.208887
114.3		0.208887
114.4		0.208887
114.5		0.208887
114.6		0.208887
114.7		0.208887
114.8		0.208887
114.9		0.208887
115		0.208887
115.1		0.213254
115.2		0.213254
115.3		0.213254
115.4		0.213254
115.5		0.213254
115.6		0.213254
115.7		0.213254
115.8		0.213254
115.9		0.213254
116		0.213254
116.1		0.214654
116.2		0.214654
116.3		0.214654
116.4		0.214654
116.5		0.214654
116.6		0.214654
116.7		0.214654
116.8		0.214654
116.9		0.214654
117		0.214654
117.1		0.216337
117.2		0.216337
117.3		0.216337
117.4		0.216337
117.5		0.216337
117.6		0.216337
117.7		0.216337
117.8		0.216337
117.9		0.216337
118		0.216337
118.1		0.21753
118.2		0.21753
118.3		0.21753
118.4		0.21753
118.5		0.21753
118.6		0.21753
118.7		0.21753
118.8		0.21753
118.9		0.21753
119		0.21753
119.1		0.220421
119.2		0.220421
119.3		0.220421
119.4		0.220421
119.5		0.220421
119.6		0.220421
119.7		0.220421
119.8		0.220421
119.9		0.220421
120		0.220421
120.1		0.222424
120.2		0.222424
120.3		0.222424
120.4		0.222424
120.5		0.222424
120.6		0.222424
120.7		0.222424
120.8		0.222424
120.9		0.222424
121		0.222424
121.1		0.223793
121.2		0.223793
121.3		0.223793
121.4		0.223793
121.5		0.223793
121.6		0.223793
121.7		0.223793
121.8		0.223793
121.9		0.223793
122		0.223793
122.1		0.22517
122.2		0.22517
122.3		0.22517
122.4		0.22517
122.5		0.22517
122.6		0.22517
122.7		0.22517
122.8		0.22517
122.9		0.22517
123		0.22517
123.1		0.22621
123.2		0.22621
123.3		0.22621
123.4		0.22621
123.5		0.22621
123.6		0.22621
123.7		0.22621
123.8		0.22621
123.9		0.22621
124		0.22621
124.1		0.231901
124.2		0.231901
124.3		0.231901
124.4		0.231901
124.5		0.231901
124.6		0.231901
124.7		0.231901
124.8		0.231901
124.9		0.231901
125		0.231901
125.1		0.235342
125.2		0.235342
125.3		0.235342
125.4		0.235342
125.5		0.235342
125.6		0.235342
125.7		0.235342
125.8		0.235342
125.9		0.235342
126		0.235342
126.1		0.235786
126.2		0.235786
126.3		0.235786
126.4		0.235786
126.5		0.235786
126.6		0.235786
126.7		0.235786
126.8		0.235786
126.9		0.235786
127		0.235786
127.1		0.236054
127.2		0.236054
127.3		0.236054
127.4		0.236054
127.5		0.236054
127.6		0.236054
127.7		0.236054
127.8		0.236054
127.9		0.236054
128		0.236054
128.1		0.240574
128.2		0.240574
128.3		0.240574
128.4		0.240574
128.5		0.240574
128.6		0.240574
128.7		0.240574
128.8		0.240574
128.9		0.240574
129		0.240574
129.1		0.242394
129.2		0.242394
129.3		0.242394
129.4		0.242394
129.5		0.242394
129.6		0.242394
129.7		0.242394
129.8		0.242394
129.9		0.242394
130		0.242394
130.1		0.242723
130.2		0.242723
130.3		0.242723
130.4		0.242723
130.5		0.242723
130.6		0.242723
130.7		0.242723
130.8		0.242723
130.9		0.242723
131		0.242723
131.1		0.247197
131.2		0.247197
131.3		0.247197
131.4		0.247197
131.5		0.247197
131.6		0.247197
131.7		0.247197
131.8		0.247197
131.9		0.247197
132		0.247197
132.1		0.25021
132.2		0.25021
132.3		0.25021
132.4		0.25021
132.5		0.25021
132.6		0.25021
132.7		0.25021
132.8		0.25021
132.9		0.25021
133		0.25021
133.1		0.252367
133.2		0.252367
133.3		0.252367
133.4		0.252367
133.5		0.252367
133.6		0.252367
133.7		0.252367
133.8		0.252367
133.9		0.252367
134		0.252367
134.1		0.252612
134.2		0.252612
134.3		0.252612
134.4		0.252612
134.5		0.252612
134.6		0.252612
134.7		0.252612
134.8		0.252612
134.9		0.252612
135		0.252612
135.1		0.253935
135.2		0.253935
135.3		0.253935
135.4		0.253935
135.5		0.253935
135.6		0.253935
135.7		0.253935
135.8		0.253935
135.9		0.253935
136		0.253935
136.1		0.259136
136.2		0.259136
136.3		0.259136
136.4		0.259136
136.5		0.259136
136.6		0.259136
136.7		0.259136
136.8		0.259136
136.9		0.259136
137		0.259136
137.1		0.25938
137.2		0.25938
137.3		0.25938
137.4		0.25938
137.5		0.25938
137.6		0.25938
137.7		0.25938
137.8		0.25938
137.9		0.25938
138		0.25938
138.1		0.259771
138.2		0.259771
138.3		0.259771
138.4		0.259771
138.5		0.259771
138.6		0.259771
138.7		0.259771
138.8		0.259771
138.9		0.259771
139		0.259771
139.1		0.263151
139.2		0.263151
139.3		0.263151
139.4		0.263151
139.5		0.263151
139.6		0.263151
139.7		0.263151
139.8		0.263151
139.9		0.263151
140		0.263151
140.1		0.264168
140.2		0.264168
140.3		0.264168
140.4		0.264168
140.5		0.264168
140.6		0.264168
140.7		0.264168
140.8		0.264168
140.9		0.264168
141		0.264168
141.1		0.269331
141.2		0.269331
141.3		0.269331
141.4		0.269331
141.5		0.269331
141.6		0.269331
141.7		0.269331
141.8		0.269331
141.9		0.269331
142		0.269331
142.1		0.270424
142.2		0.270424
142.3		0.270424
142.4		0.270424
142.5		0.270424
142.6		0.270424
142.7		0.270424
142.8		0.270424
142.9		0.270424
143		0.270424
143.1		0.270876
143.2		0.270876
143.3		0.270876
143.4		0.270876
143.5		0.270876
143.6		0.270876
143.7		0.270876
143.8		0.270876
143.9		0.270876
144		0.270876
144.1		0.27262
144.2		0.27262
144.3		0.27262
144.4		0.27262
144.5		0.27262
144.6		0.27262
144.7		0.27262
144.8		0.27262
144.9		0.27262
145		0.27262
145.1		0.273813
145.2		0.273813
145.3		0.273813
145.4		0.273813
145.5		0.273813
145.6		0.273813
145.7		0.273813
145.8		0.273813
145.9		0.273813
146		0.273813
146.1		0.277338
146.2		0.277338
146.3		0.277338
146.4		0.277338
146.5		0.277338
146.6		0.277338
146.7		0.277338
146.8		0.277338
146.9		0.277338
147		0.277338
147.1		0.278532
147.2		0.278532
147.3		0.278532
147.4		0.278532
147.5		0.278532
147.6		0.278532
147.7		0.278532
147.8		0.278532
147.9		0.278532
148		0.278532
148.1		0.280138
148.2		0.280138
148.3		0.280138
148.4		0.280138
148.5		0.280138
148.6		0.280138
148.7		0.280138
148.8		0.280138
148.9		0.280138
149		0.280138
149.1		0.284581
149.2		0.284581
149.3		0.284581
149.4		0.284581
149.5		0.284581
149.6		0.284581
149.7		0.284581
149.8		0.284581
149.9		0.284581
150		0.284581
150.1		0.285338
150.2		0.285338
150.3		0.285338
150.4		0.285338
150.5		0.285338
150.6		0.285338
150.7		0.285338
150.8		0.285338
150.9		0.285338
151		0.285338
151.1		0.287725
151.2		0.287725
151.3		0.287725
151.4		0.287725
151.5		0.287725
151.6		0.287725
151.7		0.287725
151.8		0.287725
151.9		0.287725
152		0.287725
152.1		0.287878
152.2		0.287878
152.3		0.287878
152.4		0.287878
152.5		0.287878
152.6		0.287878
152.7		0.287878
152.8		0.287878
152.9		0.287878
153		0.287878
153.1		0.288122
153.2		0.288122
153.3		0.288122
153.4		0.288122
153.5		0.288122
153.6		0.288122
153.7		0.288122
153.8		0.288122
153.9		0.288122
154		0.288122
154.1		0.29301
154.2		0.29301
154.3		0.29301
154.4		0.29301
154.5		0.29301
154.6		0.29301
154.7		0.29301
154.8		0.29301
154.9		0.29301
155		0.29301
155.1		0.295411
155.2		0.295411
155.3		0.295411
155.4		0.295411
155.5		0.295411
155.6		0.295411
155.7		0.295411
155.8		0.295411
155.9		0.295411
156		0.295411
156.1		0.297583
156.2		0.297583
156.3		0.297583
156.4		0.297583
156.5		0.297583
156.6		0.297583
156.7		0.297583
156.8		0.297583
156.9		0.297583
157		0.297583
157.1		0.297912
157.2		0.297912
157.3		0.297912
157.4		0.297912
157.5		0.297912
157.6		0.297912
157.7		0.297912
157.8		0.297912
157.9		0.297912
158		0.297912
158.1		0.302753
158.2		0.302753
158.3		0.302753
158.4		0.302753
158.5		0.302753
158.6		0.302753
158.7		0.302753
158.8		0.302753
158.9		0.302753
159		0.302753
159.1		0.303021
159.2		0.303021
159.3		0.303021
159.4		0.303021
159.5		0.303021
159.6		0.303021
159.7		0.303021
159.8		0.303021
159.9		0.303021
160		0.303021
160.1		0.303281
160.2		0.303281
160.3		0.303281
160.4		0.303281
160.5		0.303281
160.6		0.303281
160.7		0.303281
160.8		0.303281
160.9		0.303281
161		0.303281
161.1		0.307641
161.2		0.307641
161.3		0.307641
161.4		0.307641
161.5		0.307641
161.6		0.307641
161.7		0.307641
161.8		0.307641
161.9		0.307641
162		0.307641
162.1		0.310845
162.2		0.310845
162.3		0.310845
162.4		0.310845
162.5		0.310845
162.6		0.310845
162.7		0.310845
162.8		0.310845
162.9		0.310845
163		0.310845
163.1		0.313973
163.2		0.313973
163.3		0.313973
163.4		0.313973
163.5		0.313973
163.6		0.313973
163.7		0.313973
163.8		0.313973
163.9		0.313973
164		0.313973
164.1		0.31548
164.2		0.31548
164.3		0.31548
164.4		0.31548
164.5		0.31548
164.6		0.31548
164.7		0.31548
164.8		0.31548
164.9		0.31548
165		0.31548
165.1		0.315709
165.2		0.315709
165.3		0.315709
165.4		0.315709
165.5		0.315709
165.6		0.315709
165.7		0.315709
165.8		0.315709
165.9		0.315709
166		0.315709
166.1		0.320214
166.2		0.320214
166.3		0.320214
166.4		0.320214
166.5		0.320214
166.6		0.320214
166.7		0.320214
166.8		0.320214
166.9		0.320214
167		0.320214
167.1		0.322157
167.2		0.322157
167.3		0.322157
167.4		0.322157
167.5		0.322157
167.6		0.322157
167.7		0.322157
167.8		0.322157
167.9		0.322157
168		0.322157
168.1		0.32335
168.2		0.32335
168.3		0.32335
168.4		0.32335
168.5		0.32335
168.6		0.32335
168.7		0.32335
168.8		0.32335
168.9		0.32335
169		0.32335
169.1		0.32452
169.2		0.32452
169.3		0.32452
169.4		0.32452
169.5		0.32452
169.6		0.32452
169.7		0.32452
169.8		0.32452
169.9		0.32452
170		0.32452
170.1		0.327908
170.2		0.327908
170.3		0.327908
170.4		0.327908
170.5		0.327908
170.6		0.327908
170.7		0.327908
170.8		0.327908
170.9		0.327908
171		0.327908
171.1		0.329461
171.2		0.329461
171.3		0.329461
171.4		0.329461
171.5		0.329461
171.6		0.329461
171.7		0.329461
171.8		0.329461
171.9		0.329461
172		0.329461
172.1		0.332061
172.2		0.332061
172.3		0.332061
172.4		0.332061
172.5		0.332061
172.6		0.332061
172.7		0.332061
172.8		0.332061
172.9		0.332061
173		0.332061
173.1		0.333591
173.2		0.333591
173.3		0.333591
173.4		0.333591
173.5		0.333591
173.6		0.333591
173.7		0.333591
173.8		0.333591
173.9		0.333591
174		0.333591
174.1		0.335671
174.2		0.335671
174.3		0.335671
174.4		0.335671
174.5		0.335671
174.6		0.335671
174.7		0.335671
174.8		0.335671
174.9		0.335671
175		0.335671
175.1		0.339702
175.2		0.339702
175.3		0.339702
175.4		0.339702
175.5		0.339702
175.6		0.339702
175.7		0.339702
175.8		0.339702
175.9		0.339702
176		0.339702
176.1		0.342432
176.2		0.342432
176.3		0.342432
176.4		0.342432
176.5		0.342432
176.6		0.342432
176.7		0.342432
176.8		0.342432
176.9		0.342432
177		0.342432
177.1		0.342577
177.2		0.342577
177.3		0.342577
177.4		0.342577
177.5		0.342577
177.6		0.342577
177.7		0.342577
177.8		0.342577
177.9		0.342577
178		0.342577
178.1		0.344229
178.2		0.344229
178.3		0.344229
178.4		0.344229
178.5		0.344229
178.6		0.344229
178.7		0.344229
178.8		0.344229
178.9		0.344229
179		0.344229
179.1		0.346998
179.2		0.346998
179.3		0.346998
179.4		0.346998
179.5		0.346998
179.6		0.346998
179.7		0.346998
179.8		0.346998
179.9		0.346998
180		0.346998
180.1		0.349224
180.2		0.349224
180.3		0.349224
180.4		0.349224
180.5		0.349224
180.6		0.349224
180.7		0.349224
180.8		0.349224
180.9		0.349224
181		0.349224
181.1		0.351832
181.2		0.351832
181.3		0.351832
181.4		0.351832
181.5		0.351832
181.6		0.351832
181.7		0.351832
181.8		0.351832
181.9		0.351832
182		0.351832
182.1		0.354447
182.2		0.354447
182.3		0.354447
182.4		0.354447
182.5		0.354447
182.6		0.354447
182.7		0.354447
182.8		0.354447
182.9		0.354447
183		0.354447
183.1		0.355312
183.2		0.355312
183.3		0.355312
183.4		0.355312
183.5		0.355312
183.6		0.355312
183.7		0.355312
183.8		0.355312
183.9		0.355312
184		0.355312
184.1		0.359082
184.2		0.359082
184.3		0.359082
184.4		0.359082
184.5		0.359082
184.6		0.359082
184.7		0.359082
184.8		0.359082
184.9		0.359082
185		0.359082
185.1		0.359243
185.2		0.359243
185.3		0.359243
185.4		0.359243
185.5		0.359243
185.6		0.359243
185.7		0.359243
185.8		0.359243
185.9		0.359243
186		0.359243
186.1		0.360229
186.2		0.360229
186.3		0.360229
186.4		0.360229
186.5		0.360229
186.6		0.360229
186.7		0.360229
186.8		0.360229
186.9		0.360229
187		0.360229
187.1		0.363388
187.2		0.363388
187.3		0.363388
187.4		0.363388
187.5		0.363388
187.6		0.363388
187.7		0.363388
187.8		0.363388
187.9		0.363388
188		0.363388
188.1		0.367327
188.2		0.367327
188.3		0.367327
188.4		0.367327
188.5		0.367327
188.6		0.367327
188.7		0.367327
188.8		0.367327
188.9		0.367327
189		0.367327
189.1		0.370333
189.2		0.370333
189.3		0.370333
189.4		0.370333
189.5		0.370333
189.6		0.370333
189.7		0.370333
189.8		0.370333
189.9		0.370333
190		0.370333
190.1		0.370983
190.2		0.370983
190.3		0.370983
190.4		0.370983
190.5		0.370983
190.6		0.370983
190.7		0.370983
190.8		0.370983
190.9		0.370983
191		0.370983
191.1		0.372543
191.2		0.372543
191.3		0.372543
191.4		0.372543
191.5		0.372543
191.6		0.372543
191.7		0.372543
191.8		0.372543
191.9		0.372543
192		0.372543
192.1		0.376222
192.2		0.376222
192.3		0.376222
192.4		0.376222
192.5		0.376222
192.6		0.376222
192.7		0.376222
192.8		0.376222
192.9		0.376222
193		0.376222
193.1		0.37652
193.2		0.37652
193.3		0.37652
193.4		0.37652
193.5		0.37652
193.6		0.37652
193.7		0.37652
193.8		0.37652
193.9		0.37652
194		0.37652
194.1		0.379358
194.2		0.379358
194.3		0.379358
194.4		0.379358
194.5		0.379358
194.6		0.379358
194.7		0.379358
194.8		0.379358
194.9		0.379358
195		0.379358
195.1		0.379595
195.2		0.379595
195.3		0.379595
195.4		0.379595
195.5		0.379595
195.6		0.379595
195.7		0.379595
195.8		0.379595
195.9		0.379595
196		0.379595
196.1		0.385155
196.2		0.385155
196.3		0.385155
196.4		0.385155
196.5		0.385155
196.6		0.385155
196.7		0.385155
196.8		0.385155
196.9		0.385155
197		0.385155
197.1		0.385315
197.2		0.385315
197.3		0.385315
197.4		0.385315
197.5		0.385315
197.6		0.385315
197.7		0.385315
197.8		0.385315
197.9		0.385315
198		0.385315
198.1		0.385583
198.2		0.385583
198.3		0.385583
198.4		0.385583
198.5		0.385583
198.6		0.385583
198.7		0.385583
198.8		0.385583
198.9		0.385583
199		0.385583
199.1		0.387495
199.2		0.387495
199.3		0.387495
199.4		0.387495
199.5		0.387495
199.6		0.387495
199.7		0.387495
199.8		0.387495
199.9		0.387495
200		0.387495
200.1		0.389698
200.2		0.389698
200.3		0.389698
200.4		0.389698
200.5		0.389698
200.6		0.389698
200.7		0.389698
200.8		0.389698
200.9		0.389698
201		0.389698
201.1		0.393522
201.2		0.393522
201.3		0.393522
201.4		0.393522
201.5		0.393522
201.6		0.393522
201.7		0.393522
201.8		0.393522
201.9		0.393522
202		0.393522
202.1		0.394249
202.2		0.394249
202.3		0.394249
202.4		0.394249
202.5		0.394249
202.6		0.394249
202.7		0.394249
202.8		0.394249
202.9		0.394249
203		0.394249
203.1		0.395633
203.2		0.395633
203.3		0.395633
203.4		0.395633
203.5		0.395633
203.6		0.395633
203.7		0.395633
203.8		0.395633
203.9		0.395633
204		0.395633
204.1		0.400298
204.2		0.400298
204.3		0.400298
204.4		0.400298
204.5		0.400298
204.6		0.400298
204.7		0.400298
204.8		0.400298
204.9		0.400298
205		0.400298
205.1		0.401866
205.2		0.401866
205.3		0.401866
205.4		0.401866
205.5		0.401866
205.6		0.401866
205.7		0.401866
205.8		0.401866
205.9		0.401866
206		0.401866
206.1		0.402157
206.2		0.402157
206.3		0.402157
206.4		0.402157
206.5		0.402157
206.6		0.402157
206.7		0.402157
206.8		0.402157
206.9		0.402157
207		0.402157
207.1		0.40478
207.2		0.40478
207.3		0.40478
207.4		0.40478
207.5		0.40478
207.6		0.40478
207.7		0.40478
207.8		0.40478
207.9		0.40478
208		0.40478
208.1		0.407052
208.2		0.407052
208.3		0.407052
208.4		0.407052
208.5		0.407052
208.6		0.407052
208.7		0.407052
208.8		0.407052
208.9		0.407052
209		0.407052
209.1		0.410241
209.2		0.410241
209.3		0.410241
209.4		0.410241
209.5		0.410241
209.6		0.410241
209.7		0.410241
209.8		0.410241
209.9		0.410241
210		0.410241
210.1		0.412337
210.2		0.412337
210.3		0.412337
210.4		0.412337
210.5		0.412337
210.6		0.412337
210.7		0.412337
210.8		0.412337
210.9		0.412337
211		0.412337
211.1		0.4134
211.2		0.4134
211.3		0.4134
211.4		0.4134
211.5		0.4134
211.6		0.4134
211.7		0.4134
211.8		0.4134
211.9		0.4134
212		0.4134
212.1		0.417017
212.2		0.417017
212.3		0.417017
212.4		0.417017
212.5		0.417017
212.6		0.417017
212.7		0.417017
212.8		0.417017
212.9		0.417017
213		0.417017
213.1		0.418715
213.2		0.418715
213.3		0.418715
213.4		0.418715
213.5		0.418715
213.6		0.418715
213.7		0.418715
213.8		0.418715
213.9		0.418715
214		0.418715
214.1		0.422103
214.2		0.422103
214.3		0.422103
214.4		0.422103
214.5		0.422103
214.6		0.422103
214.7		0.422103
214.8		0.422103
214.9		0.422103
215		0.422103
215.1		0.424841
215.2		0.424841
215.3		0.424841
215.4		0.424841
215.5		0.424841
215.6		0.424841
215.7		0.424841
215.8		0.424841
215.9		0.424841
216		0.424841
216.1		0.426386
216.2		0.426386
216.3		0.426386
216.4		0.426386
216.5		0.426386
216.6		0.426386
216.7		0.426386
216.8		0.426386
216.9		0.426386
217		0.426386
217.1		0.428543
217.2		0.428543
217.3		0.428543
217.4		0.428543
217.5		0.428543
217.6		0.428543
217.7		0.428543
217.8		0.428543
217.9		0.428543
218		0.428543
218.1		0.42943
218.2		0.42943
218.3		0.42943
218.4		0.42943
218.5		0.42943
218.6		0.42943
218.7		0.42943
218.8		0.42943
218.9		0.42943
219		0.42943
219.1		0.431579
219.2		0.431579
219.3		0.431579
219.4		0.431579
219.5		0.431579
219.6		0.431579
219.7		0.431579
219.8		0.431579
219.9		0.431579
220		0.431579
220.1		0.433859
220.2		0.433859
220.3		0.433859
220.4		0.433859
220.5		0.433859
220.6		0.433859
220.7		0.433859
220.8		0.433859
220.9		0.433859
221		0.433859
221.1		0.435924
221.2		0.435924
221.3		0.435924
221.4		0.435924
221.5		0.435924
221.6		0.435924
221.7		0.435924
221.8		0.435924
221.9		0.435924
222		0.435924
222.1		0.439174
222.2		0.439174
222.3		0.439174
222.4		0.439174
222.5		0.439174
222.6		0.439174
222.7		0.439174
222.8		0.439174
222.9		0.439174
223		0.439174
223.1		0.43961
223.2		0.43961
223.3		0.43961
223.4		0.43961
223.5		0.43961
223.6		0.43961
223.7		0.43961
223.8		0.43961
223.9		0.43961
224		0.43961
224.1		0.440925
224.2		0.440925
224.3		0.440925
224.4		0.440925
224.5		0.440925
224.6		0.440925
224.7		0.440925
224.8		0.440925
224.9		0.440925
225		0.440925
225.1		0.442815
225.2		0.442815
225.3		0.442815
225.4		0.442815
225.5		0.442815
225.6		0.442815
225.7		0.442815
225.8		0.442815
225.9		0.442815
226		0.442815
226.1		0.448987
226.2		0.448987
226.3		0.448987
226.4		0.448987
226.5		0.448987
226.6		0.448987
226.7		0.448987
226.8		0.448987
226.9		0.448987
227		0.448987
227.1		0.449094
227.2		0.449094
227.3		0.449094
227.4		0.449094
227.5		0.449094
227.6		0.449094
227.7		0.449094
227.8		0.449094
227.9		0.449094
228		0.449094
228.1		0.450065
228.2		0.450065
228.3		0.450065
228.4		0.450065
228.5		0.450065
228.6		0.450065
228.7		0.450065
228.8		0.450065
228.9		0.450065
229		0.450065
229.1		0.451602
229.2		0.451602
229.3		0.451602
229.4		0.451602
229.5		0.451602
229.6		0.451602
229.7		0.451602
229.8		0.451602
229.9		0.451602
230		0.451602
230.1		0.455021
230.2		0.455021
230.3		0.455021
230.4		0.455021
230.5		0.455021
230.6		0.455021
230.7		0.455021
230.8		0.455021
230.9		0.455021
231		0.455021
231.1		0.456849
231.2		0.456849
231.3		0.456849
231.4		0.456849
231.5		0.456849
231.6		0.456849
231.7		0.456849
231.8		0.456849
231.9		0.456849
232		0.456849
232.1		0.459419
232.2		0.459419
232.3		0.459419
232.4		0.459419
232.5		0.459419
232.6		0.459419
232.7		0.459419
232.8		0.459419
232.9		0.459419
233		0.459419
233.1		0.460558
233.2		0.460558
233.3		0.460558
233.4		0.460558
233.5		0.460558
233.6		0.460558
233.7		0.460558
233.8		0.460558
233.9		0.460558
234		0.460558
234.1		0.463916
234.2		0.463916
234.3		0.463916
234.4		0.463916
234.5		0.463916
234.6		0.463916
234.7		0.463916
234.8		0.463916
234.9		0.463916
235		0.463916
235.1		0.46634
235.2		0.46634
235.3		0.46634
235.4		0.46634
235.5		0.46634
235.6		0.46634
235.7		0.46634
235.8		0.46634
235.9		0.46634
236		0.46634
236.1		0.466952
236.2		0.466952
236.3		0.466952
236.4		0.466952
236.5		0.466952
236.6		0.466952
236.7		0.466952
236.8		0.466952
236.9		0.466952
237		0.466952
237.1		0.467587
237.2		0.467587
237.3		0.467587
237.4		0.467587
237.5		0.467587
237.6		0.467587
237.7		0.467587
237.8		0.467587
237.9		0.467587
238		0.467587
238.1		0.471327
238.2		0.471327
238.3		0.471327
238.4		0.471327
238.5		0.471327
238.6		0.471327
238.7		0.471327
238.8		0.471327
238.9		0.471327
239		0.471327
239.1		0.474027
239.2		0.474027
239.3		0.474027
239.4		0.474027
239.5		0.474027
239.6		0.474027
239.7		0.474027
239.8		0.474027
239.9		0.474027
240		0.474027
240.1		0.475021
240.2		0.475021
240.3		0.475021
240.4		0.475021
240.5		0.475021
240.6		0.475021
240.7		0.475021
240.8		0.475021
240.9		0.475021
241		0.475021
241.1		0.475533
241.2		0.475533
241.3		0.475533
241.4		0.475533
241.5		0.475533
241.6		0.475533
241.7		0.475533
241.8		0.475533
241.9		0.475533
242		0.475533
242.1		0.480971
242.2		0.480971
242.3		0.480971
242.4		0.480971
242.5		0.480971
242.6		0.480971
242.7		0.480971
242.8		0.480971
242.9		0.480971
243		0.480971
243.1		0.481293
243.2		0.481293
243.3		0.481293
243.4		0.481293
243.5		0.481293
243.6		0.481293
243.7		0.481293
243.8		0.481293
243.9		0.481293
244		0.481293
244.1		0.483992
244.2		0.483992
244.3		0.483992
244.4		0.483992
244.5		0.483992
244.6		0.483992
244.7		0.483992
244.8		0.483992
244.9		0.483992
245		0.483992
245.1		0.485881
245.2		0.485881
245.3		0.485881
245.4		0.485881
245.5		0.485881
245.6		0.485881
245.7		0.485881
245.8		0.485881
245.9		0.485881
246		0.485881
246.1		0.487067
246.2		0.487067
246.3		0.487067
246.4		0.487067
246.5		0.487067
246.6		0.487067
246.7		0.487067
246.8		0.487067
246.9		0.487067
247		0.487067
247.1		0.490493
247.2		0.490493
247.3		0.490493
247.4		0.490493
247.5		0.490493
247.6		0.490493
247.7		0.490493
247.8		0.490493
247.9		0.490493
248		0.490493
248.1		0.491709
248.2		0.491709
248.3		0.491709
248.4		0.491709
248.5		0.491709
248.6		0.491709
248.7		0.491709
248.8		0.491709
248.9		0.491709
249		0.491709
249.1		0.492826
249.2		0.492826
249.3		0.492826
249.4		0.492826
249.5		0.492826
249.6		0.492826
249.7		0.492826
249.8		0.492826
249.9		0.492826
250		0.492826
250.1		0.495671
250.2		0.495671
250.3		0.495671
250.4		0.495671
250.5		0.495671
250.6		0.495671
250.7		0.495671
250.8		0.495671
250.9		0.495671
251		0.495671
251.1		0.498707
251.2		0.498707
251.3		0.498707
251.4		0.498707
251.5		0.498707
251.6		0.498707
251.7		0.498707
251.8		0.498707
251.9		0.498707
252		0.498707
252.1		0.503755
252.2		0.503755
252.3		0.503755
252.4		0.503755
252.5		0.503755
252.6		0.503755
252.7		0.503755
252.8		0.503755
252.9		0.503755
253		0.503755
253.1		0.504757
253.2		0.504757
253.3		0.504757
253.4		0.504757
253.5		0.504757
253.6		0.504757
253.7		0.504757
253.8		0.504757
253.9		0.504757
254		0.504757
254.1		0.505247
254.2		0.505247
254.3		0.505247
254.4		0.505247
254.5		0.505247
254.6		0.505247
254.7		0.505247
254.8		0.505247
254.9		0.505247
255		0.505247
255.1		0.505491
255.2		0.505491
255.3		0.505491
255.4		0.505491
255.5		0.505491
255.6		0.505491
255.7		0.505491
255.8		0.505491
255.9		0.505491
256		0.505491
256.1		0.51109
256.2		0.51109
256.3		0.51109
256.4		0.51109
256.5		0.51109
256.6		0.51109
256.7		0.51109
256.8		0.51109
256.9		0.51109
257		0.51109
257.1		0.512482
257.2		0.512482
257.3		0.512482
257.4		0.512482
257.5		0.512482
257.6		0.512482
257.7		0.512482
257.8		0.512482
257.9		0.512482
258		0.512482
258.1		0.512681
258.2		0.512681
258.3		0.512681
258.4		0.512681
258.5		0.512681
258.6		0.512681
258.7		0.512681
258.8		0.512681
258.9		0.512681
259		0.512681
259.1		0.515105
259.2		0.515105
259.3		0.515105
259.4		0.515105
259.5		0.515105
259.6		0.515105
259.7		0.515105
259.8		0.515105
259.9		0.515105
260		0.515105
260.1		0.52039
260.2		0.52039
260.3		0.52039
260.4		0.52039
260.5		0.52039
260.6		0.52039
260.7		0.52039
260.8		0.52039
260.9		0.52039
261		0.52039
261.1		0.521583
261.2		0.521583
261.3		0.521583
261.4		0.521583
261.5		0.521583
261.6		0.521583
261.7		0.521583
261.8		0.521583
261.9		0.521583
262		0.521583
262.1		0.521698
262.2		0.521698
262.3		0.521698
262.4		0.521698
262.5		0.521698
262.6		0.521698
262.7		0.521698
262.8		0.521698
262.9		0.521698
263		0.521698
263.1		0.52296
263.2		0.52296
263.3		0.52296
263.4		0.52296
263.5		0.52296
263.6		0.52296
263.7		0.52296
263.8		0.52296
263.9		0.52296
264		0.52296
264.1		0.527924
264.2		0.527924
264.3		0.527924
264.4		0.527924
264.5		0.527924
264.6		0.527924
264.7		0.527924
264.8		0.527924
264.9		0.527924
265		0.527924
265.1		0.532
265.2		0.532
265.3		0.532
265.4		0.532
265.5		0.532
265.6		0.532
265.7		0.532
265.8		0.532
265.9		0.532
266		0.532
266.1		0.5333
266.2		0.5333
266.3		0.5333
266.4		0.5333
266.5		0.5333
266.6		0.5333
266.7		0.5333
266.8		0.5333
266.9		0.5333
267		0.5333
267.1		0.534746
267.2		0.534746
267.3		0.534746
267.4		0.534746
267.5		0.534746
267.6		0.534746
267.7		0.534746
267.8		0.534746
267.9		0.534746
268		0.534746
268.1		0.535763
268.2		0.535763
268.3		0.535763
268.4		0.535763
268.5		0.535763
268.6		0.535763
268.7		0.535763
268.8		0.535763
268.9		0.535763
269		0.535763
269.1		0.538317
269.2		0.538317
269.3		0.538317
269.4		0.538317
269.5		0.538317
269.6		0.538317
269.7		0.538317
269.8		0.538317
269.9		0.538317
270		0.538317
270.1		0.538509
270.2		0.538509
270.3		0.538509
270.4		0.538509
270.5		0.538509
270.6		0.538509
270.7		0.538509
270.8		0.538509
270.9		0.538509
271		0.538509
271.1		0.541338
271.2		0.541338
271.3		0.541338
271.4		0.541338
271.5		0.541338
271.6		0.541338
271.7		0.541338
271.8		0.541338
271.9		0.541338
272		0.541338
272.1		0.543243
272.2		0.543243
272.3		0.543243
272.4		0.543243
272.5		0.543243
272.6		0.543243
272.7		0.543243
272.8		0.543243
272.9		0.543243
273		0.543243
273.1		0.546501
273.2		0.546501
273.3		0.546501
273.4		0.546501
273.5		0.546501
273.6		0.546501
273.7		0.546501
273.8		0.546501
273.9		0.546501
274		0.546501
274.1		0.549185
274.2		0.549185
274.3		0.549185
274.4		0.549185
274.5		0.549185
274.6		0.549185
274.7		0.549185
274.8		0.549185
274.9		0.549185
275		0.549185
275.1		0.549904
275.2		0.549904
275.3		0.549904
275.4		0.549904
275.5		0.549904
275.6		0.549904
275.7		0.549904
275.8		0.549904
275.9		0.549904
276		0.549904
276.1		0.550478
276.2		0.550478
276.3		0.550478
276.4		0.550478
276.5		0.550478
276.6		0.550478
276.7		0.550478
276.8		0.550478
276.9		0.550478
277		0.550478
277.1		0.552428
277.2		0.552428
277.3		0.552428
277.4		0.552428
277.5		0.552428
277.6		0.552428
277.7		0.552428
277.8		0.552428
277.9		0.552428
278		0.552428
278.1		0.558241
278.2		0.558241
278.3		0.558241
278.4		0.558241
278.5		0.558241
278.6		0.558241
278.7		0.558241
278.8		0.558241
278.9		0.558241
279		0.558241
279.1		0.559182
279.2		0.559182
279.3		0.559182
279.4		0.559182
279.5		0.559182
279.6		0.559182
279.7		0.559182
279.8		0.559182
279.9		0.559182
280		0.559182
280.1		0.56101
280.2		0.56101
280.3		0.56101
280.4		0.56101
280.5		0.56101
280.6		0.56101
280.7		0.56101
280.8		0.56101
280.9		0.56101
281		0.56101
281.1		0.562799
281.2		0.562799
281.3		0.562799
281.4		0.562799
281.5		0.562799
281.6		0.562799
281.7		0.562799
281.8		0.562799
281.9		0.562799
282		0.562799
282.1		0.565308
282.2		0.565308
282.3		0.565308
282.4		0.565308
282.5		0.565308
282.6		0.565308
282.7		0.565308
282.8		0.565308
282.9		0.565308
283		0.565308
283.1		0.569767
283.2		0.569767
283.3		0.569767
283.4		0.569767
283.5		0.569767
283.6		0.569767
283.7		0.569767
283.8		0.569767
283.9		0.569767
284		0.569767
284.1		0.571365
284.2		0.571365
284.3		0.571365
284.4		0.571365
284.5		0.571365
284.6		0.571365
284.7		0.571365
284.8		0.571365
284.9		0.571365
285		0.571365
285.1		0.574539
285.2		0.574539
285.3		0.574539
285.4		0.574539
285.5		0.574539
285.6		0.574539
285.7		0.574539
285.8		0.574539
285.9		0.574539
286		0.574539
286.1		0.574715
286.2		0.574715
286.3		0.574715
286.4		0.574715
286.5		0.574715
286.6		0.574715
286.7		0.574715
286.8		0.574715
286.9		0.574715
287		0.574715
287.1		0.577927
287.2		0.577927
287.3		0.577927
287.4		0.577927
287.5		0.577927
287.6		0.577927
287.7		0.577927
287.8		0.577927
287.9		0.577927
288		0.577927
288.1		0.581751
288.2		0.581751
288.3		0.581751
288.4		0.581751
288.5		0.581751
288.6		0.581751
288.7		0.581751
288.8		0.581751
288.9		0.581751
289		0.581751
289.1		0.58296
289.2		0.58296
289.3		0.58296
289.4		0.58296
289.5		0.58296
289.6		0.58296
289.7		0.58296
289.8		0.58296
289.9		0.58296
290		0.58296
290.1		0.585055
290.2		0.585055
290.3		0.585055
290.4		0.585055
290.5		0.585055
290.6		0.585055
290.7		0.585055
290.8		0.585055
290.9		0.585055
291		0.585055
291.1		0.587006
291.2		0.587006
291.3		0.587006
291.4		0.587006
291.5		0.587006
291.6		0.587006
291.7		0.587006
291.8		0.587006
291.9		0.587006
292		0.587006
292.1		0.5893
292.2		0.5893
292.3		0.5893
292.4		0.5893
292.5		0.5893
292.6		0.5893
292.7		0.5893
292.8		0.5893
292.9		0.5893
293		0.5893
293.1		0.589996
293.2		0.589996
293.3		0.589996
293.4		0.589996
293.5		0.589996
293.6		0.589996
293.7		0.589996
293.8		0.589996
293.9		0.589996
294		0.589996
294.1		0.59421
294.2		0.59421
294.3		0.59421
294.4		0.59421
294.5		0.59421
294.6		0.59421
294.7		0.59421
294.8		0.59421
294.9		0.59421
295		0.59421
295.1		0.594363
295.2		0.594363
295.3		0.594363
295.4		0.594363
295.5		0.594363
295.6		0.594363
295.7		0.594363
295.8		0.594363
295.9		0.594363
296		0.594363
296.1		0.600528
296.2		0.600528
296.3		0.600528
296.4		0.600528
296.5		0.600528
296.6		0.600528
296.7		0.600528
296.8		0.600528
296.9		0.600528
297		0.600528
297.1		0.60182
297.2		0.60182
297.3		0.60182
297.4		0.60182
297.5		0.60182
297.6		0.60182
297.7		0.60182
297.8		0.60182
297.9		0.60182
298		0.60182
298.1		0.604505
298.2		0.604505
298.3		0.604505
298.4		0.604505
298.5		0.604505
298.6		0.604505
298.7		0.604505
298.8		0.604505
298.9		0.604505
299		0.604505
299.1		0.608849
299.2		0.608849
299.3		0.608849
299.4		0.608849
299.5		0.608849
299.6		0.608849
299.7		0.608849
299.8		0.608849
299.9		0.608849
300		0.608849
300.1		0.613889
300.2		0.613889
300.3		0.613889
300.4		0.613889
300.5		0.613889
300.6		0.613889
300.7		0.613889
300.8		0.613889
300.9		0.613889
301		0.613889
301.1		0.615021
301.2		0.615021
301.3		0.615021
301.4		0.615021
301.5		0.615021
301.6		0.615021
301.7		0.615021
301.8		0.615021
301.9		0.615021
302		0.615021
302.1		0.619182
302.2		0.619182
302.3		0.619182
302.4		0.619182
302.5		0.619182
302.6		0.619182
302.7		0.619182
302.8		0.619182
302.9		0.619182
303		0.619182
303.1		0.619786
303.2		0.619786
303.3		0.619786
303.4		0.619786
303.5		0.619786
303.6		0.619786
303.7		0.619786
303.8		0.619786
303.9		0.619786
304		0.619786
304.1		0.62101
304.2		0.62101
304.3		0.62101
304.4		0.62101
304.5		0.62101
304.6		0.62101
304.7		0.62101
304.8		0.62101
304.9		0.62101
305		0.62101
305.1		0.623472
305.2		0.623472
305.3		0.623472
305.4		0.623472
305.5		0.623472
305.6		0.623472
305.7		0.623472
305.8		0.623472
305.9		0.623472
306		0.623472
306.1		0.623878
306.2		0.623878
306.3		0.623878
306.4		0.623878
306.5		0.623878
306.6		0.623878
306.7		0.623878
306.8		0.623878
306.9		0.623878
307		0.623878
307.1		0.628161
307.2		0.628161
307.3		0.628161
307.4		0.628161
307.5		0.628161
307.6		0.628161
307.7		0.628161
307.8		0.628161
307.9		0.628161
308		0.628161
308.1		0.629706
308.2		0.629706
308.3		0.629706
308.4		0.629706
308.5		0.629706
308.6		0.629706
308.7		0.629706
308.8		0.629706
308.9		0.629706
309		0.629706
309.1		0.631212
309.2		0.631212
309.3		0.631212
309.4		0.631212
309.5		0.631212
309.6		0.631212
309.7		0.631212
309.8		0.631212
309.9		0.631212
310		0.631212
310.1		0.633491
310.2		0.633491
310.3		0.633491
310.4		0.633491
310.5		0.633491
310.6		0.633491
310.7		0.633491
310.8		0.633491
310.9		0.633491
311		0.633491
311.1		0.635029
311.2		0.635029
311.3		0.635029
311.4		0.635029
311.5		0.635029
311.6		0.635029
311.7		0.635029
311.8		0.635029
311.9		0.635029
312		0.635029
312.1		0.637836
312.2		0.637836
312.3		0.637836
312.4		0.637836
312.5		0.637836
312.6		0.637836
312.7		0.637836
312.8		0.637836
312.9		0.637836
313		0.637836
313.1		0.638761
313.2		0.638761
313.3		0.638761
313.4		0.638761
313.5		0.638761
313.6		0.638761
313.7		0.638761
313.8		0.638761
313.9		0.638761
314		0.638761
314.1		0.640352
314.2		0.640352
314.3		0.640352
314.4		0.640352
314.5		0.640352
314.6		0.640352
314.7		0.640352
314.8		0.640352
314.9		0.640352
315		0.640352
315.1		0.644902
315.2		0.644902
315.3		0.644902
315.4		0.644902
315.5		0.644902
315.6		0.644902
315.7		0.644902
315.8		0.644902
315.9		0.644902
316		0.644902
316.1		0.64527
316.2		0.64527
316.3		0.64527
316.4		0.64527
316.5		0.64527
316.6		0.64527
316.7		0.64527
316.8		0.64527
316.9		0.64527
317		0.64527
317.1		0.648902
317.2		0.648902
317.3		0.648902
317.4		0.648902
317.5		0.648902
317.6		0.648902
317.7		0.648902
317.8		0.648902
317.9		0.648902
318		0.648902
318.1		0.650264
318.2		0.650264
318.3		0.650264
318.4		0.650264
318.5		0.650264
318.6		0.650264
318.7		0.650264
318.8		0.650264
318.9		0.650264
319		0.650264
319.1		0.651197
319.2		0.651197
319.3		0.651197
319.4		0.651197
319.5		0.651197
319.6		0.651197
319.7		0.651197
319.8		0.651197
319.9		0.651197
320		0.651197
320.1		0.653285
320.2		0.653285
320.3		0.653285
320.4		0.653285
320.5		0.653285
320.6		0.653285
320.7		0.653285
320.8		0.653285
320.9		0.653285
321		0.653285
321.1		0.657453
321.2		0.657453
321.3		0.657453
321.4		0.657453
321.5		0.657453
321.6		0.657453
321.7		0.657453
321.8		0.657453
321.9		0.657453
322		0.657453
322.1		0.658065
322.2		0.658065
322.3		0.658065
322.4		0.658065
322.5		0.658065
322.6		0.658065
322.7		0.658065
322.8		0.658065
322.9		0.658065
323		0.658065
323.1		0.660306
323.2		0.660306
323.3		0.660306
323.4		0.660306
323.5		0.660306
323.6		0.660306
323.7		0.660306
323.8		0.660306
323.9		0.660306
324		0.660306
324.1		0.661698
324.2		0.661698
324.3		0.661698
324.4		0.661698
324.5		0.661698
324.6		0.661698
324.7		0.661698
324.8		0.661698
324.9		0.661698
325		0.661698
325.1		0.663924
325.2		0.663924
325.3		0.663924
325.4		0.663924
325.5		0.663924
325.6		0.663924
325.7		0.663924
325.8		0.663924
325.9		0.663924
326		0.663924
326.1		0.66605
326.2		0.66605
326.3		0.66605
326.4		0.66605
326.5		0.66605
326.6		0.66605
326.7		0.66605
326.8		0.66605
326.9		0.66605
327		0.66605
327.1		0.670111
327.2		0.670111
327.3		0.670111
327.4		0.670111
327.5		0.670111
327.6		0.670111
327.7		0.670111
327.8		0.670111
327.9		0.670111
328		0.670111
328.1		0.67109
328.2		0.67109
328.3		0.67109
328.4		0.67109
328.5		0.67109
328.6		0.67109
328.7		0.67109
328.8		0.67109
328.9		0.67109
329		0.67109
329.1		0.671388
329.2		0.671388
329.3		0.671388
329.4		0.671388
329.5		0.671388
329.6		0.671388
329.7		0.671388
329.8		0.671388
329.9		0.671388
330		0.671388
330.1		0.673086
330.2		0.673086
330.3		0.673086
330.4		0.673086
330.5		0.673086
330.6		0.673086
330.7		0.673086
330.8		0.673086
330.9		0.673086
331		0.673086
331.1		0.675136
331.2		0.675136
331.3		0.675136
331.4		0.675136
331.5		0.675136
331.6		0.675136
331.7		0.675136
331.8		0.675136
331.9		0.675136
332		0.675136
332.1		0.679694
332.2		0.679694
332.3		0.679694
332.4		0.679694
332.5		0.679694
332.6		0.679694
332.7		0.679694
332.8		0.679694
332.9		0.679694
333		0.679694
333.1		0.681904
333.2		0.681904
333.3		0.681904
333.4		0.681904
333.5		0.681904
333.6		0.681904
333.7		0.681904
333.8		0.681904
333.9		0.681904
334		0.681904
334.1		0.682631
334.2		0.682631
334.3		0.682631
334.4		0.682631
334.5		0.682631
334.6		0.682631
334.7		0.682631
334.8		0.682631
334.9		0.682631
335		0.682631
335.1		0.683143
335.2		0.683143
335.3		0.683143
335.4		0.683143
335.5		0.683143
335.6		0.683143
335.7		0.683143
335.8		0.683143
335.9		0.683143
336		0.683143
336.1		0.68696
336.2		0.68696
336.3		0.68696
336.4		0.68696
336.5		0.68696
336.6		0.68696
336.7		0.68696
336.8		0.68696
336.9		0.68696
337		0.68696
337.1		0.691228
337.2		0.691228
337.3		0.691228
337.4		0.691228
337.5		0.691228
337.6		0.691228
337.7		0.691228
337.8		0.691228
337.9		0.691228
338		0.691228
338.1		0.694922
338.2		0.694922
338.3		0.694922
338.4		0.694922
338.5		0.694922
338.6		0.694922
338.7		0.694922
338.8		0.694922
338.9		0.694922
339		0.694922
339.1		0.695656
339.2		0.695656
339.3		0.695656
339.4		0.695656
339.5		0.695656
339.6		0.695656
339.7		0.695656
339.8		0.695656
339.9		0.695656
340		0.695656
340.1		0.696566
340.2		0.696566
340.3		0.696566
340.4		0.696566
340.5		0.696566
340.6		0.696566
340.7		0.696566
340.8		0.696566
340.9		0.696566
341		0.696566
341.1		0.702524
341.2		0.702524
341.3		0.702524
341.4		0.702524
341.5		0.702524
341.6		0.702524
341.7		0.702524
341.8		0.702524
341.9		0.702524
342		0.702524
342.1		0.705354
342.2		0.705354
342.3		0.705354
342.4		0.705354
342.5		0.705354
342.6		0.705354
342.7		0.705354
342.8		0.705354
342.9		0.705354
343		0.705354
343.1		0.705912
343.2		0.705912
343.3		0.705912
343.4		0.705912
343.5		0.705912
343.6		0.705912
343.7		0.705912
343.8		0.705912
343.9		0.705912
344		0.705912
344.1		0.707488
344.2		0.707488
344.3		0.707488
344.4		0.707488
344.5		0.707488
344.6		0.707488
344.7		0.707488
344.8		0.707488
344.9		0.707488
345		0.707488
345.1		0.711434
345.2		0.711434
345.3		0.711434
345.4		0.711434
345.5		0.711434
345.6		0.711434
345.7		0.711434
345.8		0.711434
345.9		0.711434
346		0.711434
346.1		0.714088
346.2		0.714088
346.3		0.714088
346.4		0.714088
346.5		0.714088
346.6		0.714088
346.7		0.714088
346.8		0.714088
346.9		0.714088
347		0.714088
347.1		0.714983
347.2		0.714983
347.3		0.714983
347.4		0.714983
347.5		0.714983
347.6		0.714983
347.7		0.714983
347.8		0.714983
347.9		0.714983
348		0.714983
348.1		0.716604
348.2		0.716604
348.3		0.716604
348.4		0.716604
348.5		0.716604
348.6		0.716604
348.7		0.716604
348.8		0.716604
348.9		0.716604
349		0.716604
349.1		0.718577
349.2		0.718577
349.3		0.718577
349.4		0.718577
349.5		0.718577
349.6		0.718577
349.7		0.718577
349.8		0.718577
349.9		0.718577
350		0.718577
350.1		0.719189
350.2		0.719189
350.3		0.719189
350.4		0.719189
350.5		0.719189
350.6		0.719189
350.7		0.719189
350.8		0.719189
350.9		0.719189
351		0.719189
351.1		0.72114
351.2		0.72114
351.3		0.72114
351.4		0.72114
351.5		0.72114
351.6		0.72114
351.7		0.72114
351.8		0.72114
351.9		0.72114
352		0.72114
352.1		0.726325
352.2		0.726325
352.3		0.726325
352.4		0.726325
352.5		0.726325
352.6		0.726325
352.7		0.726325
352.8		0.726325
352.9		0.726325
353		0.726325
353.1		0.727511
353.2		0.727511
353.3		0.727511
353.4		0.727511
353.5		0.727511
353.6		0.727511
353.7		0.727511
353.8		0.727511
353.9		0.727511
354		0.727511
354.1		0.728145
354.2		0.728145
354.3		0.728145
354.4		0.728145
354.5		0.728145
354.6		0.728145
354.7		0.728145
354.8		0.728145
354.9		0.728145
355		0.728145
355.1		0.733476
355.2		0.733476
355.3		0.733476
355.4		0.733476
355.5		0.733476
355.6		0.733476
355.7		0.733476
355.8		0.733476
355.9		0.733476
356		0.733476
356.1		0.738753
356.2		0.738753
356.3		0.738753
356.4		0.738753
356.5		0.738753
356.6		0.738753
356.7		0.738753
356.8		0.738753
356.9		0.738753
357		0.738753
357.1		0.741683
357.2		0.741683
357.3		0.741683
357.4		0.741683
357.5		0.741683
357.6		0.741683
357.7		0.741683
357.8		0.741683
357.9		0.741683
358		0.741683
358.1		0.743021
358.2		0.743021
358.3		0.743021
358.4		0.743021
358.5		0.743021
358.6		0.743021
358.7		0.743021
358.8		0.743021
358.9		0.743021
359		0.743021
359.1		0.74488
359.2		0.74488
359.3		0.74488
359.4		0.74488
359.5		0.74488
359.6		0.74488
359.7		0.74488
359.8		0.74488
359.9		0.74488
360		0.74488
360.1		0.748757
360.2		0.748757
360.3		0.748757
360.4		0.748757
360.5		0.748757
360.6		0.748757
360.7		0.748757
360.8		0.748757
360.9		0.748757
361		0.748757
361.1		0.750111
361.2		0.750111
361.3		0.750111
361.4		0.750111
361.5		0.750111
361.6		0.750111
361.7		0.750111
361.8		0.750111
361.9		0.750111
362		0.750111
362.1		0.752948
362.2		0.752948
362.3		0.752948
362.4		0.752948
362.5		0.752948
362.6		0.752948
362.7		0.752948
362.8		0.752948
362.9		0.752948
363		0.752948
363.1		0.753155
363.2		0.753155
363.3		0.753155
363.4		0.753155
363.5		0.753155
363.6		0.753155
363.7		0.753155
363.8		0.753155
363.9		0.753155
364		0.753155
364.1		0.756436
364.2		0.756436
364.3		0.756436
364.4		0.756436
364.5		0.756436
364.6		0.756436
364.7		0.756436
364.8		0.756436
364.9		0.756436
365		0.756436
365.1		0.757178
365.2		0.757178
365.3		0.757178
365.4		0.757178
365.5		0.757178
365.6		0.757178
365.7		0.757178
365.8		0.757178
365.9		0.757178
366		0.757178
366.1		0.759388
366.2		0.759388
366.3		0.759388
366.4		0.759388
366.5		0.759388
366.6		0.759388
366.7		0.759388
366.8		0.759388
366.9		0.759388
367		0.759388
367.1		0.761553
367.2		0.761553
367.3		0.761553
367.4		0.761553
367.5		0.761553
367.6		0.761553
367.7		0.761553
367.8		0.761553
367.9		0.761553
368		0.761553
368.1		0.765881
368.2		0.765881
368.3		0.765881
368.4		0.765881
368.5		0.765881
368.6		0.765881
368.7		0.765881
368.8		0.765881
368.9		0.765881
369		0.765881
369.1		0.766249
369.2		0.766249
369.3		0.766249
369.4		0.766249
369.5		0.766249
369.6		0.766249
369.7		0.766249
369.8		0.766249
369.9		0.766249
370		0.766249
370.1		0.767702
370.2		0.767702
370.3		0.767702
370.4		0.767702
370.5		0.767702
370.6		0.767702
370.7		0.767702
370.8		0.767702
370.9		0.767702
371		0.767702
371.1		0.767924
371.2		0.767924
371.3		0.767924
371.4		0.767924
371.5		0.767924
371.6		0.767924
371.7		0.767924
371.8		0.767924
371.9		0.767924
372		0.767924
372.1		0.77265
372.2		0.77265
372.3		0.77265
372.4		0.77265
372.5		0.77265
372.6		0.77265
372.7		0.77265
372.8		0.77265
372.9		0.77265
373		0.77265
373.1		0.774111
373.2		0.774111
373.3		0.774111
373.4		0.774111
373.5		0.774111
373.6		0.774111
373.7		0.774111
373.8		0.774111
373.9		0.774111
374		0.774111
374.1		0.775511
374.2		0.775511
374.3		0.775511
374.4		0.775511
374.5		0.775511
374.6		0.775511
374.7		0.775511
374.8		0.775511
374.9		0.775511
375		0.775511
375.1		0.779793
375.2		0.779793
375.3		0.779793
375.4		0.779793
375.5		0.779793
375.6		0.779793
375.7		0.779793
375.8		0.779793
375.9		0.779793
376		0.779793
376.1		0.780237
376.2		0.780237
376.3		0.780237
376.4		0.780237
376.5		0.780237
376.6		0.780237
376.7		0.780237
376.8		0.780237
376.9		0.780237
377		0.780237
377.1		0.783717
377.2		0.783717
377.3		0.783717
377.4		0.783717
377.5		0.783717
377.6		0.783717
377.7		0.783717
377.8		0.783717
377.9		0.783717
378		0.783717
378.1		0.784505
378.2		0.784505
378.3		0.784505
378.4		0.784505
378.5		0.784505
378.6		0.784505
378.7		0.784505
378.8		0.784505
378.9		0.784505
379		0.784505
379.1		0.784979
379.2		0.784979
379.3		0.784979
379.4		0.784979
379.5		0.784979
379.6		0.784979
379.7		0.784979
379.8		0.784979
379.9		0.784979
380		0.784979
380.1		0.788734
380.2		0.788734
380.3		0.788734
380.4		0.788734
380.5		0.788734
380.6		0.788734
380.7		0.788734
380.8		0.788734
380.9		0.788734
381		0.788734
381.1		0.791319
381.2		0.791319
381.3		0.791319
381.4		0.791319
381.5		0.791319
381.6		0.791319
381.7		0.791319
381.8		0.791319
381.9		0.791319
382		0.791319
382.1		0.795273
382.2		0.795273
382.3		0.795273
382.4		0.795273
382.5		0.795273
382.6		0.795273
382.7		0.795273
382.8		0.795273
382.9		0.795273
383		0.795273
383.1		0.795694
383.2		0.795694
383.3		0.795694
383.4		0.795694
383.5		0.795694
383.6		0.795694
383.7		0.795694
383.8		0.795694
383.9		0.795694
384		0.795694
384.1		0.796994
384.2		0.796994
384.3		0.796994
384.4		0.796994
384.5		0.796994
384.6		0.796994
384.7		0.796994
384.8		0.796994
384.9		0.796994
385		0.796994
385.1		0.799862
385.2		0.799862
385.3		0.799862
385.4		0.799862
385.5		0.799862
385.6		0.799862
385.7		0.799862
385.8		0.799862
385.9		0.799862
386		0.799862
386.1		0.800849
386.2		0.800849
386.3		0.800849
386.4		0.800849
386.5		0.800849
386.6		0.800849
386.7		0.800849
386.8		0.800849
386.9		0.800849
387		0.800849
387.1		0.80231
387.2		0.80231
387.3		0.80231
387.4		0.80231
387.5		0.80231
387.6		0.80231
387.7		0.80231
387.8		0.80231
387.9		0.80231
388		0.80231
388.1		0.806241
388.2		0.806241
388.3		0.806241
388.4		0.806241
388.5		0.806241
388.6		0.806241
388.7		0.806241
388.8		0.806241
388.9		0.806241
389		0.806241
389.1		0.807174
389.2		0.807174
389.3		0.807174
389.4		0.807174
389.5		0.807174
389.6		0.807174
389.7		0.807174
389.8		0.807174
389.9		0.807174
390		0.807174
390.1		0.810019
390.2		0.810019
390.3		0.810019
390.4		0.810019
390.5		0.810019
390.6		0.810019
390.7		0.810019
390.8		0.810019
390.9		0.810019
391		0.810019
391.1		0.811916
391.2		0.811916
391.3		0.811916
391.4		0.811916
391.5		0.811916
391.6		0.811916
391.7		0.811916
391.8		0.811916
391.9		0.811916
392		0.811916
392.1		0.812046
392.2		0.812046
392.3		0.812046
392.4		0.812046
392.5		0.812046
392.6		0.812046
392.7		0.812046
392.8		0.812046
392.9		0.812046
393		0.812046
393.1		0.812153
393.2		0.812153
393.3		0.812153
393.4		0.812153
393.5		0.812153
393.6		0.812153
393.7		0.812153
393.8		0.812153
393.9		0.812153
394		0.812153
394.1		0.81961
394.2		0.81961
394.3		0.81961
394.4		0.81961
394.5		0.81961
394.6		0.81961
394.7		0.81961
394.8		0.81961
394.9		0.81961
395		0.81961
395.1		0.821744
395.2		0.821744
395.3		0.821744
395.4		0.821744
395.5		0.821744
395.6		0.821744
395.7		0.821744
395.8		0.821744
395.9		0.821744
396		0.821744
396.1		0.822011
396.2		0.822011
396.3		0.822011
396.4		0.822011
396.5		0.822011
396.6		0.822011
396.7		0.822011
396.8		0.822011
396.9		0.822011
397		0.822011
397.1		0.823954
397.2		0.823954
397.3		0.823954
397.4		0.823954
397.5		0.823954
397.6		0.823954
397.7		0.823954
397.8		0.823954
397.9		0.823954
398		0.823954
398.1		0.825545
398.2		0.825545
398.3		0.825545
398.4		0.825545
398.5		0.825545
398.6		0.825545
398.7		0.825545
398.8		0.825545
398.9		0.825545
399		0.825545
399.1		0.830157
399.2		0.830157
399.3		0.830157
399.4		0.830157
399.5		0.830157
399.6		0.830157
399.7		0.830157
399.8		0.830157
399.9		0.830157
400		0.830157
400.1		0.83073
400.2		0.83073
400.3		0.83073
400.4		0.83073
400.5		0.83073
400.6		0.83073
400.7		0.83073
400.8		0.83073
400.9		0.83073
401		0.83073
401.1		0.834157
401.2		0.834157
401.3		0.834157
401.4		0.834157
401.5		0.834157
401.6		0.834157
401.7		0.834157
401.8		0.834157
401.9		0.834157
402		0.834157
402.1		0.834914
402.2		0.834914
402.3		0.834914
402.4		0.834914
402.5		0.834914
402.6		0.834914
402.7		0.834914
402.8		0.834914
402.9		0.834914
403		0.834914
403.1		0.83626
403.2		0.83626
403.3		0.83626
403.4		0.83626
403.5		0.83626
403.6		0.83626
403.7		0.83626
403.8		0.83626
403.9		0.83626
404		0.83626
404.1		0.839235
404.2		0.839235
404.3		0.839235
404.4		0.839235
404.5		0.839235
404.6		0.839235
404.7		0.839235
404.8		0.839235
404.9		0.839235
405		0.839235
405.1		0.841576
405.2		0.841576
405.3		0.841576
405.4		0.841576
405.5		0.841576
405.6		0.841576
405.7		0.841576
405.8		0.841576
405.9		0.841576
406		0.841576
406.1		0.842593
406.2		0.842593
406.3		0.842593
406.4		0.842593
406.5		0.842593
406.6		0.842593
406.7		0.842593
406.8		0.842593
406.9		0.842593
407		0.842593
407.1		0.845423
407.2		0.845423
407.3		0.845423
407.4		0.845423
407.5		0.845423
407.6		0.845423
407.7		0.845423
407.8		0.845423
407.9		0.845423
408		0.845423
408.1		0.847036
408.2		0.847036
408.3		0.847036
408.4		0.847036
408.5		0.847036
408.6		0.847036
408.7		0.847036
408.8		0.847036
408.9		0.847036
409		0.847036
409.1		0.849774
409.2		0.849774
409.3		0.849774
409.4		0.849774
409.5		0.849774
409.6		0.849774
409.7		0.849774
409.8		0.849774
409.9		0.849774
410		0.849774
410.1		0.85125
410.2		0.85125
410.3		0.85125
410.4		0.85125
410.5		0.85125
410.6		0.85125
410.7		0.85125
410.8		0.85125
410.9		0.85125
411		0.85125
411.1		0.852971
411.2		0.852971
411.3		0.852971
411.4		0.852971
411.5		0.852971
411.6		0.852971
411.7		0.852971
411.8		0.852971
411.9		0.852971
412		0.852971
412.1		0.85769
412.2		0.85769
412.3		0.85769
412.4		0.85769
412.5		0.85769
412.6		0.85769
412.7		0.85769
412.8		0.85769
412.9		0.85769
413		0.85769
413.1		0.858409
413.2		0.858409
413.3		0.858409
413.4		0.858409
413.5		0.858409
413.6		0.858409
413.7		0.858409
413.8		0.858409
413.9		0.858409
414		0.858409
414.1		0.860046
414.2		0.860046
414.3		0.860046
414.4		0.860046
414.5		0.860046
414.6		0.860046
414.7		0.860046
414.8		0.860046
414.9		0.860046
415		0.860046
415.1		0.860841
415.2		0.860841
415.3		0.860841
415.4		0.860841
415.5		0.860841
415.6		0.860841
415.7		0.860841
415.8		0.860841
415.9		0.860841
416		0.860841
416.1		0.866164
416.2		0.866164
416.3		0.866164
416.4		0.866164
416.5		0.866164
416.6		0.866164
416.7		0.866164
416.8		0.866164
416.9		0.866164
417		0.866164
417.1		0.867679
417.2		0.867679
417.3		0.867679
417.4		0.867679
417.5		0.867679
417.6		0.867679
417.7		0.867679
417.8		0.867679
417.9		0.867679
418		0.867679
418.1		0.868489
418.2		0.868489
418.3		0.868489
418.4		0.868489
418.5		0.868489
418.6		0.868489
418.7		0.868489
418.8		0.868489
418.9		0.868489
419		0.868489
419.1		0.868795
419.2		0.868795
419.3		0.868795
419.4		0.868795
419.5		0.868795
419.6		0.868795
419.7		0.868795
419.8		0.868795
419.9		0.868795
420		0.868795
420.1		0.874906
420.2		0.874906
420.3		0.874906
420.4		0.874906
420.5		0.874906
420.6		0.874906
420.7		0.874906
420.8		0.874906
420.9		0.874906
421		0.874906
421.1		0.875457
421.2		0.875457
421.3		0.875457
421.4		0.875457
421.5		0.875457
421.6		0.875457
421.7		0.875457
421.8		0.875457
421.9		0.875457
422		0.875457
422.1		0.877201
422.2		0.877201
422.3		0.877201
422.4		0.877201
422.5		0.877201
422.6		0.877201
422.7		0.877201
422.8		0.877201
422.9		0.877201
423		0.877201
423.1		0.878593
423.2		0.878593
423.3		0.878593
423.4		0.878593
423.5		0.878593
423.6		0.878593
423.7		0.878593
423.8		0.878593
423.9		0.878593
424		0.878593
424.1		0.881675
424.2		0.881675
424.3		0.881675
424.4		0.881675
424.5		0.881675
424.6		0.881675
424.7		0.881675
424.8		0.881675
424.9		0.881675
425		0.881675
425.1		0.883396
425.2		0.883396
425.3		0.883396
425.4		0.883396
425.5		0.883396
425.6		0.883396
425.7		0.883396
425.8		0.883396
425.9		0.883396
426		0.883396
426.1		0.883686
426.2		0.883686
426.3		0.883686
426.4		0.883686
426.5		0.883686
426.6		0.883686
426.7		0.883686
426.8		0.883686
426.9		0.883686
427		0.883686
427.1		0.885897
427.2		0.885897
427.3		0.885897
427.4		0.885897
427.5		0.885897
427.6		0.885897
427.7		0.885897
427.8		0.885897
427.9		0.885897
428		0.885897
428.1		0.890585
428.2		0.890585
428.3		0.890585
428.4		0.890585
428.5		0.890585
428.6		0.890585
428.7		0.890585
428.8		0.890585
428.9		0.890585
429		0.890585
429.1		0.89301
429.2		0.89301
429.3		0.89301
429.4		0.89301
429.5		0.89301
429.6		0.89301
429.7		0.89301
429.8		0.89301
429.9		0.89301
430		0.89301
430.1		0.893384
430.2		0.893384
430.3		0.893384
430.4		0.893384
430.5		0.893384
430.6		0.893384
430.7		0.893384
430.8		0.893384
430.9		0.893384
431		0.893384
431.1		0.894371
431.2		0.894371
431.3		0.894371
431.4		0.894371
431.5		0.894371
431.6		0.894371
431.7		0.894371
431.8		0.894371
431.9		0.894371
432		0.894371
432.1		0.89483
432.2		0.89483
432.3		0.89483
432.4		0.89483
432.5		0.89483
432.6		0.89483
432.7		0.89483
432.8		0.89483
432.9		0.89483
433		0.89483
433.1		0.900558
433.2		0.900558
433.3		0.900558
433.4		0.900558
433.5		0.900558
433.6		0.900558
433.7		0.900558
433.8		0.900558
433.9		0.900558
434		0.900558
434.1		0.901652
434.2		0.901652
434.3		0.901652
434.4		0.901652
434.5		0.901652
434.6		0.901652
434.7		0.901652
434.8		0.901652
434.9		0.901652
435		0.901652
435.1		0.903327
435.2		0.903327
435.3		0.903327
435.4		0.903327
435.5		0.903327
435.6		0.903327
435.7		0.903327
435.8		0.903327
435.9		0.903327
436		0.903327
436.1		0.904153
436.2		0.904153
436.3		0.904153
436.4		0.904153
436.5		0.904153
436.6		0.904153
436.7		0.904153
436.8		0.904153
436.9		0.904153
437		0.904153
437.1		0.90566
437.2		0.90566
437.3		0.90566
437.4		0.90566
437.5		0.90566
437.6		0.90566
437.7		0.90566
437.8		0.90566
437.9		0.90566
438		0.90566
438.1		0.911006
438.2		0.911006
438.3		0.911006
438.4		0.911006
438.5		0.911006
438.6		0.911006
438.7		0.911006
438.8		0.911006
438.9		0.911006
439		0.911006
439.1		0.913323
439.2		0.913323
439.3		0.913323
439.4		0.913323
439.5		0.913323
439.6		0.913323
439.7		0.913323
439.8		0.913323
439.9		0.913323
440		0.913323
440.1		0.914998
440.2		0.914998
440.3		0.914998
440.4		0.914998
440.5		0.914998
440.6		0.914998
440.7		0.914998
440.8		0.914998
440.9		0.914998
441		0.914998
441.1		0.915518
441.2		0.915518
441.3		0.915518
441.4		0.915518
441.5		0.915518
441.6		0.915518
441.7		0.915518
441.8		0.915518
441.9		0.915518
442		0.915518
442.1		0.920895
442.2		0.920895
442.3		0.920895
442.4		0.920895
442.5		0.920895
442.6		0.920895
442.7		0.920895
442.8		0.920895
442.9		0.920895
443		0.920895
443.1		0.921201
443.2		0.921201
443.3		0.921201
443.4		0.921201
443.5		0.921201
443.6		0.921201
443.7		0.921201
443.8		0.921201
443.9		0.921201
444		0.921201
444.1		0.922065
444.2		0.922065
444.3		0.922065
444.4		0.922065
444.5		0.922065
444.6		0.922065
444.7		0.922065
444.8		0.922065
444.9		0.922065
445		0.922065
445.1		0.926088
445.2		0.926088
445.3		0.926088
445.4		0.926088
445.5		0.926088
445.6		0.926088
445.7		0.926088
445.8		0.926088
445.9		0.926088
446		0.926088
446.1		0.929117
446.2		0.929117
446.3		0.929117
446.4		0.929117
446.5		0.929117
446.6		0.929117
446.7		0.929117
446.8		0.929117
446.9		0.929117
447		0.929117
447.1		0.930249
447.2		0.930249
447.3		0.930249
447.4		0.930249
447.5		0.930249
447.6		0.930249
447.7		0.930249
447.8		0.930249
447.9		0.930249
448		0.930249
448.1		0.93174
448.2		0.93174
448.3		0.93174
448.4		0.93174
448.5		0.93174
448.6		0.93174
448.7		0.93174
448.8		0.93174
448.9		0.93174
449		0.93174
449.1		0.932054
449.2		0.932054
449.3		0.932054
449.4		0.932054
449.5		0.932054
449.6		0.932054
449.7		0.932054
449.8		0.932054
449.9		0.932054
450		0.932054
450.1		0.938715
450.2		0.938715
450.3		0.938715
450.4		0.938715
450.5		0.938715
450.6		0.938715
450.7		0.938715
450.8		0.938715
450.9		0.938715
451		0.938715
451.1		0.939021
451.2		0.939021
451.3		0.939021
451.4		0.939021
451.5		0.939021
451.6		0.939021
451.7		0.939021
451.8		0.939021
451.9		0.939021
452		0.939021
452.1		0.940015
452.2		0.940015
452.3		0.940015
452.4		0.940015
452.5		0.940015
452.6		0.940015
452.7		0.940015
452.8		0.940015
452.9		0.940015
453		0.940015
453.1		0.941614
453.2		0.941614
453.3		0.941614
453.4		0.941614
453.5		0.941614
453.6		0.941614
453.7		0.941614
453.8		0.941614
453.9		0.941614
454		0.941614
454.1		0.944138
454.2		0.944138
454.3		0.944138
454.4		0.944138
454.5		0.944138
454.6		0.944138
454.7		0.944138
454.8		0.944138
454.9		0.944138
455		0.944138
455.1		0.946088
455.2		0.946088
455.3		0.946088
455.4		0.946088
455.5		0.946088
455.6		0.946088
455.7		0.946088
455.8		0.946088
455.9		0.946088
456		0.946088
456.1		0.946792
456.2		0.946792
456.3		0.946792
456.4		0.946792
456.5		0.946792
456.6		0.946792
456.7		0.946792
456.8		0.946792
456.9		0.946792
457		0.946792
457.1		0.949904
457.2		0.949904
457.3		0.949904
457.4		0.949904
457.5		0.949904
457.6		0.949904
457.7		0.949904
457.8		0.949904
457.9		0.949904
458		0.949904
458.1		0.950952
458.2		0.950952
458.3		0.950952
458.4		0.950952
458.5		0.950952
458.6		0.950952
458.7		0.950952
458.8		0.950952
458.9		0.950952
459		0.950952
459.1		0.955725
459.2		0.955725
459.3		0.955725
459.4		0.955725
459.5		0.955725
459.6		0.955725
459.7		0.955725
459.8		0.955725
459.9		0.955725
460		0.955725
460.1		0.956658
460.2		0.956658
460.3		0.956658
460.4		0.956658
460.5		0.956658
460.6		0.956658
460.7		0.956658
460.8		0.956658
460.9		0.956658
461		0.956658
461.1		0.958524
461.2		0.958524
461.3		0.958524
461.4		0.958524
461.5		0.958524
461.6		0.958524
461.7		0.958524
461.8		0.958524
461.9		0.958524
462		0.958524
462.1		0.959924
462.2		0.959924
462.3		0.959924
462.4		0.959924
462.5		0.959924
462.6		0.959924
462.7		0.959924
462.8		0.959924
462.9		0.959924
463		0.959924
463.1		0.962088
463.2		0.962088
463.3		0.962088
463.4		0.962088
463.5		0.962088
463.6		0.962088
463.7		0.962088
463.8		0.962088
463.9		0.962088
464		0.962088
464.1		0.962631
464.2		0.962631
464.3		0.962631
464.4		0.962631
464.5		0.962631
464.6		0.962631
464.7		0.962631
464.8		0.962631
464.9		0.962631
465		0.962631
465.1		0.968161
465.2		0.968161
465.3		0.968161
465.4		0.968161
465.5		0.968161
465.6		0.968161
465.7		0.968161
465.8		0.968161
465.9		0.968161
466		0.968161
466.1		0.968459
466.2		0.968459
466.3		0.968459
466.4		0.968459
466.5		0.968459
466.6		0.968459
466.7		0.968459
466.8		0.968459
466.9		0.968459
467		0.968459
467.1		0.972788
467.2		0.972788
467.3		0.972788
467.4		0.972788
467.5		0.972788
467.6		0.972788
467.7		0.972788
467.8		0.972788
467.9		0.972788
468		0.972788
468.1		0.973239
468.2		0.973239
468.3		0.973239
468.4		0.973239
468.5		0.973239
468.6		0.973239
468.7		0.973239
468.8		0.973239
468.9		0.973239
469		0.973239
469.1		0.974134
469.2		0.974134
469.3		0.974134
469.4		0.974134
469.5		0.974134
469.6		0.974134
469.7		0.974134
469.8		0.974134
469.9		0.974134
470		0.974134
470.1		0.976092
470.2		0.976092
470.3		0.976092
470.4		0.976092
470.5		0.976092
470.6		0.976092
470.7		0.976092
470.8		0.976092
470.9		0.976092
471		0.976092
471.1		0.977277
471.2		0.977277
471.3		0.977277
471.4		0.977277
471.5		0.977277
471.6		0.977277
471.7		0.977277
471.8		0.977277
471.9		0.977277
472		0.977277
472.1		0.984528
472.2		0.984528
472.3		0.984528
472.4		0.984528
472.5		0.984528
472.6		0.984528
472.7		0.984528
472.8		0.984528
472.9		0.984528
473		0.984528
473.1		0.98475
473.2		0.98475
473.3		0.98475
473.4		0.98475
473.5		0.98475
473.6		0.98475
473.7		0.98475
473.8		0.98475
473.9		0.98475
474		0.98475
474.1		0.985308
474.2		0.985308
474.3		0.985308
474.4		0.985308
474.5		0.985308
474.6		0.985308
474.7		0.985308
474.8		0.985308
474.9		0.985308
475		0.985308
475.1		0.987465
475.2		0.987465
475.3		0.987465
475.4		0.987465
475.5		0.987465
475.6		0.987465
475.7		0.987465
475.8		0.987465
475.9		0.987465
476		0.987465
476.1		0.989935
476.2		0.989935
476.3		0.989935
476.4		0.989935
476.5		0.989935
476.6		0.989935
476.7		0.989935
476.8		0.989935
476.9		0.989935
477		0.989935
477.1		0.991847
477.2		0.991847
477.3		0.991847
477.4		0.991847
477.5		0.991847
477.6		0.991847
477.7		0.991847
477.8		0.991847
477.9		0.991847
478		0.991847
478.1		0.994646
478.2		0.994646
478.3		0.994646
478.4		0.994646
478.5		0.994646
478.6		0.994646
478.7		0.994646
478.8		0.994646
478.9		0.994646
479		0.994646
479.1		0.996069
479.2		0.996069
479.3		0.996069
479.4		0.996069
479.5		0.996069
479.6		0.996069
479.7		0.996069
479.8		0.996069
479.9		0.996069
480		0.996069
480.1		0.999319
480.2		0.999319
480.3		0.999319
480.4		0.999319
480.5		0.999319
480.6		0.999319
480.7		0.999319
480.8		0.999319
480.9		0.999319
481		0.999319
481.1		0.999587
481.2		0.999587
481.3		0.999587
481.4		0.999587
481.5		0.999587
481.6		0.999587
481.7		0.999587
481.8		0.999587
481.9		0.999587
482		0.999587
482.1		0.999977
482.2		0.999977
482.3		0.999977
482.4		0.999977
482.5		0.999977
482.6		0.999977
482.7		0.999977
482.8		0.999977
482.9		0.999977
483		0.999977
483.1		0.999992
483.2		0.999992
483.3		0.999992
483.4		0.999992
483.5		0.999992
483.6		0.999992
483.7		0.999992
483.8		0.999992
483.9		0.999992
484		0.999992
484.1		1
484.2		1
484.3		1
484.4		1
484.5		1
484.6		1
484.7		1
484.8		1
484.9		1
485		1
485.1		1
485.2		1
485.3		1
485.4		1
485.5		1
485.6		1
485.7		1
485.8		1
485.9		1
486		1
486.1		1
486.2		1
486.3		1
486.4		1
486.5		1
486.6		1
486.7		1
486.8		1
486.9		1
487		1
487.1		1
487.2		1
487.3		1
487.4		1
487.5		1
487.6		1
487.7		1
487.8		1
487.9		1
488		1
488.1		1
488.2		1
488.3		1
488.4		1
488.5		1
488.6		1
488.7		1
488.8		1
488.9		1
489		1
489.1		1
489.2		1
489.3		1
489.4		1
489.5		1
489.6		1
489.7		1
489.8		1
489.9		1
490		1
490.1		1
490.2		1
490.3		1
490.4		1
490.5		1
490.6		1
490.7		1
490.8		1
490.9		1
491		1
491.1		1
491.2		1
491.3		1
491.4		1
491.5		1
491.6		1
491.7		1
491.8		1
491.9		1
492		1
492.1		1
492.2		1
492.3		1
492.4		1
492.5		1
492.6		1
492.7		1
492.8		1
492.9		1
493		1
493.1		1
493.2		1
493.3		1
493.4		1
493.5		1
493.6		1
493.7		1
493.8		1
493.9		1
494		1
494.1		1
494.2		1
494.3		1
494.4		1
494.5		1
494.6		1
494.7		1
494.8		1
494.9		1
495		1
495.1		1
495.2		1
495.3		1
495.4		1
495.5		1
495.6		1
495.7		1
495.8		1
495.9		1
496		1
496.1		1
496.2		1
496.3		1
496.4		1
496.5		1
496.6		1
496.7		1
496.8		1
496.9		1
497		1
497.1		1
497.2		1
497.3		1
497.4		1
497.5		1
497.6		1
497.7		1
497.8		1
497.9		1
498		1
498.1		1
498.2		1
498.3		1
498.4		1
498.5		1
498.6		1
498.7		1
498.8		1
498.9		1
499		1
499.1		1
499.2		1
499.3		1
499.4		1
499.5		1
499.6		1
499.7		1
499.8		1
499.9		1
500		1
500.1		1
500.2		1
500.3		1
500.4		1
500.5		1
500.6		1
500.7		1
500.8		1
500.9		1
501		1
501.1		1
501.2		1
501.3		1
501.4		1
501.5		1
501.6		1
501.7		1
501.8		1
501.9		1
502		1
502.1		1
502.2		1
502.3		1
502.4		1
502.5		1
502.6		1
502.7		1
502.8		1
502.9		1
503		1
503.1		1
503.2		1
503.3		1
503.4		1
503.5		1
503.6		1
503.7		1
503.8		1
503.9		1
504		1
504.1		1
504.2		1
504.3		1
504.4		1
504.5		1
504.6		1
504.7		1
504.8		1
504.9		1
505		1
505.1		1
505.2		1
505.3		1
505.4		1
505.5		1
505.6		1
505.7		1
505.8		1
505.9		1
506		1
506.1		1
506.2		1
506.3		1
506.4		1
506.5		1
506.6		1
506.7		1
506.8		1
506.9		1
507		1
507.1		1
507.2		1
507.3		1
507.4		1
507.5		1
507.6		1
507.7		1
507.8		1
507.9		1
508		1
508.1		1
508.2		1
508.3		1
508.4		1
508.5		1
508.6		1
508.7		1
508.8		1
508.9		1
509		1
509.1		1
509.2		1
509.3		1
509.4		1
509.5		1
509.6		1
509.7		1
509.8		1
509.9		1
510		1
510.1		1
510.2		1
510.3		1
510.4		1
510.5		1
510.6		1
510.7		1
510.8		1
510.9		1
511		1
511.1		1
511.2		1
511.3		1
511.4		1
511.5		1
511.6		1
511.7		1
511.8		1
511.9		1
512		1
512.1		1
512.2		1
512.3		1
512.4		1
512.5		1
512.6		1
512.7		1
512.8		1
512.9		1
513		1
513.1		1
513.2		1
513.3		1
513.4		1
513.5		1
513.6		1
513.7		1
513.8		1
513.9		1
514		1
514.1		1
514.2		1
514.3		1
514.4		1
514.5		1
514.6		1
514.7		1
514.8		1
514.9		1
515		1
515.1		1
515.2		1
515.3		1
515.4		1
515.5		1
515.6		1
515.7		1
515.8		1
515.9		1
516		1
516.1		1
516.2		1
516.3		1
516.4		1
516.5		1
516.6		1
516.7		1
516.8		1
516.9		1
517		1
517.1		1
517.2		1
517.3		1
517.4		1
517.5		1
517.6		1
517.7		1
517.8		1
517.9		1
518		1
518.1		1
518.2		1
518.3		1
518.4		1
518.5		1
518.6		1
518.7		1
518.8		1
518.9		1
519		1
519.1		1
519.2		1
519.3		1
519.4		1
519.5		1
519.6		1
519.7		1
519.8		1
519.9		1
520		1
520.1		1
520.2		1
520.3		1
520.4		1
520.5		1
520.6		1
520.7		1
520.8		1
520.9		1
521		1
521.1		1
521.2		1
521.3		1
521.4		1
521.5		1
521.6		1
521.7		1
521.8		1
521.9		1
522		1
522.1		1
522.2		1
522.3		1
522.4		1
522.5		1
522.6		1
522.7		1
522.8		1
522.9		1
523		1
523.1		1
523.2		1
523.3		1
523.4		1
523.5		1
523.6		1
523.7		1
523.8		1
523.9		1
524		1
524.1		1
524.2		1
524.3		1
524.4		1
524.5		1
524.6		1
524.7		1
524.8		1
524.9		1
525		1
525.1		1
525.2		1
525.3		1
525.4		1
525.5		1
525.6		1
525.7		1
525.8		1
525.9		1
526		1
526.1		1
526.2		1
526.3		1
526.4		1
526.5		1
526.6		1
526.7		1
526.8		1
526.9		1
527		1
527.1		1
527.2		1
527.3		1
527.4		1
527.5		1
527.6		1
527.7		1
527.8		1
527.9		1
528		1
528.1		1
528.2		1
528.3		1
528.4		1
528.5		1
528.6		1
528.7		1
528.8		1
528.9		1
529		1
529.1		1
529.2		1
529.3		1
529.4		1
529.5		1
529.6		1
529.7		1
529.8		1
529.9		1
530		1
530.1		1
530.2		1
530.3		1
530.4		1
530.5		1
530.6		1
530.7		1
530.8		1
530.9		1
531		1
531.1		1
531.2		1
531.3		1
531.4		1
531.5		1
531.6		1
531.7		1
531.8		1
531.9		1
532		1
532.1		1
532.2		1
532.3		1
532.4		1
532.5		1
532.6		1
532.7		1
532.8		1
532.9		1
533		1
533.1		1
533.2		1
533.3		1
533.4		1
533.5		1
533.6		1
533.7		1
533.8		1
533.9		1
534		1
534.1		1
534.2		1
534.3		1
534.4		1
534.5		1
534.6		1
534.7		1
534.8		1
534.9		1
535		1
535.1		1
535.2		1
535.3		1
535.4		1
535.5		1
535.6		1
535.7		1
535.8		1
535.9		1
536		1
536.1		1
536.2		1
536.3		1
536.4		1
536.5		1
536.6		1
536.7		1
536.8		1
536.9		1
537		1
537.1		1
537.2		1
537.3		1
537.4		1
537.5		1
537.6		1
537.7		1
537.8		1
537.9		1
538		1
538.1		1
538.2		1
538.3		1
538.4		1
538.5		1
538.6		1
538.7		1
538.8		1
538.9		1
539		1
539.1		1
539.2		1
539.3		1
539.4		1
539.5		1
539.6		1
539.7		1
539.8		1
539.9		1
540		1
540.1		1
540.2		1
540.3		1
540.4		1
540.5		1
540.6		1
540.7		1
540.8		1
540.9		1
541		1
541.1		1
541.2		1
541.3		1
541.4		1
541.5		1
541.6		1
541.7		1
541.8		1
541.9		1
542		1
542.1		1
542.2		1
542.3		1
542.4		1
542.5		1
542.6		1
542.7		1
542.8		1
542.9		1
543		1
543.1		1
543.2		1
543.3		1
543.4		1
543.5		1
543.6		1
543.7		1
543.8		1
543.9		1
544		1
544.1		1
544.2		1
544.3		1
544.4		1
544.5		1
544.6		1
544.7		1
544.8		1
544.9		1
545		1
545.1		1
545.2		1
545.3		1
545.4		1
545.5		1
545.6		1
545.7		1
545.8		1
545.9		1
546		1
546.1		1
546.2		1
546.3		1
546.4		1
546.5		1
546.6		1
546.7		1
546.8		1
546.9		1
547		1
547.1		1
547.2		1
547.3		1
547.4		1
547.5		1
547.6		1
547.7		1
547.8		1
547.9		1
548		1
548.1		1
548.2		1
548.3		1
548.4		1
548.5		1
548.6		1
548.7		1
548.8		1
548.9		1
549		1
549.1		1
549.2		1
549.3		1
549.4		1
549.5		1
549.6		1
549.7		1
549.8		1
549.9		1
550		1
550.1		1
550.2		1
550.3		1
550.4		1
550.5		1
550.6		1
550.7		1
550.8		1
550.9		1
551		1
551.1		1
551.2		1
551.3		1
551.4		1
551.5		1
551.6		1
551.7		1
551.8		1
551.9		1
552		1
552.1		1
552.2		1
552.3		1
552.4		1
552.5		1
552.6		1
552.7		1
552.8		1
552.9		1
553		1
553.1		1
553.2		1
553.3		1
553.4		1
553.5		1
553.6		1
553.7		1
553.8		1
553.9		1
554		1
554.1		1
554.2		1
554.3		1
554.4		1
554.5		1
554.6		1
554.7		1
554.8		1
554.9		1
555		1
555.1		1
555.2		1
555.3		1
555.4		1
555.5		1
555.6		1
555.7		1
555.8		1
555.9		1
556		1
556.1		1
556.2		1
556.3		1
556.4		1
556.5		1
556.6		1
556.7		1
556.8		1
556.9		1
557		1
557.1		1
557.2		1
557.3		1
557.4		1
557.5		1
557.6		1
557.7		1
557.8		1
557.9		1
558		1
558.1		1
558.2		1
558.3		1
558.4		1
558.5		1
558.6		1
558.7		1
558.8		1
558.9		1
559		1
559.1		1
559.2		1
559.3		1
559.4		1
559.5		1
559.6		1
559.7		1
559.8		1
559.9		1
560		1
560.1		1
560.2		1
560.3		1
560.4		1
560.5		1
560.6		1
560.7		1
560.8		1
560.9		1
561		1
561.1		1
561.2		1
561.3		1
561.4		1
561.5		1
561.6		1
561.7		1
561.8		1
561.9		1
562		1
562.1		1
562.2		1
562.3		1
562.4		1
562.5		1
562.6		1
562.7		1
562.8		1
562.9		1
563		1
563.1		1
563.2		1
563.3		1
563.4		1
563.5		1
563.6		1
563.7		1
563.8		1
563.9		1
564		1
564.1		1
564.2		1
564.3		1
564.4		1
564.5		1
564.6		1
564.7		1
564.8		1
564.9		1
565		1
565.1		1
565.2		1
565.3		1
565.4		1
565.5		1
565.6		1
565.7		1
565.8		1
565.9		1
566		1
566.1		1
566.2		1
566.3		1
566.4		1
566.5		1
566.6		1
566.7		1
566.8		1
566.9		1
567		1
567.1		1
567.2		1
567.3		1
567.4		1
567.5		1
567.6		1
567.7		1
567.8		1
567.9		1
568		1
568.1		1
568.2		1
568.3		1
568.4		1
568.5		1
568.6		1
568.7		1
568.8		1
568.9		1
569		1
569.1		1
569.2		1
569.3		1
569.4		1
569.5		1
569.6		1
569.7		1
569.8		1
569.9		1
570		1
570.1		1
570.2		1
570.3		1
570.4		1
570.5		1
570.6		1
570.7		1
570.8		1
570.9		1
571		1
571.1		1
571.2		1
571.3		1
571.4		1
571.5		1
571.6		1
571.7		1
571.8		1
571.9		1
572		1
572.1		1
572.2		1
572.3		1
572.4		1
572.5		1
572.6		1
572.7		1
572.8		1
572.9		1
573		1
573.1		1
573.2		1
573.3		1
573.4		1
573.5		1
573.6		1
573.7		1
573.8		1
573.9		1
574		1
574.1		1
574.2		1
574.3		1
574.4		1
574.5		1
574.6		1
574.7		1
574.8		1
574.9		1
575		1
575.1		1
575.2		1
575.3		1
575.4		1
575.5		1
575.6		1
575.7		1
575.8		1
575.9		1
576		1
576.1		1
576.2		1
576.3		1
576.4		1
576.5		1
576.6		1
576.7		1
576.8		1
576.9		1
577		1
577.1		1
577.2		1
577.3		1
577.4		1
577.5		1
577.6		1
577.7		1
577.8		1
577.9		1
578		1
578.1		1
578.2		1
578.3		1
578.4		1
578.5		1
578.6		1
578.7		1
578.8		1
578.9		1
579		1
579.1		1
579.2		1
579.3		1
579.4		1
579.5		1
579.6		1
579.7		1
579.8		1
579.9		1
580		1
580.1		1
580.2		1
580.3		1
580.4		1
580.5		1
580.6		1
580.7		1
580.8		1
580.9		1
581		1
581.1		1
581.2		1
581.3		1
581.4		1
581.5		1
581.6		1
581.7		1
581.8		1
581.9		1
582		1
582.1		1
582.2		1
582.3		1
582.4		1
582.5		1
582.6		1
582.7		1
582.8		1
582.9		1
583		1
583.1		1
583.2		1
583.3		1
583.4		1
583.5		1
583.6		1
583.7		1
583.8		1
583.9		1
584		1
584.1		1
584.2		1
584.3		1
584.4		1
584.5		1
584.6		1
584.7		1
584.8		1
584.9		1
585		1
585.1		1
585.2		1
585.3		1
585.4		1
585.5		1
585.6		1
585.7		1
585.8		1
585.9		1
586		1
586.1		1
586.2		1
586.3		1
586.4		1
586.5		1
586.6		1
586.7		1
586.8		1
586.9		1
587		1
587.1		1
587.2		1
587.3		1
587.4		1
587.5		1
587.6		1
587.7		1
587.8		1
587.9		1
588		1
588.1		1
588.2		1
588.3		1
588.4		1
588.5		1
588.6		1
588.7		1
588.8		1
588.9		1
589		1
589.1		1
589.2		1
589.3		1
589.4		1
589.5		1
589.6		1
589.7		1
589.8		1
589.9		1
590		1
590.1		1
590.2		1
590.3		1
590.4		1
590.5		1
590.6		1
590.7		1
590.8		1
590.9		1
591		1
591.1		1
591.2		1
591.3		1
591.4		1
591.5		1
591.6		1
591.7		1
591.8		1
591.9		1
592		1
592.1		1
592.2		1
592.3		1
592.4		1
592.5		1
592.6		1
592.7		1
592.8		1
592.9		1
593		1
593.1		1
593.2		1
593.3		1
593.4		1
593.5		1
593.6		1
593.7		1
593.8		1
593.9		1
594		1
594.1		1
594.2		1
594.3		1
594.4		1
594.5		1
594.6		1
594.7		1
594.8		1
594.9		1
595		1
595.1		1
595.2		1
595.3		1
595.4		1
595.5		1
595.6		1
595.7		1
595.8		1
595.9		1
596		1
596.1		1
596.2		1
596.3		1
596.4		1
596.5		1
596.6		1
596.7		1
596.8		1
596.9		1
597		1
597.1		1
597.2		1
597.3		1
597.4		1
597.5		1
597.6		1
597.7		1
597.8		1
597.9		1
598		1
598.1		1
598.2		1
598.3		1
598.4		1
598.5		1
598.6		1
598.7		1
598.8		1
598.9		1
599		1
599.1		1
599.2		1
599.3		1
599.4		1
599.5		1
599.6		1
599.7		1
599.8		1
599.9		1
600		1
