# Calibration file of tamex_id 0 @ channel 13
# fine_T bin		 Calibration value
0.1		0
0.2		0
0.3		0
0.4		0
0.5		0
0.6		0
0.7		0
0.8		0
0.9		0
1		0
1.1		0
1.2		0
1.3		0
1.4		0
1.5		0
1.6		0
1.7		0
1.8		0
1.9		0
2		0
2.1		0
2.2		0
2.3		0
2.4		0
2.5		0
2.6		0
2.7		0
2.8		0
2.9		0
3		0
3.1		0
3.2		0
3.3		0
3.4		0
3.5		0
3.6		0
3.7		0
3.8		0
3.9		0
4		0
4.1		0
4.2		0
4.3		0
4.4		0
4.5		0
4.6		0
4.7		0
4.8		0
4.9		0
5		0
5.1		0
5.2		0
5.3		0
5.4		0
5.5		0
5.6		0
5.7		0
5.8		0
5.9		0
6		0
6.1		0
6.2		0
6.3		0
6.4		0
6.5		0
6.6		0
6.7		0
6.8		0
6.9		0
7		0
7.1		0
7.2		0
7.3		0
7.4		0
7.5		0
7.6		0
7.7		0
7.8		0
7.9		0
8		0
8.1		0
8.2		0
8.3		0
8.4		0
8.5		0
8.6		0
8.7		0
8.8		0
8.9		0
9		0
9.1		0
9.2		0
9.3		0
9.4		0
9.5		0
9.6		0
9.7		0
9.8		0
9.9		0
10		0
10.1		0
10.2		0
10.3		0
10.4		0
10.5		0
10.6		0
10.7		0
10.8		0
10.9		0
11		0
11.1		0
11.2		0
11.3		0
11.4		0
11.5		0
11.6		0
11.7		0
11.8		0
11.9		0
12		0
12.1		0
12.2		0
12.3		0
12.4		0
12.5		0
12.6		0
12.7		0
12.8		0
12.9		0
13		0
13.1		0
13.2		0
13.3		0
13.4		0
13.5		0
13.6		0
13.7		0
13.8		0
13.9		0
14		0
14.1		0
14.2		0
14.3		0
14.4		0
14.5		0
14.6		0
14.7		0
14.8		0
14.9		0
15		0
15.1		0
15.2		0
15.3		0
15.4		0
15.5		0
15.6		0
15.7		0
15.8		0
15.9		0
16		0
16.1		0.00159456
16.2		0.00159456
16.3		0.00159456
16.4		0.00159456
16.5		0.00159456
16.6		0.00159456
16.7		0.00159456
16.8		0.00159456
16.9		0.00159456
17		0.00159456
17.1		0.00828835
17.2		0.00828835
17.3		0.00828835
17.4		0.00828835
17.5		0.00828835
17.6		0.00828835
17.7		0.00828835
17.8		0.00828835
17.9		0.00828835
18		0.00828835
18.1		0.00912759
18.2		0.00912759
18.3		0.00912759
18.4		0.00912759
18.5		0.00912759
18.6		0.00912759
18.7		0.00912759
18.8		0.00912759
18.9		0.00912759
19		0.00912759
19.1		0.00988962
19.2		0.00988962
19.3		0.00988962
19.4		0.00988962
19.5		0.00988962
19.6		0.00988962
19.7		0.00988962
19.8		0.00988962
19.9		0.00988962
20		0.00988962
20.1		0.0179631
20.2		0.0179631
20.3		0.0179631
20.4		0.0179631
20.5		0.0179631
20.6		0.0179631
20.7		0.0179631
20.8		0.0179631
20.9		0.0179631
21		0.0179631
21.1		0.0188829
21.2		0.0188829
21.3		0.0188829
21.4		0.0188829
21.5		0.0188829
21.6		0.0188829
21.7		0.0188829
21.8		0.0188829
21.9		0.0188829
22		0.0188829
22.1		0.019269
22.2		0.019269
22.3		0.019269
22.4		0.019269
22.5		0.019269
22.6		0.019269
22.7		0.019269
22.8		0.019269
22.9		0.019269
23		0.019269
23.1		0.0196651
23.2		0.0196651
23.3		0.0196651
23.4		0.0196651
23.5		0.0196651
23.6		0.0196651
23.7		0.0196651
23.8		0.0196651
23.9		0.0196651
24		0.0196651
24.1		0.0237069
24.2		0.0237069
24.3		0.0237069
24.4		0.0237069
24.5		0.0237069
24.6		0.0237069
24.7		0.0237069
24.8		0.0237069
24.9		0.0237069
25		0.0237069
25.1		0.0270404
25.2		0.0270404
25.3		0.0270404
25.4		0.0270404
25.5		0.0270404
25.6		0.0270404
25.7		0.0270404
25.8		0.0270404
25.9		0.0270404
26		0.0270404
26.1		0.0286047
26.2		0.0286047
26.3		0.0286047
26.4		0.0286047
26.5		0.0286047
26.6		0.0286047
26.7		0.0286047
26.8		0.0286047
26.9		0.0286047
27		0.0286047
27.1		0.0292996
27.2		0.0292996
27.3		0.0292996
27.4		0.0292996
27.5		0.0292996
27.6		0.0292996
27.7		0.0292996
27.8		0.0292996
27.9		0.0292996
28		0.0292996
28.1		0.0294238
28.2		0.0294238
28.3		0.0294238
28.4		0.0294238
28.5		0.0294238
28.6		0.0294238
28.7		0.0294238
28.8		0.0294238
28.9		0.0294238
29		0.0294238
29.1		0.0342713
29.2		0.0342713
29.3		0.0342713
29.4		0.0342713
29.5		0.0342713
29.6		0.0342713
29.7		0.0342713
29.8		0.0342713
29.9		0.0342713
30		0.0342713
30.1		0.0358188
30.2		0.0358188
30.3		0.0358188
30.4		0.0358188
30.5		0.0358188
30.6		0.0358188
30.7		0.0358188
30.8		0.0358188
30.9		0.0358188
31		0.0358188
31.1		0.0360236
31.2		0.0360236
31.3		0.0360236
31.4		0.0360236
31.5		0.0360236
31.6		0.0360236
31.7		0.0360236
31.8		0.0360236
31.9		0.0360236
32		0.0360236
32.1		0.0373899
32.2		0.0373899
32.3		0.0373899
32.4		0.0373899
32.5		0.0373899
32.6		0.0373899
32.7		0.0373899
32.8		0.0373899
32.9		0.0373899
33		0.0373899
33.1		0.0375376
33.2		0.0375376
33.3		0.0375376
33.4		0.0375376
33.5		0.0375376
33.6		0.0375376
33.7		0.0375376
33.8		0.0375376
33.9		0.0375376
34		0.0375376
34.1		0.0439695
34.2		0.0439695
34.3		0.0439695
34.4		0.0439695
34.5		0.0439695
34.6		0.0439695
34.7		0.0439695
34.8		0.0439695
34.9		0.0439695
35		0.0439695
35.1		0.0452586
35.2		0.0452586
35.3		0.0452586
35.4		0.0452586
35.5		0.0452586
35.6		0.0452586
35.7		0.0452586
35.8		0.0452586
35.9		0.0452586
36		0.0452586
36.1		0.0455876
36.2		0.0455876
36.3		0.0455876
36.4		0.0455876
36.5		0.0455876
36.6		0.0455876
36.7		0.0455876
36.8		0.0455876
36.9		0.0455876
37		0.0455876
37.1		0.049428
37.2		0.049428
37.3		0.049428
37.4		0.049428
37.5		0.049428
37.6		0.049428
37.7		0.049428
37.8		0.049428
37.9		0.049428
38		0.049428
38.1		0.0527379
38.2		0.0527379
38.3		0.0527379
38.4		0.0527379
38.5		0.0527379
38.6		0.0527379
38.7		0.0527379
38.8		0.0527379
38.9		0.0527379
39		0.0527379
39.1		0.0533993
39.2		0.0533993
39.3		0.0533993
39.4		0.0533993
39.5		0.0533993
39.6		0.0533993
39.7		0.0533993
39.8		0.0533993
39.9		0.0533993
40		0.0533993
40.1		0.0564373
40.2		0.0564373
40.3		0.0564373
40.4		0.0564373
40.5		0.0564373
40.6		0.0564373
40.7		0.0564373
40.8		0.0564373
40.9		0.0564373
41		0.0564373
41.1		0.0566488
41.2		0.0566488
41.3		0.0566488
41.4		0.0566488
41.5		0.0566488
41.6		0.0566488
41.7		0.0566488
41.8		0.0566488
41.9		0.0566488
42		0.0566488
42.1		0.0616473
42.2		0.0616473
42.3		0.0616473
42.4		0.0616473
42.5		0.0616473
42.6		0.0616473
42.7		0.0616473
42.8		0.0616473
42.9		0.0616473
43		0.0616473
43.1		0.0617715
43.2		0.0617715
43.3		0.0617715
43.4		0.0617715
43.5		0.0617715
43.6		0.0617715
43.7		0.0617715
43.8		0.0617715
43.9		0.0617715
44		0.0617715
44.1		0.0632251
44.2		0.0632251
44.3		0.0632251
44.4		0.0632251
44.5		0.0632251
44.6		0.0632251
44.7		0.0632251
44.8		0.0632251
44.9		0.0632251
45		0.0632251
45.1		0.0640207
45.2		0.0640207
45.3		0.0640207
45.4		0.0640207
45.5		0.0640207
45.6		0.0640207
45.7		0.0640207
45.8		0.0640207
45.9		0.0640207
46		0.0640207
46.1		0.0674515
46.2		0.0674515
46.3		0.0674515
46.4		0.0674515
46.5		0.0674515
46.6		0.0674515
46.7		0.0674515
46.8		0.0674515
46.9		0.0674515
47		0.0674515
47.1		0.0685123
47.2		0.0685123
47.3		0.0685123
47.4		0.0685123
47.5		0.0685123
47.6		0.0685123
47.7		0.0685123
47.8		0.0685123
47.9		0.0685123
48		0.0685123
48.1		0.0715974
48.2		0.0715974
48.3		0.0715974
48.4		0.0715974
48.5		0.0715974
48.6		0.0715974
48.7		0.0715974
48.8		0.0715974
48.9		0.0715974
49		0.0715974
49.1		0.0737559
49.2		0.0737559
49.3		0.0737559
49.4		0.0737559
49.5		0.0737559
49.6		0.0737559
49.7		0.0737559
49.8		0.0737559
49.9		0.0737559
50		0.0737559
50.1		0.0745649
50.2		0.0745649
50.3		0.0745649
50.4		0.0745649
50.5		0.0745649
50.6		0.0745649
50.7		0.0745649
50.8		0.0745649
50.9		0.0745649
51		0.0745649
51.1		0.074998
51.2		0.074998
51.3		0.074998
51.4		0.074998
51.5		0.074998
51.6		0.074998
51.7		0.074998
51.8		0.074998
51.9		0.074998
52		0.074998
52.1		0.0767335
52.2		0.0767335
52.3		0.0767335
52.4		0.0767335
52.5		0.0767335
52.6		0.0767335
52.7		0.0767335
52.8		0.0767335
52.9		0.0767335
53		0.0767335
53.1		0.0802449
53.2		0.0802449
53.3		0.0802449
53.4		0.0802449
53.5		0.0802449
53.6		0.0802449
53.7		0.0802449
53.8		0.0802449
53.9		0.0802449
54		0.0802449
54.1		0.0841088
54.2		0.0841088
54.3		0.0841088
54.4		0.0841088
54.5		0.0841088
54.6		0.0841088
54.7		0.0841088
54.8		0.0841088
54.9		0.0841088
55		0.0841088
55.1		0.084797
55.2		0.084797
55.3		0.084797
55.4		0.084797
55.5		0.084797
55.6		0.084797
55.7		0.084797
55.8		0.084797
55.9		0.084797
56		0.084797
56.1		0.0853609
56.2		0.0853609
56.3		0.0853609
56.4		0.0853609
56.5		0.0853609
56.6		0.0853609
56.7		0.0853609
56.8		0.0853609
56.9		0.0853609
57		0.0853609
57.1		0.0869454
57.2		0.0869454
57.3		0.0869454
57.4		0.0869454
57.5		0.0869454
57.6		0.0869454
57.7		0.0869454
57.8		0.0869454
57.9		0.0869454
58		0.0869454
58.1		0.090336
58.2		0.090336
58.3		0.090336
58.4		0.090336
58.5		0.090336
58.6		0.090336
58.7		0.090336
58.8		0.090336
58.9		0.090336
59		0.090336
59.1		0.0945288
59.2		0.0945288
59.3		0.0945288
59.4		0.0945288
59.5		0.0945288
59.6		0.0945288
59.7		0.0945288
59.8		0.0945288
59.9		0.0945288
60		0.0945288
60.1		0.0950189
60.2		0.0950189
60.3		0.0950189
60.4		0.0950189
60.5		0.0950189
60.6		0.0950189
60.7		0.0950189
60.8		0.0950189
60.9		0.0950189
61		0.0950189
61.1		0.096778
61.2		0.096778
61.3		0.096778
61.4		0.096778
61.5		0.096778
61.6		0.096778
61.7		0.096778
61.8		0.096778
61.9		0.096778
62		0.096778
62.1		0.0969995
62.2		0.0969995
62.3		0.0969995
62.4		0.0969995
62.5		0.0969995
62.6		0.0969995
62.7		0.0969995
62.8		0.0969995
62.9		0.0969995
63		0.0969995
63.1		0.100588
63.2		0.100588
63.3		0.100588
63.4		0.100588
63.5		0.100588
63.6		0.100588
63.7		0.100588
63.8		0.100588
63.9		0.100588
64		0.100588
64.1		0.10324
64.2		0.10324
64.3		0.10324
64.4		0.10324
64.5		0.10324
64.6		0.10324
64.7		0.10324
64.8		0.10324
64.9		0.10324
65		0.10324
65.1		0.10649
65.2		0.10649
65.3		0.10649
65.4		0.10649
65.5		0.10649
65.6		0.10649
65.7		0.10649
65.8		0.10649
65.9		0.10649
66		0.10649
66.1		0.107624
66.2		0.107624
66.3		0.107624
66.4		0.107624
66.5		0.107624
66.6		0.107624
66.7		0.107624
66.8		0.107624
66.9		0.107624
67		0.107624
67.1		0.107829
67.2		0.107829
67.3		0.107829
67.4		0.107829
67.5		0.107829
67.6		0.107829
67.7		0.107829
67.8		0.107829
67.9		0.107829
68		0.107829
68.1		0.111629
68.2		0.111629
68.3		0.111629
68.4		0.111629
68.5		0.111629
68.6		0.111629
68.7		0.111629
68.8		0.111629
68.9		0.111629
69		0.111629
69.1		0.112039
69.2		0.112039
69.3		0.112039
69.4		0.112039
69.5		0.112039
69.6		0.112039
69.7		0.112039
69.8		0.112039
69.9		0.112039
70		0.112039
70.1		0.114382
70.2		0.114382
70.3		0.114382
70.4		0.114382
70.5		0.114382
70.6		0.114382
70.7		0.114382
70.8		0.114382
70.9		0.114382
71		0.114382
71.1		0.118004
71.2		0.118004
71.3		0.118004
71.4		0.118004
71.5		0.118004
71.6		0.118004
71.7		0.118004
71.8		0.118004
71.9		0.118004
72		0.118004
72.1		0.120995
72.2		0.120995
72.3		0.120995
72.4		0.120995
72.5		0.120995
72.6		0.120995
72.7		0.120995
72.8		0.120995
72.9		0.120995
73		0.120995
73.1		0.121203
73.2		0.121203
73.3		0.121203
73.4		0.121203
73.5		0.121203
73.6		0.121203
73.7		0.121203
73.8		0.121203
73.9		0.121203
74		0.121203
74.1		0.121586
74.2		0.121586
74.3		0.121586
74.4		0.121586
74.5		0.121586
74.6		0.121586
74.7		0.121586
74.8		0.121586
74.9		0.121586
75		0.121586
75.1		0.126007
75.2		0.126007
75.3		0.126007
75.4		0.126007
75.5		0.126007
75.6		0.126007
75.7		0.126007
75.8		0.126007
75.9		0.126007
76		0.126007
76.1		0.129706
76.2		0.129706
76.3		0.129706
76.4		0.129706
76.5		0.129706
76.6		0.129706
76.7		0.129706
76.8		0.129706
76.9		0.129706
77		0.129706
77.1		0.129978
77.2		0.129978
77.3		0.129978
77.4		0.129978
77.5		0.129978
77.6		0.129978
77.7		0.129978
77.8		0.129978
77.9		0.129978
78		0.129978
78.1		0.130613
78.2		0.130613
78.3		0.130613
78.4		0.130613
78.5		0.130613
78.6		0.130613
78.7		0.130613
78.8		0.130613
78.9		0.130613
79		0.130613
79.1		0.133993
79.2		0.133993
79.3		0.133993
79.4		0.133993
79.5		0.133993
79.6		0.133993
79.7		0.133993
79.8		0.133993
79.9		0.133993
80		0.133993
80.1		0.135051
80.2		0.135051
80.3		0.135051
80.4		0.135051
80.5		0.135051
80.6		0.135051
80.7		0.135051
80.8		0.135051
80.9		0.135051
81		0.135051
81.1		0.138764
81.2		0.138764
81.3		0.138764
81.4		0.138764
81.5		0.138764
81.6		0.138764
81.7		0.138764
81.8		0.138764
81.9		0.138764
82		0.138764
82.1		0.139304
82.2		0.139304
82.3		0.139304
82.4		0.139304
82.5		0.139304
82.6		0.139304
82.7		0.139304
82.8		0.139304
82.9		0.139304
83		0.139304
83.1		0.141338
83.2		0.141338
83.3		0.141338
83.4		0.141338
83.5		0.141338
83.6		0.141338
83.7		0.141338
83.8		0.141338
83.9		0.141338
84		0.141338
84.1		0.141919
84.2		0.141919
84.3		0.141919
84.4		0.141919
84.5		0.141919
84.6		0.141919
84.7		0.141919
84.8		0.141919
84.9		0.141919
85		0.141919
85.1		0.145924
85.2		0.145924
85.3		0.145924
85.4		0.145924
85.5		0.145924
85.6		0.145924
85.7		0.145924
85.8		0.145924
85.9		0.145924
86		0.145924
86.1		0.146991
86.2		0.146991
86.3		0.146991
86.4		0.146991
86.5		0.146991
86.6		0.146991
86.7		0.146991
86.8		0.146991
86.9		0.146991
87		0.146991
87.1		0.150463
87.2		0.150463
87.3		0.150463
87.4		0.150463
87.5		0.150463
87.6		0.150463
87.7		0.150463
87.8		0.150463
87.9		0.150463
88		0.150463
88.1		0.15201
88.2		0.15201
88.3		0.15201
88.4		0.15201
88.5		0.15201
88.6		0.15201
88.7		0.15201
88.8		0.15201
88.9		0.15201
89		0.15201
89.1		0.152232
89.2		0.152232
89.3		0.152232
89.4		0.152232
89.5		0.152232
89.6		0.152232
89.7		0.152232
89.8		0.152232
89.9		0.152232
90		0.152232
90.1		0.156764
90.2		0.156764
90.3		0.156764
90.4		0.156764
90.5		0.156764
90.6		0.156764
90.7		0.156764
90.8		0.156764
90.9		0.156764
91		0.156764
91.1		0.157767
91.2		0.157767
91.3		0.157767
91.4		0.157767
91.5		0.157767
91.6		0.157767
91.7		0.157767
91.8		0.157767
91.9		0.157767
92		0.157767
92.1		0.157962
92.2		0.157962
92.3		0.157962
92.4		0.157962
92.5		0.157962
92.6		0.157962
92.7		0.157962
92.8		0.157962
92.9		0.157962
93		0.157962
93.1		0.161527
93.2		0.161527
93.3		0.161527
93.4		0.161527
93.5		0.161527
93.6		0.161527
93.7		0.161527
93.8		0.161527
93.9		0.161527
94		0.161527
94.1		0.166146
94.2		0.166146
94.3		0.166146
94.4		0.166146
94.5		0.166146
94.6		0.166146
94.7		0.166146
94.8		0.166146
94.9		0.166146
95		0.166146
95.1		0.167536
95.2		0.167536
95.3		0.167536
95.4		0.167536
95.5		0.167536
95.6		0.167536
95.7		0.167536
95.8		0.167536
95.9		0.167536
96		0.167536
96.1		0.167721
96.2		0.167721
96.3		0.167721
96.4		0.167721
96.5		0.167721
96.6		0.167721
96.7		0.167721
96.8		0.167721
96.9		0.167721
97		0.167721
97.1		0.170749
97.2		0.170749
97.3		0.170749
97.4		0.170749
97.5		0.170749
97.6		0.170749
97.7		0.170749
97.8		0.170749
97.9		0.170749
98		0.170749
98.1		0.172229
98.2		0.172229
98.3		0.172229
98.4		0.172229
98.5		0.172229
98.6		0.172229
98.7		0.172229
98.8		0.172229
98.9		0.172229
99		0.172229
99.1		0.173414
99.2		0.173414
99.3		0.173414
99.4		0.173414
99.5		0.173414
99.6		0.173414
99.7		0.173414
99.8		0.173414
99.9		0.173414
100		0.173414
100.1		0.175811
100.2		0.175811
100.3		0.175811
100.4		0.175811
100.5		0.175811
100.6		0.175811
100.7		0.175811
100.8		0.175811
100.9		0.175811
101		0.175811
101.1		0.178775
101.2		0.178775
101.3		0.178775
101.4		0.178775
101.5		0.178775
101.6		0.178775
101.7		0.178775
101.8		0.178775
101.9		0.178775
102		0.178775
102.1		0.180494
102.2		0.180494
102.3		0.180494
102.4		0.180494
102.5		0.180494
102.6		0.180494
102.7		0.180494
102.8		0.180494
102.9		0.180494
103		0.180494
103.1		0.181897
103.2		0.181897
103.3		0.181897
103.4		0.181897
103.5		0.181897
103.6		0.181897
103.7		0.181897
103.8		0.181897
103.9		0.181897
104		0.181897
104.1		0.183253
104.2		0.183253
104.3		0.183253
104.4		0.183253
104.5		0.183253
104.6		0.183253
104.7		0.183253
104.8		0.183253
104.9		0.183253
105		0.183253
105.1		0.184079
105.2		0.184079
105.3		0.184079
105.4		0.184079
105.5		0.184079
105.6		0.184079
105.7		0.184079
105.8		0.184079
105.9		0.184079
106		0.184079
106.1		0.188544
106.2		0.188544
106.3		0.188544
106.4		0.188544
106.5		0.188544
106.6		0.188544
106.7		0.188544
106.8		0.188544
106.9		0.188544
107		0.188544
107.1		0.191357
107.2		0.191357
107.3		0.191357
107.4		0.191357
107.5		0.191357
107.6		0.191357
107.7		0.191357
107.8		0.191357
107.9		0.191357
108		0.191357
108.1		0.192012
108.2		0.192012
108.3		0.192012
108.4		0.192012
108.5		0.192012
108.6		0.192012
108.7		0.192012
108.8		0.192012
108.9		0.192012
109		0.192012
109.1		0.192764
109.2		0.192764
109.3		0.192764
109.4		0.192764
109.5		0.192764
109.6		0.192764
109.7		0.192764
109.8		0.192764
109.9		0.192764
110		0.192764
110.1		0.197957
110.2		0.197957
110.3		0.197957
110.4		0.197957
110.5		0.197957
110.6		0.197957
110.7		0.197957
110.8		0.197957
110.9		0.197957
111		0.197957
111.1		0.199313
111.2		0.199313
111.3		0.199313
111.4		0.199313
111.5		0.199313
111.6		0.199313
111.7		0.199313
111.8		0.199313
111.9		0.199313
112		0.199313
112.1		0.199736
112.2		0.199736
112.3		0.199736
112.4		0.199736
112.5		0.199736
112.6		0.199736
112.7		0.199736
112.8		0.199736
112.9		0.199736
113		0.199736
113.1		0.20218
113.2		0.20218
113.3		0.20218
113.4		0.20218
113.5		0.20218
113.6		0.20218
113.7		0.20218
113.8		0.20218
113.9		0.20218
114		0.20218
114.1		0.203922
114.2		0.203922
114.3		0.203922
114.4		0.203922
114.5		0.203922
114.6		0.203922
114.7		0.203922
114.8		0.203922
114.9		0.203922
115		0.203922
115.1		0.207236
115.2		0.207236
115.3		0.207236
115.4		0.207236
115.5		0.207236
115.6		0.207236
115.7		0.207236
115.8		0.207236
115.9		0.207236
116		0.207236
116.1		0.207951
116.2		0.207951
116.3		0.207951
116.4		0.207951
116.5		0.207951
116.6		0.207951
116.7		0.207951
116.8		0.207951
116.9		0.207951
117		0.207951
117.1		0.209058
117.2		0.209058
117.3		0.209058
117.4		0.209058
117.5		0.209058
117.6		0.209058
117.7		0.209058
117.8		0.209058
117.9		0.209058
118		0.209058
118.1		0.214433
118.2		0.214433
118.3		0.214433
118.4		0.214433
118.5		0.214433
118.6		0.214433
118.7		0.214433
118.8		0.214433
118.9		0.214433
119		0.214433
119.1		0.215356
119.2		0.215356
119.3		0.215356
119.4		0.215356
119.5		0.215356
119.6		0.215356
119.7		0.215356
119.8		0.215356
119.9		0.215356
120		0.215356
120.1		0.215977
120.2		0.215977
120.3		0.215977
120.4		0.215977
120.5		0.215977
120.6		0.215977
120.7		0.215977
120.8		0.215977
120.9		0.215977
121		0.215977
121.1		0.218565
121.2		0.218565
121.3		0.218565
121.4		0.218565
121.5		0.218565
121.6		0.218565
121.7		0.218565
121.8		0.218565
121.9		0.218565
122		0.218565
122.1		0.221147
122.2		0.221147
122.3		0.221147
122.4		0.221147
122.5		0.221147
122.6		0.221147
122.7		0.221147
122.8		0.221147
122.9		0.221147
123		0.221147
123.1		0.224131
123.2		0.224131
123.3		0.224131
123.4		0.224131
123.5		0.224131
123.6		0.224131
123.7		0.224131
123.8		0.224131
123.9		0.224131
124		0.224131
124.1		0.225279
124.2		0.225279
124.3		0.225279
124.4		0.225279
124.5		0.225279
124.6		0.225279
124.7		0.225279
124.8		0.225279
124.9		0.225279
125		0.225279
125.1		0.227572
125.2		0.227572
125.3		0.227572
125.4		0.227572
125.5		0.227572
125.6		0.227572
125.7		0.227572
125.8		0.227572
125.9		0.227572
126		0.227572
126.1		0.229492
126.2		0.229492
126.3		0.229492
126.4		0.229492
126.5		0.229492
126.6		0.229492
126.7		0.229492
126.8		0.229492
126.9		0.229492
127		0.229492
127.1		0.232242
127.2		0.232242
127.3		0.232242
127.4		0.232242
127.5		0.232242
127.6		0.232242
127.7		0.232242
127.8		0.232242
127.9		0.232242
128		0.232242
128.1		0.233658
128.2		0.233658
128.3		0.233658
128.4		0.233658
128.5		0.233658
128.6		0.233658
128.7		0.233658
128.8		0.233658
128.9		0.233658
129		0.233658
129.1		0.234326
129.2		0.234326
129.3		0.234326
129.4		0.234326
129.5		0.234326
129.6		0.234326
129.7		0.234326
129.8		0.234326
129.9		0.234326
130		0.234326
130.1		0.237344
130.2		0.237344
130.3		0.237344
130.4		0.237344
130.5		0.237344
130.6		0.237344
130.7		0.237344
130.8		0.237344
130.9		0.237344
131		0.237344
131.1		0.239285
131.2		0.239285
131.3		0.239285
131.4		0.239285
131.5		0.239285
131.6		0.239285
131.7		0.239285
131.8		0.239285
131.9		0.239285
132		0.239285
132.1		0.241164
132.2		0.241164
132.3		0.241164
132.4		0.241164
132.5		0.241164
132.6		0.241164
132.7		0.241164
132.8		0.241164
132.9		0.241164
133		0.241164
133.1		0.244424
133.2		0.244424
133.3		0.244424
133.4		0.244424
133.5		0.244424
133.6		0.244424
133.7		0.244424
133.8		0.244424
133.9		0.244424
134		0.244424
134.1		0.244777
134.2		0.244777
134.3		0.244777
134.4		0.244777
134.5		0.244777
134.6		0.244777
134.7		0.244777
134.8		0.244777
134.9		0.244777
135		0.244777
135.1		0.246086
135.2		0.246086
135.3		0.246086
135.4		0.246086
135.5		0.246086
135.6		0.246086
135.7		0.246086
135.8		0.246086
135.9		0.246086
136		0.246086
136.1		0.249963
136.2		0.249963
136.3		0.249963
136.4		0.249963
136.5		0.249963
136.6		0.249963
136.7		0.249963
136.8		0.249963
136.9		0.249963
137		0.249963
137.1		0.250859
137.2		0.250859
137.3		0.250859
137.4		0.250859
137.5		0.250859
137.6		0.250859
137.7		0.250859
137.8		0.250859
137.9		0.250859
138		0.250859
138.1		0.253015
138.2		0.253015
138.3		0.253015
138.4		0.253015
138.5		0.253015
138.6		0.253015
138.7		0.253015
138.8		0.253015
138.9		0.253015
139		0.253015
139.1		0.255536
139.2		0.255536
139.3		0.255536
139.4		0.255536
139.5		0.255536
139.6		0.255536
139.7		0.255536
139.8		0.255536
139.9		0.255536
140		0.255536
140.1		0.258184
140.2		0.258184
140.3		0.258184
140.4		0.258184
140.5		0.258184
140.6		0.258184
140.7		0.258184
140.8		0.258184
140.9		0.258184
141		0.258184
141.1		0.261054
141.2		0.261054
141.3		0.261054
141.4		0.261054
141.5		0.261054
141.6		0.261054
141.7		0.261054
141.8		0.261054
141.9		0.261054
142		0.261054
142.1		0.26282
142.2		0.26282
142.3		0.26282
142.4		0.26282
142.5		0.26282
142.6		0.26282
142.7		0.26282
142.8		0.26282
142.9		0.26282
143		0.26282
143.1		0.262988
143.2		0.262988
143.3		0.262988
143.4		0.262988
143.5		0.262988
143.6		0.262988
143.7		0.262988
143.8		0.262988
143.9		0.262988
144		0.262988
144.1		0.269074
144.2		0.269074
144.3		0.269074
144.4		0.269074
144.5		0.269074
144.6		0.269074
144.7		0.269074
144.8		0.269074
144.9		0.269074
145		0.269074
145.1		0.26982
145.2		0.26982
145.3		0.26982
145.4		0.26982
145.5		0.26982
145.6		0.26982
145.7		0.26982
145.8		0.26982
145.9		0.26982
146		0.26982
146.1		0.270081
146.2		0.270081
146.3		0.270081
146.4		0.270081
146.5		0.270081
146.6		0.270081
146.7		0.270081
146.8		0.270081
146.9		0.270081
147		0.270081
147.1		0.270273
147.2		0.270273
147.3		0.270273
147.4		0.270273
147.5		0.270273
147.6		0.270273
147.7		0.270273
147.8		0.270273
147.9		0.270273
148		0.270273
148.1		0.276896
148.2		0.276896
148.3		0.276896
148.4		0.276896
148.5		0.276896
148.6		0.276896
148.7		0.276896
148.8		0.276896
148.9		0.276896
149		0.276896
149.1		0.277144
149.2		0.277144
149.3		0.277144
149.4		0.277144
149.5		0.277144
149.6		0.277144
149.7		0.277144
149.8		0.277144
149.9		0.277144
150		0.277144
150.1		0.278266
150.2		0.278266
150.3		0.278266
150.4		0.278266
150.5		0.278266
150.6		0.278266
150.7		0.278266
150.8		0.278266
150.9		0.278266
151		0.278266
151.1		0.279864
151.2		0.279864
151.3		0.279864
151.4		0.279864
151.5		0.279864
151.6		0.279864
151.7		0.279864
151.8		0.279864
151.9		0.279864
152		0.279864
152.1		0.283492
152.2		0.283492
152.3		0.283492
152.4		0.283492
152.5		0.283492
152.6		0.283492
152.7		0.283492
152.8		0.283492
152.9		0.283492
153		0.283492
153.1		0.286809
153.2		0.286809
153.3		0.286809
153.4		0.286809
153.5		0.286809
153.6		0.286809
153.7		0.286809
153.8		0.286809
153.9		0.286809
154		0.286809
154.1		0.287
154.2		0.287
154.3		0.287
154.4		0.287
154.5		0.287
154.6		0.287
154.7		0.287
154.8		0.287
154.9		0.287
155		0.287
155.1		0.288528
155.2		0.288528
155.3		0.288528
155.4		0.288528
155.5		0.288528
155.6		0.288528
155.7		0.288528
155.8		0.288528
155.9		0.288528
156		0.288528
156.1		0.290243
156.2		0.290243
156.3		0.290243
156.4		0.290243
156.5		0.290243
156.6		0.290243
156.7		0.290243
156.8		0.290243
156.9		0.290243
157		0.290243
157.1		0.291667
157.2		0.291667
157.3		0.291667
157.4		0.291667
157.5		0.291667
157.6		0.291667
157.7		0.291667
157.8		0.291667
157.9		0.291667
158		0.291667
158.1		0.29221
158.2		0.29221
158.3		0.29221
158.4		0.29221
158.5		0.29221
158.6		0.29221
158.7		0.29221
158.8		0.29221
158.9		0.29221
159		0.29221
159.1		0.298169
159.2		0.298169
159.3		0.298169
159.4		0.298169
159.5		0.298169
159.6		0.298169
159.7		0.298169
159.8		0.298169
159.9		0.298169
160		0.298169
160.1		0.299106
160.2		0.299106
160.3		0.299106
160.4		0.299106
160.5		0.299106
160.6		0.299106
160.7		0.299106
160.8		0.299106
160.9		0.299106
161		0.299106
161.1		0.301284
161.2		0.301284
161.3		0.301284
161.4		0.301284
161.5		0.301284
161.6		0.301284
161.7		0.301284
161.8		0.301284
161.9		0.301284
162		0.301284
162.1		0.303725
162.2		0.303725
162.3		0.303725
162.4		0.303725
162.5		0.303725
162.6		0.303725
162.7		0.303725
162.8		0.303725
162.9		0.303725
163		0.303725
163.1		0.304383
163.2		0.304383
163.3		0.304383
163.4		0.304383
163.5		0.304383
163.6		0.304383
163.7		0.304383
163.8		0.304383
163.9		0.304383
164		0.304383
164.1		0.305236
164.2		0.305236
164.3		0.305236
164.4		0.305236
164.5		0.305236
164.6		0.305236
164.7		0.305236
164.8		0.305236
164.9		0.305236
165		0.305236
165.1		0.309818
165.2		0.309818
165.3		0.309818
165.4		0.309818
165.5		0.309818
165.6		0.309818
165.7		0.309818
165.8		0.309818
165.9		0.309818
166		0.309818
166.1		0.31105
166.2		0.31105
166.3		0.31105
166.4		0.31105
166.5		0.31105
166.6		0.31105
166.7		0.31105
166.8		0.31105
166.9		0.31105
167		0.31105
167.1		0.314689
167.2		0.314689
167.3		0.314689
167.4		0.314689
167.5		0.314689
167.6		0.314689
167.7		0.314689
167.8		0.314689
167.9		0.314689
168		0.314689
168.1		0.315068
168.2		0.315068
168.3		0.315068
168.4		0.315068
168.5		0.315068
168.6		0.315068
168.7		0.315068
168.8		0.315068
168.9		0.315068
169		0.315068
169.1		0.31721
169.2		0.31721
169.3		0.31721
169.4		0.31721
169.5		0.31721
169.6		0.31721
169.7		0.31721
169.8		0.31721
169.9		0.31721
170		0.31721
170.1		0.319963
170.2		0.319963
170.3		0.319963
170.4		0.319963
170.5		0.319963
170.6		0.319963
170.7		0.319963
170.8		0.319963
170.9		0.319963
171		0.319963
171.1		0.321017
171.2		0.321017
171.3		0.321017
171.4		0.321017
171.5		0.321017
171.6		0.321017
171.7		0.321017
171.8		0.321017
171.9		0.321017
172		0.321017
172.1		0.321554
172.2		0.321554
172.3		0.321554
172.4		0.321554
172.5		0.321554
172.6		0.321554
172.7		0.321554
172.8		0.321554
172.9		0.321554
173		0.321554
173.1		0.324481
173.2		0.324481
173.3		0.324481
173.4		0.324481
173.5		0.324481
173.6		0.324481
173.7		0.324481
173.8		0.324481
173.9		0.324481
174		0.324481
174.1		0.329657
174.2		0.329657
174.3		0.329657
174.4		0.329657
174.5		0.329657
174.6		0.329657
174.7		0.329657
174.8		0.329657
174.9		0.329657
175		0.329657
175.1		0.330299
175.2		0.330299
175.3		0.330299
175.4		0.330299
175.5		0.330299
175.6		0.330299
175.7		0.330299
175.8		0.330299
175.9		0.330299
176		0.330299
176.1		0.330782
176.2		0.330782
176.3		0.330782
176.4		0.330782
176.5		0.330782
176.6		0.330782
176.7		0.330782
176.8		0.330782
176.9		0.330782
177		0.330782
177.1		0.334414
177.2		0.334414
177.3		0.334414
177.4		0.334414
177.5		0.334414
177.6		0.334414
177.7		0.334414
177.8		0.334414
177.9		0.334414
178		0.334414
178.1		0.337909
178.2		0.337909
178.3		0.337909
178.4		0.337909
178.5		0.337909
178.6		0.337909
178.7		0.337909
178.8		0.337909
178.9		0.337909
179		0.337909
179.1		0.339477
179.2		0.339477
179.3		0.339477
179.4		0.339477
179.5		0.339477
179.6		0.339477
179.7		0.339477
179.8		0.339477
179.9		0.339477
180		0.339477
180.1		0.339839
180.2		0.339839
180.3		0.339839
180.4		0.339839
180.5		0.339839
180.6		0.339839
180.7		0.339839
180.8		0.339839
180.9		0.339839
181		0.339839
181.1		0.340678
181.2		0.340678
181.3		0.340678
181.4		0.340678
181.5		0.340678
181.6		0.340678
181.7		0.340678
181.8		0.340678
181.9		0.340678
182		0.340678
182.1		0.346003
182.2		0.346003
182.3		0.346003
182.4		0.346003
182.5		0.346003
182.6		0.346003
182.7		0.346003
182.8		0.346003
182.9		0.346003
183		0.346003
183.1		0.346768
183.2		0.346768
183.3		0.346768
183.4		0.346768
183.5		0.346768
183.6		0.346768
183.7		0.346768
183.8		0.346768
183.9		0.346768
184		0.346768
184.1		0.34708
184.2		0.34708
184.3		0.34708
184.4		0.34708
184.5		0.34708
184.6		0.34708
184.7		0.34708
184.8		0.34708
184.9		0.34708
185		0.34708
185.1		0.349531
185.2		0.349531
185.3		0.349531
185.4		0.349531
185.5		0.349531
185.6		0.349531
185.7		0.349531
185.8		0.349531
185.9		0.349531
186		0.349531
186.1		0.350843
186.2		0.350843
186.3		0.350843
186.4		0.350843
186.5		0.350843
186.6		0.350843
186.7		0.350843
186.8		0.350843
186.9		0.350843
187		0.350843
187.1		0.354338
187.2		0.354338
187.3		0.354338
187.4		0.354338
187.5		0.354338
187.6		0.354338
187.7		0.354338
187.8		0.354338
187.9		0.354338
188		0.354338
188.1		0.357124
188.2		0.357124
188.3		0.357124
188.4		0.357124
188.5		0.357124
188.6		0.357124
188.7		0.357124
188.8		0.357124
188.9		0.357124
189		0.357124
189.1		0.35895
189.2		0.35895
189.3		0.35895
189.4		0.35895
189.5		0.35895
189.6		0.35895
189.7		0.35895
189.8		0.35895
189.9		0.35895
190		0.35895
190.1		0.361434
190.2		0.361434
190.3		0.361434
190.4		0.361434
190.5		0.361434
190.6		0.361434
190.7		0.361434
190.8		0.361434
190.9		0.361434
191		0.361434
191.1		0.364452
191.2		0.364452
191.3		0.364452
191.4		0.364452
191.5		0.364452
191.6		0.364452
191.7		0.364452
191.8		0.364452
191.9		0.364452
192		0.364452
192.1		0.364661
192.2		0.364661
192.3		0.364661
192.4		0.364661
192.5		0.364661
192.6		0.364661
192.7		0.364661
192.8		0.364661
192.9		0.364661
193		0.364661
193.1		0.369179
193.2		0.369179
193.3		0.369179
193.4		0.369179
193.5		0.369179
193.6		0.369179
193.7		0.369179
193.8		0.369179
193.9		0.369179
194		0.369179
194.1		0.370723
194.2		0.370723
194.3		0.370723
194.4		0.370723
194.5		0.370723
194.6		0.370723
194.7		0.370723
194.8		0.370723
194.9		0.370723
195		0.370723
195.1		0.373201
195.2		0.373201
195.3		0.373201
195.4		0.373201
195.5		0.373201
195.6		0.373201
195.7		0.373201
195.8		0.373201
195.9		0.373201
196		0.373201
196.1		0.374063
196.2		0.374063
196.3		0.374063
196.4		0.374063
196.5		0.374063
196.6		0.374063
196.7		0.374063
196.8		0.374063
196.9		0.374063
197		0.374063
197.1		0.37494
197.2		0.37494
197.3		0.37494
197.4		0.37494
197.5		0.37494
197.6		0.37494
197.7		0.37494
197.8		0.37494
197.9		0.37494
198		0.37494
198.1		0.376014
198.2		0.376014
198.3		0.376014
198.4		0.376014
198.5		0.376014
198.6		0.376014
198.7		0.376014
198.8		0.376014
198.9		0.376014
199		0.376014
199.1		0.380858
199.2		0.380858
199.3		0.380858
199.4		0.380858
199.5		0.380858
199.6		0.380858
199.7		0.380858
199.8		0.380858
199.9		0.380858
200		0.380858
200.1		0.381204
200.2		0.381204
200.3		0.381204
200.4		0.381204
200.5		0.381204
200.6		0.381204
200.7		0.381204
200.8		0.381204
200.9		0.381204
201		0.381204
201.1		0.384326
201.2		0.384326
201.3		0.384326
201.4		0.384326
201.5		0.384326
201.6		0.384326
201.7		0.384326
201.8		0.384326
201.9		0.384326
202		0.384326
202.1		0.384893
202.2		0.384893
202.3		0.384893
202.4		0.384893
202.5		0.384893
202.6		0.384893
202.7		0.384893
202.8		0.384893
202.9		0.384893
203		0.384893
203.1		0.385514
203.2		0.385514
203.3		0.385514
203.4		0.385514
203.5		0.385514
203.6		0.385514
203.7		0.385514
203.8		0.385514
203.9		0.385514
204		0.385514
204.1		0.389673
204.2		0.389673
204.3		0.389673
204.4		0.389673
204.5		0.389673
204.6		0.389673
204.7		0.389673
204.8		0.389673
204.9		0.389673
205		0.389673
205.1		0.392658
205.2		0.392658
205.3		0.392658
205.4		0.392658
205.5		0.392658
205.6		0.392658
205.7		0.392658
205.8		0.392658
205.9		0.392658
206		0.392658
206.1		0.394266
206.2		0.394266
206.3		0.394266
206.4		0.394266
206.5		0.394266
206.6		0.394266
206.7		0.394266
206.8		0.394266
206.9		0.394266
207		0.394266
207.1		0.394621
207.2		0.394621
207.3		0.394621
207.4		0.394621
207.5		0.394621
207.6		0.394621
207.7		0.394621
207.8		0.394621
207.9		0.394621
208		0.394621
208.1		0.398589
208.2		0.398589
208.3		0.398589
208.4		0.398589
208.5		0.398589
208.6		0.398589
208.7		0.398589
208.8		0.398589
208.9		0.398589
209		0.398589
209.1		0.399116
209.2		0.399116
209.3		0.399116
209.4		0.399116
209.5		0.399116
209.6		0.399116
209.7		0.399116
209.8		0.399116
209.9		0.399116
210		0.399116
210.1		0.402594
210.2		0.402594
210.3		0.402594
210.4		0.402594
210.5		0.402594
210.6		0.402594
210.7		0.402594
210.8		0.402594
210.9		0.402594
211		0.402594
211.1		0.40386
211.2		0.40386
211.3		0.40386
211.4		0.40386
211.5		0.40386
211.6		0.40386
211.7		0.40386
211.8		0.40386
211.9		0.40386
212		0.40386
212.1		0.40764
212.2		0.40764
212.3		0.40764
212.4		0.40764
212.5		0.40764
212.6		0.40764
212.7		0.40764
212.8		0.40764
212.9		0.40764
213		0.40764
213.1		0.408439
213.2		0.408439
213.3		0.408439
213.4		0.408439
213.5		0.408439
213.6		0.408439
213.7		0.408439
213.8		0.408439
213.9		0.408439
214		0.408439
214.1		0.409822
214.2		0.409822
214.3		0.409822
214.4		0.409822
214.5		0.409822
214.6		0.409822
214.7		0.409822
214.8		0.409822
214.9		0.409822
215		0.409822
215.1		0.411265
215.2		0.411265
215.3		0.411265
215.4		0.411265
215.5		0.411265
215.6		0.411265
215.7		0.411265
215.8		0.411265
215.9		0.411265
216		0.411265
216.1		0.414105
216.2		0.414105
216.3		0.414105
216.4		0.414105
216.5		0.414105
216.6		0.414105
216.7		0.414105
216.8		0.414105
216.9		0.414105
217		0.414105
217.1		0.416197
217.2		0.416197
217.3		0.416197
217.4		0.416197
217.5		0.416197
217.6		0.416197
217.7		0.416197
217.8		0.416197
217.9		0.416197
218		0.416197
218.1		0.417751
218.2		0.417751
218.3		0.417751
218.4		0.417751
218.5		0.417751
218.6		0.417751
218.7		0.417751
218.8		0.417751
218.9		0.417751
219		0.417751
219.1		0.421803
219.2		0.421803
219.3		0.421803
219.4		0.421803
219.5		0.421803
219.6		0.421803
219.7		0.421803
219.8		0.421803
219.9		0.421803
220		0.421803
220.1		0.422961
220.2		0.422961
220.3		0.422961
220.4		0.422961
220.5		0.422961
220.6		0.422961
220.7		0.422961
220.8		0.422961
220.9		0.422961
221		0.422961
221.1		0.424861
221.2		0.424861
221.3		0.424861
221.4		0.424861
221.5		0.424861
221.6		0.424861
221.7		0.424861
221.8		0.424861
221.9		0.424861
222		0.424861
222.1		0.426039
222.2		0.426039
222.3		0.426039
222.4		0.426039
222.5		0.426039
222.6		0.426039
222.7		0.426039
222.8		0.426039
222.9		0.426039
223		0.426039
223.1		0.427879
223.2		0.427879
223.3		0.427879
223.4		0.427879
223.5		0.427879
223.6		0.427879
223.7		0.427879
223.8		0.427879
223.9		0.427879
224		0.427879
224.1		0.430474
224.2		0.430474
224.3		0.430474
224.4		0.430474
224.5		0.430474
224.6		0.430474
224.7		0.430474
224.8		0.430474
224.9		0.430474
225		0.430474
225.1		0.432642
225.2		0.432642
225.3		0.432642
225.4		0.432642
225.5		0.432642
225.6		0.432642
225.7		0.432642
225.8		0.432642
225.9		0.432642
226		0.432642
226.1		0.435059
226.2		0.435059
226.3		0.435059
226.4		0.435059
226.5		0.435059
226.6		0.435059
226.7		0.435059
226.8		0.435059
226.9		0.435059
227		0.435059
227.1		0.436825
227.2		0.436825
227.3		0.436825
227.4		0.436825
227.5		0.436825
227.6		0.436825
227.7		0.436825
227.8		0.436825
227.9		0.436825
228		0.436825
228.1		0.439095
228.2		0.439095
228.3		0.439095
228.4		0.439095
228.5		0.439095
228.6		0.439095
228.7		0.439095
228.8		0.439095
228.9		0.439095
229		0.439095
229.1		0.44086
229.2		0.44086
229.3		0.44086
229.4		0.44086
229.5		0.44086
229.6		0.44086
229.7		0.44086
229.8		0.44086
229.9		0.44086
230		0.44086
230.1		0.442297
230.2		0.442297
230.3		0.442297
230.4		0.442297
230.5		0.442297
230.6		0.442297
230.7		0.442297
230.8		0.442297
230.9		0.442297
231		0.442297
231.1		0.444842
231.2		0.444842
231.3		0.444842
231.4		0.444842
231.5		0.444842
231.6		0.444842
231.7		0.444842
231.8		0.444842
231.9		0.444842
232		0.444842
232.1		0.446826
232.2		0.446826
232.3		0.446826
232.4		0.446826
232.5		0.446826
232.6		0.446826
232.7		0.446826
232.8		0.446826
232.9		0.446826
233		0.446826
233.1		0.448108
233.2		0.448108
233.3		0.448108
233.4		0.448108
233.5		0.448108
233.6		0.448108
233.7		0.448108
233.8		0.448108
233.9		0.448108
234		0.448108
234.1		0.45316
234.2		0.45316
234.3		0.45316
234.4		0.45316
234.5		0.45316
234.6		0.45316
234.7		0.45316
234.8		0.45316
234.9		0.45316
235		0.45316
235.1		0.45402
235.2		0.45402
235.3		0.45402
235.4		0.45402
235.5		0.45402
235.6		0.45402
235.7		0.45402
235.8		0.45402
235.9		0.45402
236		0.45402
236.1		0.454725
236.2		0.454725
236.3		0.454725
236.4		0.454725
236.5		0.454725
236.6		0.454725
236.7		0.454725
236.8		0.454725
236.9		0.454725
237		0.454725
237.1		0.455003
237.2		0.455003
237.3		0.455003
237.4		0.455003
237.5		0.455003
237.6		0.455003
237.7		0.455003
237.8		0.455003
237.9		0.455003
238		0.455003
238.1		0.462647
238.2		0.462647
238.3		0.462647
238.4		0.462647
238.5		0.462647
238.6		0.462647
238.7		0.462647
238.8		0.462647
238.9		0.462647
239		0.462647
239.1		0.463
239.2		0.463
239.3		0.463
239.4		0.463
239.5		0.463
239.6		0.463
239.7		0.463
239.8		0.463
239.9		0.463
240		0.463
240.1		0.463359
240.2		0.463359
240.3		0.463359
240.4		0.463359
240.5		0.463359
240.6		0.463359
240.7		0.463359
240.8		0.463359
240.9		0.463359
241		0.463359
241.1		0.464782
241.2		0.464782
241.3		0.464782
241.4		0.464782
241.5		0.464782
241.6		0.464782
241.7		0.464782
241.8		0.464782
241.9		0.464782
242		0.464782
242.1		0.467149
242.2		0.467149
242.3		0.467149
242.4		0.467149
242.5		0.467149
242.6		0.467149
242.7		0.467149
242.8		0.467149
242.9		0.467149
243		0.467149
243.1		0.468988
243.2		0.468988
243.3		0.468988
243.4		0.468988
243.5		0.468988
243.6		0.468988
243.7		0.468988
243.8		0.468988
243.9		0.468988
244		0.468988
244.1		0.473037
244.2		0.473037
244.3		0.473037
244.4		0.473037
244.5		0.473037
244.6		0.473037
244.7		0.473037
244.8		0.473037
244.9		0.473037
245		0.473037
245.1		0.473507
245.2		0.473507
245.3		0.473507
245.4		0.473507
245.5		0.473507
245.6		0.473507
245.7		0.473507
245.8		0.473507
245.9		0.473507
246		0.473507
246.1		0.476374
246.2		0.476374
246.3		0.476374
246.4		0.476374
246.5		0.476374
246.6		0.476374
246.7		0.476374
246.8		0.476374
246.9		0.476374
247		0.476374
247.1		0.477904
247.2		0.477904
247.3		0.477904
247.4		0.477904
247.5		0.477904
247.6		0.477904
247.7		0.477904
247.8		0.477904
247.9		0.477904
248		0.477904
248.1		0.478321
248.2		0.478321
248.3		0.478321
248.4		0.478321
248.5		0.478321
248.6		0.478321
248.7		0.478321
248.8		0.478321
248.9		0.478321
249		0.478321
249.1		0.479026
249.2		0.479026
249.3		0.479026
249.4		0.479026
249.5		0.479026
249.6		0.479026
249.7		0.479026
249.8		0.479026
249.9		0.479026
250		0.479026
250.1		0.481493
250.2		0.481493
250.3		0.481493
250.4		0.481493
250.5		0.481493
250.6		0.481493
250.7		0.481493
250.8		0.481493
250.9		0.481493
251		0.481493
251.1		0.486059
251.2		0.486059
251.3		0.486059
251.4		0.486059
251.5		0.486059
251.6		0.486059
251.7		0.486059
251.8		0.486059
251.9		0.486059
252		0.486059
252.1		0.488331
252.2		0.488331
252.3		0.488331
252.4		0.488331
252.5		0.488331
252.6		0.488331
252.7		0.488331
252.8		0.488331
252.9		0.488331
253		0.488331
253.1		0.489268
253.2		0.489268
253.3		0.489268
253.4		0.489268
253.5		0.489268
253.6		0.489268
253.7		0.489268
253.8		0.489268
253.9		0.489268
254		0.489268
254.1		0.490164
254.2		0.490164
254.3		0.490164
254.4		0.490164
254.5		0.490164
254.6		0.490164
254.7		0.490164
254.8		0.490164
254.9		0.490164
255		0.490164
255.1		0.49051
255.2		0.49051
255.3		0.49051
255.4		0.49051
255.5		0.49051
255.6		0.49051
255.7		0.49051
255.8		0.49051
255.9		0.49051
256		0.49051
256.1		0.494797
256.2		0.494797
256.3		0.494797
256.4		0.494797
256.5		0.494797
256.6		0.494797
256.7		0.494797
256.8		0.494797
256.9		0.494797
257		0.494797
257.1		0.498714
257.2		0.498714
257.3		0.498714
257.4		0.498714
257.5		0.498714
257.6		0.498714
257.7		0.498714
257.8		0.498714
257.9		0.498714
258		0.498714
258.1		0.499903
258.2		0.499903
258.3		0.499903
258.4		0.499903
258.5		0.499903
258.6		0.499903
258.7		0.499903
258.8		0.499903
258.9		0.499903
259		0.499903
259.1		0.501135
259.2		0.501135
259.3		0.501135
259.4		0.501135
259.5		0.501135
259.6		0.501135
259.7		0.501135
259.8		0.501135
259.9		0.501135
260		0.501135
260.1		0.50427
260.2		0.50427
260.3		0.50427
260.4		0.50427
260.5		0.50427
260.6		0.50427
260.7		0.50427
260.8		0.50427
260.9		0.50427
261		0.50427
261.1		0.505156
261.2		0.505156
261.3		0.505156
261.4		0.505156
261.5		0.505156
261.6		0.505156
261.7		0.505156
261.8		0.505156
261.9		0.505156
262		0.505156
262.1		0.506556
262.2		0.506556
262.3		0.506556
262.4		0.506556
262.5		0.506556
262.6		0.506556
262.7		0.506556
262.8		0.506556
262.9		0.506556
263		0.506556
263.1		0.510578
263.2		0.510578
263.3		0.510578
263.4		0.510578
263.5		0.510578
263.6		0.510578
263.7		0.510578
263.8		0.510578
263.9		0.510578
264		0.510578
264.1		0.513203
264.2		0.513203
264.3		0.513203
264.4		0.513203
264.5		0.513203
264.6		0.513203
264.7		0.513203
264.8		0.513203
264.9		0.513203
265		0.513203
265.1		0.5152
265.2		0.5152
265.3		0.5152
265.4		0.5152
265.5		0.5152
265.6		0.5152
265.7		0.5152
265.8		0.5152
265.9		0.5152
266		0.5152
266.1		0.515422
266.2		0.515422
266.3		0.515422
266.4		0.515422
266.5		0.515422
266.6		0.515422
266.7		0.515422
266.8		0.515422
266.9		0.515422
267		0.515422
267.1		0.518
267.2		0.518
267.3		0.518
267.4		0.518
267.5		0.518
267.6		0.518
267.7		0.518
267.8		0.518
267.9		0.518
268		0.518
268.1		0.519897
268.2		0.519897
268.3		0.519897
268.4		0.519897
268.5		0.519897
268.6		0.519897
268.7		0.519897
268.8		0.519897
268.9		0.519897
269		0.519897
269.1		0.523979
269.2		0.523979
269.3		0.523979
269.4		0.523979
269.5		0.523979
269.6		0.523979
269.7		0.523979
269.8		0.523979
269.9		0.523979
270		0.523979
270.1		0.524187
270.2		0.524187
270.3		0.524187
270.4		0.524187
270.5		0.524187
270.6		0.524187
270.7		0.524187
270.8		0.524187
270.9		0.524187
271		0.524187
271.1		0.526792
271.2		0.526792
271.3		0.526792
271.4		0.526792
271.5		0.526792
271.6		0.526792
271.7		0.526792
271.8		0.526792
271.9		0.526792
272		0.526792
272.1		0.529528
272.2		0.529528
272.3		0.529528
272.4		0.529528
272.5		0.529528
272.6		0.529528
272.7		0.529528
272.8		0.529528
272.9		0.529528
273		0.529528
273.1		0.531082
273.2		0.531082
273.3		0.531082
273.4		0.531082
273.5		0.531082
273.6		0.531082
273.7		0.531082
273.8		0.531082
273.9		0.531082
274		0.531082
274.1		0.531764
274.2		0.531764
274.3		0.531764
274.4		0.531764
274.5		0.531764
274.6		0.531764
274.7		0.531764
274.8		0.531764
274.9		0.531764
275		0.531764
275.1		0.533556
275.2		0.533556
275.3		0.533556
275.4		0.533556
275.5		0.533556
275.6		0.533556
275.7		0.533556
275.8		0.533556
275.9		0.533556
276		0.533556
276.1		0.536937
276.2		0.536937
276.3		0.536937
276.4		0.536937
276.5		0.536937
276.6		0.536937
276.7		0.536937
276.8		0.536937
276.9		0.536937
277		0.536937
277.1		0.540999
277.2		0.540999
277.3		0.540999
277.4		0.540999
277.5		0.540999
277.6		0.540999
277.7		0.540999
277.8		0.540999
277.9		0.540999
278		0.540999
278.1		0.542288
278.2		0.542288
278.3		0.542288
278.4		0.542288
278.5		0.542288
278.6		0.542288
278.7		0.542288
278.8		0.542288
278.9		0.542288
279		0.542288
279.1		0.54255
279.2		0.54255
279.3		0.54255
279.4		0.54255
279.5		0.54255
279.6		0.54255
279.7		0.54255
279.8		0.54255
279.9		0.54255
280		0.54255
280.1		0.545269
280.2		0.545269
280.3		0.545269
280.4		0.545269
280.5		0.545269
280.6		0.545269
280.7		0.545269
280.8		0.545269
280.9		0.545269
281		0.545269
281.1		0.545725
281.2		0.545725
281.3		0.545725
281.4		0.545725
281.5		0.545725
281.6		0.545725
281.7		0.545725
281.8		0.545725
281.9		0.545725
282		0.545725
282.1		0.547548
282.2		0.547548
282.3		0.547548
282.4		0.547548
282.5		0.547548
282.6		0.547548
282.7		0.547548
282.8		0.547548
282.9		0.547548
283		0.547548
283.1		0.552302
283.2		0.552302
283.3		0.552302
283.4		0.552302
283.5		0.552302
283.6		0.552302
283.7		0.552302
283.8		0.552302
283.9		0.552302
284		0.552302
284.1		0.555219
284.2		0.555219
284.3		0.555219
284.4		0.555219
284.5		0.555219
284.6		0.555219
284.7		0.555219
284.8		0.555219
284.9		0.555219
285		0.555219
285.1		0.558384
285.2		0.558384
285.3		0.558384
285.4		0.558384
285.5		0.558384
285.6		0.558384
285.7		0.558384
285.8		0.558384
285.9		0.558384
286		0.558384
286.1		0.558868
286.2		0.558868
286.3		0.558868
286.4		0.558868
286.5		0.558868
286.6		0.558868
286.7		0.558868
286.8		0.558868
286.9		0.558868
287		0.558868
287.1		0.561231
287.2		0.561231
287.3		0.561231
287.4		0.561231
287.5		0.561231
287.6		0.561231
287.7		0.561231
287.8		0.561231
287.9		0.561231
288		0.561231
288.1		0.565773
288.2		0.565773
288.3		0.565773
288.4		0.565773
288.5		0.565773
288.6		0.565773
288.7		0.565773
288.8		0.565773
288.9		0.565773
289		0.565773
289.1		0.567784
289.2		0.567784
289.3		0.567784
289.4		0.567784
289.5		0.567784
289.6		0.567784
289.7		0.567784
289.8		0.567784
289.9		0.567784
290		0.567784
290.1		0.567968
290.2		0.567968
290.3		0.567968
290.4		0.567968
290.5		0.567968
290.6		0.567968
290.7		0.567968
290.8		0.567968
290.9		0.567968
291		0.567968
291.1		0.571926
291.2		0.571926
291.3		0.571926
291.4		0.571926
291.5		0.571926
291.6		0.571926
291.7		0.571926
291.8		0.571926
291.9		0.571926
292		0.571926
292.1		0.573054
292.2		0.573054
292.3		0.573054
292.4		0.573054
292.5		0.573054
292.6		0.573054
292.7		0.573054
292.8		0.573054
292.9		0.573054
293		0.573054
293.1		0.574776
293.2		0.574776
293.3		0.574776
293.4		0.574776
293.5		0.574776
293.6		0.574776
293.7		0.574776
293.8		0.574776
293.9		0.574776
294		0.574776
294.1		0.576324
294.2		0.576324
294.3		0.576324
294.4		0.576324
294.5		0.576324
294.6		0.576324
294.7		0.576324
294.8		0.576324
294.9		0.576324
295		0.576324
295.1		0.578231
295.2		0.578231
295.3		0.578231
295.4		0.578231
295.5		0.578231
295.6		0.578231
295.7		0.578231
295.8		0.578231
295.9		0.578231
296		0.578231
296.1		0.582575
296.2		0.582575
296.3		0.582575
296.4		0.582575
296.5		0.582575
296.6		0.582575
296.7		0.582575
296.8		0.582575
296.9		0.582575
297		0.582575
297.1		0.584532
297.2		0.584532
297.3		0.584532
297.4		0.584532
297.5		0.584532
297.6		0.584532
297.7		0.584532
297.8		0.584532
297.9		0.584532
298		0.584532
298.1		0.585149
298.2		0.585149
298.3		0.585149
298.4		0.585149
298.5		0.585149
298.6		0.585149
298.7		0.585149
298.8		0.585149
298.9		0.585149
299		0.585149
299.1		0.589077
299.2		0.589077
299.3		0.589077
299.4		0.589077
299.5		0.589077
299.6		0.589077
299.7		0.589077
299.8		0.589077
299.9		0.589077
300		0.589077
300.1		0.593686
300.2		0.593686
300.3		0.593686
300.4		0.593686
300.5		0.593686
300.6		0.593686
300.7		0.593686
300.8		0.593686
300.9		0.593686
301		0.593686
301.1		0.595368
301.2		0.595368
301.3		0.595368
301.4		0.595368
301.5		0.595368
301.6		0.595368
301.7		0.595368
301.8		0.595368
301.9		0.595368
302		0.595368
302.1		0.599799
302.2		0.599799
302.3		0.599799
302.4		0.599799
302.5		0.599799
302.6		0.599799
302.7		0.599799
302.8		0.599799
302.9		0.599799
303		0.599799
303.1		0.600068
303.2		0.600068
303.3		0.600068
303.4		0.600068
303.5		0.600068
303.6		0.600068
303.7		0.600068
303.8		0.600068
303.9		0.600068
304		0.600068
304.1		0.601951
304.2		0.601951
304.3		0.601951
304.4		0.601951
304.5		0.601951
304.6		0.601951
304.7		0.601951
304.8		0.601951
304.9		0.601951
305		0.601951
305.1		0.604898
305.2		0.604898
305.3		0.604898
305.4		0.604898
305.5		0.604898
305.6		0.604898
305.7		0.604898
305.8		0.604898
305.9		0.604898
306		0.604898
306.1		0.608531
306.2		0.608531
306.3		0.608531
306.4		0.608531
306.5		0.608531
306.6		0.608531
306.7		0.608531
306.8		0.608531
306.9		0.608531
307		0.608531
307.1		0.61037
307.2		0.61037
307.3		0.61037
307.4		0.61037
307.5		0.61037
307.6		0.61037
307.7		0.61037
307.8		0.61037
307.9		0.61037
308		0.61037
308.1		0.610646
308.2		0.610646
308.3		0.610646
308.4		0.610646
308.5		0.610646
308.6		0.610646
308.7		0.610646
308.8		0.610646
308.9		0.610646
309		0.610646
309.1		0.612005
309.2		0.612005
309.3		0.612005
309.4		0.612005
309.5		0.612005
309.6		0.612005
309.7		0.612005
309.8		0.612005
309.9		0.612005
310		0.612005
310.1		0.617611
310.2		0.617611
310.3		0.617611
310.4		0.617611
310.5		0.617611
310.6		0.617611
310.7		0.617611
310.8		0.617611
310.9		0.617611
311		0.617611
311.1		0.61925
311.2		0.61925
311.3		0.61925
311.4		0.61925
311.5		0.61925
311.6		0.61925
311.7		0.61925
311.8		0.61925
311.9		0.61925
312		0.61925
312.1		0.619803
312.2		0.619803
312.3		0.619803
312.4		0.619803
312.5		0.619803
312.6		0.619803
312.7		0.619803
312.8		0.619803
312.9		0.619803
313		0.619803
313.1		0.62212
313.2		0.62212
313.3		0.62212
313.4		0.62212
313.5		0.62212
313.6		0.62212
313.7		0.62212
313.8		0.62212
313.9		0.62212
314		0.62212
314.1		0.624564
314.2		0.624564
314.3		0.624564
314.4		0.624564
314.5		0.624564
314.6		0.624564
314.7		0.624564
314.8		0.624564
314.9		0.624564
315		0.624564
315.1		0.627404
315.2		0.627404
315.3		0.627404
315.4		0.627404
315.5		0.627404
315.6		0.627404
315.7		0.627404
315.8		0.627404
315.9		0.627404
316		0.627404
316.1		0.628189
316.2		0.628189
316.3		0.628189
316.4		0.628189
316.5		0.628189
316.6		0.628189
316.7		0.628189
316.8		0.628189
316.9		0.628189
317		0.628189
317.1		0.629401
317.2		0.629401
317.3		0.629401
317.4		0.629401
317.5		0.629401
317.6		0.629401
317.7		0.629401
317.8		0.629401
317.9		0.629401
318		0.629401
318.1		0.632348
318.2		0.632348
318.3		0.632348
318.4		0.632348
318.5		0.632348
318.6		0.632348
318.7		0.632348
318.8		0.632348
318.9		0.632348
319		0.632348
319.1		0.635104
319.2		0.635104
319.3		0.635104
319.4		0.635104
319.5		0.635104
319.6		0.635104
319.7		0.635104
319.8		0.635104
319.9		0.635104
320		0.635104
320.1		0.636058
320.2		0.636058
320.3		0.636058
320.4		0.636058
320.5		0.636058
320.6		0.636058
320.7		0.636058
320.8		0.636058
320.9		0.636058
321		0.636058
321.1		0.638626
321.2		0.638626
321.3		0.638626
321.4		0.638626
321.5		0.638626
321.6		0.638626
321.7		0.638626
321.8		0.638626
321.9		0.638626
322		0.638626
322.1		0.642772
322.2		0.642772
322.3		0.642772
322.4		0.642772
322.5		0.642772
322.6		0.642772
322.7		0.642772
322.8		0.642772
322.9		0.642772
323		0.642772
323.1		0.642866
323.2		0.642866
323.3		0.642866
323.4		0.642866
323.5		0.642866
323.6		0.642866
323.7		0.642866
323.8		0.642866
323.9		0.642866
324		0.642866
324.1		0.644715
324.2		0.644715
324.3		0.644715
324.4		0.644715
324.5		0.644715
324.6		0.644715
324.7		0.644715
324.8		0.644715
324.9		0.644715
325		0.644715
325.1		0.646938
325.2		0.646938
325.3		0.646938
325.4		0.646938
325.5		0.646938
325.6		0.646938
325.7		0.646938
325.8		0.646938
325.9		0.646938
326		0.646938
326.1		0.647347
326.2		0.647347
326.3		0.647347
326.4		0.647347
326.5		0.647347
326.6		0.647347
326.7		0.647347
326.8		0.647347
326.9		0.647347
327		0.647347
327.1		0.652238
327.2		0.652238
327.3		0.652238
327.4		0.652238
327.5		0.652238
327.6		0.652238
327.7		0.652238
327.8		0.652238
327.9		0.652238
328		0.652238
328.1		0.652859
328.2		0.652859
328.3		0.652859
328.4		0.652859
328.5		0.652859
328.6		0.652859
328.7		0.652859
328.8		0.652859
328.9		0.652859
329		0.652859
329.1		0.655401
329.2		0.655401
329.3		0.655401
329.4		0.655401
329.5		0.655401
329.6		0.655401
329.7		0.655401
329.8		0.655401
329.9		0.655401
330		0.655401
330.1		0.65584
330.2		0.65584
330.3		0.65584
330.4		0.65584
330.5		0.65584
330.6		0.65584
330.7		0.65584
330.8		0.65584
330.9		0.65584
331		0.65584
331.1		0.657052
331.2		0.657052
331.3		0.657052
331.4		0.657052
331.5		0.657052
331.6		0.657052
331.7		0.657052
331.8		0.657052
331.9		0.657052
332		0.657052
332.1		0.661071
332.2		0.661071
332.3		0.661071
332.4		0.661071
332.5		0.661071
332.6		0.661071
332.7		0.661071
332.8		0.661071
332.9		0.661071
333		0.661071
333.1		0.663504
333.2		0.663504
333.3		0.663504
333.4		0.663504
333.5		0.663504
333.6		0.663504
333.7		0.663504
333.8		0.663504
333.9		0.663504
334		0.663504
334.1		0.663803
334.2		0.663803
334.3		0.663803
334.4		0.663803
334.5		0.663803
334.6		0.663803
334.7		0.663803
334.8		0.663803
334.9		0.663803
335		0.663803
335.1		0.664186
335.2		0.664186
335.3		0.664186
335.4		0.664186
335.5		0.664186
335.6		0.664186
335.7		0.664186
335.8		0.664186
335.9		0.664186
336		0.664186
336.1		0.67045
336.2		0.67045
336.3		0.67045
336.4		0.67045
336.5		0.67045
336.6		0.67045
336.7		0.67045
336.8		0.67045
336.9		0.67045
337		0.67045
337.1		0.671403
337.2		0.671403
337.3		0.671403
337.4		0.671403
337.5		0.671403
337.6		0.671403
337.7		0.671403
337.8		0.671403
337.9		0.671403
338		0.671403
338.1		0.673508
338.2		0.673508
338.3		0.673508
338.4		0.673508
338.5		0.673508
338.6		0.673508
338.7		0.673508
338.8		0.673508
338.9		0.673508
339		0.673508
339.1		0.677177
339.2		0.677177
339.3		0.677177
339.4		0.677177
339.5		0.677177
339.6		0.677177
339.7		0.677177
339.8		0.677177
339.9		0.677177
340		0.677177
340.1		0.679071
340.2		0.679071
340.3		0.679071
340.4		0.679071
340.5		0.679071
340.6		0.679071
340.7		0.679071
340.8		0.679071
340.9		0.679071
341		0.679071
341.1		0.680407
341.2		0.680407
341.3		0.680407
341.4		0.680407
341.5		0.680407
341.6		0.680407
341.7		0.680407
341.8		0.680407
341.9		0.680407
342		0.680407
342.1		0.683532
342.2		0.683532
342.3		0.683532
342.4		0.683532
342.5		0.683532
342.6		0.683532
342.7		0.683532
342.8		0.683532
342.9		0.683532
343		0.683532
343.1		0.684334
343.2		0.684334
343.3		0.684334
343.4		0.684334
343.5		0.684334
343.6		0.684334
343.7		0.684334
343.8		0.684334
343.9		0.684334
344		0.684334
344.1		0.686939
344.2		0.686939
344.3		0.686939
344.4		0.686939
344.5		0.686939
344.6		0.686939
344.7		0.686939
344.8		0.686939
344.9		0.686939
345		0.686939
345.1		0.690457
345.2		0.690457
345.3		0.690457
345.4		0.690457
345.5		0.690457
345.6		0.690457
345.7		0.690457
345.8		0.690457
345.9		0.690457
346		0.690457
346.1		0.692351
346.2		0.692351
346.3		0.692351
346.4		0.692351
346.5		0.692351
346.6		0.692351
346.7		0.692351
346.8		0.692351
346.9		0.692351
347		0.692351
347.1		0.693321
347.2		0.693321
347.3		0.693321
347.4		0.693321
347.5		0.693321
347.6		0.693321
347.7		0.693321
347.8		0.693321
347.9		0.693321
348		0.693321
348.1		0.694224
348.2		0.694224
348.3		0.694224
348.4		0.694224
348.5		0.694224
348.6		0.694224
348.7		0.694224
348.8		0.694224
348.9		0.694224
349		0.694224
349.1		0.694529
349.2		0.694529
349.3		0.694529
349.4		0.694529
349.5		0.694529
349.6		0.694529
349.7		0.694529
349.8		0.694529
349.9		0.694529
350		0.694529
350.1		0.698706
350.2		0.698706
350.3		0.698706
350.4		0.698706
350.5		0.698706
350.6		0.698706
350.7		0.698706
350.8		0.698706
350.9		0.698706
351		0.698706
351.1		0.701512
351.2		0.701512
351.3		0.701512
351.4		0.701512
351.5		0.701512
351.6		0.701512
351.7		0.701512
351.8		0.701512
351.9		0.701512
352		0.701512
352.1		0.705141
352.2		0.705141
352.3		0.705141
352.4		0.705141
352.5		0.705141
352.6		0.705141
352.7		0.705141
352.8		0.705141
352.9		0.705141
353		0.705141
353.1		0.70793
353.2		0.70793
353.3		0.70793
353.4		0.70793
353.5		0.70793
353.6		0.70793
353.7		0.70793
353.8		0.70793
353.9		0.70793
354		0.70793
354.1		0.709841
354.2		0.709841
354.3		0.709841
354.4		0.709841
354.5		0.709841
354.6		0.709841
354.7		0.709841
354.8		0.709841
354.9		0.709841
355		0.709841
355.1		0.714893
355.2		0.714893
355.3		0.714893
355.4		0.714893
355.5		0.714893
355.6		0.714893
355.7		0.714893
355.8		0.714893
355.9		0.714893
356		0.714893
356.1		0.716571
356.2		0.716571
356.3		0.716571
356.4		0.716571
356.5		0.716571
356.6		0.716571
356.7		0.716571
356.8		0.716571
356.9		0.716571
357		0.716571
357.1		0.717729
357.2		0.717729
357.3		0.717729
357.4		0.717729
357.5		0.717729
357.6		0.717729
357.7		0.717729
357.8		0.717729
357.9		0.717729
358		0.717729
358.1		0.722235
358.2		0.722235
358.3		0.722235
358.4		0.722235
358.5		0.722235
358.6		0.722235
358.7		0.722235
358.8		0.722235
358.9		0.722235
359		0.722235
359.1		0.72342
359.2		0.72342
359.3		0.72342
359.4		0.72342
359.5		0.72342
359.6		0.72342
359.7		0.72342
359.8		0.72342
359.9		0.72342
360		0.72342
360.1		0.725135
360.2		0.725135
360.3		0.725135
360.4		0.725135
360.5		0.725135
360.6		0.725135
360.7		0.725135
360.8		0.725135
360.9		0.725135
361		0.725135
361.1		0.727864
361.2		0.727864
361.3		0.727864
361.4		0.727864
361.5		0.727864
361.6		0.727864
361.7		0.727864
361.8		0.727864
361.9		0.727864
362		0.727864
362.1		0.729751
362.2		0.729751
362.3		0.729751
362.4		0.729751
362.5		0.729751
362.6		0.729751
362.7		0.729751
362.8		0.729751
362.9		0.729751
363		0.729751
363.1		0.732218
363.2		0.732218
363.3		0.732218
363.4		0.732218
363.5		0.732218
363.6		0.732218
363.7		0.732218
363.8		0.732218
363.9		0.732218
364		0.732218
364.1		0.732728
364.2		0.732728
364.3		0.732728
364.4		0.732728
364.5		0.732728
364.6		0.732728
364.7		0.732728
364.8		0.732728
364.9		0.732728
365		0.732728
365.1		0.734504
365.2		0.734504
365.3		0.734504
365.4		0.734504
365.5		0.734504
365.6		0.734504
365.7		0.734504
365.8		0.734504
365.9		0.734504
366		0.734504
366.1		0.737781
366.2		0.737781
366.3		0.737781
366.4		0.737781
366.5		0.737781
366.6		0.737781
366.7		0.737781
366.8		0.737781
366.9		0.737781
367		0.737781
367.1		0.739697
367.2		0.739697
367.3		0.739697
367.4		0.739697
367.5		0.739697
367.6		0.739697
367.7		0.739697
367.8		0.739697
367.9		0.739697
368		0.739697
368.1		0.74287
368.2		0.74287
368.3		0.74287
368.4		0.74287
368.5		0.74287
368.6		0.74287
368.7		0.74287
368.8		0.74287
368.9		0.74287
369		0.74287
369.1		0.743894
369.2		0.743894
369.3		0.743894
369.4		0.743894
369.5		0.743894
369.6		0.743894
369.7		0.743894
369.8		0.743894
369.9		0.743894
370		0.743894
370.1		0.744609
370.2		0.744609
370.3		0.744609
370.4		0.744609
370.5		0.744609
370.6		0.744609
370.7		0.744609
370.8		0.744609
370.9		0.744609
371		0.744609
371.1		0.749973
371.2		0.749973
371.3		0.749973
371.4		0.749973
371.5		0.749973
371.6		0.749973
371.7		0.749973
371.8		0.749973
371.9		0.749973
372		0.749973
372.1		0.751527
372.2		0.751527
372.3		0.751527
372.4		0.751527
372.5		0.751527
372.6		0.751527
372.7		0.751527
372.8		0.751527
372.9		0.751527
373		0.751527
373.1		0.752105
373.2		0.752105
373.3		0.752105
373.4		0.752105
373.5		0.752105
373.6		0.752105
373.7		0.752105
373.8		0.752105
373.9		0.752105
374		0.752105
374.1		0.754999
374.2		0.754999
374.3		0.754999
374.4		0.754999
374.5		0.754999
374.6		0.754999
374.7		0.754999
374.8		0.754999
374.9		0.754999
375		0.754999
375.1		0.755754
375.2		0.755754
375.3		0.755754
375.4		0.755754
375.5		0.755754
375.6		0.755754
375.7		0.755754
375.8		0.755754
375.9		0.755754
376		0.755754
376.1		0.760168
376.2		0.760168
376.3		0.760168
376.4		0.760168
376.5		0.760168
376.6		0.760168
376.7		0.760168
376.8		0.760168
376.9		0.760168
377		0.760168
377.1		0.761803
377.2		0.761803
377.3		0.761803
377.4		0.761803
377.5		0.761803
377.6		0.761803
377.7		0.761803
377.8		0.761803
377.9		0.761803
378		0.761803
378.1		0.76276
378.2		0.76276
378.3		0.76276
378.4		0.76276
378.5		0.76276
378.6		0.76276
378.7		0.76276
378.8		0.76276
378.9		0.76276
379		0.76276
379.1		0.764945
379.2		0.764945
379.3		0.764945
379.4		0.764945
379.5		0.764945
379.6		0.764945
379.7		0.764945
379.8		0.764945
379.9		0.764945
380		0.764945
380.1		0.767906
380.2		0.767906
380.3		0.767906
380.4		0.767906
380.5		0.767906
380.6		0.767906
380.7		0.767906
380.8		0.767906
380.9		0.767906
381		0.767906
381.1		0.770377
381.2		0.770377
381.3		0.770377
381.4		0.770377
381.5		0.770377
381.6		0.770377
381.7		0.770377
381.8		0.770377
381.9		0.770377
382		0.770377
382.1		0.771078
382.2		0.771078
382.3		0.771078
382.4		0.771078
382.5		0.771078
382.6		0.771078
382.7		0.771078
382.8		0.771078
382.9		0.771078
383		0.771078
383.1		0.772519
383.2		0.772519
383.3		0.772519
383.4		0.772519
383.5		0.772519
383.6		0.772519
383.7		0.772519
383.8		0.772519
383.9		0.772519
384		0.772519
384.1		0.776117
384.2		0.776117
384.3		0.776117
384.4		0.776117
384.5		0.776117
384.6		0.776117
384.7		0.776117
384.8		0.776117
384.9		0.776117
385		0.776117
385.1		0.776873
385.2		0.776873
385.3		0.776873
385.4		0.776873
385.5		0.776873
385.6		0.776873
385.7		0.776873
385.8		0.776873
385.9		0.776873
386		0.776873
386.1		0.779085
386.2		0.779085
386.3		0.779085
386.4		0.779085
386.5		0.779085
386.6		0.779085
386.7		0.779085
386.8		0.779085
386.9		0.779085
387		0.779085
387.1		0.781203
387.2		0.781203
387.3		0.781203
387.4		0.781203
387.5		0.781203
387.6		0.781203
387.7		0.781203
387.8		0.781203
387.9		0.781203
388		0.781203
388.1		0.783288
388.2		0.783288
388.3		0.783288
388.4		0.783288
388.5		0.783288
388.6		0.783288
388.7		0.783288
388.8		0.783288
388.9		0.783288
389		0.783288
389.1		0.785154
389.2		0.785154
389.3		0.785154
389.4		0.785154
389.5		0.785154
389.6		0.785154
389.7		0.785154
389.8		0.785154
389.9		0.785154
390		0.785154
390.1		0.78557
390.2		0.78557
390.3		0.78557
390.4		0.78557
390.5		0.78557
390.6		0.78557
390.7		0.78557
390.8		0.78557
390.9		0.78557
391		0.78557
391.1		0.787172
391.2		0.787172
391.3		0.787172
391.4		0.787172
391.5		0.787172
391.6		0.787172
391.7		0.787172
391.8		0.787172
391.9		0.787172
392		0.787172
392.1		0.788676
392.2		0.788676
392.3		0.788676
392.4		0.788676
392.5		0.788676
392.6		0.788676
392.7		0.788676
392.8		0.788676
392.9		0.788676
393		0.788676
393.1		0.791271
393.2		0.791271
393.3		0.791271
393.4		0.791271
393.5		0.791271
393.6		0.791271
393.7		0.791271
393.8		0.791271
393.9		0.791271
394		0.791271
394.1		0.795326
394.2		0.795326
394.3		0.795326
394.4		0.795326
394.5		0.795326
394.6		0.795326
394.7		0.795326
394.8		0.795326
394.9		0.795326
395		0.795326
395.1		0.797048
395.2		0.797048
395.3		0.797048
395.4		0.797048
395.5		0.797048
395.6		0.797048
395.7		0.797048
395.8		0.797048
395.9		0.797048
396		0.797048
396.1		0.797515
396.2		0.797515
396.3		0.797515
396.4		0.797515
396.5		0.797515
396.6		0.797515
396.7		0.797515
396.8		0.797515
396.9		0.797515
397		0.797515
397.1		0.801382
397.2		0.801382
397.3		0.801382
397.4		0.801382
397.5		0.801382
397.6		0.801382
397.7		0.801382
397.8		0.801382
397.9		0.801382
398		0.801382
398.1		0.802996
398.2		0.802996
398.3		0.802996
398.4		0.802996
398.5		0.802996
398.6		0.802996
398.7		0.802996
398.8		0.802996
398.9		0.802996
399		0.802996
399.1		0.803466
399.2		0.803466
399.3		0.803466
399.4		0.803466
399.5		0.803466
399.6		0.803466
399.7		0.803466
399.8		0.803466
399.9		0.803466
400		0.803466
400.1		0.807099
400.2		0.807099
400.3		0.807099
400.4		0.807099
400.5		0.807099
400.6		0.807099
400.7		0.807099
400.8		0.807099
400.9		0.807099
401		0.807099
401.1		0.808596
401.2		0.808596
401.3		0.808596
401.4		0.808596
401.5		0.808596
401.6		0.808596
401.7		0.808596
401.8		0.808596
401.9		0.808596
402		0.808596
402.1		0.810566
402.2		0.810566
402.3		0.810566
402.4		0.810566
402.5		0.810566
402.6		0.810566
402.7		0.810566
402.8		0.810566
402.9		0.810566
403		0.810566
403.1		0.811698
403.2		0.811698
403.3		0.811698
403.4		0.811698
403.5		0.811698
403.6		0.811698
403.7		0.811698
403.8		0.811698
403.9		0.811698
404		0.811698
404.1		0.81196
404.2		0.81196
404.3		0.81196
404.4		0.81196
404.5		0.81196
404.6		0.81196
404.7		0.81196
404.8		0.81196
404.9		0.81196
405		0.81196
405.1		0.814209
405.2		0.814209
405.3		0.814209
405.4		0.814209
405.5		0.814209
405.6		0.814209
405.7		0.814209
405.8		0.814209
405.9		0.814209
406		0.814209
406.1		0.820808
406.2		0.820808
406.3		0.820808
406.4		0.820808
406.5		0.820808
406.6		0.820808
406.7		0.820808
406.8		0.820808
406.9		0.820808
407		0.820808
407.1		0.821111
407.2		0.821111
407.3		0.821111
407.4		0.821111
407.5		0.821111
407.6		0.821111
407.7		0.821111
407.8		0.821111
407.9		0.821111
408		0.821111
408.1		0.821352
408.2		0.821352
408.3		0.821352
408.4		0.821352
408.5		0.821352
408.6		0.821352
408.7		0.821352
408.8		0.821352
408.9		0.821352
409		0.821352
409.1		0.821792
409.2		0.821792
409.3		0.821792
409.4		0.821792
409.5		0.821792
409.6		0.821792
409.7		0.821792
409.8		0.821792
409.9		0.821792
410		0.821792
410.1		0.827341
410.2		0.827341
410.3		0.827341
410.4		0.827341
410.5		0.827341
410.6		0.827341
410.7		0.827341
410.8		0.827341
410.9		0.827341
411		0.827341
411.1		0.827579
411.2		0.827579
411.3		0.827579
411.4		0.827579
411.5		0.827579
411.6		0.827579
411.7		0.827579
411.8		0.827579
411.9		0.827579
412		0.827579
412.1		0.83139
412.2		0.83139
412.3		0.83139
412.4		0.83139
412.5		0.83139
412.6		0.83139
412.7		0.83139
412.8		0.83139
412.9		0.83139
413		0.83139
413.1		0.831816
413.2		0.831816
413.3		0.831816
413.4		0.831816
413.5		0.831816
413.6		0.831816
413.7		0.831816
413.8		0.831816
413.9		0.831816
414		0.831816
414.1		0.833911
414.2		0.833911
414.3		0.833911
414.4		0.833911
414.5		0.833911
414.6		0.833911
414.7		0.833911
414.8		0.833911
414.9		0.833911
415		0.833911
415.1		0.836022
415.2		0.836022
415.3		0.836022
415.4		0.836022
415.5		0.836022
415.6		0.836022
415.7		0.836022
415.8		0.836022
415.9		0.836022
416		0.836022
416.1		0.837986
416.2		0.837986
416.3		0.837986
416.4		0.837986
416.5		0.837986
416.6		0.837986
416.7		0.837986
416.8		0.837986
416.9		0.837986
417		0.837986
417.1		0.83857
417.2		0.83857
417.3		0.83857
417.4		0.83857
417.5		0.83857
417.6		0.83857
417.7		0.83857
417.8		0.83857
417.9		0.83857
418		0.83857
418.1		0.842061
418.2		0.842061
418.3		0.842061
418.4		0.842061
418.5		0.842061
418.6		0.842061
418.7		0.842061
418.8		0.842061
418.9		0.842061
419		0.842061
419.1		0.843874
419.2		0.843874
419.3		0.843874
419.4		0.843874
419.5		0.843874
419.6		0.843874
419.7		0.843874
419.8		0.843874
419.9		0.843874
420		0.843874
420.1		0.846798
420.2		0.846798
420.3		0.846798
420.4		0.846798
420.5		0.846798
420.6		0.846798
420.7		0.846798
420.8		0.846798
420.9		0.846798
421		0.846798
421.1		0.848527
421.2		0.848527
421.3		0.848527
421.4		0.848527
421.5		0.848527
421.6		0.848527
421.7		0.848527
421.8		0.848527
421.9		0.848527
422		0.848527
422.1		0.850454
422.2		0.850454
422.3		0.850454
422.4		0.850454
422.5		0.850454
422.6		0.850454
422.7		0.850454
422.8		0.850454
422.9		0.850454
423		0.850454
423.1		0.853378
423.2		0.853378
423.3		0.853378
423.4		0.853378
423.5		0.853378
423.6		0.853378
423.7		0.853378
423.8		0.853378
423.9		0.853378
424		0.853378
424.1		0.85601
424.2		0.85601
424.3		0.85601
424.4		0.85601
424.5		0.85601
424.6		0.85601
424.7		0.85601
424.8		0.85601
424.9		0.85601
425		0.85601
425.1		0.857883
425.2		0.857883
425.3		0.857883
425.4		0.857883
425.5		0.857883
425.6		0.857883
425.7		0.857883
425.8		0.857883
425.9		0.857883
426		0.857883
426.1		0.85937
426.2		0.85937
426.3		0.85937
426.4		0.85937
426.5		0.85937
426.6		0.85937
426.7		0.85937
426.8		0.85937
426.9		0.85937
427		0.85937
427.1		0.861287
427.2		0.861287
427.3		0.861287
427.4		0.861287
427.5		0.861287
427.6		0.861287
427.7		0.861287
427.8		0.861287
427.9		0.861287
428		0.861287
428.1		0.863089
428.2		0.863089
428.3		0.863089
428.4		0.863089
428.5		0.863089
428.6		0.863089
428.7		0.863089
428.8		0.863089
428.9		0.863089
429		0.863089
429.1		0.864943
429.2		0.864943
429.3		0.864943
429.4		0.864943
429.5		0.864943
429.6		0.864943
429.7		0.864943
429.8		0.864943
429.9		0.864943
430		0.864943
430.1		0.865906
430.2		0.865906
430.3		0.865906
430.4		0.865906
430.5		0.865906
430.6		0.865906
430.7		0.865906
430.8		0.865906
430.9		0.865906
431		0.865906
431.1		0.868957
431.2		0.868957
431.3		0.868957
431.4		0.868957
431.5		0.868957
431.6		0.868957
431.7		0.868957
431.8		0.868957
431.9		0.868957
432		0.868957
432.1		0.870565
432.2		0.870565
432.3		0.870565
432.4		0.870565
432.5		0.870565
432.6		0.870565
432.7		0.870565
432.8		0.870565
432.9		0.870565
433		0.870565
433.1		0.871381
433.2		0.871381
433.3		0.871381
433.4		0.871381
433.5		0.871381
433.6		0.871381
433.7		0.871381
433.8		0.871381
433.9		0.871381
434		0.871381
434.1		0.874366
434.2		0.874366
434.3		0.874366
434.4		0.874366
434.5		0.874366
434.6		0.874366
434.7		0.874366
434.8		0.874366
434.9		0.874366
435		0.874366
435.1		0.876356
435.2		0.876356
435.3		0.876356
435.4		0.876356
435.5		0.876356
435.6		0.876356
435.7		0.876356
435.8		0.876356
435.9		0.876356
436		0.876356
436.1		0.88062
436.2		0.88062
436.3		0.88062
436.4		0.88062
436.5		0.88062
436.6		0.88062
436.7		0.88062
436.8		0.88062
436.9		0.88062
437		0.88062
437.1		0.880841
437.2		0.880841
437.3		0.880841
437.4		0.880841
437.5		0.880841
437.6		0.880841
437.7		0.880841
437.8		0.880841
437.9		0.880841
438		0.880841
438.1		0.882181
438.2		0.882181
438.3		0.882181
438.4		0.882181
438.5		0.882181
438.6		0.882181
438.7		0.882181
438.8		0.882181
438.9		0.882181
439		0.882181
439.1		0.882933
439.2		0.882933
439.3		0.882933
439.4		0.882933
439.5		0.882933
439.6		0.882933
439.7		0.882933
439.8		0.882933
439.9		0.882933
440		0.882933
440.1		0.887673
440.2		0.887673
440.3		0.887673
440.4		0.887673
440.5		0.887673
440.6		0.887673
440.7		0.887673
440.8		0.887673
440.9		0.887673
441		0.887673
441.1		0.888401
441.2		0.888401
441.3		0.888401
441.4		0.888401
441.5		0.888401
441.6		0.888401
441.7		0.888401
441.8		0.888401
441.9		0.888401
442		0.888401
442.1		0.890308
442.2		0.890308
442.3		0.890308
442.4		0.890308
442.5		0.890308
442.6		0.890308
442.7		0.890308
442.8		0.890308
442.9		0.890308
443		0.890308
443.1		0.893013
443.2		0.893013
443.3		0.893013
443.4		0.893013
443.5		0.893013
443.6		0.893013
443.7		0.893013
443.8		0.893013
443.9		0.893013
444		0.893013
444.1		0.896532
444.2		0.896532
444.3		0.896532
444.4		0.896532
444.5		0.896532
444.6		0.896532
444.7		0.896532
444.8		0.896532
444.9		0.896532
445		0.896532
445.1		0.8973
445.2		0.8973
445.3		0.8973
445.4		0.8973
445.5		0.8973
445.6		0.8973
445.7		0.8973
445.8		0.8973
445.9		0.8973
446		0.8973
446.1		0.899795
446.2		0.899795
446.3		0.899795
446.4		0.899795
446.5		0.899795
446.6		0.899795
446.7		0.899795
446.8		0.899795
446.9		0.899795
447		0.899795
447.1		0.900741
447.2		0.900741
447.3		0.900741
447.4		0.900741
447.5		0.900741
447.6		0.900741
447.7		0.900741
447.8		0.900741
447.9		0.900741
448		0.900741
448.1		0.90298
448.2		0.90298
448.3		0.90298
448.4		0.90298
448.5		0.90298
448.6		0.90298
448.7		0.90298
448.8		0.90298
448.9		0.90298
449		0.90298
449.1		0.905773
449.2		0.905773
449.3		0.905773
449.4		0.905773
449.5		0.905773
449.6		0.905773
449.7		0.905773
449.8		0.905773
449.9		0.905773
450		0.905773
450.1		0.908358
450.2		0.908358
450.3		0.908358
450.4		0.908358
450.5		0.908358
450.6		0.908358
450.7		0.908358
450.8		0.908358
450.9		0.908358
451		0.908358
451.1		0.910493
451.2		0.910493
451.3		0.910493
451.4		0.910493
451.5		0.910493
451.6		0.910493
451.7		0.910493
451.8		0.910493
451.9		0.910493
452		0.910493
452.1		0.911363
452.2		0.911363
452.3		0.911363
452.4		0.911363
452.5		0.911363
452.6		0.911363
452.7		0.911363
452.8		0.911363
452.9		0.911363
453		0.911363
453.1		0.911913
453.2		0.911913
453.3		0.911913
453.4		0.911913
453.5		0.911913
453.6		0.911913
453.7		0.911913
453.8		0.911913
453.9		0.911913
454		0.911913
454.1		0.914777
454.2		0.914777
454.3		0.914777
454.4		0.914777
454.5		0.914777
454.6		0.914777
454.7		0.914777
454.8		0.914777
454.9		0.914777
455		0.914777
455.1		0.915193
455.2		0.915193
455.3		0.915193
455.4		0.915193
455.5		0.915193
455.6		0.915193
455.7		0.915193
455.8		0.915193
455.9		0.915193
456		0.915193
456.1		0.919896
456.2		0.919896
456.3		0.919896
456.4		0.919896
456.5		0.919896
456.6		0.919896
456.7		0.919896
456.8		0.919896
456.9		0.919896
457		0.919896
457.1		0.920782
457.2		0.920782
457.3		0.920782
457.4		0.920782
457.5		0.920782
457.6		0.920782
457.7		0.920782
457.8		0.920782
457.9		0.920782
458		0.920782
458.1		0.92426
458.2		0.92426
458.3		0.92426
458.4		0.92426
458.5		0.92426
458.6		0.92426
458.7		0.92426
458.8		0.92426
458.9		0.92426
459		0.92426
459.1		0.925727
459.2		0.925727
459.3		0.925727
459.4		0.925727
459.5		0.925727
459.6		0.925727
459.7		0.925727
459.8		0.925727
459.9		0.925727
460		0.925727
460.1		0.926002
460.2		0.926002
460.3		0.926002
460.4		0.926002
460.5		0.926002
460.6		0.926002
460.7		0.926002
460.8		0.926002
460.9		0.926002
461		0.926002
461.1		0.926328
461.2		0.926328
461.3		0.926328
461.4		0.926328
461.5		0.926328
461.6		0.926328
461.7		0.926328
461.8		0.926328
461.9		0.926328
462		0.926328
462.1		0.931011
462.2		0.931011
462.3		0.931011
462.4		0.931011
462.5		0.931011
462.6		0.931011
462.7		0.931011
462.8		0.931011
462.9		0.931011
463		0.931011
463.1		0.934009
463.2		0.934009
463.3		0.934009
463.4		0.934009
463.5		0.934009
463.6		0.934009
463.7		0.934009
463.8		0.934009
463.9		0.934009
464		0.934009
464.1		0.935835
464.2		0.935835
464.3		0.935835
464.4		0.935835
464.5		0.935835
464.6		0.935835
464.7		0.935835
464.8		0.935835
464.9		0.935835
465		0.935835
465.1		0.936147
465.2		0.936147
465.3		0.936147
465.4		0.936147
465.5		0.936147
465.6		0.936147
465.7		0.936147
465.8		0.936147
465.9		0.936147
466		0.936147
466.1		0.939857
466.2		0.939857
466.3		0.939857
466.4		0.939857
466.5		0.939857
466.6		0.939857
466.7		0.939857
466.8		0.939857
466.9		0.939857
467		0.939857
467.1		0.940092
467.2		0.940092
467.3		0.940092
467.4		0.940092
467.5		0.940092
467.6		0.940092
467.7		0.940092
467.8		0.940092
467.9		0.940092
468		0.940092
468.1		0.941941
468.2		0.941941
468.3		0.941941
468.4		0.941941
468.5		0.941941
468.6		0.941941
468.7		0.941941
468.8		0.941941
468.9		0.941941
469		0.941941
469.1		0.943673
469.2		0.943673
469.3		0.943673
469.4		0.943673
469.5		0.943673
469.6		0.943673
469.7		0.943673
469.8		0.943673
469.9		0.943673
470		0.943673
470.1		0.949165
470.2		0.949165
470.3		0.949165
470.4		0.949165
470.5		0.949165
470.6		0.949165
470.7		0.949165
470.8		0.949165
470.9		0.949165
471		0.949165
471.1		0.950418
471.2		0.950418
471.3		0.950418
471.4		0.950418
471.5		0.950418
471.6		0.950418
471.7		0.950418
471.8		0.950418
471.9		0.950418
472		0.950418
472.1		0.950706
472.2		0.950706
472.3		0.950706
472.4		0.950706
472.5		0.950706
472.6		0.950706
472.7		0.950706
472.8		0.950706
472.9		0.950706
473		0.950706
473.1		0.952083
473.2		0.952083
473.3		0.952083
473.4		0.952083
473.5		0.952083
473.6		0.952083
473.7		0.952083
473.8		0.952083
473.9		0.952083
474		0.952083
474.1		0.955242
474.2		0.955242
474.3		0.955242
474.4		0.955242
474.5		0.955242
474.6		0.955242
474.7		0.955242
474.8		0.955242
474.9		0.955242
475		0.955242
475.1		0.955574
475.2		0.955574
475.3		0.955574
475.4		0.955574
475.5		0.955574
475.6		0.955574
475.7		0.955574
475.8		0.955574
475.9		0.955574
476		0.955574
476.1		0.95975
476.2		0.95975
476.3		0.95975
476.4		0.95975
476.5		0.95975
476.6		0.95975
476.7		0.95975
476.8		0.95975
476.9		0.95975
477		0.95975
477.1		0.960989
477.2		0.960989
477.3		0.960989
477.4		0.960989
477.5		0.960989
477.6		0.960989
477.7		0.960989
477.8		0.960989
477.9		0.960989
478		0.960989
478.1		0.962248
478.2		0.962248
478.3		0.962248
478.4		0.962248
478.5		0.962248
478.6		0.962248
478.7		0.962248
478.8		0.962248
478.9		0.962248
479		0.962248
479.1		0.964718
479.2		0.964718
479.3		0.964718
479.4		0.964718
479.5		0.964718
479.6		0.964718
479.7		0.964718
479.8		0.964718
479.9		0.964718
480		0.964718
480.1		0.966377
480.2		0.966377
480.3		0.966377
480.4		0.966377
480.5		0.966377
480.6		0.966377
480.7		0.966377
480.8		0.966377
480.9		0.966377
481		0.966377
481.1		0.96683
481.2		0.96683
481.3		0.96683
481.4		0.96683
481.5		0.96683
481.6		0.96683
481.7		0.96683
481.8		0.96683
481.9		0.96683
482		0.96683
482.1		0.97107
482.2		0.97107
482.3		0.97107
482.4		0.97107
482.5		0.97107
482.6		0.97107
482.7		0.97107
482.8		0.97107
482.9		0.97107
483		0.97107
483.1		0.973144
483.2		0.973144
483.3		0.973144
483.4		0.973144
483.5		0.973144
483.6		0.973144
483.7		0.973144
483.8		0.973144
483.9		0.973144
484		0.973144
484.1		0.976246
484.2		0.976246
484.3		0.976246
484.4		0.976246
484.5		0.976246
484.6		0.976246
484.7		0.976246
484.8		0.976246
484.9		0.976246
485		0.976246
485.1		0.976669
485.2		0.976669
485.3		0.976669
485.4		0.976669
485.5		0.976669
485.6		0.976669
485.7		0.976669
485.8		0.976669
485.9		0.976669
486		0.976669
486.1		0.976928
486.2		0.976928
486.3		0.976928
486.4		0.976928
486.5		0.976928
486.6		0.976928
486.7		0.976928
486.8		0.976928
486.9		0.976928
487		0.976928
487.1		0.980553
487.2		0.980553
487.3		0.980553
487.4		0.980553
487.5		0.980553
487.6		0.980553
487.7		0.980553
487.8		0.980553
487.9		0.980553
488		0.980553
488.1		0.98299
488.2		0.98299
488.3		0.98299
488.4		0.98299
488.5		0.98299
488.6		0.98299
488.7		0.98299
488.8		0.98299
488.9		0.98299
489		0.98299
489.1		0.986471
489.2		0.986471
489.3		0.986471
489.4		0.986471
489.5		0.986471
489.6		0.986471
489.7		0.986471
489.8		0.986471
489.9		0.986471
490		0.986471
490.1		0.986569
490.2		0.986569
490.3		0.986569
490.4		0.986569
490.5		0.986569
490.6		0.986569
490.7		0.986569
490.8		0.986569
490.9		0.986569
491		0.986569
491.1		0.988902
491.2		0.988902
491.3		0.988902
491.4		0.988902
491.5		0.988902
491.6		0.988902
491.7		0.988902
491.8		0.988902
491.9		0.988902
492		0.988902
492.1		0.990849
492.2		0.990849
492.3		0.990849
492.4		0.990849
492.5		0.990849
492.6		0.990849
492.7		0.990849
492.8		0.990849
492.9		0.990849
493		0.990849
493.1		0.994015
493.2		0.994015
493.3		0.994015
493.4		0.994015
493.5		0.994015
493.6		0.994015
493.7		0.994015
493.8		0.994015
493.9		0.994015
494		0.994015
494.1		0.994686
494.2		0.994686
494.3		0.994686
494.4		0.994686
494.5		0.994686
494.6		0.994686
494.7		0.994686
494.8		0.994686
494.9		0.994686
495		0.994686
495.1		0.996589
495.2		0.996589
495.3		0.996589
495.4		0.996589
495.5		0.996589
495.6		0.996589
495.7		0.996589
495.8		0.996589
495.9		0.996589
496		0.996589
496.1		0.99995
496.2		0.99995
496.3		0.99995
496.4		0.99995
496.5		0.99995
496.6		0.99995
496.7		0.99995
496.8		0.99995
496.9		0.99995
497		0.99995
497.1		1
497.2		1
497.3		1
497.4		1
497.5		1
497.6		1
497.7		1
497.8		1
497.9		1
498		1
498.1		1
498.2		1
498.3		1
498.4		1
498.5		1
498.6		1
498.7		1
498.8		1
498.9		1
499		1
499.1		1
499.2		1
499.3		1
499.4		1
499.5		1
499.6		1
499.7		1
499.8		1
499.9		1
500		1
500.1		1
500.2		1
500.3		1
500.4		1
500.5		1
500.6		1
500.7		1
500.8		1
500.9		1
501		1
501.1		1
501.2		1
501.3		1
501.4		1
501.5		1
501.6		1
501.7		1
501.8		1
501.9		1
502		1
502.1		1
502.2		1
502.3		1
502.4		1
502.5		1
502.6		1
502.7		1
502.8		1
502.9		1
503		1
503.1		1
503.2		1
503.3		1
503.4		1
503.5		1
503.6		1
503.7		1
503.8		1
503.9		1
504		1
504.1		1
504.2		1
504.3		1
504.4		1
504.5		1
504.6		1
504.7		1
504.8		1
504.9		1
505		1
505.1		1
505.2		1
505.3		1
505.4		1
505.5		1
505.6		1
505.7		1
505.8		1
505.9		1
506		1
506.1		1
506.2		1
506.3		1
506.4		1
506.5		1
506.6		1
506.7		1
506.8		1
506.9		1
507		1
507.1		1
507.2		1
507.3		1
507.4		1
507.5		1
507.6		1
507.7		1
507.8		1
507.9		1
508		1
508.1		1
508.2		1
508.3		1
508.4		1
508.5		1
508.6		1
508.7		1
508.8		1
508.9		1
509		1
509.1		1
509.2		1
509.3		1
509.4		1
509.5		1
509.6		1
509.7		1
509.8		1
509.9		1
510		1
510.1		1
510.2		1
510.3		1
510.4		1
510.5		1
510.6		1
510.7		1
510.8		1
510.9		1
511		1
511.1		1
511.2		1
511.3		1
511.4		1
511.5		1
511.6		1
511.7		1
511.8		1
511.9		1
512		1
512.1		1
512.2		1
512.3		1
512.4		1
512.5		1
512.6		1
512.7		1
512.8		1
512.9		1
513		1
513.1		1
513.2		1
513.3		1
513.4		1
513.5		1
513.6		1
513.7		1
513.8		1
513.9		1
514		1
514.1		1
514.2		1
514.3		1
514.4		1
514.5		1
514.6		1
514.7		1
514.8		1
514.9		1
515		1
515.1		1
515.2		1
515.3		1
515.4		1
515.5		1
515.6		1
515.7		1
515.8		1
515.9		1
516		1
516.1		1
516.2		1
516.3		1
516.4		1
516.5		1
516.6		1
516.7		1
516.8		1
516.9		1
517		1
517.1		1
517.2		1
517.3		1
517.4		1
517.5		1
517.6		1
517.7		1
517.8		1
517.9		1
518		1
518.1		1
518.2		1
518.3		1
518.4		1
518.5		1
518.6		1
518.7		1
518.8		1
518.9		1
519		1
519.1		1
519.2		1
519.3		1
519.4		1
519.5		1
519.6		1
519.7		1
519.8		1
519.9		1
520		1
520.1		1
520.2		1
520.3		1
520.4		1
520.5		1
520.6		1
520.7		1
520.8		1
520.9		1
521		1
521.1		1
521.2		1
521.3		1
521.4		1
521.5		1
521.6		1
521.7		1
521.8		1
521.9		1
522		1
522.1		1
522.2		1
522.3		1
522.4		1
522.5		1
522.6		1
522.7		1
522.8		1
522.9		1
523		1
523.1		1
523.2		1
523.3		1
523.4		1
523.5		1
523.6		1
523.7		1
523.8		1
523.9		1
524		1
524.1		1
524.2		1
524.3		1
524.4		1
524.5		1
524.6		1
524.7		1
524.8		1
524.9		1
525		1
525.1		1
525.2		1
525.3		1
525.4		1
525.5		1
525.6		1
525.7		1
525.8		1
525.9		1
526		1
526.1		1
526.2		1
526.3		1
526.4		1
526.5		1
526.6		1
526.7		1
526.8		1
526.9		1
527		1
527.1		1
527.2		1
527.3		1
527.4		1
527.5		1
527.6		1
527.7		1
527.8		1
527.9		1
528		1
528.1		1
528.2		1
528.3		1
528.4		1
528.5		1
528.6		1
528.7		1
528.8		1
528.9		1
529		1
529.1		1
529.2		1
529.3		1
529.4		1
529.5		1
529.6		1
529.7		1
529.8		1
529.9		1
530		1
530.1		1
530.2		1
530.3		1
530.4		1
530.5		1
530.6		1
530.7		1
530.8		1
530.9		1
531		1
531.1		1
531.2		1
531.3		1
531.4		1
531.5		1
531.6		1
531.7		1
531.8		1
531.9		1
532		1
532.1		1
532.2		1
532.3		1
532.4		1
532.5		1
532.6		1
532.7		1
532.8		1
532.9		1
533		1
533.1		1
533.2		1
533.3		1
533.4		1
533.5		1
533.6		1
533.7		1
533.8		1
533.9		1
534		1
534.1		1
534.2		1
534.3		1
534.4		1
534.5		1
534.6		1
534.7		1
534.8		1
534.9		1
535		1
535.1		1
535.2		1
535.3		1
535.4		1
535.5		1
535.6		1
535.7		1
535.8		1
535.9		1
536		1
536.1		1
536.2		1
536.3		1
536.4		1
536.5		1
536.6		1
536.7		1
536.8		1
536.9		1
537		1
537.1		1
537.2		1
537.3		1
537.4		1
537.5		1
537.6		1
537.7		1
537.8		1
537.9		1
538		1
538.1		1
538.2		1
538.3		1
538.4		1
538.5		1
538.6		1
538.7		1
538.8		1
538.9		1
539		1
539.1		1
539.2		1
539.3		1
539.4		1
539.5		1
539.6		1
539.7		1
539.8		1
539.9		1
540		1
540.1		1
540.2		1
540.3		1
540.4		1
540.5		1
540.6		1
540.7		1
540.8		1
540.9		1
541		1
541.1		1
541.2		1
541.3		1
541.4		1
541.5		1
541.6		1
541.7		1
541.8		1
541.9		1
542		1
542.1		1
542.2		1
542.3		1
542.4		1
542.5		1
542.6		1
542.7		1
542.8		1
542.9		1
543		1
543.1		1
543.2		1
543.3		1
543.4		1
543.5		1
543.6		1
543.7		1
543.8		1
543.9		1
544		1
544.1		1
544.2		1
544.3		1
544.4		1
544.5		1
544.6		1
544.7		1
544.8		1
544.9		1
545		1
545.1		1
545.2		1
545.3		1
545.4		1
545.5		1
545.6		1
545.7		1
545.8		1
545.9		1
546		1
546.1		1
546.2		1
546.3		1
546.4		1
546.5		1
546.6		1
546.7		1
546.8		1
546.9		1
547		1
547.1		1
547.2		1
547.3		1
547.4		1
547.5		1
547.6		1
547.7		1
547.8		1
547.9		1
548		1
548.1		1
548.2		1
548.3		1
548.4		1
548.5		1
548.6		1
548.7		1
548.8		1
548.9		1
549		1
549.1		1
549.2		1
549.3		1
549.4		1
549.5		1
549.6		1
549.7		1
549.8		1
549.9		1
550		1
550.1		1
550.2		1
550.3		1
550.4		1
550.5		1
550.6		1
550.7		1
550.8		1
550.9		1
551		1
551.1		1
551.2		1
551.3		1
551.4		1
551.5		1
551.6		1
551.7		1
551.8		1
551.9		1
552		1
552.1		1
552.2		1
552.3		1
552.4		1
552.5		1
552.6		1
552.7		1
552.8		1
552.9		1
553		1
553.1		1
553.2		1
553.3		1
553.4		1
553.5		1
553.6		1
553.7		1
553.8		1
553.9		1
554		1
554.1		1
554.2		1
554.3		1
554.4		1
554.5		1
554.6		1
554.7		1
554.8		1
554.9		1
555		1
555.1		1
555.2		1
555.3		1
555.4		1
555.5		1
555.6		1
555.7		1
555.8		1
555.9		1
556		1
556.1		1
556.2		1
556.3		1
556.4		1
556.5		1
556.6		1
556.7		1
556.8		1
556.9		1
557		1
557.1		1
557.2		1
557.3		1
557.4		1
557.5		1
557.6		1
557.7		1
557.8		1
557.9		1
558		1
558.1		1
558.2		1
558.3		1
558.4		1
558.5		1
558.6		1
558.7		1
558.8		1
558.9		1
559		1
559.1		1
559.2		1
559.3		1
559.4		1
559.5		1
559.6		1
559.7		1
559.8		1
559.9		1
560		1
560.1		1
560.2		1
560.3		1
560.4		1
560.5		1
560.6		1
560.7		1
560.8		1
560.9		1
561		1
561.1		1
561.2		1
561.3		1
561.4		1
561.5		1
561.6		1
561.7		1
561.8		1
561.9		1
562		1
562.1		1
562.2		1
562.3		1
562.4		1
562.5		1
562.6		1
562.7		1
562.8		1
562.9		1
563		1
563.1		1
563.2		1
563.3		1
563.4		1
563.5		1
563.6		1
563.7		1
563.8		1
563.9		1
564		1
564.1		1
564.2		1
564.3		1
564.4		1
564.5		1
564.6		1
564.7		1
564.8		1
564.9		1
565		1
565.1		1
565.2		1
565.3		1
565.4		1
565.5		1
565.6		1
565.7		1
565.8		1
565.9		1
566		1
566.1		1
566.2		1
566.3		1
566.4		1
566.5		1
566.6		1
566.7		1
566.8		1
566.9		1
567		1
567.1		1
567.2		1
567.3		1
567.4		1
567.5		1
567.6		1
567.7		1
567.8		1
567.9		1
568		1
568.1		1
568.2		1
568.3		1
568.4		1
568.5		1
568.6		1
568.7		1
568.8		1
568.9		1
569		1
569.1		1
569.2		1
569.3		1
569.4		1
569.5		1
569.6		1
569.7		1
569.8		1
569.9		1
570		1
570.1		1
570.2		1
570.3		1
570.4		1
570.5		1
570.6		1
570.7		1
570.8		1
570.9		1
571		1
571.1		1
571.2		1
571.3		1
571.4		1
571.5		1
571.6		1
571.7		1
571.8		1
571.9		1
572		1
572.1		1
572.2		1
572.3		1
572.4		1
572.5		1
572.6		1
572.7		1
572.8		1
572.9		1
573		1
573.1		1
573.2		1
573.3		1
573.4		1
573.5		1
573.6		1
573.7		1
573.8		1
573.9		1
574		1
574.1		1
574.2		1
574.3		1
574.4		1
574.5		1
574.6		1
574.7		1
574.8		1
574.9		1
575		1
575.1		1
575.2		1
575.3		1
575.4		1
575.5		1
575.6		1
575.7		1
575.8		1
575.9		1
576		1
576.1		1
576.2		1
576.3		1
576.4		1
576.5		1
576.6		1
576.7		1
576.8		1
576.9		1
577		1
577.1		1
577.2		1
577.3		1
577.4		1
577.5		1
577.6		1
577.7		1
577.8		1
577.9		1
578		1
578.1		1
578.2		1
578.3		1
578.4		1
578.5		1
578.6		1
578.7		1
578.8		1
578.9		1
579		1
579.1		1
579.2		1
579.3		1
579.4		1
579.5		1
579.6		1
579.7		1
579.8		1
579.9		1
580		1
580.1		1
580.2		1
580.3		1
580.4		1
580.5		1
580.6		1
580.7		1
580.8		1
580.9		1
581		1
581.1		1
581.2		1
581.3		1
581.4		1
581.5		1
581.6		1
581.7		1
581.8		1
581.9		1
582		1
582.1		1
582.2		1
582.3		1
582.4		1
582.5		1
582.6		1
582.7		1
582.8		1
582.9		1
583		1
583.1		1
583.2		1
583.3		1
583.4		1
583.5		1
583.6		1
583.7		1
583.8		1
583.9		1
584		1
584.1		1
584.2		1
584.3		1
584.4		1
584.5		1
584.6		1
584.7		1
584.8		1
584.9		1
585		1
585.1		1
585.2		1
585.3		1
585.4		1
585.5		1
585.6		1
585.7		1
585.8		1
585.9		1
586		1
586.1		1
586.2		1
586.3		1
586.4		1
586.5		1
586.6		1
586.7		1
586.8		1
586.9		1
587		1
587.1		1
587.2		1
587.3		1
587.4		1
587.5		1
587.6		1
587.7		1
587.8		1
587.9		1
588		1
588.1		1
588.2		1
588.3		1
588.4		1
588.5		1
588.6		1
588.7		1
588.8		1
588.9		1
589		1
589.1		1
589.2		1
589.3		1
589.4		1
589.5		1
589.6		1
589.7		1
589.8		1
589.9		1
590		1
590.1		1
590.2		1
590.3		1
590.4		1
590.5		1
590.6		1
590.7		1
590.8		1
590.9		1
591		1
591.1		1
591.2		1
591.3		1
591.4		1
591.5		1
591.6		1
591.7		1
591.8		1
591.9		1
592		1
592.1		1
592.2		1
592.3		1
592.4		1
592.5		1
592.6		1
592.7		1
592.8		1
592.9		1
593		1
593.1		1
593.2		1
593.3		1
593.4		1
593.5		1
593.6		1
593.7		1
593.8		1
593.9		1
594		1
594.1		1
594.2		1
594.3		1
594.4		1
594.5		1
594.6		1
594.7		1
594.8		1
594.9		1
595		1
595.1		1
595.2		1
595.3		1
595.4		1
595.5		1
595.6		1
595.7		1
595.8		1
595.9		1
596		1
596.1		1
596.2		1
596.3		1
596.4		1
596.5		1
596.6		1
596.7		1
596.8		1
596.9		1
597		1
597.1		1
597.2		1
597.3		1
597.4		1
597.5		1
597.6		1
597.7		1
597.8		1
597.9		1
598		1
598.1		1
598.2		1
598.3		1
598.4		1
598.5		1
598.6		1
598.7		1
598.8		1
598.9		1
599		1
599.1		1
599.2		1
599.3		1
599.4		1
599.5		1
599.6		1
599.7		1
599.8		1
599.9		1
600		1
