# Calibration file of tamex_id 0 @ channel 64
# fine_T bin		 Calibration value
0.1		0
0.2		0
0.3		0
0.4		0
0.5		0
0.6		0
0.7		0
0.8		0
0.9		0
1		0
1.1		0
1.2		0
1.3		0
1.4		0
1.5		0
1.6		0
1.7		0
1.8		0
1.9		0
2		0
2.1		0
2.2		0
2.3		0
2.4		0
2.5		0
2.6		0
2.7		0
2.8		0
2.9		0
3		0
3.1		0
3.2		0
3.3		0
3.4		0
3.5		0
3.6		0
3.7		0
3.8		0
3.9		0
4		0
4.1		0
4.2		0
4.3		0
4.4		0
4.5		0
4.6		0
4.7		0
4.8		0
4.9		0
5		0
5.1		0
5.2		0
5.3		0
5.4		0
5.5		0
5.6		0
5.7		0
5.8		0
5.9		0
6		0
6.1		0
6.2		0
6.3		0
6.4		0
6.5		0
6.6		0
6.7		0
6.8		0
6.9		0
7		0
7.1		0
7.2		0
7.3		0
7.4		0
7.5		0
7.6		0
7.7		0
7.8		0
7.9		0
8		0
8.1		0
8.2		0
8.3		0
8.4		0
8.5		0
8.6		0
8.7		0
8.8		0
8.9		0
9		0
9.1		0
9.2		0
9.3		0
9.4		0
9.5		0
9.6		0
9.7		0
9.8		0
9.9		0
10		0
10.1		0
10.2		0
10.3		0
10.4		0
10.5		0
10.6		0
10.7		0
10.8		0
10.9		0
11		0
11.1		0
11.2		0
11.3		0
11.4		0
11.5		0
11.6		0
11.7		0
11.8		0
11.9		0
12		0
12.1		0
12.2		0
12.3		0
12.4		0
12.5		0
12.6		0
12.7		0
12.8		0
12.9		0
13		0
13.1		0
13.2		0
13.3		0
13.4		0
13.5		0
13.6		0
13.7		0
13.8		0
13.9		0
14		0
14.1		0
14.2		0
14.3		0
14.4		0
14.5		0
14.6		0
14.7		0
14.8		0
14.9		0
15		0
15.1		0
15.2		0
15.3		0
15.4		0
15.5		0
15.6		0
15.7		0
15.8		0
15.9		0
16		0
16.1		0.00259729
16.2		0.00259729
16.3		0.00259729
16.4		0.00259729
16.5		0.00259729
16.6		0.00259729
16.7		0.00259729
16.8		0.00259729
16.9		0.00259729
17		0.00259729
17.1		0.00805666
17.2		0.00805666
17.3		0.00805666
17.4		0.00805666
17.5		0.00805666
17.6		0.00805666
17.7		0.00805666
17.8		0.00805666
17.9		0.00805666
18		0.00805666
18.1		0.00898064
18.2		0.00898064
18.3		0.00898064
18.4		0.00898064
18.5		0.00898064
18.6		0.00898064
18.7		0.00898064
18.8		0.00898064
18.9		0.00898064
19		0.00898064
19.1		0.010299
19.2		0.010299
19.3		0.010299
19.4		0.010299
19.5		0.010299
19.6		0.010299
19.7		0.010299
19.8		0.010299
19.9		0.010299
20		0.010299
20.1		0.0173472
20.2		0.0173472
20.3		0.0173472
20.4		0.0173472
20.5		0.0173472
20.6		0.0173472
20.7		0.0173472
20.8		0.0173472
20.9		0.0173472
21		0.0173472
21.1		0.0189078
21.2		0.0189078
21.3		0.0189078
21.4		0.0189078
21.5		0.0189078
21.6		0.0189078
21.7		0.0189078
21.8		0.0189078
21.9		0.0189078
22		0.0189078
22.1		0.0198205
22.2		0.0198205
22.3		0.0198205
22.4		0.0198205
22.5		0.0198205
22.6		0.0198205
22.7		0.0198205
22.8		0.0198205
22.9		0.0198205
23		0.0198205
23.1		0.0211558
23.2		0.0211558
23.3		0.0211558
23.4		0.0211558
23.5		0.0211558
23.6		0.0211558
23.7		0.0211558
23.8		0.0211558
23.9		0.0211558
24		0.0211558
24.1		0.0250489
24.2		0.0250489
24.3		0.0250489
24.4		0.0250489
24.5		0.0250489
24.6		0.0250489
24.7		0.0250489
24.8		0.0250489
24.9		0.0250489
25		0.0250489
25.1		0.0256404
25.2		0.0256404
25.3		0.0256404
25.4		0.0256404
25.5		0.0256404
25.6		0.0256404
25.7		0.0256404
25.8		0.0256404
25.9		0.0256404
26		0.0256404
26.1		0.0287054
26.2		0.0287054
26.3		0.0287054
26.4		0.0287054
26.5		0.0287054
26.6		0.0287054
26.7		0.0287054
26.8		0.0287054
26.9		0.0287054
27		0.0287054
27.1		0.0300857
27.2		0.0300857
27.3		0.0300857
27.4		0.0300857
27.5		0.0300857
27.6		0.0300857
27.7		0.0300857
27.8		0.0300857
27.9		0.0300857
28		0.0300857
28.1		0.032914
28.2		0.032914
28.3		0.032914
28.4		0.032914
28.5		0.032914
28.6		0.032914
28.7		0.032914
28.8		0.032914
28.9		0.032914
29		0.032914
29.1		0.0330379
29.2		0.0330379
29.3		0.0330379
29.4		0.0330379
29.5		0.0330379
29.6		0.0330379
29.7		0.0330379
29.8		0.0330379
29.9		0.0330379
30		0.0330379
30.1		0.0350267
30.2		0.0350267
30.3		0.0350267
30.4		0.0350267
30.5		0.0350267
30.6		0.0350267
30.7		0.0350267
30.8		0.0350267
30.9		0.0350267
31		0.0350267
31.1		0.0353479
31.2		0.0353479
31.3		0.0353479
31.4		0.0353479
31.5		0.0353479
31.6		0.0353479
31.7		0.0353479
31.8		0.0353479
31.9		0.0353479
32		0.0353479
32.1		0.0407396
32.2		0.0407396
32.3		0.0407396
32.4		0.0407396
32.5		0.0407396
32.6		0.0407396
32.7		0.0407396
32.8		0.0407396
32.9		0.0407396
33		0.0407396
33.1		0.0442778
33.2		0.0442778
33.3		0.0442778
33.4		0.0442778
33.5		0.0442778
33.6		0.0442778
33.7		0.0442778
33.8		0.0442778
33.9		0.0442778
34		0.0442778
34.1		0.0451567
34.2		0.0451567
34.3		0.0451567
34.4		0.0451567
34.5		0.0451567
34.6		0.0451567
34.7		0.0451567
34.8		0.0451567
34.9		0.0451567
35		0.0451567
35.1		0.0468582
35.2		0.0468582
35.3		0.0468582
35.4		0.0468582
35.5		0.0468582
35.6		0.0468582
35.7		0.0468582
35.8		0.0468582
35.9		0.0468582
36		0.0468582
36.1		0.048216
36.2		0.048216
36.3		0.048216
36.4		0.048216
36.5		0.048216
36.6		0.048216
36.7		0.048216
36.8		0.048216
36.9		0.048216
37		0.048216
37.1		0.0507682
37.2		0.0507682
37.3		0.0507682
37.4		0.0507682
37.5		0.0507682
37.6		0.0507682
37.7		0.0507682
37.8		0.0507682
37.9		0.0507682
38		0.0507682
38.1		0.0512471
38.2		0.0512471
38.3		0.0512471
38.4		0.0512471
38.5		0.0512471
38.6		0.0512471
38.7		0.0512471
38.8		0.0512471
38.9		0.0512471
39		0.0512471
39.1		0.0546219
39.2		0.0546219
39.3		0.0546219
39.4		0.0546219
39.5		0.0546219
39.6		0.0546219
39.7		0.0546219
39.8		0.0546219
39.9		0.0546219
40		0.0546219
40.1		0.0574952
40.2		0.0574952
40.3		0.0574952
40.4		0.0574952
40.5		0.0574952
40.6		0.0574952
40.7		0.0574952
40.8		0.0574952
40.9		0.0574952
41		0.0574952
41.1		0.0588249
41.2		0.0588249
41.3		0.0588249
41.4		0.0588249
41.5		0.0588249
41.6		0.0588249
41.7		0.0588249
41.8		0.0588249
41.9		0.0588249
42		0.0588249
42.1		0.0604362
42.2		0.0604362
42.3		0.0604362
42.4		0.0604362
42.5		0.0604362
42.6		0.0604362
42.7		0.0604362
42.8		0.0604362
42.9		0.0604362
43		0.0604362
43.1		0.0610334
43.2		0.0610334
43.3		0.0610334
43.4		0.0610334
43.5		0.0610334
43.6		0.0610334
43.7		0.0610334
43.8		0.0610334
43.9		0.0610334
44		0.0610334
44.1		0.0622053
44.2		0.0622053
44.3		0.0622053
44.4		0.0622053
44.5		0.0622053
44.6		0.0622053
44.7		0.0622053
44.8		0.0622053
44.9		0.0622053
45		0.0622053
45.1		0.0675632
45.2		0.0675632
45.3		0.0675632
45.4		0.0675632
45.5		0.0675632
45.6		0.0675632
45.7		0.0675632
45.8		0.0675632
45.9		0.0675632
46		0.0675632
46.1		0.0703352
46.2		0.0703352
46.3		0.0703352
46.4		0.0703352
46.5		0.0703352
46.6		0.0703352
46.7		0.0703352
46.8		0.0703352
46.9		0.0703352
47		0.0703352
47.1		0.0705662
47.2		0.0705662
47.3		0.0705662
47.4		0.0705662
47.5		0.0705662
47.6		0.0705662
47.7		0.0705662
47.8		0.0705662
47.9		0.0705662
48		0.0705662
48.1		0.0711915
48.2		0.0711915
48.3		0.0711915
48.4		0.0711915
48.5		0.0711915
48.6		0.0711915
48.7		0.0711915
48.8		0.0711915
48.9		0.0711915
49		0.0711915
49.1		0.0733043
49.2		0.0733043
49.3		0.0733043
49.4		0.0733043
49.5		0.0733043
49.6		0.0733043
49.7		0.0733043
49.8		0.0733043
49.9		0.0733043
50		0.0733043
50.1		0.0801102
50.2		0.0801102
50.3		0.0801102
50.4		0.0801102
50.5		0.0801102
50.6		0.0801102
50.7		0.0801102
50.8		0.0801102
50.9		0.0801102
51		0.0801102
51.1		0.0802511
51.2		0.0802511
51.3		0.0802511
51.4		0.0802511
51.5		0.0802511
51.6		0.0802511
51.7		0.0802511
51.8		0.0802511
51.9		0.0802511
52		0.0802511
52.1		0.0815243
52.2		0.0815243
52.3		0.0815243
52.4		0.0815243
52.5		0.0815243
52.6		0.0815243
52.7		0.0815243
52.8		0.0815243
52.9		0.0815243
53		0.0815243
53.1		0.0823131
53.2		0.0823131
53.3		0.0823131
53.4		0.0823131
53.5		0.0823131
53.6		0.0823131
53.7		0.0823131
53.8		0.0823131
53.9		0.0823131
54		0.0823131
54.1		0.0858625
54.2		0.0858625
54.3		0.0858625
54.4		0.0858625
54.5		0.0858625
54.6		0.0858625
54.7		0.0858625
54.8		0.0858625
54.9		0.0858625
55		0.0858625
55.1		0.0871978
55.2		0.0871978
55.3		0.0871978
55.4		0.0871978
55.5		0.0871978
55.6		0.0871978
55.7		0.0871978
55.8		0.0871978
55.9		0.0871978
56		0.0871978
56.1		0.0894176
56.2		0.0894176
56.3		0.0894176
56.4		0.0894176
56.5		0.0894176
56.6		0.0894176
56.7		0.0894176
56.8		0.0894176
56.9		0.0894176
57		0.0894176
57.1		0.0921726
57.2		0.0921726
57.3		0.0921726
57.4		0.0921726
57.5		0.0921726
57.6		0.0921726
57.7		0.0921726
57.8		0.0921726
57.9		0.0921726
58		0.0921726
58.1		0.0932149
58.2		0.0932149
58.3		0.0932149
58.4		0.0932149
58.5		0.0932149
58.6		0.0932149
58.7		0.0932149
58.8		0.0932149
58.9		0.0932149
59		0.0932149
59.1		0.0946009
59.2		0.0946009
59.3		0.0946009
59.4		0.0946009
59.5		0.0946009
59.6		0.0946009
59.7		0.0946009
59.8		0.0946009
59.9		0.0946009
60		0.0946009
60.1		0.0958122
60.2		0.0958122
60.3		0.0958122
60.4		0.0958122
60.5		0.0958122
60.6		0.0958122
60.7		0.0958122
60.8		0.0958122
60.9		0.0958122
61		0.0958122
61.1		0.0980771
61.2		0.0980771
61.3		0.0980771
61.4		0.0980771
61.5		0.0980771
61.6		0.0980771
61.7		0.0980771
61.8		0.0980771
61.9		0.0980771
62		0.0980771
62.1		0.102297
62.2		0.102297
62.3		0.102297
62.4		0.102297
62.5		0.102297
62.6		0.102297
62.7		0.102297
62.8		0.102297
62.9		0.102297
63		0.102297
63.1		0.103238
63.2		0.103238
63.3		0.103238
63.4		0.103238
63.5		0.103238
63.6		0.103238
63.7		0.103238
63.8		0.103238
63.9		0.103238
64		0.103238
64.1		0.105159
64.2		0.105159
64.3		0.105159
64.4		0.105159
64.5		0.105159
64.6		0.105159
64.7		0.105159
64.8		0.105159
64.9		0.105159
65		0.105159
65.1		0.107689
65.2		0.107689
65.3		0.107689
65.4		0.107689
65.5		0.107689
65.6		0.107689
65.7		0.107689
65.8		0.107689
65.9		0.107689
66		0.107689
66.1		0.110173
66.2		0.110173
66.3		0.110173
66.4		0.110173
66.5		0.110173
66.6		0.110173
66.7		0.110173
66.8		0.110173
66.9		0.110173
67		0.110173
67.1		0.112055
67.2		0.112055
67.3		0.112055
67.4		0.112055
67.5		0.112055
67.6		0.112055
67.7		0.112055
67.8		0.112055
67.9		0.112055
68		0.112055
68.1		0.113717
68.2		0.113717
68.3		0.113717
68.4		0.113717
68.5		0.113717
68.6		0.113717
68.7		0.113717
68.8		0.113717
68.9		0.113717
69		0.113717
69.1		0.117734
69.2		0.117734
69.3		0.117734
69.4		0.117734
69.5		0.117734
69.6		0.117734
69.7		0.117734
69.8		0.117734
69.9		0.117734
70		0.117734
70.1		0.119233
70.2		0.119233
70.3		0.119233
70.4		0.119233
70.5		0.119233
70.6		0.119233
70.7		0.119233
70.8		0.119233
70.9		0.119233
71		0.119233
71.1		0.120444
71.2		0.120444
71.3		0.120444
71.4		0.120444
71.5		0.120444
71.6		0.120444
71.7		0.120444
71.8		0.120444
71.9		0.120444
72		0.120444
72.1		0.123627
72.2		0.123627
72.3		0.123627
72.4		0.123627
72.5		0.123627
72.6		0.123627
72.7		0.123627
72.8		0.123627
72.9		0.123627
73		0.123627
73.1		0.123768
73.2		0.123768
73.3		0.123768
73.4		0.123768
73.5		0.123768
73.6		0.123768
73.7		0.123768
73.8		0.123768
73.9		0.123768
74		0.123768
74.1		0.125622
74.2		0.125622
74.3		0.125622
74.4		0.125622
74.5		0.125622
74.6		0.125622
74.7		0.125622
74.8		0.125622
74.9		0.125622
75		0.125622
75.1		0.128394
75.2		0.128394
75.3		0.128394
75.4		0.128394
75.5		0.128394
75.6		0.128394
75.7		0.128394
75.8		0.128394
75.9		0.128394
76		0.128394
76.1		0.131876
76.2		0.131876
76.3		0.131876
76.4		0.131876
76.5		0.131876
76.6		0.131876
76.7		0.131876
76.8		0.131876
76.9		0.131876
77		0.131876
77.1		0.134422
77.2		0.134422
77.3		0.134422
77.4		0.134422
77.5		0.134422
77.6		0.134422
77.7		0.134422
77.8		0.134422
77.9		0.134422
78		0.134422
78.1		0.135188
78.2		0.135188
78.3		0.135188
78.4		0.135188
78.5		0.135188
78.6		0.135188
78.7		0.135188
78.8		0.135188
78.9		0.135188
79		0.135188
79.1		0.135572
79.2		0.135572
79.3		0.135572
79.4		0.135572
79.5		0.135572
79.6		0.135572
79.7		0.135572
79.8		0.135572
79.9		0.135572
80		0.135572
80.1		0.13907
80.2		0.13907
80.3		0.13907
80.4		0.13907
80.5		0.13907
80.6		0.13907
80.7		0.13907
80.8		0.13907
80.9		0.13907
81		0.13907
81.1		0.143008
81.2		0.143008
81.3		0.143008
81.4		0.143008
81.5		0.143008
81.6		0.143008
81.7		0.143008
81.8		0.143008
81.9		0.143008
82		0.143008
82.1		0.144073
82.2		0.144073
82.3		0.144073
82.4		0.144073
82.5		0.144073
82.6		0.144073
82.7		0.144073
82.8		0.144073
82.9		0.144073
83		0.144073
83.1		0.145702
83.2		0.145702
83.3		0.145702
83.4		0.145702
83.5		0.145702
83.6		0.145702
83.7		0.145702
83.8		0.145702
83.9		0.145702
84		0.145702
84.1		0.148085
84.2		0.148085
84.3		0.148085
84.4		0.148085
84.5		0.148085
84.6		0.148085
84.7		0.148085
84.8		0.148085
84.9		0.148085
85		0.148085
85.1		0.148597
85.2		0.148597
85.3		0.148597
85.4		0.148597
85.5		0.148597
85.6		0.148597
85.7		0.148597
85.8		0.148597
85.9		0.148597
86		0.148597
86.1		0.15035
86.2		0.15035
86.3		0.15035
86.4		0.15035
86.5		0.15035
86.6		0.15035
86.7		0.15035
86.8		0.15035
86.9		0.15035
87		0.15035
87.1		0.153753
87.2		0.153753
87.3		0.153753
87.4		0.153753
87.5		0.153753
87.6		0.153753
87.7		0.153753
87.8		0.153753
87.9		0.153753
88		0.153753
88.1		0.158913
88.2		0.158913
88.3		0.158913
88.4		0.158913
88.5		0.158913
88.6		0.158913
88.7		0.158913
88.8		0.158913
88.9		0.158913
89		0.158913
89.1		0.159184
89.2		0.159184
89.3		0.159184
89.4		0.159184
89.5		0.159184
89.6		0.159184
89.7		0.159184
89.8		0.159184
89.9		0.159184
90		0.159184
90.1		0.160327
90.2		0.160327
90.3		0.160327
90.4		0.160327
90.5		0.160327
90.6		0.160327
90.7		0.160327
90.8		0.160327
90.9		0.160327
91		0.160327
91.1		0.160694
91.2		0.160694
91.3		0.160694
91.4		0.160694
91.5		0.160694
91.6		0.160694
91.7		0.160694
91.8		0.160694
91.9		0.160694
92		0.160694
92.1		0.166654
92.2		0.166654
92.3		0.166654
92.4		0.166654
92.5		0.166654
92.6		0.166654
92.7		0.166654
92.8		0.166654
92.9		0.166654
93		0.166654
93.1		0.168063
93.2		0.168063
93.3		0.168063
93.4		0.168063
93.5		0.168063
93.6		0.168063
93.7		0.168063
93.8		0.168063
93.9		0.168063
94		0.168063
94.1		0.169184
94.2		0.169184
94.3		0.169184
94.4		0.169184
94.5		0.169184
94.6		0.169184
94.7		0.169184
94.8		0.169184
94.9		0.169184
95		0.169184
95.1		0.171691
95.2		0.171691
95.3		0.171691
95.4		0.171691
95.5		0.171691
95.6		0.171691
95.7		0.171691
95.8		0.171691
95.9		0.171691
96		0.171691
96.1		0.173686
96.2		0.173686
96.3		0.173686
96.4		0.173686
96.5		0.173686
96.6		0.173686
96.7		0.173686
96.8		0.173686
96.9		0.173686
97		0.173686
97.1		0.176396
97.2		0.176396
97.3		0.176396
97.4		0.176396
97.5		0.176396
97.6		0.176396
97.7		0.176396
97.8		0.176396
97.9		0.176396
98		0.176396
98.1		0.178339
98.2		0.178339
98.3		0.178339
98.4		0.178339
98.5		0.178339
98.6		0.178339
98.7		0.178339
98.8		0.178339
98.9		0.178339
99		0.178339
99.1		0.180441
99.2		0.180441
99.3		0.180441
99.4		0.180441
99.5		0.180441
99.6		0.180441
99.7		0.180441
99.8		0.180441
99.9		0.180441
100		0.180441
100.1		0.182587
100.2		0.182587
100.3		0.182587
100.4		0.182587
100.5		0.182587
100.6		0.182587
100.7		0.182587
100.8		0.182587
100.9		0.182587
101		0.182587
101.1		0.182745
101.2		0.182745
101.3		0.182745
101.4		0.182745
101.5		0.182745
101.6		0.182745
101.7		0.182745
101.8		0.182745
101.9		0.182745
102		0.182745
102.1		0.184835
102.2		0.184835
102.3		0.184835
102.4		0.184835
102.5		0.184835
102.6		0.184835
102.7		0.184835
102.8		0.184835
102.9		0.184835
103		0.184835
103.1		0.187196
103.2		0.187196
103.3		0.187196
103.4		0.187196
103.5		0.187196
103.6		0.187196
103.7		0.187196
103.8		0.187196
103.9		0.187196
104		0.187196
104.1		0.191377
104.2		0.191377
104.3		0.191377
104.4		0.191377
104.5		0.191377
104.6		0.191377
104.7		0.191377
104.8		0.191377
104.9		0.191377
105		0.191377
105.1		0.193348
105.2		0.193348
105.3		0.193348
105.4		0.193348
105.5		0.193348
105.6		0.193348
105.7		0.193348
105.8		0.193348
105.9		0.193348
106		0.193348
106.1		0.194847
106.2		0.194847
106.3		0.194847
106.4		0.194847
106.5		0.194847
106.6		0.194847
106.7		0.194847
106.8		0.194847
106.9		0.194847
107		0.194847
107.1		0.196273
107.2		0.196273
107.3		0.196273
107.4		0.196273
107.5		0.196273
107.6		0.196273
107.7		0.196273
107.8		0.196273
107.9		0.196273
108		0.196273
108.1		0.197997
108.2		0.197997
108.3		0.197997
108.4		0.197997
108.5		0.197997
108.6		0.197997
108.7		0.197997
108.8		0.197997
108.9		0.197997
109		0.197997
109.1		0.200312
109.2		0.200312
109.3		0.200312
109.4		0.200312
109.5		0.200312
109.6		0.200312
109.7		0.200312
109.8		0.200312
109.9		0.200312
110		0.200312
110.1		0.204031
110.2		0.204031
110.3		0.204031
110.4		0.204031
110.5		0.204031
110.6		0.204031
110.7		0.204031
110.8		0.204031
110.9		0.204031
111		0.204031
111.1		0.205095
111.2		0.205095
111.3		0.205095
111.4		0.205095
111.5		0.205095
111.6		0.205095
111.7		0.205095
111.8		0.205095
111.9		0.205095
112		0.205095
112.1		0.205574
112.2		0.205574
112.3		0.205574
112.4		0.205574
112.5		0.205574
112.6		0.205574
112.7		0.205574
112.8		0.205574
112.9		0.205574
113		0.205574
113.1		0.209907
113.2		0.209907
113.3		0.209907
113.4		0.209907
113.5		0.209907
113.6		0.209907
113.7		0.209907
113.8		0.209907
113.9		0.209907
114		0.209907
114.1		0.212127
114.2		0.212127
114.3		0.212127
114.4		0.212127
114.5		0.212127
114.6		0.212127
114.7		0.212127
114.8		0.212127
114.9		0.212127
115		0.212127
115.1		0.213569
115.2		0.213569
115.3		0.213569
115.4		0.213569
115.5		0.213569
115.6		0.213569
115.7		0.213569
115.8		0.213569
115.9		0.213569
116		0.213569
116.1		0.214538
116.2		0.214538
116.3		0.214538
116.4		0.214538
116.5		0.214538
116.6		0.214538
116.7		0.214538
116.8		0.214538
116.9		0.214538
117		0.214538
117.1		0.214735
117.2		0.214735
117.3		0.214735
117.4		0.214735
117.5		0.214735
117.6		0.214735
117.7		0.214735
117.8		0.214735
117.9		0.214735
118		0.214735
118.1		0.222583
118.2		0.222583
118.3		0.222583
118.4		0.222583
118.5		0.222583
118.6		0.222583
118.7		0.222583
118.8		0.222583
118.9		0.222583
119		0.222583
119.1		0.2238
119.2		0.2238
119.3		0.2238
119.4		0.2238
119.5		0.2238
119.6		0.2238
119.7		0.2238
119.8		0.2238
119.9		0.2238
120		0.2238
120.1		0.224082
120.2		0.224082
120.3		0.224082
120.4		0.224082
120.5		0.224082
120.6		0.224082
120.7		0.224082
120.8		0.224082
120.9		0.224082
121		0.224082
121.1		0.224223
121.2		0.224223
121.3		0.224223
121.4		0.224223
121.5		0.224223
121.6		0.224223
121.7		0.224223
121.8		0.224223
121.9		0.224223
122		0.224223
122.1		0.231333
122.2		0.231333
122.3		0.231333
122.4		0.231333
122.5		0.231333
122.6		0.231333
122.7		0.231333
122.8		0.231333
122.9		0.231333
123		0.231333
123.1		0.232004
123.2		0.232004
123.3		0.232004
123.4		0.232004
123.5		0.232004
123.6		0.232004
123.7		0.232004
123.8		0.232004
123.9		0.232004
124		0.232004
124.1		0.234533
124.2		0.234533
124.3		0.234533
124.4		0.234533
124.5		0.234533
124.6		0.234533
124.7		0.234533
124.8		0.234533
124.9		0.234533
125		0.234533
125.1		0.234753
125.2		0.234753
125.3		0.234753
125.4		0.234753
125.5		0.234753
125.6		0.234753
125.7		0.234753
125.8		0.234753
125.9		0.234753
126		0.234753
126.1		0.238246
126.2		0.238246
126.3		0.238246
126.4		0.238246
126.5		0.238246
126.6		0.238246
126.7		0.238246
126.8		0.238246
126.9		0.238246
127		0.238246
127.1		0.238443
127.2		0.238443
127.3		0.238443
127.4		0.238443
127.5		0.238443
127.6		0.238443
127.7		0.238443
127.8		0.238443
127.9		0.238443
128		0.238443
128.1		0.24206
128.2		0.24206
128.3		0.24206
128.4		0.24206
128.5		0.24206
128.6		0.24206
128.7		0.24206
128.8		0.24206
128.9		0.24206
129		0.24206
129.1		0.244404
129.2		0.244404
129.3		0.244404
129.4		0.244404
129.5		0.244404
129.6		0.244404
129.7		0.244404
129.8		0.244404
129.9		0.244404
130		0.244404
130.1		0.24526
130.2		0.24526
130.3		0.24526
130.4		0.24526
130.5		0.24526
130.6		0.24526
130.7		0.24526
130.8		0.24526
130.9		0.24526
131		0.24526
131.1		0.248213
131.2		0.248213
131.3		0.248213
131.4		0.248213
131.5		0.248213
131.6		0.248213
131.7		0.248213
131.8		0.248213
131.9		0.248213
132		0.248213
132.1		0.249294
132.2		0.249294
132.3		0.249294
132.4		0.249294
132.5		0.249294
132.6		0.249294
132.7		0.249294
132.8		0.249294
132.9		0.249294
133		0.249294
133.1		0.249768
133.2		0.249768
133.3		0.249768
133.4		0.249768
133.5		0.249768
133.6		0.249768
133.7		0.249768
133.8		0.249768
133.9		0.249768
134		0.249768
134.1		0.254078
134.2		0.254078
134.3		0.254078
134.4		0.254078
134.5		0.254078
134.6		0.254078
134.7		0.254078
134.8		0.254078
134.9		0.254078
135		0.254078
135.1		0.25419
135.2		0.25419
135.3		0.25419
135.4		0.25419
135.5		0.25419
135.6		0.25419
135.7		0.25419
135.8		0.25419
135.9		0.25419
136		0.25419
136.1		0.25912
136.2		0.25912
136.3		0.25912
136.4		0.25912
136.5		0.25912
136.6		0.25912
136.7		0.25912
136.8		0.25912
136.9		0.25912
137		0.25912
137.1		0.259627
137.2		0.259627
137.3		0.259627
137.4		0.259627
137.5		0.259627
137.6		0.259627
137.7		0.259627
137.8		0.259627
137.9		0.259627
138		0.259627
138.1		0.260562
138.2		0.260562
138.3		0.260562
138.4		0.260562
138.5		0.260562
138.6		0.260562
138.7		0.260562
138.8		0.260562
138.9		0.260562
139		0.260562
139.1		0.264743
139.2		0.264743
139.3		0.264743
139.4		0.264743
139.5		0.264743
139.6		0.264743
139.7		0.264743
139.8		0.264743
139.9		0.264743
140		0.264743
140.1		0.267898
140.2		0.267898
140.3		0.267898
140.4		0.267898
140.5		0.267898
140.6		0.267898
140.7		0.267898
140.8		0.267898
140.9		0.267898
141		0.267898
141.1		0.268811
141.2		0.268811
141.3		0.268811
141.4		0.268811
141.5		0.268811
141.6		0.268811
141.7		0.268811
141.8		0.268811
141.9		0.268811
142		0.268811
142.1		0.270039
142.2		0.270039
142.3		0.270039
142.4		0.270039
142.5		0.270039
142.6		0.270039
142.7		0.270039
142.8		0.270039
142.9		0.270039
143		0.270039
143.1		0.271909
143.2		0.271909
143.3		0.271909
143.4		0.271909
143.5		0.271909
143.6		0.271909
143.7		0.271909
143.8		0.271909
143.9		0.271909
144		0.271909
144.1		0.273994
144.2		0.273994
144.3		0.273994
144.4		0.273994
144.5		0.273994
144.6		0.273994
144.7		0.273994
144.8		0.273994
144.9		0.273994
145		0.273994
145.1		0.277341
145.2		0.277341
145.3		0.277341
145.4		0.277341
145.5		0.277341
145.6		0.277341
145.7		0.277341
145.8		0.277341
145.9		0.277341
146		0.277341
146.1		0.277453
146.2		0.277453
146.3		0.277453
146.4		0.277453
146.5		0.277453
146.6		0.277453
146.7		0.277453
146.8		0.277453
146.9		0.277453
147		0.277453
147.1		0.277633
147.2		0.277633
147.3		0.277633
147.4		0.277633
147.5		0.277633
147.6		0.277633
147.7		0.277633
147.8		0.277633
147.9		0.277633
148		0.277633
148.1		0.283155
148.2		0.283155
148.3		0.283155
148.4		0.283155
148.5		0.283155
148.6		0.283155
148.7		0.283155
148.8		0.283155
148.9		0.283155
149		0.283155
149.1		0.283341
149.2		0.283341
149.3		0.283341
149.4		0.283341
149.5		0.283341
149.6		0.283341
149.7		0.283341
149.8		0.283341
149.9		0.283341
150		0.283341
150.1		0.285775
150.2		0.285775
150.3		0.285775
150.4		0.285775
150.5		0.285775
150.6		0.285775
150.7		0.285775
150.8		0.285775
150.9		0.285775
151		0.285775
151.1		0.287555
151.2		0.287555
151.3		0.287555
151.4		0.287555
151.5		0.287555
151.6		0.287555
151.7		0.287555
151.8		0.287555
151.9		0.287555
152		0.287555
152.1		0.288028
152.2		0.288028
152.3		0.288028
152.4		0.288028
152.5		0.288028
152.6		0.288028
152.7		0.288028
152.8		0.288028
152.9		0.288028
153		0.288028
153.1		0.294383
153.2		0.294383
153.3		0.294383
153.4		0.294383
153.5		0.294383
153.6		0.294383
153.7		0.294383
153.8		0.294383
153.9		0.294383
154		0.294383
154.1		0.295657
154.2		0.295657
154.3		0.295657
154.4		0.295657
154.5		0.295657
154.6		0.295657
154.7		0.295657
154.8		0.295657
154.9		0.295657
155		0.295657
155.1		0.295978
155.2		0.295978
155.3		0.295978
155.4		0.295978
155.5		0.295978
155.6		0.295978
155.7		0.295978
155.8		0.295978
155.9		0.295978
156		0.295978
156.1		0.299274
156.2		0.299274
156.3		0.299274
156.4		0.299274
156.5		0.299274
156.6		0.299274
156.7		0.299274
156.8		0.299274
156.9		0.299274
157		0.299274
157.1		0.300401
157.2		0.300401
157.3		0.300401
157.4		0.300401
157.5		0.300401
157.6		0.300401
157.7		0.300401
157.8		0.300401
157.9		0.300401
158		0.300401
158.1		0.303212
158.2		0.303212
158.3		0.303212
158.4		0.303212
158.5		0.303212
158.6		0.303212
158.7		0.303212
158.8		0.303212
158.9		0.303212
159		0.303212
159.1		0.304773
159.2		0.304773
159.3		0.304773
159.4		0.304773
159.5		0.304773
159.6		0.304773
159.7		0.304773
159.8		0.304773
159.9		0.304773
160		0.304773
160.1		0.308142
160.2		0.308142
160.3		0.308142
160.4		0.308142
160.5		0.308142
160.6		0.308142
160.7		0.308142
160.8		0.308142
160.9		0.308142
161		0.308142
161.1		0.309218
161.2		0.309218
161.3		0.309218
161.4		0.309218
161.5		0.309218
161.6		0.309218
161.7		0.309218
161.8		0.309218
161.9		0.309218
162		0.309218
162.1		0.312249
162.2		0.312249
162.3		0.312249
162.4		0.312249
162.5		0.312249
162.6		0.312249
162.7		0.312249
162.8		0.312249
162.9		0.312249
163		0.312249
163.1		0.315449
163.2		0.315449
163.3		0.315449
163.4		0.315449
163.5		0.315449
163.6		0.315449
163.7		0.315449
163.8		0.315449
163.9		0.315449
164		0.315449
164.1		0.316705
164.2		0.316705
164.3		0.316705
164.4		0.316705
164.5		0.316705
164.6		0.316705
164.7		0.316705
164.8		0.316705
164.9		0.316705
165		0.316705
165.1		0.318035
165.2		0.318035
165.3		0.318035
165.4		0.318035
165.5		0.318035
165.6		0.318035
165.7		0.318035
165.8		0.318035
165.9		0.318035
166		0.318035
166.1		0.319162
166.2		0.319162
166.3		0.319162
166.4		0.319162
166.5		0.319162
166.6		0.319162
166.7		0.319162
166.8		0.319162
166.9		0.319162
167		0.319162
167.1		0.323556
167.2		0.323556
167.3		0.323556
167.4		0.323556
167.5		0.323556
167.6		0.323556
167.7		0.323556
167.8		0.323556
167.9		0.323556
168		0.323556
168.1		0.32572
168.2		0.32572
168.3		0.32572
168.4		0.32572
168.5		0.32572
168.6		0.32572
168.7		0.32572
168.8		0.32572
168.9		0.32572
169		0.32572
169.1		0.326435
169.2		0.326435
169.3		0.326435
169.4		0.326435
169.5		0.326435
169.6		0.326435
169.7		0.326435
169.8		0.326435
169.9		0.326435
170		0.326435
170.1		0.328081
170.2		0.328081
170.3		0.328081
170.4		0.328081
170.5		0.328081
170.6		0.328081
170.7		0.328081
170.8		0.328081
170.9		0.328081
171		0.328081
171.1		0.328266
171.2		0.328266
171.3		0.328266
171.4		0.328266
171.5		0.328266
171.6		0.328266
171.7		0.328266
171.8		0.328266
171.9		0.328266
172		0.328266
172.1		0.332081
172.2		0.332081
172.3		0.332081
172.4		0.332081
172.5		0.332081
172.6		0.332081
172.7		0.332081
172.8		0.332081
172.9		0.332081
173		0.332081
173.1		0.335563
173.2		0.335563
173.3		0.335563
173.4		0.335563
173.5		0.335563
173.6		0.335563
173.7		0.335563
173.8		0.335563
173.9		0.335563
174		0.335563
174.1		0.335816
174.2		0.335816
174.3		0.335816
174.4		0.335816
174.5		0.335816
174.6		0.335816
174.7		0.335816
174.8		0.335816
174.9		0.335816
175		0.335816
175.1		0.339619
175.2		0.339619
175.3		0.339619
175.4		0.339619
175.5		0.339619
175.6		0.339619
175.7		0.339619
175.8		0.339619
175.9		0.339619
176		0.339619
176.1		0.340836
176.2		0.340836
176.3		0.340836
176.4		0.340836
176.5		0.340836
176.6		0.340836
176.7		0.340836
176.8		0.340836
176.9		0.340836
177		0.340836
177.1		0.342053
177.2		0.342053
177.3		0.342053
177.4		0.342053
177.5		0.342053
177.6		0.342053
177.7		0.342053
177.8		0.342053
177.9		0.342053
178		0.342053
178.1		0.345394
178.2		0.345394
178.3		0.345394
178.4		0.345394
178.5		0.345394
178.6		0.345394
178.7		0.345394
178.8		0.345394
178.9		0.345394
179		0.345394
179.1		0.346831
179.2		0.346831
179.3		0.346831
179.4		0.346831
179.5		0.346831
179.6		0.346831
179.7		0.346831
179.8		0.346831
179.9		0.346831
180		0.346831
180.1		0.347766
180.2		0.347766
180.3		0.347766
180.4		0.347766
180.5		0.347766
180.6		0.347766
180.7		0.347766
180.8		0.347766
180.9		0.347766
181		0.347766
181.1		0.351434
181.2		0.351434
181.3		0.351434
181.4		0.351434
181.5		0.351434
181.6		0.351434
181.7		0.351434
181.8		0.351434
181.9		0.351434
182		0.351434
182.1		0.353636
182.2		0.353636
182.3		0.353636
182.4		0.353636
182.5		0.353636
182.6		0.353636
182.7		0.353636
182.8		0.353636
182.9		0.353636
183		0.353636
183.1		0.353929
183.2		0.353929
183.3		0.353929
183.4		0.353929
183.5		0.353929
183.6		0.353929
183.7		0.353929
183.8		0.353929
183.9		0.353929
184		0.353929
184.1		0.355738
184.2		0.355738
184.3		0.355738
184.4		0.355738
184.5		0.355738
184.6		0.355738
184.7		0.355738
184.8		0.355738
184.9		0.355738
185		0.355738
185.1		0.357608
185.2		0.357608
185.3		0.357608
185.4		0.357608
185.5		0.357608
185.6		0.357608
185.7		0.357608
185.8		0.357608
185.9		0.357608
186		0.357608
186.1		0.361389
186.2		0.361389
186.3		0.361389
186.4		0.361389
186.5		0.361389
186.6		0.361389
186.7		0.361389
186.8		0.361389
186.9		0.361389
187		0.361389
187.1		0.363023
187.2		0.363023
187.3		0.363023
187.4		0.363023
187.5		0.363023
187.6		0.363023
187.7		0.363023
187.8		0.363023
187.9		0.363023
188		0.363023
188.1		0.36433
188.2		0.36433
188.3		0.36433
188.4		0.36433
188.5		0.36433
188.6		0.36433
188.7		0.36433
188.8		0.36433
188.9		0.36433
189		0.36433
189.1		0.36575
189.2		0.36575
189.3		0.36575
189.4		0.36575
189.5		0.36575
189.6		0.36575
189.7		0.36575
189.8		0.36575
189.9		0.36575
190		0.36575
190.1		0.370099
190.2		0.370099
190.3		0.370099
190.4		0.370099
190.5		0.370099
190.6		0.370099
190.7		0.370099
190.8		0.370099
190.9		0.370099
191		0.370099
191.1		0.371344
191.2		0.371344
191.3		0.371344
191.4		0.371344
191.5		0.371344
191.6		0.371344
191.7		0.371344
191.8		0.371344
191.9		0.371344
192		0.371344
192.1		0.371992
192.2		0.371992
192.3		0.371992
192.4		0.371992
192.5		0.371992
192.6		0.371992
192.7		0.371992
192.8		0.371992
192.9		0.371992
193		0.371992
193.1		0.376308
193.2		0.376308
193.3		0.376308
193.4		0.376308
193.5		0.376308
193.6		0.376308
193.7		0.376308
193.8		0.376308
193.9		0.376308
194		0.376308
194.1		0.378601
194.2		0.378601
194.3		0.378601
194.4		0.378601
194.5		0.378601
194.6		0.378601
194.7		0.378601
194.8		0.378601
194.9		0.378601
195		0.378601
195.1		0.379232
195.2		0.379232
195.3		0.379232
195.4		0.379232
195.5		0.379232
195.6		0.379232
195.7		0.379232
195.8		0.379232
195.9		0.379232
196		0.379232
196.1		0.380308
196.2		0.380308
196.3		0.380308
196.4		0.380308
196.5		0.380308
196.6		0.380308
196.7		0.380308
196.8		0.380308
196.9		0.380308
197		0.380308
197.1		0.381773
197.2		0.381773
197.3		0.381773
197.4		0.381773
197.5		0.381773
197.6		0.381773
197.7		0.381773
197.8		0.381773
197.9		0.381773
198		0.381773
198.1		0.384624
198.2		0.384624
198.3		0.384624
198.4		0.384624
198.5		0.384624
198.6		0.384624
198.7		0.384624
198.8		0.384624
198.9		0.384624
199		0.384624
199.1		0.387756
199.2		0.387756
199.3		0.387756
199.4		0.387756
199.5		0.387756
199.6		0.387756
199.7		0.387756
199.8		0.387756
199.9		0.387756
200		0.387756
200.1		0.389717
200.2		0.389717
200.3		0.389717
200.4		0.389717
200.5		0.389717
200.6		0.389717
200.7		0.389717
200.8		0.389717
200.9		0.389717
201		0.389717
201.1		0.391689
201.2		0.391689
201.3		0.391689
201.4		0.391689
201.5		0.391689
201.6		0.391689
201.7		0.391689
201.8		0.391689
201.9		0.391689
202		0.391689
202.1		0.39437
202.2		0.39437
202.3		0.39437
202.4		0.39437
202.5		0.39437
202.6		0.39437
202.7		0.39437
202.8		0.39437
202.9		0.39437
203		0.39437
203.1		0.395199
203.2		0.395199
203.3		0.395199
203.4		0.395199
203.5		0.395199
203.6		0.395199
203.7		0.395199
203.8		0.395199
203.9		0.395199
204		0.395199
204.1		0.398855
204.2		0.398855
204.3		0.398855
204.4		0.398855
204.5		0.398855
204.6		0.398855
204.7		0.398855
204.8		0.398855
204.9		0.398855
205		0.398855
205.1		0.401182
205.2		0.401182
205.3		0.401182
205.4		0.401182
205.5		0.401182
205.6		0.401182
205.7		0.401182
205.8		0.401182
205.9		0.401182
206		0.401182
206.1		0.405509
206.2		0.405509
206.3		0.405509
206.4		0.405509
206.5		0.405509
206.6		0.405509
206.7		0.405509
206.8		0.405509
206.9		0.405509
207		0.405509
207.1		0.405667
207.2		0.405667
207.3		0.405667
207.4		0.405667
207.5		0.405667
207.6		0.405667
207.7		0.405667
207.8		0.405667
207.9		0.405667
208		0.405667
208.1		0.408743
208.2		0.408743
208.3		0.408743
208.4		0.408743
208.5		0.408743
208.6		0.408743
208.7		0.408743
208.8		0.408743
208.9		0.408743
209		0.408743
209.1		0.408889
209.2		0.408889
209.3		0.408889
209.4		0.408889
209.5		0.408889
209.6		0.408889
209.7		0.408889
209.8		0.408889
209.9		0.408889
210		0.408889
210.1		0.411137
210.2		0.411137
210.3		0.411137
210.4		0.411137
210.5		0.411137
210.6		0.411137
210.7		0.411137
210.8		0.411137
210.9		0.411137
211		0.411137
211.1		0.415414
211.2		0.415414
211.3		0.415414
211.4		0.415414
211.5		0.415414
211.6		0.415414
211.7		0.415414
211.8		0.415414
211.9		0.415414
212		0.415414
212.1		0.419284
212.2		0.419284
212.3		0.419284
212.4		0.419284
212.5		0.419284
212.6		0.419284
212.7		0.419284
212.8		0.419284
212.9		0.419284
213		0.419284
213.1		0.42045
213.2		0.42045
213.3		0.42045
213.4		0.42045
213.5		0.42045
213.6		0.42045
213.7		0.42045
213.8		0.42045
213.9		0.42045
214		0.42045
214.1		0.421222
214.2		0.421222
214.3		0.421222
214.4		0.421222
214.5		0.421222
214.6		0.421222
214.7		0.421222
214.8		0.421222
214.9		0.421222
215		0.421222
215.1		0.422901
215.2		0.422901
215.3		0.422901
215.4		0.422901
215.5		0.422901
215.6		0.422901
215.7		0.422901
215.8		0.422901
215.9		0.422901
216		0.422901
216.1		0.427521
216.2		0.427521
216.3		0.427521
216.4		0.427521
216.5		0.427521
216.6		0.427521
216.7		0.427521
216.8		0.427521
216.9		0.427521
217		0.427521
217.1		0.427645
217.2		0.427645
217.3		0.427645
217.4		0.427645
217.5		0.427645
217.6		0.427645
217.7		0.427645
217.8		0.427645
217.9		0.427645
218		0.427645
218.1		0.427808
218.2		0.427808
218.3		0.427808
218.4		0.427808
218.5		0.427808
218.6		0.427808
218.7		0.427808
218.8		0.427808
218.9		0.427808
219		0.427808
219.1		0.430563
219.2		0.430563
219.3		0.430563
219.4		0.430563
219.5		0.430563
219.6		0.430563
219.7		0.430563
219.8		0.430563
219.9		0.430563
220		0.430563
220.1		0.433155
220.2		0.433155
220.3		0.433155
220.4		0.433155
220.5		0.433155
220.6		0.433155
220.7		0.433155
220.8		0.433155
220.9		0.433155
221		0.433155
221.1		0.433758
221.2		0.433758
221.3		0.433758
221.4		0.433758
221.5		0.433758
221.6		0.433758
221.7		0.433758
221.8		0.433758
221.9		0.433758
222		0.433758
222.1		0.438761
222.2		0.438761
222.3		0.438761
222.4		0.438761
222.5		0.438761
222.6		0.438761
222.7		0.438761
222.8		0.438761
222.9		0.438761
223		0.438761
223.1		0.440153
223.2		0.440153
223.3		0.440153
223.4		0.440153
223.5		0.440153
223.6		0.440153
223.7		0.440153
223.8		0.440153
223.9		0.440153
224		0.440153
224.1		0.442755
224.2		0.442755
224.3		0.442755
224.4		0.442755
224.5		0.442755
224.6		0.442755
224.7		0.442755
224.8		0.442755
224.9		0.442755
225		0.442755
225.1		0.443375
225.2		0.443375
225.3		0.443375
225.4		0.443375
225.5		0.443375
225.6		0.443375
225.7		0.443375
225.8		0.443375
225.9		0.443375
226		0.443375
226.1		0.443967
226.2		0.443967
226.3		0.443967
226.4		0.443967
226.5		0.443967
226.6		0.443967
226.7		0.443967
226.8		0.443967
226.9		0.443967
227		0.443967
227.1		0.44435
227.2		0.44435
227.3		0.44435
227.4		0.44435
227.5		0.44435
227.6		0.44435
227.7		0.44435
227.8		0.44435
227.9		0.44435
228		0.44435
228.1		0.450283
228.2		0.450283
228.3		0.450283
228.4		0.450283
228.5		0.450283
228.6		0.450283
228.7		0.450283
228.8		0.450283
228.9		0.450283
229		0.450283
229.1		0.452666
229.2		0.452666
229.3		0.452666
229.4		0.452666
229.5		0.452666
229.6		0.452666
229.7		0.452666
229.8		0.452666
229.9		0.452666
230		0.452666
230.1		0.454193
230.2		0.454193
230.3		0.454193
230.4		0.454193
230.5		0.454193
230.6		0.454193
230.7		0.454193
230.8		0.454193
230.9		0.454193
231		0.454193
231.1		0.454857
231.2		0.454857
231.3		0.454857
231.4		0.454857
231.5		0.454857
231.6		0.454857
231.7		0.454857
231.8		0.454857
231.9		0.454857
232		0.454857
232.1		0.45715
232.2		0.45715
232.3		0.45715
232.4		0.45715
232.5		0.45715
232.6		0.45715
232.7		0.45715
232.8		0.45715
232.9		0.45715
233		0.45715
233.1		0.4603
233.2		0.4603
233.3		0.4603
233.4		0.4603
233.5		0.4603
233.6		0.4603
233.7		0.4603
233.8		0.4603
233.9		0.4603
234		0.4603
234.1		0.463145
234.2		0.463145
234.3		0.463145
234.4		0.463145
234.5		0.463145
234.6		0.463145
234.7		0.463145
234.8		0.463145
234.9		0.463145
235		0.463145
235.1		0.4643
235.2		0.4643
235.3		0.4643
235.4		0.4643
235.5		0.4643
235.6		0.4643
235.7		0.4643
235.8		0.4643
235.9		0.4643
236		0.4643
236.1		0.467021
236.2		0.467021
236.3		0.467021
236.4		0.467021
236.5		0.467021
236.6		0.467021
236.7		0.467021
236.8		0.467021
236.9		0.467021
237		0.467021
237.1		0.469973
237.2		0.469973
237.3		0.469973
237.4		0.469973
237.5		0.469973
237.6		0.469973
237.7		0.469973
237.8		0.469973
237.9		0.469973
238		0.469973
238.1		0.470689
238.2		0.470689
238.3		0.470689
238.4		0.470689
238.5		0.470689
238.6		0.470689
238.7		0.470689
238.8		0.470689
238.9		0.470689
239		0.470689
239.1		0.472999
239.2		0.472999
239.3		0.472999
239.4		0.472999
239.5		0.472999
239.6		0.472999
239.7		0.472999
239.8		0.472999
239.9		0.472999
240		0.472999
240.1		0.476915
240.2		0.476915
240.3		0.476915
240.4		0.476915
240.5		0.476915
240.6		0.476915
240.7		0.476915
240.8		0.476915
240.9		0.476915
241		0.476915
241.1		0.478177
241.2		0.478177
241.3		0.478177
241.4		0.478177
241.5		0.478177
241.6		0.478177
241.7		0.478177
241.8		0.478177
241.9		0.478177
242		0.478177
242.1		0.479258
242.2		0.479258
242.3		0.479258
242.4		0.479258
242.5		0.479258
242.6		0.479258
242.7		0.479258
242.8		0.479258
242.9		0.479258
243		0.479258
243.1		0.481642
243.2		0.481642
243.3		0.481642
243.4		0.481642
243.5		0.481642
243.6		0.481642
243.7		0.481642
243.8		0.481642
243.9		0.481642
244		0.481642
244.1		0.483089
244.2		0.483089
244.3		0.483089
244.4		0.483089
244.5		0.483089
244.6		0.483089
244.7		0.483089
244.8		0.483089
244.9		0.483089
245		0.483089
245.1		0.486081
245.2		0.486081
245.3		0.486081
245.4		0.486081
245.5		0.486081
245.6		0.486081
245.7		0.486081
245.8		0.486081
245.9		0.486081
246		0.486081
246.1		0.487957
246.2		0.487957
246.3		0.487957
246.4		0.487957
246.5		0.487957
246.6		0.487957
246.7		0.487957
246.8		0.487957
246.9		0.487957
247		0.487957
247.1		0.489974
247.2		0.489974
247.3		0.489974
247.4		0.489974
247.5		0.489974
247.6		0.489974
247.7		0.489974
247.8		0.489974
247.9		0.489974
248		0.489974
248.1		0.490166
248.2		0.490166
248.3		0.490166
248.4		0.490166
248.5		0.490166
248.6		0.490166
248.7		0.490166
248.8		0.490166
248.9		0.490166
249		0.490166
249.1		0.49225
249.2		0.49225
249.3		0.49225
249.4		0.49225
249.5		0.49225
249.6		0.49225
249.7		0.49225
249.8		0.49225
249.9		0.49225
250		0.49225
250.1		0.49998
250.2		0.49998
250.3		0.49998
250.4		0.49998
250.5		0.49998
250.6		0.49998
250.7		0.49998
250.8		0.49998
250.9		0.49998
251		0.49998
251.1		0.500352
251.2		0.500352
251.3		0.500352
251.4		0.500352
251.5		0.500352
251.6		0.500352
251.7		0.500352
251.8		0.500352
251.9		0.500352
252		0.500352
252.1		0.500639
252.2		0.500639
252.3		0.500639
252.4		0.500639
252.5		0.500639
252.6		0.500639
252.7		0.500639
252.8		0.500639
252.9		0.500639
253		0.500639
253.1		0.502763
253.2		0.502763
253.3		0.502763
253.4		0.502763
253.5		0.502763
253.6		0.502763
253.7		0.502763
253.8		0.502763
253.9		0.502763
254		0.502763
254.1		0.507423
254.2		0.507423
254.3		0.507423
254.4		0.507423
254.5		0.507423
254.6		0.507423
254.7		0.507423
254.8		0.507423
254.9		0.507423
255		0.507423
255.1		0.508381
255.2		0.508381
255.3		0.508381
255.4		0.508381
255.5		0.508381
255.6		0.508381
255.7		0.508381
255.8		0.508381
255.9		0.508381
256		0.508381
256.1		0.511727
256.2		0.511727
256.3		0.511727
256.4		0.511727
256.5		0.511727
256.6		0.511727
256.7		0.511727
256.8		0.511727
256.9		0.511727
257		0.511727
257.1		0.512302
257.2		0.512302
257.3		0.512302
257.4		0.512302
257.5		0.512302
257.6		0.512302
257.7		0.512302
257.8		0.512302
257.9		0.512302
258		0.512302
258.1		0.515029
258.2		0.515029
258.3		0.515029
258.4		0.515029
258.5		0.515029
258.6		0.515029
258.7		0.515029
258.8		0.515029
258.9		0.515029
259		0.515029
259.1		0.516888
259.2		0.516888
259.3		0.516888
259.4		0.516888
259.5		0.516888
259.6		0.516888
259.7		0.516888
259.8		0.516888
259.9		0.516888
260		0.516888
260.1		0.51726
260.2		0.51726
260.3		0.51726
260.4		0.51726
260.5		0.51726
260.6		0.51726
260.7		0.51726
260.8		0.51726
260.9		0.51726
261		0.51726
261.1		0.517519
261.2		0.517519
261.3		0.517519
261.4		0.517519
261.5		0.517519
261.6		0.517519
261.7		0.517519
261.8		0.517519
261.9		0.517519
262		0.517519
262.1		0.523215
262.2		0.523215
262.3		0.523215
262.4		0.523215
262.5		0.523215
262.6		0.523215
262.7		0.523215
262.8		0.523215
262.9		0.523215
263		0.523215
263.1		0.524871
263.2		0.524871
263.3		0.524871
263.4		0.524871
263.5		0.524871
263.6		0.524871
263.7		0.524871
263.8		0.524871
263.9		0.524871
264		0.524871
264.1		0.527384
264.2		0.527384
264.3		0.527384
264.4		0.527384
264.5		0.527384
264.6		0.527384
264.7		0.527384
264.8		0.527384
264.9		0.527384
265		0.527384
265.1		0.528398
265.2		0.528398
265.3		0.528398
265.4		0.528398
265.5		0.528398
265.6		0.528398
265.7		0.528398
265.8		0.528398
265.9		0.528398
266		0.528398
266.1		0.533277
266.2		0.533277
266.3		0.533277
266.4		0.533277
266.5		0.533277
266.6		0.533277
266.7		0.533277
266.8		0.533277
266.9		0.533277
267		0.533277
267.1		0.534218
267.2		0.534218
267.3		0.534218
267.4		0.534218
267.5		0.534218
267.6		0.534218
267.7		0.534218
267.8		0.534218
267.9		0.534218
268		0.534218
268.1		0.534984
268.2		0.534984
268.3		0.534984
268.4		0.534984
268.5		0.534984
268.6		0.534984
268.7		0.534984
268.8		0.534984
268.9		0.534984
269		0.534984
269.1		0.538173
269.2		0.538173
269.3		0.538173
269.4		0.538173
269.5		0.538173
269.6		0.538173
269.7		0.538173
269.8		0.538173
269.9		0.538173
270		0.538173
270.1		0.538669
270.2		0.538669
270.3		0.538669
270.4		0.538669
270.5		0.538669
270.6		0.538669
270.7		0.538669
270.8		0.538669
270.9		0.538669
271		0.538669
271.1		0.54219
271.2		0.54219
271.3		0.54219
271.4		0.54219
271.5		0.54219
271.6		0.54219
271.7		0.54219
271.8		0.54219
271.9		0.54219
272		0.54219
272.1		0.543272
272.2		0.543272
272.3		0.543272
272.4		0.543272
272.5		0.543272
272.6		0.543272
272.7		0.543272
272.8		0.543272
272.9		0.543272
273		0.543272
273.1		0.544996
273.2		0.544996
273.3		0.544996
273.4		0.544996
273.5		0.544996
273.6		0.544996
273.7		0.544996
273.8		0.544996
273.9		0.544996
274		0.544996
274.1		0.546236
274.2		0.546236
274.3		0.546236
274.4		0.546236
274.5		0.546236
274.6		0.546236
274.7		0.546236
274.8		0.546236
274.9		0.546236
275		0.546236
275.1		0.548912
275.2		0.548912
275.3		0.548912
275.4		0.548912
275.5		0.548912
275.6		0.548912
275.7		0.548912
275.8		0.548912
275.9		0.548912
276		0.548912
276.1		0.549486
276.2		0.549486
276.3		0.549486
276.4		0.549486
276.5		0.549486
276.6		0.549486
276.7		0.549486
276.8		0.549486
276.9		0.549486
277		0.549486
277.1		0.554929
277.2		0.554929
277.3		0.554929
277.4		0.554929
277.5		0.554929
277.6		0.554929
277.7		0.554929
277.8		0.554929
277.9		0.554929
278		0.554929
278.1		0.555166
278.2		0.555166
278.3		0.555166
278.4		0.555166
278.5		0.555166
278.6		0.555166
278.7		0.555166
278.8		0.555166
278.9		0.555166
279		0.555166
279.1		0.558349
279.2		0.558349
279.3		0.558349
279.4		0.558349
279.5		0.558349
279.6		0.558349
279.7		0.558349
279.8		0.558349
279.9		0.558349
280		0.558349
280.1		0.558878
280.2		0.558878
280.3		0.558878
280.4		0.558878
280.5		0.558878
280.6		0.558878
280.7		0.558878
280.8		0.558878
280.9		0.558878
281		0.558878
281.1		0.560597
281.2		0.560597
281.3		0.560597
281.4		0.560597
281.5		0.560597
281.6		0.560597
281.7		0.560597
281.8		0.560597
281.9		0.560597
282		0.560597
282.1		0.563487
282.2		0.563487
282.3		0.563487
282.4		0.563487
282.5		0.563487
282.6		0.563487
282.7		0.563487
282.8		0.563487
282.9		0.563487
283		0.563487
283.1		0.565031
283.2		0.565031
283.3		0.565031
283.4		0.565031
283.5		0.565031
283.6		0.565031
283.7		0.565031
283.8		0.565031
283.9		0.565031
284		0.565031
284.1		0.569673
284.2		0.569673
284.3		0.569673
284.4		0.569673
284.5		0.569673
284.6		0.569673
284.7		0.569673
284.8		0.569673
284.9		0.569673
285		0.569673
285.1		0.569949
285.2		0.569949
285.3		0.569949
285.4		0.569949
285.5		0.569949
285.6		0.569949
285.7		0.569949
285.8		0.569949
285.9		0.569949
286		0.569949
286.1		0.572868
286.2		0.572868
286.3		0.572868
286.4		0.572868
286.5		0.572868
286.6		0.572868
286.7		0.572868
286.8		0.572868
286.9		0.572868
287		0.572868
287.1		0.578107
287.2		0.578107
287.3		0.578107
287.4		0.578107
287.5		0.578107
287.6		0.578107
287.7		0.578107
287.8		0.578107
287.9		0.578107
288		0.578107
288.1		0.578552
288.2		0.578552
288.3		0.578552
288.4		0.578552
288.5		0.578552
288.6		0.578552
288.7		0.578552
288.8		0.578552
288.9		0.578552
289		0.578552
289.1		0.579352
289.2		0.579352
289.3		0.579352
289.4		0.579352
289.5		0.579352
289.6		0.579352
289.7		0.579352
289.8		0.579352
289.9		0.579352
290		0.579352
290.1		0.580952
290.2		0.580952
290.3		0.580952
290.4		0.580952
290.5		0.580952
290.6		0.580952
290.7		0.580952
290.8		0.580952
290.9		0.580952
291		0.580952
291.1		0.586046
291.2		0.586046
291.3		0.586046
291.4		0.586046
291.5		0.586046
291.6		0.586046
291.7		0.586046
291.8		0.586046
291.9		0.586046
292		0.586046
292.1		0.589009
292.2		0.589009
292.3		0.589009
292.4		0.589009
292.5		0.589009
292.6		0.589009
292.7		0.589009
292.8		0.589009
292.9		0.589009
293		0.589009
293.1		0.590418
293.2		0.590418
293.3		0.590418
293.4		0.590418
293.5		0.590418
293.6		0.590418
293.7		0.590418
293.8		0.590418
293.9		0.590418
294		0.590418
294.1		0.591263
294.2		0.591263
294.3		0.591263
294.4		0.591263
294.5		0.591263
294.6		0.591263
294.7		0.591263
294.8		0.591263
294.9		0.591263
295		0.591263
295.1		0.591263
295.2		0.591263
295.3		0.591263
295.4		0.591263
295.5		0.591263
295.6		0.591263
295.7		0.591263
295.8		0.591263
295.9		0.591263
296		0.591263
296.1		0.591263
296.2		0.591263
296.3		0.591263
296.4		0.591263
296.5		0.591263
296.6		0.591263
296.7		0.591263
296.8		0.591263
296.9		0.591263
297		0.591263
297.1		0.596085
297.2		0.596085
297.3		0.596085
297.4		0.596085
297.5		0.596085
297.6		0.596085
297.7		0.596085
297.8		0.596085
297.9		0.596085
298		0.596085
298.1		0.596497
298.2		0.596497
298.3		0.596497
298.4		0.596497
298.5		0.596497
298.6		0.596497
298.7		0.596497
298.8		0.596497
298.9		0.596497
299		0.596497
299.1		0.597804
299.2		0.597804
299.3		0.597804
299.4		0.597804
299.5		0.597804
299.6		0.597804
299.7		0.597804
299.8		0.597804
299.9		0.597804
300		0.597804
300.1		0.601573
300.2		0.601573
300.3		0.601573
300.4		0.601573
300.5		0.601573
300.6		0.601573
300.7		0.601573
300.8		0.601573
300.9		0.601573
301		0.601573
301.1		0.602227
301.2		0.602227
301.3		0.602227
301.4		0.602227
301.5		0.602227
301.6		0.602227
301.7		0.602227
301.8		0.602227
301.9		0.602227
302		0.602227
302.1		0.605534
302.2		0.605534
302.3		0.605534
302.4		0.605534
302.5		0.605534
302.6		0.605534
302.7		0.605534
302.8		0.605534
302.9		0.605534
303		0.605534
303.1		0.606683
303.2		0.606683
303.3		0.606683
303.4		0.606683
303.5		0.606683
303.6		0.606683
303.7		0.606683
303.8		0.606683
303.9		0.606683
304		0.606683
304.1		0.607692
304.2		0.607692
304.3		0.607692
304.4		0.607692
304.5		0.607692
304.6		0.607692
304.7		0.607692
304.8		0.607692
304.9		0.607692
305		0.607692
305.1		0.609438
305.2		0.609438
305.3		0.609438
305.4		0.609438
305.5		0.609438
305.6		0.609438
305.7		0.609438
305.8		0.609438
305.9		0.609438
306		0.609438
306.1		0.612069
306.2		0.612069
306.3		0.612069
306.4		0.612069
306.5		0.612069
306.6		0.612069
306.7		0.612069
306.8		0.612069
306.9		0.612069
307		0.612069
307.1		0.614796
307.2		0.614796
307.3		0.614796
307.4		0.614796
307.5		0.614796
307.6		0.614796
307.7		0.614796
307.8		0.614796
307.9		0.614796
308		0.614796
308.1		0.615303
308.2		0.615303
308.3		0.615303
308.4		0.615303
308.5		0.615303
308.6		0.615303
308.7		0.615303
308.8		0.615303
308.9		0.615303
309		0.615303
309.1		0.616565
309.2		0.616565
309.3		0.616565
309.4		0.616565
309.5		0.616565
309.6		0.616565
309.7		0.616565
309.8		0.616565
309.9		0.616565
310		0.616565
310.1		0.621517
310.2		0.621517
310.3		0.621517
310.4		0.621517
310.5		0.621517
310.6		0.621517
310.7		0.621517
310.8		0.621517
310.9		0.621517
311		0.621517
311.1		0.62176
311.2		0.62176
311.3		0.62176
311.4		0.62176
311.5		0.62176
311.6		0.62176
311.7		0.62176
311.8		0.62176
311.9		0.62176
312		0.62176
312.1		0.62354
312.2		0.62354
312.3		0.62354
312.4		0.62354
312.5		0.62354
312.6		0.62354
312.7		0.62354
312.8		0.62354
312.9		0.62354
313		0.62354
313.1		0.624611
313.2		0.624611
313.3		0.624611
313.4		0.624611
313.5		0.624611
313.6		0.624611
313.7		0.624611
313.8		0.624611
313.9		0.624611
314		0.624611
314.1		0.629991
314.2		0.629991
314.3		0.629991
314.4		0.629991
314.5		0.629991
314.6		0.629991
314.7		0.629991
314.8		0.629991
314.9		0.629991
315		0.629991
315.1		0.630335
315.2		0.630335
315.3		0.630335
315.4		0.630335
315.5		0.630335
315.6		0.630335
315.7		0.630335
315.8		0.630335
315.9		0.630335
316		0.630335
316.1		0.630971
316.2		0.630971
316.3		0.630971
316.4		0.630971
316.5		0.630971
316.6		0.630971
316.7		0.630971
316.8		0.630971
316.9		0.630971
317		0.630971
317.1		0.632977
317.2		0.632977
317.3		0.632977
317.4		0.632977
317.5		0.632977
317.6		0.632977
317.7		0.632977
317.8		0.632977
317.9		0.632977
318		0.632977
318.1		0.638476
318.2		0.638476
318.3		0.638476
318.4		0.638476
318.5		0.638476
318.6		0.638476
318.7		0.638476
318.8		0.638476
318.9		0.638476
319		0.638476
319.1		0.640059
319.2		0.640059
319.3		0.640059
319.4		0.640059
319.5		0.640059
319.6		0.640059
319.7		0.640059
319.8		0.640059
319.9		0.640059
320		0.640059
320.1		0.640538
320.2		0.640538
320.3		0.640538
320.4		0.640538
320.5		0.640538
320.6		0.640538
320.7		0.640538
320.8		0.640538
320.9		0.640538
321		0.640538
321.1		0.641783
321.2		0.641783
321.3		0.641783
321.4		0.641783
321.5		0.641783
321.6		0.641783
321.7		0.641783
321.8		0.641783
321.9		0.641783
322		0.641783
322.1		0.642915
322.2		0.642915
322.3		0.642915
322.4		0.642915
322.5		0.642915
322.6		0.642915
322.7		0.642915
322.8		0.642915
322.9		0.642915
323		0.642915
323.1		0.646724
323.2		0.646724
323.3		0.646724
323.4		0.646724
323.5		0.646724
323.6		0.646724
323.7		0.646724
323.8		0.646724
323.9		0.646724
324		0.646724
324.1		0.647935
324.2		0.647935
324.3		0.647935
324.4		0.647935
324.5		0.647935
324.6		0.647935
324.7		0.647935
324.8		0.647935
324.9		0.647935
325		0.647935
325.1		0.650978
325.2		0.650978
325.3		0.650978
325.4		0.650978
325.5		0.650978
325.6		0.650978
325.7		0.650978
325.8		0.650978
325.9		0.650978
326		0.650978
326.1		0.654572
326.2		0.654572
326.3		0.654572
326.4		0.654572
326.5		0.654572
326.6		0.654572
326.7		0.654572
326.8		0.654572
326.9		0.654572
327		0.654572
327.1		0.655051
327.2		0.655051
327.3		0.655051
327.4		0.655051
327.5		0.655051
327.6		0.655051
327.7		0.655051
327.8		0.655051
327.9		0.655051
328		0.655051
328.1		0.656539
328.2		0.656539
328.3		0.656539
328.4		0.656539
328.5		0.656539
328.6		0.656539
328.7		0.656539
328.8		0.656539
328.9		0.656539
329		0.656539
329.1		0.658882
329.2		0.658882
329.3		0.658882
329.4		0.658882
329.5		0.658882
329.6		0.658882
329.7		0.658882
329.8		0.658882
329.9		0.658882
330		0.658882
330.1		0.659615
330.2		0.659615
330.3		0.659615
330.4		0.659615
330.5		0.659615
330.6		0.659615
330.7		0.659615
330.8		0.659615
330.9		0.659615
331		0.659615
331.1		0.664471
331.2		0.664471
331.3		0.664471
331.4		0.664471
331.5		0.664471
331.6		0.664471
331.7		0.664471
331.8		0.664471
331.9		0.664471
332		0.664471
332.1		0.666201
332.2		0.666201
332.3		0.666201
332.4		0.666201
332.5		0.666201
332.6		0.666201
332.7		0.666201
332.8		0.666201
332.9		0.666201
333		0.666201
333.1		0.667767
333.2		0.667767
333.3		0.667767
333.4		0.667767
333.5		0.667767
333.6		0.667767
333.7		0.667767
333.8		0.667767
333.9		0.667767
334		0.667767
334.1		0.668004
334.2		0.668004
334.3		0.668004
334.4		0.668004
334.5		0.668004
334.6		0.668004
334.7		0.668004
334.8		0.668004
334.9		0.668004
335		0.668004
335.1		0.672303
335.2		0.672303
335.3		0.672303
335.4		0.672303
335.5		0.672303
335.6		0.672303
335.7		0.672303
335.8		0.672303
335.9		0.672303
336		0.672303
336.1		0.674393
336.2		0.674393
336.3		0.674393
336.4		0.674393
336.5		0.674393
336.6		0.674393
336.7		0.674393
336.8		0.674393
336.9		0.674393
337		0.674393
337.1		0.676984
337.2		0.676984
337.3		0.676984
337.4		0.676984
337.5		0.676984
337.6		0.676984
337.7		0.676984
337.8		0.676984
337.9		0.676984
338		0.676984
338.1		0.678275
338.2		0.678275
338.3		0.678275
338.4		0.678275
338.5		0.678275
338.6		0.678275
338.7		0.678275
338.8		0.678275
338.9		0.678275
339		0.678275
339.1		0.678923
339.2		0.678923
339.3		0.678923
339.4		0.678923
339.5		0.678923
339.6		0.678923
339.7		0.678923
339.8		0.678923
339.9		0.678923
340		0.678923
340.1		0.684185
340.2		0.684185
340.3		0.684185
340.4		0.684185
340.5		0.684185
340.6		0.684185
340.7		0.684185
340.8		0.684185
340.9		0.684185
341		0.684185
341.1		0.686495
341.2		0.686495
341.3		0.686495
341.4		0.686495
341.5		0.686495
341.6		0.686495
341.7		0.686495
341.8		0.686495
341.9		0.686495
342		0.686495
342.1		0.687954
342.2		0.687954
342.3		0.687954
342.4		0.687954
342.5		0.687954
342.6		0.687954
342.7		0.687954
342.8		0.687954
342.9		0.687954
343		0.687954
343.1		0.693041
343.2		0.693041
343.3		0.693041
343.4		0.693041
343.5		0.693041
343.6		0.693041
343.7		0.693041
343.8		0.693041
343.9		0.693041
344		0.693041
344.1		0.696642
344.2		0.696642
344.3		0.696642
344.4		0.696642
344.5		0.696642
344.6		0.696642
344.7		0.696642
344.8		0.696642
344.9		0.696642
345		0.696642
345.1		0.697098
345.2		0.697098
345.3		0.697098
345.4		0.697098
345.5		0.697098
345.6		0.697098
345.7		0.697098
345.8		0.697098
345.9		0.697098
346		0.697098
346.1		0.699453
346.2		0.699453
346.3		0.699453
346.4		0.699453
346.5		0.699453
346.6		0.699453
346.7		0.699453
346.8		0.699453
346.9		0.699453
347		0.699453
347.1		0.700923
347.2		0.700923
347.3		0.700923
347.4		0.700923
347.5		0.700923
347.6		0.700923
347.7		0.700923
347.8		0.700923
347.9		0.700923
348		0.700923
348.1		0.703876
348.2		0.703876
348.3		0.703876
348.4		0.703876
348.5		0.703876
348.6		0.703876
348.7		0.703876
348.8		0.703876
348.9		0.703876
349		0.703876
349.1		0.707515
349.2		0.707515
349.3		0.707515
349.4		0.707515
349.5		0.707515
349.6		0.707515
349.7		0.707515
349.8		0.707515
349.9		0.707515
350		0.707515
350.1		0.708828
350.2		0.708828
350.3		0.708828
350.4		0.708828
350.5		0.708828
350.6		0.708828
350.7		0.708828
350.8		0.708828
350.9		0.708828
351		0.708828
351.1		0.70885
351.2		0.70885
351.3		0.70885
351.4		0.70885
351.5		0.70885
351.6		0.70885
351.7		0.70885
351.8		0.70885
351.9		0.70885
352		0.70885
352.1		0.711098
352.2		0.711098
352.3		0.711098
352.4		0.711098
352.5		0.711098
352.6		0.711098
352.7		0.711098
352.8		0.711098
352.9		0.711098
353		0.711098
353.1		0.711425
353.2		0.711425
353.3		0.711425
353.4		0.711425
353.5		0.711425
353.6		0.711425
353.7		0.711425
353.8		0.711425
353.9		0.711425
354		0.711425
354.1		0.711831
354.2		0.711831
354.3		0.711831
354.4		0.711831
354.5		0.711831
354.6		0.711831
354.7		0.711831
354.8		0.711831
354.9		0.711831
355		0.711831
355.1		0.715713
355.2		0.715713
355.3		0.715713
355.4		0.715713
355.5		0.715713
355.6		0.715713
355.7		0.715713
355.8		0.715713
355.9		0.715713
356		0.715713
356.1		0.718659
356.2		0.718659
356.3		0.718659
356.4		0.718659
356.5		0.718659
356.6		0.718659
356.7		0.718659
356.8		0.718659
356.9		0.718659
357		0.718659
357.1		0.719138
357.2		0.719138
357.3		0.719138
357.4		0.719138
357.5		0.719138
357.6		0.719138
357.7		0.719138
357.8		0.719138
357.9		0.719138
358		0.719138
358.1		0.719138
358.2		0.719138
358.3		0.719138
358.4		0.719138
358.5		0.719138
358.6		0.719138
358.7		0.719138
358.8		0.719138
358.9		0.719138
359		0.719138
359.1		0.720716
359.2		0.720716
359.3		0.720716
359.4		0.720716
359.5		0.720716
359.6		0.720716
359.7		0.720716
359.8		0.720716
359.9		0.720716
360		0.720716
360.1		0.723809
360.2		0.723809
360.3		0.723809
360.4		0.723809
360.5		0.723809
360.6		0.723809
360.7		0.723809
360.8		0.723809
360.9		0.723809
361		0.723809
361.1		0.725634
361.2		0.725634
361.3		0.725634
361.4		0.725634
361.5		0.725634
361.6		0.725634
361.7		0.725634
361.8		0.725634
361.9		0.725634
362		0.725634
362.1		0.726919
362.2		0.726919
362.3		0.726919
362.4		0.726919
362.5		0.726919
362.6		0.726919
362.7		0.726919
362.8		0.726919
362.9		0.726919
363		0.726919
363.1		0.730187
363.2		0.730187
363.3		0.730187
363.4		0.730187
363.5		0.730187
363.6		0.730187
363.7		0.730187
363.8		0.730187
363.9		0.730187
364		0.730187
364.1		0.734159
364.2		0.734159
364.3		0.734159
364.4		0.734159
364.5		0.734159
364.6		0.734159
364.7		0.734159
364.8		0.734159
364.9		0.734159
365		0.734159
365.1		0.734418
365.2		0.734418
365.3		0.734418
365.4		0.734418
365.5		0.734418
365.6		0.734418
365.7		0.734418
365.8		0.734418
365.9		0.734418
366		0.734418
366.1		0.736176
366.2		0.736176
366.3		0.736176
366.4		0.736176
366.5		0.736176
366.6		0.736176
366.7		0.736176
366.8		0.736176
366.9		0.736176
367		0.736176
367.1		0.737415
367.2		0.737415
367.3		0.737415
367.4		0.737415
367.5		0.737415
367.6		0.737415
367.7		0.737415
367.8		0.737415
367.9		0.737415
368		0.737415
368.1		0.739004
368.2		0.739004
368.3		0.739004
368.4		0.739004
368.5		0.739004
368.6		0.739004
368.7		0.739004
368.8		0.739004
368.9		0.739004
369		0.739004
369.1		0.744176
369.2		0.744176
369.3		0.744176
369.4		0.744176
369.5		0.744176
369.6		0.744176
369.7		0.744176
369.8		0.744176
369.9		0.744176
370		0.744176
370.1		0.745055
370.2		0.745055
370.3		0.745055
370.4		0.745055
370.5		0.745055
370.6		0.745055
370.7		0.745055
370.8		0.745055
370.9		0.745055
371		0.745055
371.1		0.747562
371.2		0.747562
371.3		0.747562
371.4		0.747562
371.5		0.747562
371.6		0.747562
371.7		0.747562
371.8		0.747562
371.9		0.747562
372		0.747562
372.1		0.748052
372.2		0.748052
372.3		0.748052
372.4		0.748052
372.5		0.748052
372.6		0.748052
372.7		0.748052
372.8		0.748052
372.9		0.748052
373		0.748052
373.1		0.749675
373.2		0.749675
373.3		0.749675
373.4		0.749675
373.5		0.749675
373.6		0.749675
373.7		0.749675
373.8		0.749675
373.9		0.749675
374		0.749675
374.1		0.754402
374.2		0.754402
374.3		0.754402
374.4		0.754402
374.5		0.754402
374.6		0.754402
374.7		0.754402
374.8		0.754402
374.9		0.754402
375		0.754402
375.1		0.754982
375.2		0.754982
375.3		0.754982
375.4		0.754982
375.5		0.754982
375.6		0.754982
375.7		0.754982
375.8		0.754982
375.9		0.754982
376		0.754982
376.1		0.755196
376.2		0.755196
376.3		0.755196
376.4		0.755196
376.5		0.755196
376.6		0.755196
376.7		0.755196
376.8		0.755196
376.9		0.755196
377		0.755196
377.1		0.756897
377.2		0.756897
377.3		0.756897
377.4		0.756897
377.5		0.756897
377.6		0.756897
377.7		0.756897
377.8		0.756897
377.9		0.756897
378		0.756897
378.1		0.759134
378.2		0.759134
378.3		0.759134
378.4		0.759134
378.5		0.759134
378.6		0.759134
378.7		0.759134
378.8		0.759134
378.9		0.759134
379		0.759134
379.1		0.764661
379.2		0.764661
379.3		0.764661
379.4		0.764661
379.5		0.764661
379.6		0.764661
379.7		0.764661
379.8		0.764661
379.9		0.764661
380		0.764661
380.1		0.765805
380.2		0.765805
380.3		0.765805
380.4		0.765805
380.5		0.765805
380.6		0.765805
380.7		0.765805
380.8		0.765805
380.9		0.765805
381		0.765805
381.1		0.766041
381.2		0.766041
381.3		0.766041
381.4		0.766041
381.5		0.766041
381.6		0.766041
381.7		0.766041
381.8		0.766041
381.9		0.766041
382		0.766041
382.1		0.770588
382.2		0.770588
382.3		0.770588
382.4		0.770588
382.5		0.770588
382.6		0.770588
382.7		0.770588
382.8		0.770588
382.9		0.770588
383		0.770588
383.1		0.77127
383.2		0.77127
383.3		0.77127
383.4		0.77127
383.5		0.77127
383.6		0.77127
383.7		0.77127
383.8		0.77127
383.9		0.77127
384		0.77127
384.1		0.77247
384.2		0.77247
384.3		0.77247
384.4		0.77247
384.5		0.77247
384.6		0.77247
384.7		0.77247
384.8		0.77247
384.9		0.77247
385		0.77247
385.1		0.774211
385.2		0.774211
385.3		0.774211
385.4		0.774211
385.5		0.774211
385.6		0.774211
385.7		0.774211
385.8		0.774211
385.9		0.774211
386		0.774211
386.1		0.779986
386.2		0.779986
386.3		0.779986
386.4		0.779986
386.5		0.779986
386.6		0.779986
386.7		0.779986
386.8		0.779986
386.9		0.779986
387		0.779986
387.1		0.78189
387.2		0.78189
387.3		0.78189
387.4		0.78189
387.5		0.78189
387.6		0.78189
387.7		0.78189
387.8		0.78189
387.9		0.78189
388		0.78189
388.1		0.782189
388.2		0.782189
388.3		0.782189
388.4		0.782189
388.5		0.782189
388.6		0.782189
388.7		0.782189
388.8		0.782189
388.9		0.782189
389		0.782189
389.1		0.783406
389.2		0.783406
389.3		0.783406
389.4		0.783406
389.5		0.783406
389.6		0.783406
389.7		0.783406
389.8		0.783406
389.9		0.783406
390		0.783406
390.1		0.785755
390.2		0.785755
390.3		0.785755
390.4		0.785755
390.5		0.785755
390.6		0.785755
390.7		0.785755
390.8		0.785755
390.9		0.785755
391		0.785755
391.1		0.789766
391.2		0.789766
391.3		0.789766
391.4		0.789766
391.5		0.789766
391.6		0.789766
391.7		0.789766
391.8		0.789766
391.9		0.789766
392		0.789766
392.1		0.790995
392.2		0.790995
392.3		0.790995
392.4		0.790995
392.5		0.790995
392.6		0.790995
392.7		0.790995
392.8		0.790995
392.9		0.790995
393		0.790995
393.1		0.793102
393.2		0.793102
393.3		0.793102
393.4		0.793102
393.5		0.793102
393.6		0.793102
393.7		0.793102
393.8		0.793102
393.9		0.793102
394		0.793102
394.1		0.796454
394.2		0.796454
394.3		0.796454
394.4		0.796454
394.5		0.796454
394.6		0.796454
394.7		0.796454
394.8		0.796454
394.9		0.796454
395		0.796454
395.1		0.796584
395.2		0.796584
395.3		0.796584
395.4		0.796584
395.5		0.796584
395.6		0.796584
395.7		0.796584
395.8		0.796584
395.9		0.796584
396		0.796584
396.1		0.798465
396.2		0.798465
396.3		0.798465
396.4		0.798465
396.5		0.798465
396.6		0.798465
396.7		0.798465
396.8		0.798465
396.9		0.798465
397		0.798465
397.1		0.801372
397.2		0.801372
397.3		0.801372
397.4		0.801372
397.5		0.801372
397.6		0.801372
397.7		0.801372
397.8		0.801372
397.9		0.801372
398		0.801372
398.1		0.802111
398.2		0.802111
398.3		0.802111
398.4		0.802111
398.5		0.802111
398.6		0.802111
398.7		0.802111
398.8		0.802111
398.9		0.802111
399		0.802111
399.1		0.80442
399.2		0.80442
399.3		0.80442
399.4		0.80442
399.5		0.80442
399.6		0.80442
399.7		0.80442
399.8		0.80442
399.9		0.80442
400		0.80442
400.1		0.809085
400.2		0.809085
400.3		0.809085
400.4		0.809085
400.5		0.809085
400.6		0.809085
400.7		0.809085
400.8		0.809085
400.9		0.809085
401		0.809085
401.1		0.809316
401.2		0.809316
401.3		0.809316
401.4		0.809316
401.5		0.809316
401.6		0.809316
401.7		0.809316
401.8		0.809316
401.9		0.809316
402		0.809316
402.1		0.810838
402.2		0.810838
402.3		0.810838
402.4		0.810838
402.5		0.810838
402.6		0.810838
402.7		0.810838
402.8		0.810838
402.9		0.810838
403		0.810838
403.1		0.812455
403.2		0.812455
403.3		0.812455
403.4		0.812455
403.5		0.812455
403.6		0.812455
403.7		0.812455
403.8		0.812455
403.9		0.812455
404		0.812455
404.1		0.817655
404.2		0.817655
404.3		0.817655
404.4		0.817655
404.5		0.817655
404.6		0.817655
404.7		0.817655
404.8		0.817655
404.9		0.817655
405		0.817655
405.1		0.818517
405.2		0.818517
405.3		0.818517
405.4		0.818517
405.5		0.818517
405.6		0.818517
405.7		0.818517
405.8		0.818517
405.9		0.818517
406		0.818517
406.1		0.821114
406.2		0.821114
406.3		0.821114
406.4		0.821114
406.5		0.821114
406.6		0.821114
406.7		0.821114
406.8		0.821114
406.9		0.821114
407		0.821114
407.1		0.821323
407.2		0.821323
407.3		0.821323
407.4		0.821323
407.5		0.821323
407.6		0.821323
407.7		0.821323
407.8		0.821323
407.9		0.821323
408		0.821323
408.1		0.825373
408.2		0.825373
408.3		0.825373
408.4		0.825373
408.5		0.825373
408.6		0.825373
408.7		0.825373
408.8		0.825373
408.9		0.825373
409		0.825373
409.1		0.828095
409.2		0.828095
409.3		0.828095
409.4		0.828095
409.5		0.828095
409.6		0.828095
409.7		0.828095
409.8		0.828095
409.9		0.828095
410		0.828095
410.1		0.828675
410.2		0.828675
410.3		0.828675
410.4		0.828675
410.5		0.828675
410.6		0.828675
410.7		0.828675
410.8		0.828675
410.9		0.828675
411		0.828675
411.1		0.830433
411.2		0.830433
411.3		0.830433
411.4		0.830433
411.5		0.830433
411.6		0.830433
411.7		0.830433
411.8		0.830433
411.9		0.830433
412		0.830433
412.1		0.832264
412.2		0.832264
412.3		0.832264
412.4		0.832264
412.5		0.832264
412.6		0.832264
412.7		0.832264
412.8		0.832264
412.9		0.832264
413		0.832264
413.1		0.834562
413.2		0.834562
413.3		0.834562
413.4		0.834562
413.5		0.834562
413.6		0.834562
413.7		0.834562
413.8		0.834562
413.9		0.834562
414		0.834562
414.1		0.837036
414.2		0.837036
414.3		0.837036
414.4		0.837036
414.5		0.837036
414.6		0.837036
414.7		0.837036
414.8		0.837036
414.9		0.837036
415		0.837036
415.1		0.838518
415.2		0.838518
415.3		0.838518
415.4		0.838518
415.5		0.838518
415.6		0.838518
415.7		0.838518
415.8		0.838518
415.9		0.838518
416		0.838518
416.1		0.842197
416.2		0.842197
416.3		0.842197
416.4		0.842197
416.5		0.842197
416.6		0.842197
416.7		0.842197
416.8		0.842197
416.9		0.842197
417		0.842197
417.1		0.842287
417.2		0.842287
417.3		0.842287
417.4		0.842287
417.5		0.842287
417.6		0.842287
417.7		0.842287
417.8		0.842287
417.9		0.842287
418		0.842287
418.1		0.843819
418.2		0.843819
418.3		0.843819
418.4		0.843819
418.5		0.843819
418.6		0.843819
418.7		0.843819
418.8		0.843819
418.9		0.843819
419		0.843819
419.1		0.84569
419.2		0.84569
419.3		0.84569
419.4		0.84569
419.5		0.84569
419.6		0.84569
419.7		0.84569
419.8		0.84569
419.9		0.84569
420		0.84569
420.1		0.851532
420.2		0.851532
420.3		0.851532
420.4		0.851532
420.5		0.851532
420.6		0.851532
420.7		0.851532
420.8		0.851532
420.9		0.851532
421		0.851532
421.1		0.853082
421.2		0.853082
421.3		0.853082
421.4		0.853082
421.5		0.853082
421.6		0.853082
421.7		0.853082
421.8		0.853082
421.9		0.853082
422		0.853082
422.1		0.853707
422.2		0.853707
422.3		0.853707
422.4		0.853707
422.5		0.853707
422.6		0.853707
422.7		0.853707
422.8		0.853707
422.9		0.853707
423		0.853707
423.1		0.854794
423.2		0.854794
423.3		0.854794
423.4		0.854794
423.5		0.854794
423.6		0.854794
423.7		0.854794
423.8		0.854794
423.9		0.854794
424		0.854794
424.1		0.855296
424.2		0.855296
424.3		0.855296
424.4		0.855296
424.5		0.855296
424.6		0.855296
424.7		0.855296
424.8		0.855296
424.9		0.855296
425		0.855296
425.1		0.860851
425.2		0.860851
425.3		0.860851
425.4		0.860851
425.5		0.860851
425.6		0.860851
425.7		0.860851
425.8		0.860851
425.9		0.860851
426		0.860851
426.1		0.861431
426.2		0.861431
426.3		0.861431
426.4		0.861431
426.5		0.861431
426.6		0.861431
426.7		0.861431
426.8		0.861431
426.9		0.861431
427		0.861431
427.1		0.862057
427.2		0.862057
427.3		0.862057
427.4		0.862057
427.5		0.862057
427.6		0.862057
427.7		0.862057
427.8		0.862057
427.9		0.862057
428		0.862057
428.1		0.864857
428.2		0.864857
428.3		0.864857
428.4		0.864857
428.5		0.864857
428.6		0.864857
428.7		0.864857
428.8		0.864857
428.9		0.864857
429		0.864857
429.1		0.866119
429.2		0.866119
429.3		0.866119
429.4		0.866119
429.5		0.866119
429.6		0.866119
429.7		0.866119
429.8		0.866119
429.9		0.866119
430		0.866119
430.1		0.872913
430.2		0.872913
430.3		0.872913
430.4		0.872913
430.5		0.872913
430.6		0.872913
430.7		0.872913
430.8		0.872913
430.9		0.872913
431		0.872913
431.1		0.874125
431.2		0.874125
431.3		0.874125
431.4		0.874125
431.5		0.874125
431.6		0.874125
431.7		0.874125
431.8		0.874125
431.9		0.874125
432		0.874125
432.1		0.874513
432.2		0.874513
432.3		0.874513
432.4		0.874513
432.5		0.874513
432.6		0.874513
432.7		0.874513
432.8		0.874513
432.9		0.874513
433		0.874513
433.1		0.87497
433.2		0.87497
433.3		0.87497
433.4		0.87497
433.5		0.87497
433.6		0.87497
433.7		0.87497
433.8		0.87497
433.9		0.87497
434		0.87497
434.1		0.879274
434.2		0.879274
434.3		0.879274
434.4		0.879274
434.5		0.879274
434.6		0.879274
434.7		0.879274
434.8		0.879274
434.9		0.879274
435		0.879274
435.1		0.882395
435.2		0.882395
435.3		0.882395
435.4		0.882395
435.5		0.882395
435.6		0.882395
435.7		0.882395
435.8		0.882395
435.9		0.882395
436		0.882395
436.1		0.883781
436.2		0.883781
436.3		0.883781
436.4		0.883781
436.5		0.883781
436.6		0.883781
436.7		0.883781
436.8		0.883781
436.9		0.883781
437		0.883781
437.1		0.886519
437.2		0.886519
437.3		0.886519
437.4		0.886519
437.5		0.886519
437.6		0.886519
437.7		0.886519
437.8		0.886519
437.9		0.886519
438		0.886519
438.1		0.887731
438.2		0.887731
438.3		0.887731
438.4		0.887731
438.5		0.887731
438.6		0.887731
438.7		0.887731
438.8		0.887731
438.9		0.887731
439		0.887731
439.1		0.889562
439.2		0.889562
439.3		0.889562
439.4		0.889562
439.5		0.889562
439.6		0.889562
439.7		0.889562
439.8		0.889562
439.9		0.889562
440		0.889562
440.1		0.890379
440.2		0.890379
440.3		0.890379
440.4		0.890379
440.5		0.890379
440.6		0.890379
440.7		0.890379
440.8		0.890379
440.9		0.890379
441		0.890379
441.1		0.892339
441.2		0.892339
441.3		0.892339
441.4		0.892339
441.5		0.892339
441.6		0.892339
441.7		0.892339
441.8		0.892339
441.9		0.892339
442		0.892339
442.1		0.898942
442.2		0.898942
442.3		0.898942
442.4		0.898942
442.5		0.898942
442.6		0.898942
442.7		0.898942
442.8		0.898942
442.9		0.898942
443		0.898942
443.1		0.8991
443.2		0.8991
443.3		0.8991
443.4		0.8991
443.5		0.8991
443.6		0.8991
443.7		0.8991
443.8		0.8991
443.9		0.8991
444		0.8991
444.1		0.900109
444.2		0.900109
444.3		0.900109
444.4		0.900109
444.5		0.900109
444.6		0.900109
444.7		0.900109
444.8		0.900109
444.9		0.900109
445		0.900109
445.1		0.901421
445.2		0.901421
445.3		0.901421
445.4		0.901421
445.5		0.901421
445.6		0.901421
445.7		0.901421
445.8		0.901421
445.9		0.901421
446		0.901421
446.1		0.902976
446.2		0.902976
446.3		0.902976
446.4		0.902976
446.5		0.902976
446.6		0.902976
446.7		0.902976
446.8		0.902976
446.9		0.902976
447		0.902976
447.1		0.904757
447.2		0.904757
447.3		0.904757
447.4		0.904757
447.5		0.904757
447.6		0.904757
447.7		0.904757
447.8		0.904757
447.9		0.904757
448		0.904757
448.1		0.908706
448.2		0.908706
448.3		0.908706
448.4		0.908706
448.5		0.908706
448.6		0.908706
448.7		0.908706
448.8		0.908706
448.9		0.908706
449		0.908706
449.1		0.909134
449.2		0.909134
449.3		0.909134
449.4		0.909134
449.5		0.909134
449.6		0.909134
449.7		0.909134
449.8		0.909134
449.9		0.909134
450		0.909134
450.1		0.911844
450.2		0.911844
450.3		0.911844
450.4		0.911844
450.5		0.911844
450.6		0.911844
450.7		0.911844
450.8		0.911844
450.9		0.911844
451		0.911844
451.1		0.914059
451.2		0.914059
451.3		0.914059
451.4		0.914059
451.5		0.914059
451.6		0.914059
451.7		0.914059
451.8		0.914059
451.9		0.914059
452		0.914059
452.1		0.915422
452.2		0.915422
452.3		0.915422
452.4		0.915422
452.5		0.915422
452.6		0.915422
452.7		0.915422
452.8		0.915422
452.9		0.915422
453		0.915422
453.1		0.915681
453.2		0.915681
453.3		0.915681
453.4		0.915681
453.5		0.915681
453.6		0.915681
453.7		0.915681
453.8		0.915681
453.9		0.915681
454		0.915681
454.1		0.920002
454.2		0.920002
454.3		0.920002
454.4		0.920002
454.5		0.920002
454.6		0.920002
454.7		0.920002
454.8		0.920002
454.9		0.920002
455		0.920002
455.1		0.922881
455.2		0.922881
455.3		0.922881
455.4		0.922881
455.5		0.922881
455.6		0.922881
455.7		0.922881
455.8		0.922881
455.9		0.922881
456		0.922881
456.1		0.924577
456.2		0.924577
456.3		0.924577
456.4		0.924577
456.5		0.924577
456.6		0.924577
456.7		0.924577
456.8		0.924577
456.9		0.924577
457		0.924577
457.1		0.928183
457.2		0.928183
457.3		0.928183
457.4		0.928183
457.5		0.928183
457.6		0.928183
457.7		0.928183
457.8		0.928183
457.9		0.928183
458		0.928183
458.1		0.92913
458.2		0.92913
458.3		0.92913
458.4		0.92913
458.5		0.92913
458.6		0.92913
458.7		0.92913
458.8		0.92913
458.9		0.92913
459		0.92913
459.1		0.930172
459.2		0.930172
459.3		0.930172
459.4		0.930172
459.5		0.930172
459.6		0.930172
459.7		0.930172
459.8		0.930172
459.9		0.930172
460		0.930172
460.1		0.933997
460.2		0.933997
460.3		0.933997
460.4		0.933997
460.5		0.933997
460.6		0.933997
460.7		0.933997
460.8		0.933997
460.9		0.933997
461		0.933997
461.1		0.934882
461.2		0.934882
461.3		0.934882
461.4		0.934882
461.5		0.934882
461.6		0.934882
461.7		0.934882
461.8		0.934882
461.9		0.934882
462		0.934882
462.1		0.938245
462.2		0.938245
462.3		0.938245
462.4		0.938245
462.5		0.938245
462.6		0.938245
462.7		0.938245
462.8		0.938245
462.9		0.938245
463		0.938245
463.1		0.938572
463.2		0.938572
463.3		0.938572
463.4		0.938572
463.5		0.938572
463.6		0.938572
463.7		0.938572
463.8		0.938572
463.9		0.938572
464		0.938572
464.1		0.942201
464.2		0.942201
464.3		0.942201
464.4		0.942201
464.5		0.942201
464.6		0.942201
464.7		0.942201
464.8		0.942201
464.9		0.942201
465		0.942201
465.1		0.944651
465.2		0.944651
465.3		0.944651
465.4		0.944651
465.5		0.944651
465.6		0.944651
465.7		0.944651
465.8		0.944651
465.9		0.944651
466		0.944651
466.1		0.945806
466.2		0.945806
466.3		0.945806
466.4		0.945806
466.5		0.945806
466.6		0.945806
466.7		0.945806
466.8		0.945806
466.9		0.945806
467		0.945806
467.1		0.94762
467.2		0.94762
467.3		0.94762
467.4		0.94762
467.5		0.94762
467.6		0.94762
467.7		0.94762
467.8		0.94762
467.9		0.94762
468		0.94762
468.1		0.951914
468.2		0.951914
468.3		0.951914
468.4		0.951914
468.5		0.951914
468.6		0.951914
468.7		0.951914
468.8		0.951914
468.9		0.951914
469		0.951914
469.1		0.952426
469.2		0.952426
469.3		0.952426
469.4		0.952426
469.5		0.952426
469.6		0.952426
469.7		0.952426
469.8		0.952426
469.9		0.952426
470		0.952426
470.1		0.952793
470.2		0.952793
470.3		0.952793
470.4		0.952793
470.5		0.952793
470.6		0.952793
470.7		0.952793
470.8		0.952793
470.9		0.952793
471		0.952793
471.1		0.955615
471.2		0.955615
471.3		0.955615
471.4		0.955615
471.5		0.955615
471.6		0.955615
471.7		0.955615
471.8		0.955615
471.9		0.955615
472		0.955615
472.1		0.959401
472.2		0.959401
472.3		0.959401
472.4		0.959401
472.5		0.959401
472.6		0.959401
472.7		0.959401
472.8		0.959401
472.9		0.959401
473		0.959401
473.1		0.960844
473.2		0.960844
473.3		0.960844
473.4		0.960844
473.5		0.960844
473.6		0.960844
473.7		0.960844
473.8		0.960844
473.9		0.960844
474		0.960844
474.1		0.96201
474.2		0.96201
474.3		0.96201
474.4		0.96201
474.5		0.96201
474.6		0.96201
474.7		0.96201
474.8		0.96201
474.9		0.96201
475		0.96201
475.1		0.964641
475.2		0.964641
475.3		0.964641
475.4		0.964641
475.5		0.964641
475.6		0.964641
475.7		0.964641
475.8		0.964641
475.9		0.964641
476		0.964641
476.1		0.969734
476.2		0.969734
476.3		0.969734
476.4		0.969734
476.5		0.969734
476.6		0.969734
476.7		0.969734
476.8		0.969734
476.9		0.969734
477		0.969734
477.1		0.96979
477.2		0.96979
477.3		0.96979
477.4		0.96979
477.5		0.96979
477.6		0.96979
477.7		0.96979
477.8		0.96979
477.9		0.96979
478		0.96979
478.1		0.970089
478.2		0.970089
478.3		0.970089
478.4		0.970089
478.5		0.970089
478.6		0.970089
478.7		0.970089
478.8		0.970089
478.9		0.970089
479		0.970089
479.1		0.970726
479.2		0.970726
479.3		0.970726
479.4		0.970726
479.5		0.970726
479.6		0.970726
479.7		0.970726
479.8		0.970726
479.9		0.970726
480		0.970726
480.1		0.976185
480.2		0.976185
480.3		0.976185
480.4		0.976185
480.5		0.976185
480.6		0.976185
480.7		0.976185
480.8		0.976185
480.9		0.976185
481		0.976185
481.1		0.976512
481.2		0.976512
481.3		0.976512
481.4		0.976512
481.5		0.976512
481.6		0.976512
481.7		0.976512
481.8		0.976512
481.9		0.976512
482		0.976512
482.1		0.980005
482.2		0.980005
482.3		0.980005
482.4		0.980005
482.5		0.980005
482.6		0.980005
482.7		0.980005
482.8		0.980005
482.9		0.980005
483		0.980005
483.1		0.980315
483.2		0.980315
483.3		0.980315
483.4		0.980315
483.5		0.980315
483.6		0.980315
483.7		0.980315
483.8		0.980315
483.9		0.980315
484		0.980315
484.1		0.984743
484.2		0.984743
484.3		0.984743
484.4		0.984743
484.5		0.984743
484.6		0.984743
484.7		0.984743
484.8		0.984743
484.9		0.984743
485		0.984743
485.1		0.985352
485.2		0.985352
485.3		0.985352
485.4		0.985352
485.5		0.985352
485.6		0.985352
485.7		0.985352
485.8		0.985352
485.9		0.985352
486		0.985352
486.1		0.986816
486.2		0.986816
486.3		0.986816
486.4		0.986816
486.5		0.986816
486.6		0.986816
486.7		0.986816
486.8		0.986816
486.9		0.986816
487		0.986816
487.1		0.988946
487.2		0.988946
487.3		0.988946
487.4		0.988946
487.5		0.988946
487.6		0.988946
487.7		0.988946
487.8		0.988946
487.9		0.988946
488		0.988946
488.1		0.992028
488.2		0.992028
488.3		0.992028
488.4		0.992028
488.5		0.992028
488.6		0.992028
488.7		0.992028
488.8		0.992028
488.9		0.992028
489		0.992028
489.1		0.995132
489.2		0.995132
489.3		0.995132
489.4		0.995132
489.5		0.995132
489.6		0.995132
489.7		0.995132
489.8		0.995132
489.9		0.995132
490		0.995132
490.1		0.996039
490.2		0.996039
490.3		0.996039
490.4		0.996039
490.5		0.996039
490.6		0.996039
490.7		0.996039
490.8		0.996039
490.9		0.996039
491		0.996039
491.1		0.997251
491.2		0.997251
491.3		0.997251
491.4		0.997251
491.5		0.997251
491.6		0.997251
491.7		0.997251
491.8		0.997251
491.9		0.997251
492		0.997251
492.1		0.999842
492.2		0.999842
492.3		0.999842
492.4		0.999842
492.5		0.999842
492.6		0.999842
492.7		0.999842
492.8		0.999842
492.9		0.999842
493		0.999842
493.1		1
493.2		1
493.3		1
493.4		1
493.5		1
493.6		1
493.7		1
493.8		1
493.9		1
494		1
494.1		1
494.2		1
494.3		1
494.4		1
494.5		1
494.6		1
494.7		1
494.8		1
494.9		1
495		1
495.1		1
495.2		1
495.3		1
495.4		1
495.5		1
495.6		1
495.7		1
495.8		1
495.9		1
496		1
496.1		1
496.2		1
496.3		1
496.4		1
496.5		1
496.6		1
496.7		1
496.8		1
496.9		1
497		1
497.1		1
497.2		1
497.3		1
497.4		1
497.5		1
497.6		1
497.7		1
497.8		1
497.9		1
498		1
498.1		1
498.2		1
498.3		1
498.4		1
498.5		1
498.6		1
498.7		1
498.8		1
498.9		1
499		1
499.1		1
499.2		1
499.3		1
499.4		1
499.5		1
499.6		1
499.7		1
499.8		1
499.9		1
500		1
500.1		1
500.2		1
500.3		1
500.4		1
500.5		1
500.6		1
500.7		1
500.8		1
500.9		1
501		1
501.1		1
501.2		1
501.3		1
501.4		1
501.5		1
501.6		1
501.7		1
501.8		1
501.9		1
502		1
502.1		1
502.2		1
502.3		1
502.4		1
502.5		1
502.6		1
502.7		1
502.8		1
502.9		1
503		1
503.1		1
503.2		1
503.3		1
503.4		1
503.5		1
503.6		1
503.7		1
503.8		1
503.9		1
504		1
504.1		1
504.2		1
504.3		1
504.4		1
504.5		1
504.6		1
504.7		1
504.8		1
504.9		1
505		1
505.1		1
505.2		1
505.3		1
505.4		1
505.5		1
505.6		1
505.7		1
505.8		1
505.9		1
506		1
506.1		1
506.2		1
506.3		1
506.4		1
506.5		1
506.6		1
506.7		1
506.8		1
506.9		1
507		1
507.1		1
507.2		1
507.3		1
507.4		1
507.5		1
507.6		1
507.7		1
507.8		1
507.9		1
508		1
508.1		1
508.2		1
508.3		1
508.4		1
508.5		1
508.6		1
508.7		1
508.8		1
508.9		1
509		1
509.1		1
509.2		1
509.3		1
509.4		1
509.5		1
509.6		1
509.7		1
509.8		1
509.9		1
510		1
510.1		1
510.2		1
510.3		1
510.4		1
510.5		1
510.6		1
510.7		1
510.8		1
510.9		1
511		1
511.1		1
511.2		1
511.3		1
511.4		1
511.5		1
511.6		1
511.7		1
511.8		1
511.9		1
512		1
512.1		1
512.2		1
512.3		1
512.4		1
512.5		1
512.6		1
512.7		1
512.8		1
512.9		1
513		1
513.1		1
513.2		1
513.3		1
513.4		1
513.5		1
513.6		1
513.7		1
513.8		1
513.9		1
514		1
514.1		1
514.2		1
514.3		1
514.4		1
514.5		1
514.6		1
514.7		1
514.8		1
514.9		1
515		1
515.1		1
515.2		1
515.3		1
515.4		1
515.5		1
515.6		1
515.7		1
515.8		1
515.9		1
516		1
516.1		1
516.2		1
516.3		1
516.4		1
516.5		1
516.6		1
516.7		1
516.8		1
516.9		1
517		1
517.1		1
517.2		1
517.3		1
517.4		1
517.5		1
517.6		1
517.7		1
517.8		1
517.9		1
518		1
518.1		1
518.2		1
518.3		1
518.4		1
518.5		1
518.6		1
518.7		1
518.8		1
518.9		1
519		1
519.1		1
519.2		1
519.3		1
519.4		1
519.5		1
519.6		1
519.7		1
519.8		1
519.9		1
520		1
520.1		1
520.2		1
520.3		1
520.4		1
520.5		1
520.6		1
520.7		1
520.8		1
520.9		1
521		1
521.1		1
521.2		1
521.3		1
521.4		1
521.5		1
521.6		1
521.7		1
521.8		1
521.9		1
522		1
522.1		1
522.2		1
522.3		1
522.4		1
522.5		1
522.6		1
522.7		1
522.8		1
522.9		1
523		1
523.1		1
523.2		1
523.3		1
523.4		1
523.5		1
523.6		1
523.7		1
523.8		1
523.9		1
524		1
524.1		1
524.2		1
524.3		1
524.4		1
524.5		1
524.6		1
524.7		1
524.8		1
524.9		1
525		1
525.1		1
525.2		1
525.3		1
525.4		1
525.5		1
525.6		1
525.7		1
525.8		1
525.9		1
526		1
526.1		1
526.2		1
526.3		1
526.4		1
526.5		1
526.6		1
526.7		1
526.8		1
526.9		1
527		1
527.1		1
527.2		1
527.3		1
527.4		1
527.5		1
527.6		1
527.7		1
527.8		1
527.9		1
528		1
528.1		1
528.2		1
528.3		1
528.4		1
528.5		1
528.6		1
528.7		1
528.8		1
528.9		1
529		1
529.1		1
529.2		1
529.3		1
529.4		1
529.5		1
529.6		1
529.7		1
529.8		1
529.9		1
530		1
530.1		1
530.2		1
530.3		1
530.4		1
530.5		1
530.6		1
530.7		1
530.8		1
530.9		1
531		1
531.1		1
531.2		1
531.3		1
531.4		1
531.5		1
531.6		1
531.7		1
531.8		1
531.9		1
532		1
532.1		1
532.2		1
532.3		1
532.4		1
532.5		1
532.6		1
532.7		1
532.8		1
532.9		1
533		1
533.1		1
533.2		1
533.3		1
533.4		1
533.5		1
533.6		1
533.7		1
533.8		1
533.9		1
534		1
534.1		1
534.2		1
534.3		1
534.4		1
534.5		1
534.6		1
534.7		1
534.8		1
534.9		1
535		1
535.1		1
535.2		1
535.3		1
535.4		1
535.5		1
535.6		1
535.7		1
535.8		1
535.9		1
536		1
536.1		1
536.2		1
536.3		1
536.4		1
536.5		1
536.6		1
536.7		1
536.8		1
536.9		1
537		1
537.1		1
537.2		1
537.3		1
537.4		1
537.5		1
537.6		1
537.7		1
537.8		1
537.9		1
538		1
538.1		1
538.2		1
538.3		1
538.4		1
538.5		1
538.6		1
538.7		1
538.8		1
538.9		1
539		1
539.1		1
539.2		1
539.3		1
539.4		1
539.5		1
539.6		1
539.7		1
539.8		1
539.9		1
540		1
540.1		1
540.2		1
540.3		1
540.4		1
540.5		1
540.6		1
540.7		1
540.8		1
540.9		1
541		1
541.1		1
541.2		1
541.3		1
541.4		1
541.5		1
541.6		1
541.7		1
541.8		1
541.9		1
542		1
542.1		1
542.2		1
542.3		1
542.4		1
542.5		1
542.6		1
542.7		1
542.8		1
542.9		1
543		1
543.1		1
543.2		1
543.3		1
543.4		1
543.5		1
543.6		1
543.7		1
543.8		1
543.9		1
544		1
544.1		1
544.2		1
544.3		1
544.4		1
544.5		1
544.6		1
544.7		1
544.8		1
544.9		1
545		1
545.1		1
545.2		1
545.3		1
545.4		1
545.5		1
545.6		1
545.7		1
545.8		1
545.9		1
546		1
546.1		1
546.2		1
546.3		1
546.4		1
546.5		1
546.6		1
546.7		1
546.8		1
546.9		1
547		1
547.1		1
547.2		1
547.3		1
547.4		1
547.5		1
547.6		1
547.7		1
547.8		1
547.9		1
548		1
548.1		1
548.2		1
548.3		1
548.4		1
548.5		1
548.6		1
548.7		1
548.8		1
548.9		1
549		1
549.1		1
549.2		1
549.3		1
549.4		1
549.5		1
549.6		1
549.7		1
549.8		1
549.9		1
550		1
550.1		1
550.2		1
550.3		1
550.4		1
550.5		1
550.6		1
550.7		1
550.8		1
550.9		1
551		1
551.1		1
551.2		1
551.3		1
551.4		1
551.5		1
551.6		1
551.7		1
551.8		1
551.9		1
552		1
552.1		1
552.2		1
552.3		1
552.4		1
552.5		1
552.6		1
552.7		1
552.8		1
552.9		1
553		1
553.1		1
553.2		1
553.3		1
553.4		1
553.5		1
553.6		1
553.7		1
553.8		1
553.9		1
554		1
554.1		1
554.2		1
554.3		1
554.4		1
554.5		1
554.6		1
554.7		1
554.8		1
554.9		1
555		1
555.1		1
555.2		1
555.3		1
555.4		1
555.5		1
555.6		1
555.7		1
555.8		1
555.9		1
556		1
556.1		1
556.2		1
556.3		1
556.4		1
556.5		1
556.6		1
556.7		1
556.8		1
556.9		1
557		1
557.1		1
557.2		1
557.3		1
557.4		1
557.5		1
557.6		1
557.7		1
557.8		1
557.9		1
558		1
558.1		1
558.2		1
558.3		1
558.4		1
558.5		1
558.6		1
558.7		1
558.8		1
558.9		1
559		1
559.1		1
559.2		1
559.3		1
559.4		1
559.5		1
559.6		1
559.7		1
559.8		1
559.9		1
560		1
560.1		1
560.2		1
560.3		1
560.4		1
560.5		1
560.6		1
560.7		1
560.8		1
560.9		1
561		1
561.1		1
561.2		1
561.3		1
561.4		1
561.5		1
561.6		1
561.7		1
561.8		1
561.9		1
562		1
562.1		1
562.2		1
562.3		1
562.4		1
562.5		1
562.6		1
562.7		1
562.8		1
562.9		1
563		1
563.1		1
563.2		1
563.3		1
563.4		1
563.5		1
563.6		1
563.7		1
563.8		1
563.9		1
564		1
564.1		1
564.2		1
564.3		1
564.4		1
564.5		1
564.6		1
564.7		1
564.8		1
564.9		1
565		1
565.1		1
565.2		1
565.3		1
565.4		1
565.5		1
565.6		1
565.7		1
565.8		1
565.9		1
566		1
566.1		1
566.2		1
566.3		1
566.4		1
566.5		1
566.6		1
566.7		1
566.8		1
566.9		1
567		1
567.1		1
567.2		1
567.3		1
567.4		1
567.5		1
567.6		1
567.7		1
567.8		1
567.9		1
568		1
568.1		1
568.2		1
568.3		1
568.4		1
568.5		1
568.6		1
568.7		1
568.8		1
568.9		1
569		1
569.1		1
569.2		1
569.3		1
569.4		1
569.5		1
569.6		1
569.7		1
569.8		1
569.9		1
570		1
570.1		1
570.2		1
570.3		1
570.4		1
570.5		1
570.6		1
570.7		1
570.8		1
570.9		1
571		1
571.1		1
571.2		1
571.3		1
571.4		1
571.5		1
571.6		1
571.7		1
571.8		1
571.9		1
572		1
572.1		1
572.2		1
572.3		1
572.4		1
572.5		1
572.6		1
572.7		1
572.8		1
572.9		1
573		1
573.1		1
573.2		1
573.3		1
573.4		1
573.5		1
573.6		1
573.7		1
573.8		1
573.9		1
574		1
574.1		1
574.2		1
574.3		1
574.4		1
574.5		1
574.6		1
574.7		1
574.8		1
574.9		1
575		1
575.1		1
575.2		1
575.3		1
575.4		1
575.5		1
575.6		1
575.7		1
575.8		1
575.9		1
576		1
576.1		1
576.2		1
576.3		1
576.4		1
576.5		1
576.6		1
576.7		1
576.8		1
576.9		1
577		1
577.1		1
577.2		1
577.3		1
577.4		1
577.5		1
577.6		1
577.7		1
577.8		1
577.9		1
578		1
578.1		1
578.2		1
578.3		1
578.4		1
578.5		1
578.6		1
578.7		1
578.8		1
578.9		1
579		1
579.1		1
579.2		1
579.3		1
579.4		1
579.5		1
579.6		1
579.7		1
579.8		1
579.9		1
580		1
580.1		1
580.2		1
580.3		1
580.4		1
580.5		1
580.6		1
580.7		1
580.8		1
580.9		1
581		1
581.1		1
581.2		1
581.3		1
581.4		1
581.5		1
581.6		1
581.7		1
581.8		1
581.9		1
582		1
582.1		1
582.2		1
582.3		1
582.4		1
582.5		1
582.6		1
582.7		1
582.8		1
582.9		1
583		1
583.1		1
583.2		1
583.3		1
583.4		1
583.5		1
583.6		1
583.7		1
583.8		1
583.9		1
584		1
584.1		1
584.2		1
584.3		1
584.4		1
584.5		1
584.6		1
584.7		1
584.8		1
584.9		1
585		1
585.1		1
585.2		1
585.3		1
585.4		1
585.5		1
585.6		1
585.7		1
585.8		1
585.9		1
586		1
586.1		1
586.2		1
586.3		1
586.4		1
586.5		1
586.6		1
586.7		1
586.8		1
586.9		1
587		1
587.1		1
587.2		1
587.3		1
587.4		1
587.5		1
587.6		1
587.7		1
587.8		1
587.9		1
588		1
588.1		1
588.2		1
588.3		1
588.4		1
588.5		1
588.6		1
588.7		1
588.8		1
588.9		1
589		1
589.1		1
589.2		1
589.3		1
589.4		1
589.5		1
589.6		1
589.7		1
589.8		1
589.9		1
590		1
590.1		1
590.2		1
590.3		1
590.4		1
590.5		1
590.6		1
590.7		1
590.8		1
590.9		1
591		1
591.1		1
591.2		1
591.3		1
591.4		1
591.5		1
591.6		1
591.7		1
591.8		1
591.9		1
592		1
592.1		1
592.2		1
592.3		1
592.4		1
592.5		1
592.6		1
592.7		1
592.8		1
592.9		1
593		1
593.1		1
593.2		1
593.3		1
593.4		1
593.5		1
593.6		1
593.7		1
593.8		1
593.9		1
594		1
594.1		1
594.2		1
594.3		1
594.4		1
594.5		1
594.6		1
594.7		1
594.8		1
594.9		1
595		1
595.1		1
595.2		1
595.3		1
595.4		1
595.5		1
595.6		1
595.7		1
595.8		1
595.9		1
596		1
596.1		1
596.2		1
596.3		1
596.4		1
596.5		1
596.6		1
596.7		1
596.8		1
596.9		1
597		1
597.1		1
597.2		1
597.3		1
597.4		1
597.5		1
597.6		1
597.7		1
597.8		1
597.9		1
598		1
598.1		1
598.2		1
598.3		1
598.4		1
598.5		1
598.6		1
598.7		1
598.8		1
598.9		1
599		1
599.1		1
599.2		1
599.3		1
599.4		1
599.5		1
599.6		1
599.7		1
599.8		1
599.9		1
600		1
