# Calibration file of tamex_id 0 @ channel 20
# fine_T bin		 Calibration value
0.1		0
0.2		0
0.3		0
0.4		0
0.5		0
0.6		0
0.7		0
0.8		0
0.9		0
1		0
1.1		0
1.2		0
1.3		0
1.4		0
1.5		0
1.6		0
1.7		0
1.8		0
1.9		0
2		0
2.1		0
2.2		0
2.3		0
2.4		0
2.5		0
2.6		0
2.7		0
2.8		0
2.9		0
3		0
3.1		0
3.2		0
3.3		0
3.4		0
3.5		0
3.6		0
3.7		0
3.8		0
3.9		0
4		0
4.1		0
4.2		0
4.3		0
4.4		0
4.5		0
4.6		0
4.7		0
4.8		0
4.9		0
5		0
5.1		0
5.2		0
5.3		0
5.4		0
5.5		0
5.6		0
5.7		0
5.8		0
5.9		0
6		0
6.1		0
6.2		0
6.3		0
6.4		0
6.5		0
6.6		0
6.7		0
6.8		0
6.9		0
7		0
7.1		0
7.2		0
7.3		0
7.4		0
7.5		0
7.6		0
7.7		0
7.8		0
7.9		0
8		0
8.1		0
8.2		0
8.3		0
8.4		0
8.5		0
8.6		0
8.7		0
8.8		0
8.9		0
9		0
9.1		0
9.2		0
9.3		0
9.4		0
9.5		0
9.6		0
9.7		0
9.8		0
9.9		0
10		0
10.1		0
10.2		0
10.3		0
10.4		0
10.5		0
10.6		0
10.7		0
10.8		0
10.9		0
11		0
11.1		0
11.2		0
11.3		0
11.4		0
11.5		0
11.6		0
11.7		0
11.8		0
11.9		0
12		0
12.1		0
12.2		0
12.3		0
12.4		0
12.5		0
12.6		0
12.7		0
12.8		0
12.9		0
13		0
13.1		0
13.2		0
13.3		0
13.4		0
13.5		0
13.6		0
13.7		0
13.8		0
13.9		0
14		0
14.1		0
14.2		0
14.3		0
14.4		0
14.5		0
14.6		0
14.7		0
14.8		0
14.9		0
15		0
15.1		0
15.2		0
15.3		0
15.4		0
15.5		0
15.6		0
15.7		0
15.8		0
15.9		0
16		0
16.1		0.00857459
16.2		0.00857459
16.3		0.00857459
16.4		0.00857459
16.5		0.00857459
16.6		0.00857459
16.7		0.00857459
16.8		0.00857459
16.9		0.00857459
17		0.00857459
17.1		0.00896435
17.2		0.00896435
17.3		0.00896435
17.4		0.00896435
17.5		0.00896435
17.6		0.00896435
17.7		0.00896435
17.8		0.00896435
17.9		0.00896435
18		0.00896435
18.1		0.0113341
18.2		0.0113341
18.3		0.0113341
18.4		0.0113341
18.5		0.0113341
18.6		0.0113341
18.7		0.0113341
18.8		0.0113341
18.9		0.0113341
19		0.0113341
19.1		0.0115523
19.2		0.0115523
19.3		0.0115523
19.4		0.0115523
19.5		0.0115523
19.6		0.0115523
19.7		0.0115523
19.8		0.0115523
19.9		0.0115523
20		0.0115523
20.1		0.018451
20.2		0.018451
20.3		0.018451
20.4		0.018451
20.5		0.018451
20.6		0.018451
20.7		0.018451
20.8		0.018451
20.9		0.018451
21		0.018451
21.1		0.0199554
21.2		0.0199554
21.3		0.0199554
21.4		0.0199554
21.5		0.0199554
21.6		0.0199554
21.7		0.0199554
21.8		0.0199554
21.9		0.0199554
22		0.0199554
22.1		0.0201737
22.2		0.0201737
22.3		0.0201737
22.4		0.0201737
22.5		0.0201737
22.6		0.0201737
22.7		0.0201737
22.8		0.0201737
22.9		0.0201737
23		0.0201737
23.1		0.0223485
23.2		0.0223485
23.3		0.0223485
23.4		0.0223485
23.5		0.0223485
23.6		0.0223485
23.7		0.0223485
23.8		0.0223485
23.9		0.0223485
24		0.0223485
24.1		0.0273062
24.2		0.0273062
24.3		0.0273062
24.4		0.0273062
24.5		0.0273062
24.6		0.0273062
24.7		0.0273062
24.8		0.0273062
24.9		0.0273062
25		0.0273062
25.1		0.0285144
25.2		0.0285144
25.3		0.0285144
25.4		0.0285144
25.5		0.0285144
25.6		0.0285144
25.7		0.0285144
25.8		0.0285144
25.9		0.0285144
26		0.0285144
26.1		0.0295823
26.2		0.0295823
26.3		0.0295823
26.4		0.0295823
26.5		0.0295823
26.6		0.0295823
26.7		0.0295823
26.8		0.0295823
26.9		0.0295823
27		0.0295823
27.1		0.0311881
27.2		0.0311881
27.3		0.0311881
27.4		0.0311881
27.5		0.0311881
27.6		0.0311881
27.7		0.0311881
27.8		0.0311881
27.9		0.0311881
28		0.0311881
28.1		0.0340567
28.2		0.0340567
28.3		0.0340567
28.4		0.0340567
28.5		0.0340567
28.6		0.0340567
28.7		0.0340567
28.8		0.0340567
28.9		0.0340567
29		0.0340567
29.1		0.0343919
29.2		0.0343919
29.3		0.0343919
29.4		0.0343919
29.5		0.0343919
29.6		0.0343919
29.7		0.0343919
29.8		0.0343919
29.9		0.0343919
30		0.0343919
30.1		0.0385233
30.2		0.0385233
30.3		0.0385233
30.4		0.0385233
30.5		0.0385233
30.6		0.0385233
30.7		0.0385233
30.8		0.0385233
30.9		0.0385233
31		0.0385233
31.1		0.038952
31.2		0.038952
31.3		0.038952
31.4		0.038952
31.5		0.038952
31.6		0.038952
31.7		0.038952
31.8		0.038952
31.9		0.038952
32		0.038952
32.1		0.0408462
32.2		0.0408462
32.3		0.0408462
32.4		0.0408462
32.5		0.0408462
32.6		0.0408462
32.7		0.0408462
32.8		0.0408462
32.9		0.0408462
33		0.0408462
33.1		0.0454531
33.2		0.0454531
33.3		0.0454531
33.4		0.0454531
33.5		0.0454531
33.6		0.0454531
33.7		0.0454531
33.8		0.0454531
33.9		0.0454531
34		0.0454531
34.1		0.0460611
34.2		0.0460611
34.3		0.0460611
34.4		0.0460611
34.5		0.0460611
34.6		0.0460611
34.7		0.0460611
34.8		0.0460611
34.9		0.0460611
35		0.0460611
35.1		0.0466146
35.2		0.0466146
35.3		0.0466146
35.4		0.0466146
35.5		0.0466146
35.6		0.0466146
35.7		0.0466146
35.8		0.0466146
35.9		0.0466146
36		0.0466146
36.1		0.0511279
36.2		0.0511279
36.3		0.0511279
36.4		0.0511279
36.5		0.0511279
36.6		0.0511279
36.7		0.0511279
36.8		0.0511279
36.9		0.0511279
37		0.0511279
37.1		0.0534743
37.2		0.0534743
37.3		0.0534743
37.4		0.0534743
37.5		0.0534743
37.6		0.0534743
37.7		0.0534743
37.8		0.0534743
37.9		0.0534743
38		0.0534743
38.1		0.0537003
38.2		0.0537003
38.3		0.0537003
38.4		0.0537003
38.5		0.0537003
38.6		0.0537003
38.7		0.0537003
38.8		0.0537003
38.9		0.0537003
39		0.0537003
39.1		0.0582682
39.2		0.0582682
39.3		0.0582682
39.4		0.0582682
39.5		0.0582682
39.6		0.0582682
39.7		0.0582682
39.8		0.0582682
39.9		0.0582682
40		0.0582682
40.1		0.0584008
40.2		0.0584008
40.3		0.0584008
40.4		0.0584008
40.5		0.0584008
40.6		0.0584008
40.7		0.0584008
40.8		0.0584008
40.9		0.0584008
41		0.0584008
41.1		0.0600143
41.2		0.0600143
41.3		0.0600143
41.4		0.0600143
41.5		0.0600143
41.6		0.0600143
41.7		0.0600143
41.8		0.0600143
41.9		0.0600143
42		0.0600143
42.1		0.0621034
42.2		0.0621034
42.3		0.0621034
42.4		0.0621034
42.5		0.0621034
42.6		0.0621034
42.7		0.0621034
42.8		0.0621034
42.9		0.0621034
43		0.0621034
43.1		0.0627114
43.2		0.0627114
43.3		0.0627114
43.4		0.0627114
43.5		0.0627114
43.6		0.0627114
43.7		0.0627114
43.8		0.0627114
43.9		0.0627114
44		0.0627114
44.1		0.0662582
44.2		0.0662582
44.3		0.0662582
44.4		0.0662582
44.5		0.0662582
44.6		0.0662582
44.7		0.0662582
44.8		0.0662582
44.9		0.0662582
45		0.0662582
45.1		0.0695321
45.2		0.0695321
45.3		0.0695321
45.4		0.0695321
45.5		0.0695321
45.6		0.0695321
45.7		0.0695321
45.8		0.0695321
45.9		0.0695321
46		0.0695321
46.1		0.0724397
46.2		0.0724397
46.3		0.0724397
46.4		0.0724397
46.5		0.0724397
46.6		0.0724397
46.7		0.0724397
46.8		0.0724397
46.9		0.0724397
47		0.0724397
47.1		0.0739208
47.2		0.0739208
47.3		0.0739208
47.4		0.0739208
47.5		0.0739208
47.6		0.0739208
47.7		0.0739208
47.8		0.0739208
47.9		0.0739208
48		0.0739208
48.1		0.0747938
48.2		0.0747938
48.3		0.0747938
48.4		0.0747938
48.5		0.0747938
48.6		0.0747938
48.7		0.0747938
48.8		0.0747938
48.9		0.0747938
49		0.0747938
49.1		0.0748796
49.2		0.0748796
49.3		0.0748796
49.4		0.0748796
49.5		0.0748796
49.6		0.0748796
49.7		0.0748796
49.8		0.0748796
49.9		0.0748796
50		0.0748796
50.1		0.0794163
50.2		0.0794163
50.3		0.0794163
50.4		0.0794163
50.5		0.0794163
50.6		0.0794163
50.7		0.0794163
50.8		0.0794163
50.9		0.0794163
51		0.0794163
51.1		0.0795644
51.2		0.0795644
51.3		0.0795644
51.4		0.0795644
51.5		0.0795644
51.6		0.0795644
51.7		0.0795644
51.8		0.0795644
51.9		0.0795644
52		0.0795644
52.1		0.0829319
52.2		0.0829319
52.3		0.0829319
52.4		0.0829319
52.5		0.0829319
52.6		0.0829319
52.7		0.0829319
52.8		0.0829319
52.9		0.0829319
53		0.0829319
53.1		0.0860265
53.2		0.0860265
53.3		0.0860265
53.4		0.0860265
53.5		0.0860265
53.6		0.0860265
53.7		0.0860265
53.8		0.0860265
53.9		0.0860265
54		0.0860265
54.1		0.0870165
54.2		0.0870165
54.3		0.0870165
54.4		0.0870165
54.5		0.0870165
54.6		0.0870165
54.7		0.0870165
54.8		0.0870165
54.9		0.0870165
55		0.0870165
55.1		0.0890432
55.2		0.0890432
55.3		0.0890432
55.4		0.0890432
55.5		0.0890432
55.6		0.0890432
55.7		0.0890432
55.8		0.0890432
55.9		0.0890432
56		0.0890432
56.1		0.0892615
56.2		0.0892615
56.3		0.0892615
56.4		0.0892615
56.5		0.0892615
56.6		0.0892615
56.7		0.0892615
56.8		0.0892615
56.9		0.0892615
57		0.0892615
57.1		0.0897136
57.2		0.0897136
57.3		0.0897136
57.4		0.0897136
57.5		0.0897136
57.6		0.0897136
57.7		0.0897136
57.8		0.0897136
57.9		0.0897136
58		0.0897136
58.1		0.0959653
58.2		0.0959653
58.3		0.0959653
58.4		0.0959653
58.5		0.0959653
58.6		0.0959653
58.7		0.0959653
58.8		0.0959653
58.9		0.0959653
59		0.0959653
59.1		0.0971969
59.2		0.0971969
59.3		0.0971969
59.4		0.0971969
59.5		0.0971969
59.6		0.0971969
59.7		0.0971969
59.8		0.0971969
59.9		0.0971969
60		0.0971969
60.1		0.098639
60.2		0.098639
60.3		0.098639
60.4		0.098639
60.5		0.098639
60.6		0.098639
60.7		0.098639
60.8		0.098639
60.9		0.098639
61		0.098639
61.1		0.0993327
61.2		0.0993327
61.3		0.0993327
61.4		0.0993327
61.5		0.0993327
61.6		0.0993327
61.7		0.0993327
61.8		0.0993327
61.9		0.0993327
62		0.0993327
62.1		0.103807
62.2		0.103807
62.3		0.103807
62.4		0.103807
62.5		0.103807
62.6		0.103807
62.7		0.103807
62.8		0.103807
62.9		0.103807
63		0.103807
63.1		0.105592
63.2		0.105592
63.3		0.105592
63.4		0.105592
63.5		0.105592
63.6		0.105592
63.7		0.105592
63.8		0.105592
63.9		0.105592
64		0.105592
64.1		0.10645
64.2		0.10645
64.3		0.10645
64.4		0.10645
64.5		0.10645
64.6		0.10645
64.7		0.10645
64.8		0.10645
64.9		0.10645
65		0.10645
65.1		0.106855
65.2		0.106855
65.3		0.106855
65.4		0.106855
65.5		0.106855
65.6		0.106855
65.7		0.106855
65.8		0.106855
65.9		0.106855
66		0.106855
66.1		0.110246
66.2		0.110246
66.3		0.110246
66.4		0.110246
66.5		0.110246
66.6		0.110246
66.7		0.110246
66.8		0.110246
66.9		0.110246
67		0.110246
67.1		0.110589
67.2		0.110589
67.3		0.110589
67.4		0.110589
67.5		0.110589
67.6		0.110589
67.7		0.110589
67.8		0.110589
67.9		0.110589
68		0.110589
68.1		0.11444
68.2		0.11444
68.3		0.11444
68.4		0.11444
68.5		0.11444
68.6		0.11444
68.7		0.11444
68.8		0.11444
68.9		0.11444
69		0.11444
69.1		0.11656
69.2		0.11656
69.3		0.11656
69.4		0.11656
69.5		0.11656
69.6		0.11656
69.7		0.11656
69.8		0.11656
69.9		0.11656
70		0.11656
70.1		0.117675
70.2		0.117675
70.3		0.117675
70.4		0.117675
70.5		0.117675
70.6		0.117675
70.7		0.117675
70.8		0.117675
70.9		0.117675
71		0.117675
71.1		0.118618
71.2		0.118618
71.3		0.118618
71.4		0.118618
71.5		0.118618
71.6		0.118618
71.7		0.118618
71.8		0.118618
71.9		0.118618
72		0.118618
72.1		0.122952
72.2		0.122952
72.3		0.122952
72.4		0.122952
72.5		0.122952
72.6		0.122952
72.7		0.122952
72.8		0.122952
72.9		0.122952
73		0.122952
73.1		0.123614
73.2		0.123614
73.3		0.123614
73.4		0.123614
73.5		0.123614
73.6		0.123614
73.7		0.123614
73.8		0.123614
73.9		0.123614
74		0.123614
74.1		0.125275
74.2		0.125275
74.3		0.125275
74.4		0.125275
74.5		0.125275
74.6		0.125275
74.7		0.125275
74.8		0.125275
74.9		0.125275
75		0.125275
75.1		0.128798
75.2		0.128798
75.3		0.128798
75.4		0.128798
75.5		0.128798
75.6		0.128798
75.7		0.128798
75.8		0.128798
75.9		0.128798
76		0.128798
76.1		0.130225
76.2		0.130225
76.3		0.130225
76.4		0.130225
76.5		0.130225
76.6		0.130225
76.7		0.130225
76.8		0.130225
76.9		0.130225
77		0.130225
77.1		0.131456
77.2		0.131456
77.3		0.131456
77.4		0.131456
77.5		0.131456
77.6		0.131456
77.7		0.131456
77.8		0.131456
77.9		0.131456
78		0.131456
78.1		0.135276
78.2		0.135276
78.3		0.135276
78.4		0.135276
78.5		0.135276
78.6		0.135276
78.7		0.135276
78.8		0.135276
78.9		0.135276
79		0.135276
79.1		0.135525
79.2		0.135525
79.3		0.135525
79.4		0.135525
79.5		0.135525
79.6		0.135525
79.7		0.135525
79.8		0.135525
79.9		0.135525
80		0.135525
80.1		0.13731
80.2		0.13731
80.3		0.13731
80.4		0.13731
80.5		0.13731
80.6		0.13731
80.7		0.13731
80.8		0.13731
80.9		0.13731
81		0.13731
81.1		0.139368
81.2		0.139368
81.3		0.139368
81.4		0.139368
81.5		0.139368
81.6		0.139368
81.7		0.139368
81.8		0.139368
81.9		0.139368
82		0.139368
82.1		0.141075
82.2		0.141075
82.3		0.141075
82.4		0.141075
82.5		0.141075
82.6		0.141075
82.7		0.141075
82.8		0.141075
82.9		0.141075
83		0.141075
83.1		0.141356
83.2		0.141356
83.3		0.141356
83.4		0.141356
83.5		0.141356
83.6		0.141356
83.7		0.141356
83.8		0.141356
83.9		0.141356
84		0.141356
84.1		0.147958
84.2		0.147958
84.3		0.147958
84.4		0.147958
84.5		0.147958
84.6		0.147958
84.7		0.147958
84.8		0.147958
84.9		0.147958
85		0.147958
85.1		0.148746
85.2		0.148746
85.3		0.148746
85.4		0.148746
85.5		0.148746
85.6		0.148746
85.7		0.148746
85.8		0.148746
85.9		0.148746
86		0.148746
86.1		0.148987
86.2		0.148987
86.3		0.148987
86.4		0.148987
86.5		0.148987
86.6		0.148987
86.7		0.148987
86.8		0.148987
86.9		0.148987
87		0.148987
87.1		0.150554
87.2		0.150554
87.3		0.150554
87.4		0.150554
87.5		0.150554
87.6		0.150554
87.7		0.150554
87.8		0.150554
87.9		0.150554
88		0.150554
88.1		0.153758
88.2		0.153758
88.3		0.153758
88.4		0.153758
88.5		0.153758
88.6		0.153758
88.7		0.153758
88.8		0.153758
88.9		0.153758
89		0.153758
89.1		0.156151
89.2		0.156151
89.3		0.156151
89.4		0.156151
89.5		0.156151
89.6		0.156151
89.7		0.156151
89.8		0.156151
89.9		0.156151
90		0.156151
90.1		0.156416
90.2		0.156416
90.3		0.156416
90.4		0.156416
90.5		0.156416
90.6		0.156416
90.7		0.156416
90.8		0.156416
90.9		0.156416
91		0.156416
91.1		0.15969
91.2		0.15969
91.3		0.15969
91.4		0.15969
91.5		0.15969
91.6		0.15969
91.7		0.15969
91.8		0.15969
91.9		0.15969
92		0.15969
92.1		0.160672
92.2		0.160672
92.3		0.160672
92.4		0.160672
92.5		0.160672
92.6		0.160672
92.7		0.160672
92.8		0.160672
92.9		0.160672
93		0.160672
93.1		0.162395
93.2		0.162395
93.3		0.162395
93.4		0.162395
93.5		0.162395
93.6		0.162395
93.7		0.162395
93.8		0.162395
93.9		0.162395
94		0.162395
94.1		0.16266
94.2		0.16266
94.3		0.16266
94.4		0.16266
94.5		0.16266
94.6		0.16266
94.7		0.16266
94.8		0.16266
94.9		0.16266
95		0.16266
95.1		0.16676
95.2		0.16676
95.3		0.16676
95.4		0.16676
95.5		0.16676
95.6		0.16676
95.7		0.16676
95.8		0.16676
95.9		0.16676
96		0.16676
96.1		0.168693
96.2		0.168693
96.3		0.168693
96.4		0.168693
96.5		0.168693
96.6		0.168693
96.7		0.168693
96.8		0.168693
96.9		0.168693
97		0.168693
97.1		0.172723
97.2		0.172723
97.3		0.172723
97.4		0.172723
97.5		0.172723
97.6		0.172723
97.7		0.172723
97.8		0.172723
97.9		0.172723
98		0.172723
98.1		0.17447
98.2		0.17447
98.3		0.17447
98.4		0.17447
98.5		0.17447
98.6		0.17447
98.7		0.17447
98.8		0.17447
98.9		0.17447
99		0.17447
99.1		0.174664
99.2		0.174664
99.3		0.174664
99.4		0.174664
99.5		0.174664
99.6		0.174664
99.7		0.174664
99.8		0.174664
99.9		0.174664
100		0.174664
100.1		0.174719
100.2		0.174719
100.3		0.174719
100.4		0.174719
100.5		0.174719
100.6		0.174719
100.7		0.174719
100.8		0.174719
100.9		0.174719
101		0.174719
101.1		0.177923
101.2		0.177923
101.3		0.177923
101.4		0.177923
101.5		0.177923
101.6		0.177923
101.7		0.177923
101.8		0.177923
101.9		0.177923
102		0.177923
102.1		0.181563
102.2		0.181563
102.3		0.181563
102.4		0.181563
102.5		0.181563
102.6		0.181563
102.7		0.181563
102.8		0.181563
102.9		0.181563
103		0.181563
103.1		0.184284
103.2		0.184284
103.3		0.184284
103.4		0.184284
103.5		0.184284
103.6		0.184284
103.7		0.184284
103.8		0.184284
103.9		0.184284
104		0.184284
104.1		0.18486
104.2		0.18486
104.3		0.18486
104.4		0.18486
104.5		0.18486
104.6		0.18486
104.7		0.18486
104.8		0.18486
104.9		0.18486
105		0.18486
105.1		0.185157
105.2		0.185157
105.3		0.185157
105.4		0.185157
105.5		0.185157
105.6		0.185157
105.7		0.185157
105.8		0.185157
105.9		0.185157
106		0.185157
106.1		0.189109
106.2		0.189109
106.3		0.189109
106.4		0.189109
106.5		0.189109
106.6		0.189109
106.7		0.189109
106.8		0.189109
106.9		0.189109
107		0.189109
107.1		0.192835
107.2		0.192835
107.3		0.192835
107.4		0.192835
107.5		0.192835
107.6		0.192835
107.7		0.192835
107.8		0.192835
107.9		0.192835
108		0.192835
108.1		0.194659
108.2		0.194659
108.3		0.194659
108.4		0.194659
108.5		0.194659
108.6		0.194659
108.7		0.194659
108.8		0.194659
108.9		0.194659
109		0.194659
109.1		0.195867
109.2		0.195867
109.3		0.195867
109.4		0.195867
109.5		0.195867
109.6		0.195867
109.7		0.195867
109.8		0.195867
109.9		0.195867
110		0.195867
110.1		0.195883
110.2		0.195883
110.3		0.195883
110.4		0.195883
110.5		0.195883
110.6		0.195883
110.7		0.195883
110.8		0.195883
110.9		0.195883
111		0.195883
111.1		0.19992
111.2		0.19992
111.3		0.19992
111.4		0.19992
111.5		0.19992
111.6		0.19992
111.7		0.19992
111.8		0.19992
111.9		0.19992
112		0.19992
112.1		0.201659
112.2		0.201659
112.3		0.201659
112.4		0.201659
112.5		0.201659
112.6		0.201659
112.7		0.201659
112.8		0.201659
112.9		0.201659
113		0.201659
113.1		0.203077
113.2		0.203077
113.3		0.203077
113.4		0.203077
113.5		0.203077
113.6		0.203077
113.7		0.203077
113.8		0.203077
113.9		0.203077
114		0.203077
114.1		0.20639
114.2		0.20639
114.3		0.20639
114.4		0.20639
114.5		0.20639
114.6		0.20639
114.7		0.20639
114.8		0.20639
114.9		0.20639
115		0.20639
115.1		0.20784
115.2		0.20784
115.3		0.20784
115.4		0.20784
115.5		0.20784
115.6		0.20784
115.7		0.20784
115.8		0.20784
115.9		0.20784
116		0.20784
116.1		0.208168
116.2		0.208168
116.3		0.208168
116.4		0.208168
116.5		0.208168
116.6		0.208168
116.7		0.208168
116.8		0.208168
116.9		0.208168
117		0.208168
117.1		0.211169
117.2		0.211169
117.3		0.211169
117.4		0.211169
117.5		0.211169
117.6		0.211169
117.7		0.211169
117.8		0.211169
117.9		0.211169
118		0.211169
118.1		0.215479
118.2		0.215479
118.3		0.215479
118.4		0.215479
118.5		0.215479
118.6		0.215479
118.7		0.215479
118.8		0.215479
118.9		0.215479
119		0.215479
119.1		0.215838
119.2		0.215838
119.3		0.215838
119.4		0.215838
119.5		0.215838
119.6		0.215838
119.7		0.215838
119.8		0.215838
119.9		0.215838
120		0.215838
120.1		0.217888
120.2		0.217888
120.3		0.217888
120.4		0.217888
120.5		0.217888
120.6		0.217888
120.7		0.217888
120.8		0.217888
120.9		0.217888
121		0.217888
121.1		0.218239
121.2		0.218239
121.3		0.218239
121.4		0.218239
121.5		0.218239
121.6		0.218239
121.7		0.218239
121.8		0.218239
121.9		0.218239
122		0.218239
122.1		0.221809
122.2		0.221809
122.3		0.221809
122.4		0.221809
122.5		0.221809
122.6		0.221809
122.7		0.221809
122.8		0.221809
122.9		0.221809
123		0.221809
123.1		0.226096
123.2		0.226096
123.3		0.226096
123.4		0.226096
123.5		0.226096
123.6		0.226096
123.7		0.226096
123.8		0.226096
123.9		0.226096
124		0.226096
124.1		0.227328
124.2		0.227328
124.3		0.227328
124.4		0.227328
124.5		0.227328
124.6		0.227328
124.7		0.227328
124.8		0.227328
124.9		0.227328
125		0.227328
125.1		0.227515
125.2		0.227515
125.3		0.227515
125.4		0.227515
125.5		0.227515
125.6		0.227515
125.7		0.227515
125.8		0.227515
125.9		0.227515
126		0.227515
126.1		0.229994
126.2		0.229994
126.3		0.229994
126.4		0.229994
126.5		0.229994
126.6		0.229994
126.7		0.229994
126.8		0.229994
126.9		0.229994
127		0.229994
127.1		0.231537
127.2		0.231537
127.3		0.231537
127.4		0.231537
127.5		0.231537
127.6		0.231537
127.7		0.231537
127.8		0.231537
127.9		0.231537
128		0.231537
128.1		0.233057
128.2		0.233057
128.3		0.233057
128.4		0.233057
128.5		0.233057
128.6		0.233057
128.7		0.233057
128.8		0.233057
128.9		0.233057
129		0.233057
129.1		0.237586
129.2		0.237586
129.3		0.237586
129.4		0.237586
129.5		0.237586
129.6		0.237586
129.7		0.237586
129.8		0.237586
129.9		0.237586
130		0.237586
130.1		0.238358
130.2		0.238358
130.3		0.238358
130.4		0.238358
130.5		0.238358
130.6		0.238358
130.7		0.238358
130.8		0.238358
130.9		0.238358
131		0.238358
131.1		0.240829
131.2		0.240829
131.3		0.240829
131.4		0.240829
131.5		0.240829
131.6		0.240829
131.7		0.240829
131.8		0.240829
131.9		0.240829
132		0.240829
132.1		0.241071
132.2		0.241071
132.3		0.241071
132.4		0.241071
132.5		0.241071
132.6		0.241071
132.7		0.241071
132.8		0.241071
132.9		0.241071
133		0.241071
133.1		0.242622
133.2		0.242622
133.3		0.242622
133.4		0.242622
133.5		0.242622
133.6		0.242622
133.7		0.242622
133.8		0.242622
133.9		0.242622
134		0.242622
134.1		0.242981
134.2		0.242981
134.3		0.242981
134.4		0.242981
134.5		0.242981
134.6		0.242981
134.7		0.242981
134.8		0.242981
134.9		0.242981
135		0.242981
135.1		0.250378
135.2		0.250378
135.3		0.250378
135.4		0.250378
135.5		0.250378
135.6		0.250378
135.7		0.250378
135.8		0.250378
135.9		0.250378
136		0.250378
136.1		0.251649
136.2		0.251649
136.3		0.251649
136.4		0.251649
136.5		0.251649
136.6		0.251649
136.7		0.251649
136.8		0.251649
136.9		0.251649
137		0.251649
137.1		0.254089
137.2		0.254089
137.3		0.254089
137.4		0.254089
137.5		0.254089
137.6		0.254089
137.7		0.254089
137.8		0.254089
137.9		0.254089
138		0.254089
138.1		0.254626
138.2		0.254626
138.3		0.254626
138.4		0.254626
138.5		0.254626
138.6		0.254626
138.7		0.254626
138.8		0.254626
138.9		0.254626
139		0.254626
139.1		0.255219
139.2		0.255219
139.3		0.255219
139.4		0.255219
139.5		0.255219
139.6		0.255219
139.7		0.255219
139.8		0.255219
139.9		0.255219
140		0.255219
140.1		0.260083
140.2		0.260083
140.3		0.260083
140.4		0.260083
140.5		0.260083
140.6		0.260083
140.7		0.260083
140.8		0.260083
140.9		0.260083
141		0.260083
141.1		0.262757
141.2		0.262757
141.3		0.262757
141.4		0.262757
141.5		0.262757
141.6		0.262757
141.7		0.262757
141.8		0.262757
141.9		0.262757
142		0.262757
142.1		0.265126
142.2		0.265126
142.3		0.265126
142.4		0.265126
142.5		0.265126
142.6		0.265126
142.7		0.265126
142.8		0.265126
142.9		0.265126
143		0.265126
143.1		0.266062
143.2		0.266062
143.3		0.266062
143.4		0.266062
143.5		0.266062
143.6		0.266062
143.7		0.266062
143.8		0.266062
143.9		0.266062
144		0.266062
144.1		0.266771
144.2		0.266771
144.3		0.266771
144.4		0.266771
144.5		0.266771
144.6		0.266771
144.7		0.266771
144.8		0.266771
144.9		0.266771
145		0.266771
145.1		0.266989
145.2		0.266989
145.3		0.266989
145.4		0.266989
145.5		0.266989
145.6		0.266989
145.7		0.266989
145.8		0.266989
145.9		0.266989
146		0.266989
146.1		0.270778
146.2		0.270778
146.3		0.270778
146.4		0.270778
146.5		0.270778
146.6		0.270778
146.7		0.270778
146.8		0.270778
146.9		0.270778
147		0.270778
147.1		0.271698
147.2		0.271698
147.3		0.271698
147.4		0.271698
147.5		0.271698
147.6		0.271698
147.7		0.271698
147.8		0.271698
147.9		0.271698
148		0.271698
148.1		0.274909
148.2		0.274909
148.3		0.274909
148.4		0.274909
148.5		0.274909
148.6		0.274909
148.7		0.274909
148.8		0.274909
148.9		0.274909
149		0.274909
149.1		0.276071
149.2		0.276071
149.3		0.276071
149.4		0.276071
149.5		0.276071
149.6		0.276071
149.7		0.276071
149.8		0.276071
149.9		0.276071
150		0.276071
150.1		0.278316
150.2		0.278316
150.3		0.278316
150.4		0.278316
150.5		0.278316
150.6		0.278316
150.7		0.278316
150.8		0.278316
150.9		0.278316
151		0.278316
151.1		0.279048
151.2		0.279048
151.3		0.279048
151.4		0.279048
151.5		0.279048
151.6		0.279048
151.7		0.279048
151.8		0.279048
151.9		0.279048
152		0.279048
152.1		0.281979
152.2		0.281979
152.3		0.281979
152.4		0.281979
152.5		0.281979
152.6		0.281979
152.7		0.281979
152.8		0.281979
152.9		0.281979
153		0.281979
153.1		0.287116
153.2		0.287116
153.3		0.287116
153.4		0.287116
153.5		0.287116
153.6		0.287116
153.7		0.287116
153.8		0.287116
153.9		0.287116
154		0.287116
154.1		0.287545
154.2		0.287545
154.3		0.287545
154.4		0.287545
154.5		0.287545
154.6		0.287545
154.7		0.287545
154.8		0.287545
154.9		0.287545
155		0.287545
155.1		0.288356
155.2		0.288356
155.3		0.288356
155.4		0.288356
155.5		0.288356
155.6		0.288356
155.7		0.288356
155.8		0.288356
155.9		0.288356
156		0.288356
156.1		0.290242
156.2		0.290242
156.3		0.290242
156.4		0.290242
156.5		0.290242
156.6		0.290242
156.7		0.290242
156.8		0.290242
156.9		0.290242
157		0.290242
157.1		0.294904
157.2		0.294904
157.3		0.294904
157.4		0.294904
157.5		0.294904
157.6		0.294904
157.7		0.294904
157.8		0.294904
157.9		0.294904
158		0.294904
158.1		0.297616
158.2		0.297616
158.3		0.297616
158.4		0.297616
158.5		0.297616
158.6		0.297616
158.7		0.297616
158.8		0.297616
158.9		0.297616
159		0.297616
159.1		0.299557
159.2		0.299557
159.3		0.299557
159.4		0.299557
159.5		0.299557
159.6		0.299557
159.7		0.299557
159.8		0.299557
159.9		0.299557
160		0.299557
160.1		0.29983
160.2		0.29983
160.3		0.29983
160.4		0.29983
160.5		0.29983
160.6		0.29983
160.7		0.29983
160.8		0.29983
160.9		0.29983
161		0.29983
161.1		0.301342
161.2		0.301342
161.3		0.301342
161.4		0.301342
161.5		0.301342
161.6		0.301342
161.7		0.301342
161.8		0.301342
161.9		0.301342
162		0.301342
162.1		0.30796
162.2		0.30796
162.3		0.30796
162.4		0.30796
162.5		0.30796
162.6		0.30796
162.7		0.30796
162.8		0.30796
162.9		0.30796
163		0.30796
163.1		0.308436
163.2		0.308436
163.3		0.308436
163.4		0.308436
163.5		0.308436
163.6		0.308436
163.7		0.308436
163.8		0.308436
163.9		0.308436
164		0.308436
164.1		0.308561
164.2		0.308561
164.3		0.308561
164.4		0.308561
164.5		0.308561
164.6		0.308561
164.7		0.308561
164.8		0.308561
164.9		0.308561
165		0.308561
165.1		0.312255
165.2		0.312255
165.3		0.312255
165.4		0.312255
165.5		0.312255
165.6		0.312255
165.7		0.312255
165.8		0.312255
165.9		0.312255
166		0.312255
166.1		0.313214
166.2		0.313214
166.3		0.313214
166.4		0.313214
166.5		0.313214
166.6		0.313214
166.7		0.313214
166.8		0.313214
166.9		0.313214
167		0.313214
167.1		0.314945
167.2		0.314945
167.3		0.314945
167.4		0.314945
167.5		0.314945
167.6		0.314945
167.7		0.314945
167.8		0.314945
167.9		0.314945
168		0.314945
168.1		0.318476
168.2		0.318476
168.3		0.318476
168.4		0.318476
168.5		0.318476
168.6		0.318476
168.7		0.318476
168.8		0.318476
168.9		0.318476
169		0.318476
169.1		0.319232
169.2		0.319232
169.3		0.319232
169.4		0.319232
169.5		0.319232
169.6		0.319232
169.7		0.319232
169.8		0.319232
169.9		0.319232
170		0.319232
170.1		0.321781
170.2		0.321781
170.3		0.321781
170.4		0.321781
170.5		0.321781
170.6		0.321781
170.7		0.321781
170.8		0.321781
170.9		0.321781
171		0.321781
171.1		0.322997
171.2		0.322997
171.3		0.322997
171.4		0.322997
171.5		0.322997
171.6		0.322997
171.7		0.322997
171.8		0.322997
171.9		0.322997
172		0.322997
172.1		0.323309
172.2		0.323309
172.3		0.323309
172.4		0.323309
172.5		0.323309
172.6		0.323309
172.7		0.323309
172.8		0.323309
172.9		0.323309
173		0.323309
173.1		0.325016
173.2		0.325016
173.3		0.325016
173.4		0.325016
173.5		0.325016
173.6		0.325016
173.7		0.325016
173.8		0.325016
173.9		0.325016
174		0.325016
174.1		0.327963
174.2		0.327963
174.3		0.327963
174.4		0.327963
174.5		0.327963
174.6		0.327963
174.7		0.327963
174.8		0.327963
174.9		0.327963
175		0.327963
175.1		0.332063
175.2		0.332063
175.3		0.332063
175.4		0.332063
175.5		0.332063
175.6		0.332063
175.7		0.332063
175.8		0.332063
175.9		0.332063
176		0.332063
176.1		0.332616
176.2		0.332616
176.3		0.332616
176.4		0.332616
176.5		0.332616
176.6		0.332616
176.7		0.332616
176.8		0.332616
176.9		0.332616
177		0.332616
177.1		0.333536
177.2		0.333536
177.3		0.333536
177.4		0.333536
177.5		0.333536
177.6		0.333536
177.7		0.333536
177.8		0.333536
177.9		0.333536
178		0.333536
178.1		0.337169
178.2		0.337169
178.3		0.337169
178.4		0.337169
178.5		0.337169
178.6		0.337169
178.7		0.337169
178.8		0.337169
178.9		0.337169
179		0.337169
179.1		0.338385
179.2		0.338385
179.3		0.338385
179.4		0.338385
179.5		0.338385
179.6		0.338385
179.7		0.338385
179.8		0.338385
179.9		0.338385
180		0.338385
180.1		0.339905
180.2		0.339905
180.3		0.339905
180.4		0.339905
180.5		0.339905
180.6		0.339905
180.7		0.339905
180.8		0.339905
180.9		0.339905
181		0.339905
181.1		0.345501
181.2		0.345501
181.3		0.345501
181.4		0.345501
181.5		0.345501
181.6		0.345501
181.7		0.345501
181.8		0.345501
181.9		0.345501
182		0.345501
182.1		0.346686
182.2		0.346686
182.3		0.346686
182.4		0.346686
182.5		0.346686
182.6		0.346686
182.7		0.346686
182.8		0.346686
182.9		0.346686
183		0.346686
183.1		0.347255
183.2		0.347255
183.3		0.347255
183.4		0.347255
183.5		0.347255
183.6		0.347255
183.7		0.347255
183.8		0.347255
183.9		0.347255
184		0.347255
184.1		0.348713
184.2		0.348713
184.3		0.348713
184.4		0.348713
184.5		0.348713
184.6		0.348713
184.7		0.348713
184.8		0.348713
184.9		0.348713
185		0.348713
185.1		0.35173
185.2		0.35173
185.3		0.35173
185.4		0.35173
185.5		0.35173
185.6		0.35173
185.7		0.35173
185.8		0.35173
185.9		0.35173
186		0.35173
186.1		0.352876
186.2		0.352876
186.3		0.352876
186.4		0.352876
186.5		0.352876
186.6		0.352876
186.7		0.352876
186.8		0.352876
186.9		0.352876
187		0.352876
187.1		0.357069
187.2		0.357069
187.3		0.357069
187.4		0.357069
187.5		0.357069
187.6		0.357069
187.7		0.357069
187.8		0.357069
187.9		0.357069
188		0.357069
188.1		0.358379
188.2		0.358379
188.3		0.358379
188.4		0.358379
188.5		0.358379
188.6		0.358379
188.7		0.358379
188.8		0.358379
188.9		0.358379
189		0.358379
189.1		0.358722
189.2		0.358722
189.3		0.358722
189.4		0.358722
189.5		0.358722
189.6		0.358722
189.7		0.358722
189.8		0.358722
189.9		0.358722
190		0.358722
190.1		0.359205
190.2		0.359205
190.3		0.359205
190.4		0.359205
190.5		0.359205
190.6		0.359205
190.7		0.359205
190.8		0.359205
190.9		0.359205
191		0.359205
191.1		0.363227
191.2		0.363227
191.3		0.363227
191.4		0.363227
191.5		0.363227
191.6		0.363227
191.7		0.363227
191.8		0.363227
191.9		0.363227
192		0.363227
192.1		0.365636
192.2		0.365636
192.3		0.365636
192.4		0.365636
192.5		0.365636
192.6		0.365636
192.7		0.365636
192.8		0.365636
192.9		0.365636
193		0.365636
193.1		0.367827
193.2		0.367827
193.3		0.367827
193.4		0.367827
193.5		0.367827
193.6		0.367827
193.7		0.367827
193.8		0.367827
193.9		0.367827
194		0.367827
194.1		0.36845
194.2		0.36845
194.3		0.36845
194.4		0.36845
194.5		0.36845
194.6		0.36845
194.7		0.36845
194.8		0.36845
194.9		0.36845
195		0.36845
195.1		0.37121
195.2		0.37121
195.3		0.37121
195.4		0.37121
195.5		0.37121
195.6		0.37121
195.7		0.37121
195.8		0.37121
195.9		0.37121
196		0.37121
196.1		0.373213
196.2		0.373213
196.3		0.373213
196.4		0.373213
196.5		0.373213
196.6		0.373213
196.7		0.373213
196.8		0.373213
196.9		0.373213
197		0.373213
197.1		0.374733
197.2		0.374733
197.3		0.374733
197.4		0.374733
197.5		0.374733
197.6		0.374733
197.7		0.374733
197.8		0.374733
197.9		0.374733
198		0.374733
198.1		0.376791
198.2		0.376791
198.3		0.376791
198.4		0.376791
198.5		0.376791
198.6		0.376791
198.7		0.376791
198.8		0.376791
198.9		0.376791
199		0.376791
199.1		0.377906
199.2		0.377906
199.3		0.377906
199.4		0.377906
199.5		0.377906
199.6		0.377906
199.7		0.377906
199.8		0.377906
199.9		0.377906
200		0.377906
200.1		0.381374
200.2		0.381374
200.3		0.381374
200.4		0.381374
200.5		0.381374
200.6		0.381374
200.7		0.381374
200.8		0.381374
200.9		0.381374
201		0.381374
201.1		0.38443
201.2		0.38443
201.3		0.38443
201.4		0.38443
201.5		0.38443
201.6		0.38443
201.7		0.38443
201.8		0.38443
201.9		0.38443
202		0.38443
202.1		0.385701
202.2		0.385701
202.3		0.385701
202.4		0.385701
202.5		0.385701
202.6		0.385701
202.7		0.385701
202.8		0.385701
202.9		0.385701
203		0.385701
203.1		0.385974
203.2		0.385974
203.3		0.385974
203.4		0.385974
203.5		0.385974
203.6		0.385974
203.7		0.385974
203.8		0.385974
203.9		0.385974
204		0.385974
204.1		0.390183
204.2		0.390183
204.3		0.390183
204.4		0.390183
204.5		0.390183
204.6		0.390183
204.7		0.390183
204.8		0.390183
204.9		0.390183
205		0.390183
205.1		0.394579
205.2		0.394579
205.3		0.394579
205.4		0.394579
205.5		0.394579
205.6		0.394579
205.7		0.394579
205.8		0.394579
205.9		0.394579
206		0.394579
206.1		0.395
206.2		0.395
206.3		0.395
206.4		0.395
206.5		0.395
206.6		0.395
206.7		0.395
206.8		0.395
206.9		0.395
207		0.395
207.1		0.398103
207.2		0.398103
207.3		0.398103
207.4		0.398103
207.5		0.398103
207.6		0.398103
207.7		0.398103
207.8		0.398103
207.9		0.398103
208		0.398103
208.1		0.398602
208.2		0.398602
208.3		0.398602
208.4		0.398602
208.5		0.398602
208.6		0.398602
208.7		0.398602
208.8		0.398602
208.9		0.398602
209		0.398602
209.1		0.399599
209.2		0.399599
209.3		0.399599
209.4		0.399599
209.5		0.399599
209.6		0.399599
209.7		0.399599
209.8		0.399599
209.9		0.399599
210		0.399599
210.1		0.405204
210.2		0.405204
210.3		0.405204
210.4		0.405204
210.5		0.405204
210.6		0.405204
210.7		0.405204
210.8		0.405204
210.9		0.405204
211		0.405204
211.1		0.405586
211.2		0.405586
211.3		0.405586
211.4		0.405586
211.5		0.405586
211.6		0.405586
211.7		0.405586
211.8		0.405586
211.9		0.405586
212		0.405586
212.1		0.40649
212.2		0.40649
212.3		0.40649
212.4		0.40649
212.5		0.40649
212.6		0.40649
212.7		0.40649
212.8		0.40649
212.9		0.40649
213		0.40649
213.1		0.409569
213.2		0.409569
213.3		0.409569
213.4		0.409569
213.5		0.409569
213.6		0.409569
213.7		0.409569
213.8		0.409569
213.9		0.409569
214		0.409569
214.1		0.409764
214.2		0.409764
214.3		0.409764
214.4		0.409764
214.5		0.409764
214.6		0.409764
214.7		0.409764
214.8		0.409764
214.9		0.409764
215		0.409764
215.1		0.412056
215.2		0.412056
215.3		0.412056
215.4		0.412056
215.5		0.412056
215.6		0.412056
215.7		0.412056
215.8		0.412056
215.9		0.412056
216		0.412056
216.1		0.416094
216.2		0.416094
216.3		0.416094
216.4		0.416094
216.5		0.416094
216.6		0.416094
216.7		0.416094
216.8		0.416094
216.9		0.416094
217		0.416094
217.1		0.417045
217.2		0.417045
217.3		0.417045
217.4		0.417045
217.5		0.417045
217.6		0.417045
217.7		0.417045
217.8		0.417045
217.9		0.417045
218		0.417045
218.1		0.418308
218.2		0.418308
218.3		0.418308
218.4		0.418308
218.5		0.418308
218.6		0.418308
218.7		0.418308
218.8		0.418308
218.9		0.418308
219		0.418308
219.1		0.422455
219.2		0.422455
219.3		0.422455
219.4		0.422455
219.5		0.422455
219.6		0.422455
219.7		0.422455
219.8		0.422455
219.9		0.422455
220		0.422455
220.1		0.422618
220.2		0.422618
220.3		0.422618
220.4		0.422618
220.5		0.422618
220.6		0.422618
220.7		0.422618
220.8		0.422618
220.9		0.422618
221		0.422618
221.1		0.426765
221.2		0.426765
221.3		0.426765
221.4		0.426765
221.5		0.426765
221.6		0.426765
221.7		0.426765
221.8		0.426765
221.9		0.426765
222		0.426765
222.1		0.427771
222.2		0.427771
222.3		0.427771
222.4		0.427771
222.5		0.427771
222.6		0.427771
222.7		0.427771
222.8		0.427771
222.9		0.427771
223		0.427771
223.1		0.429104
223.2		0.429104
223.3		0.429104
223.4		0.429104
223.5		0.429104
223.6		0.429104
223.7		0.429104
223.8		0.429104
223.9		0.429104
224		0.429104
224.1		0.429493
224.2		0.429493
224.3		0.429493
224.4		0.429493
224.5		0.429493
224.6		0.429493
224.7		0.429493
224.8		0.429493
224.9		0.429493
225		0.429493
225.1		0.432152
225.2		0.432152
225.3		0.432152
225.4		0.432152
225.5		0.432152
225.6		0.432152
225.7		0.432152
225.8		0.432152
225.9		0.432152
226		0.432152
226.1		0.438364
226.2		0.438364
226.3		0.438364
226.4		0.438364
226.5		0.438364
226.6		0.438364
226.7		0.438364
226.8		0.438364
226.9		0.438364
227		0.438364
227.1		0.438926
227.2		0.438926
227.3		0.438926
227.4		0.438926
227.5		0.438926
227.6		0.438926
227.7		0.438926
227.8		0.438926
227.9		0.438926
228		0.438926
228.1		0.439783
228.2		0.439783
228.3		0.439783
228.4		0.439783
228.5		0.439783
228.6		0.439783
228.7		0.439783
228.8		0.439783
228.9		0.439783
229		0.439783
229.1		0.440025
229.2		0.440025
229.3		0.440025
229.4		0.440025
229.5		0.440025
229.6		0.440025
229.7		0.440025
229.8		0.440025
229.9		0.440025
230		0.440025
230.1		0.445567
230.2		0.445567
230.3		0.445567
230.4		0.445567
230.5		0.445567
230.6		0.445567
230.7		0.445567
230.8		0.445567
230.9		0.445567
231		0.445567
231.1		0.446159
231.2		0.446159
231.3		0.446159
231.4		0.446159
231.5		0.446159
231.6		0.446159
231.7		0.446159
231.8		0.446159
231.9		0.446159
232		0.446159
232.1		0.448817
232.2		0.448817
232.3		0.448817
232.4		0.448817
232.5		0.448817
232.6		0.448817
232.7		0.448817
232.8		0.448817
232.9		0.448817
233		0.448817
233.1		0.451094
233.2		0.451094
233.3		0.451094
233.4		0.451094
233.5		0.451094
233.6		0.451094
233.7		0.451094
233.8		0.451094
233.9		0.451094
234		0.451094
234.1		0.453081
234.2		0.453081
234.3		0.453081
234.4		0.453081
234.5		0.453081
234.6		0.453081
234.7		0.453081
234.8		0.453081
234.9		0.453081
235		0.453081
235.1		0.453611
235.2		0.453611
235.3		0.453611
235.4		0.453611
235.5		0.453611
235.6		0.453611
235.7		0.453611
235.8		0.453611
235.9		0.453611
236		0.453611
236.1		0.455934
236.2		0.455934
236.3		0.455934
236.4		0.455934
236.5		0.455934
236.6		0.455934
236.7		0.455934
236.8		0.455934
236.9		0.455934
237		0.455934
237.1		0.45924
237.2		0.45924
237.3		0.45924
237.4		0.45924
237.5		0.45924
237.6		0.45924
237.7		0.45924
237.8		0.45924
237.9		0.45924
238		0.45924
238.1		0.460159
238.2		0.460159
238.3		0.460159
238.4		0.460159
238.5		0.460159
238.6		0.460159
238.7		0.460159
238.8		0.460159
238.9		0.460159
239		0.460159
239.1		0.464829
239.2		0.464829
239.3		0.464829
239.4		0.464829
239.5		0.464829
239.6		0.464829
239.7		0.464829
239.8		0.464829
239.9		0.464829
240		0.464829
240.1		0.465039
240.2		0.465039
240.3		0.465039
240.4		0.465039
240.5		0.465039
240.6		0.465039
240.7		0.465039
240.8		0.465039
240.9		0.465039
241		0.465039
241.1		0.465686
241.2		0.465686
241.3		0.465686
241.4		0.465686
241.5		0.465686
241.6		0.465686
241.7		0.465686
241.8		0.465686
241.9		0.465686
242		0.465686
242.1		0.465959
242.2		0.465959
242.3		0.465959
242.4		0.465959
242.5		0.465959
242.6		0.465959
242.7		0.465959
242.8		0.465959
242.9		0.465959
243		0.465959
243.1		0.471766
243.2		0.471766
243.3		0.471766
243.4		0.471766
243.5		0.471766
243.6		0.471766
243.7		0.471766
243.8		0.471766
243.9		0.471766
244		0.471766
244.1		0.472101
244.2		0.472101
244.3		0.472101
244.4		0.472101
244.5		0.472101
244.6		0.472101
244.7		0.472101
244.8		0.472101
244.9		0.472101
245		0.472101
245.1		0.472756
245.2		0.472756
245.3		0.472756
245.4		0.472756
245.5		0.472756
245.6		0.472756
245.7		0.472756
245.8		0.472756
245.9		0.472756
246		0.472756
246.1		0.476194
246.2		0.476194
246.3		0.476194
246.4		0.476194
246.5		0.476194
246.6		0.476194
246.7		0.476194
246.8		0.476194
246.9		0.476194
247		0.476194
247.1		0.476786
247.2		0.476786
247.3		0.476786
247.4		0.476786
247.5		0.476786
247.6		0.476786
247.7		0.476786
247.8		0.476786
247.9		0.476786
248		0.476786
248.1		0.47826
248.2		0.47826
248.3		0.47826
248.4		0.47826
248.5		0.47826
248.6		0.47826
248.7		0.47826
248.8		0.47826
248.9		0.47826
249		0.47826
249.1		0.483521
249.2		0.483521
249.3		0.483521
249.4		0.483521
249.5		0.483521
249.6		0.483521
249.7		0.483521
249.8		0.483521
249.9		0.483521
250		0.483521
250.1		0.483669
250.2		0.483669
250.3		0.483669
250.4		0.483669
250.5		0.483669
250.6		0.483669
250.7		0.483669
250.8		0.483669
250.9		0.483669
251		0.483669
251.1		0.484862
251.2		0.484862
251.3		0.484862
251.4		0.484862
251.5		0.484862
251.6		0.484862
251.7		0.484862
251.8		0.484862
251.9		0.484862
252		0.484862
252.1		0.48904
252.2		0.48904
252.3		0.48904
252.4		0.48904
252.5		0.48904
252.6		0.48904
252.7		0.48904
252.8		0.48904
252.9		0.48904
253		0.48904
253.1		0.489305
253.2		0.489305
253.3		0.489305
253.4		0.489305
253.5		0.489305
253.6		0.489305
253.7		0.489305
253.8		0.489305
253.9		0.489305
254		0.489305
254.1		0.493896
254.2		0.493896
254.3		0.493896
254.4		0.493896
254.5		0.493896
254.6		0.493896
254.7		0.493896
254.8		0.493896
254.9		0.493896
255		0.493896
255.1		0.495198
255.2		0.495198
255.3		0.495198
255.4		0.495198
255.5		0.495198
255.6		0.495198
255.7		0.495198
255.8		0.495198
255.9		0.495198
256		0.495198
256.1		0.495588
256.2		0.495588
256.3		0.495588
256.4		0.495588
256.5		0.495588
256.6		0.495588
256.7		0.495588
256.8		0.495588
256.9		0.495588
257		0.495588
257.1		0.498831
257.2		0.498831
257.3		0.498831
257.4		0.498831
257.5		0.498831
257.6		0.498831
257.7		0.498831
257.8		0.498831
257.9		0.498831
258		0.498831
258.1		0.500101
258.2		0.500101
258.3		0.500101
258.4		0.500101
258.5		0.500101
258.6		0.500101
258.7		0.500101
258.8		0.500101
258.9		0.500101
259		0.500101
259.1		0.505683
259.2		0.505683
259.3		0.505683
259.4		0.505683
259.5		0.505683
259.6		0.505683
259.7		0.505683
259.8		0.505683
259.9		0.505683
260		0.505683
260.1		0.50615
260.2		0.50615
260.3		0.50615
260.4		0.50615
260.5		0.50615
260.6		0.50615
260.7		0.50615
260.8		0.50615
260.9		0.50615
261		0.50615
261.1		0.50661
261.2		0.50661
261.3		0.50661
261.4		0.50661
261.5		0.50661
261.6		0.50661
261.7		0.50661
261.8		0.50661
261.9		0.50661
262		0.50661
262.1		0.507928
262.2		0.507928
262.3		0.507928
262.4		0.507928
262.5		0.507928
262.6		0.507928
262.7		0.507928
262.8		0.507928
262.9		0.507928
263		0.507928
263.1		0.510141
263.2		0.510141
263.3		0.510141
263.4		0.510141
263.5		0.510141
263.6		0.510141
263.7		0.510141
263.8		0.510141
263.9		0.510141
264		0.510141
264.1		0.510414
264.2		0.510414
264.3		0.510414
264.4		0.510414
264.5		0.510414
264.6		0.510414
264.7		0.510414
264.8		0.510414
264.9		0.510414
265		0.510414
265.1		0.515395
265.2		0.515395
265.3		0.515395
265.4		0.515395
265.5		0.515395
265.6		0.515395
265.7		0.515395
265.8		0.515395
265.9		0.515395
266		0.515395
266.1		0.518841
266.2		0.518841
266.3		0.518841
266.4		0.518841
266.5		0.518841
266.6		0.518841
266.7		0.518841
266.8		0.518841
266.9		0.518841
267		0.518841
267.1		0.519566
267.2		0.519566
267.3		0.519566
267.4		0.519566
267.5		0.519566
267.6		0.519566
267.7		0.519566
267.8		0.519566
267.9		0.519566
268		0.519566
268.1		0.52022
268.2		0.52022
268.3		0.52022
268.4		0.52022
268.5		0.52022
268.6		0.52022
268.7		0.52022
268.8		0.52022
268.9		0.52022
269		0.52022
269.1		0.522341
269.2		0.522341
269.3		0.522341
269.4		0.522341
269.5		0.522341
269.6		0.522341
269.7		0.522341
269.8		0.522341
269.9		0.522341
270		0.522341
270.1		0.526831
270.2		0.526831
270.3		0.526831
270.4		0.526831
270.5		0.526831
270.6		0.526831
270.7		0.526831
270.8		0.526831
270.9		0.526831
271		0.526831
271.1		0.527049
271.2		0.527049
271.3		0.527049
271.4		0.527049
271.5		0.527049
271.6		0.527049
271.7		0.527049
271.8		0.527049
271.9		0.527049
272		0.527049
272.1		0.529754
272.2		0.529754
272.3		0.529754
272.4		0.529754
272.5		0.529754
272.6		0.529754
272.7		0.529754
272.8		0.529754
272.9		0.529754
273		0.529754
273.1		0.530034
273.2		0.530034
273.3		0.530034
273.4		0.530034
273.5		0.530034
273.6		0.530034
273.7		0.530034
273.8		0.530034
273.9		0.530034
274		0.530034
274.1		0.535148
274.2		0.535148
274.3		0.535148
274.4		0.535148
274.5		0.535148
274.6		0.535148
274.7		0.535148
274.8		0.535148
274.9		0.535148
275		0.535148
275.1		0.535358
275.2		0.535358
275.3		0.535358
275.4		0.535358
275.5		0.535358
275.6		0.535358
275.7		0.535358
275.8		0.535358
275.9		0.535358
276		0.535358
276.1		0.537494
276.2		0.537494
276.3		0.537494
276.4		0.537494
276.5		0.537494
276.6		0.537494
276.7		0.537494
276.8		0.537494
276.9		0.537494
277		0.537494
277.1		0.538734
277.2		0.538734
277.3		0.538734
277.4		0.538734
277.5		0.538734
277.6		0.538734
277.7		0.538734
277.8		0.538734
277.9		0.538734
278		0.538734
278.1		0.538843
278.2		0.538843
278.3		0.538843
278.4		0.538843
278.5		0.538843
278.6		0.538843
278.7		0.538843
278.8		0.538843
278.9		0.538843
279		0.538843
279.1		0.543949
279.2		0.543949
279.3		0.543949
279.4		0.543949
279.5		0.543949
279.6		0.543949
279.7		0.543949
279.8		0.543949
279.9		0.543949
280		0.543949
280.1		0.546014
280.2		0.546014
280.3		0.546014
280.4		0.546014
280.5		0.546014
280.6		0.546014
280.7		0.546014
280.8		0.546014
280.9		0.546014
281		0.546014
281.1		0.546856
281.2		0.546856
281.3		0.546856
281.4		0.546856
281.5		0.546856
281.6		0.546856
281.7		0.546856
281.8		0.546856
281.9		0.546856
282		0.546856
282.1		0.549959
282.2		0.549959
282.3		0.549959
282.4		0.549959
282.5		0.549959
282.6		0.549959
282.7		0.549959
282.8		0.549959
282.9		0.549959
283		0.549959
283.1		0.552461
283.2		0.552461
283.3		0.552461
283.4		0.552461
283.5		0.552461
283.6		0.552461
283.7		0.552461
283.8		0.552461
283.9		0.552461
284		0.552461
284.1		0.556499
284.2		0.556499
284.3		0.556499
284.4		0.556499
284.5		0.556499
284.6		0.556499
284.7		0.556499
284.8		0.556499
284.9		0.556499
285		0.556499
285.1		0.560895
285.2		0.560895
285.3		0.560895
285.4		0.560895
285.5		0.560895
285.6		0.560895
285.7		0.560895
285.8		0.560895
285.9		0.560895
286		0.560895
286.1		0.561534
286.2		0.561534
286.3		0.561534
286.4		0.561534
286.5		0.561534
286.6		0.561534
286.7		0.561534
286.8		0.561534
286.9		0.561534
287		0.561534
287.1		0.561948
287.2		0.561948
287.3		0.561948
287.4		0.561948
287.5		0.561948
287.6		0.561948
287.7		0.561948
287.8		0.561948
287.9		0.561948
288		0.561948
288.1		0.56339
288.2		0.56339
288.3		0.56339
288.4		0.56339
288.5		0.56339
288.6		0.56339
288.7		0.56339
288.8		0.56339
288.9		0.56339
289		0.56339
289.1		0.56894
289.2		0.56894
289.3		0.56894
289.4		0.56894
289.5		0.56894
289.6		0.56894
289.7		0.56894
289.8		0.56894
289.9		0.56894
290		0.56894
290.1		0.56894
290.2		0.56894
290.3		0.56894
290.4		0.56894
290.5		0.56894
290.6		0.56894
290.7		0.56894
290.8		0.56894
290.9		0.56894
291		0.56894
291.1		0.569119
291.2		0.569119
291.3		0.569119
291.4		0.569119
291.5		0.569119
291.6		0.569119
291.7		0.569119
291.8		0.569119
291.9		0.569119
292		0.569119
292.1		0.569119
292.2		0.569119
292.3		0.569119
292.4		0.569119
292.5		0.569119
292.6		0.569119
292.7		0.569119
292.8		0.569119
292.9		0.569119
293		0.569119
293.1		0.570319
293.2		0.570319
293.3		0.570319
293.4		0.570319
293.5		0.570319
293.6		0.570319
293.7		0.570319
293.8		0.570319
293.9		0.570319
294		0.570319
294.1		0.571769
294.2		0.571769
294.3		0.571769
294.4		0.571769
294.5		0.571769
294.6		0.571769
294.7		0.571769
294.8		0.571769
294.9		0.571769
295		0.571769
295.1		0.576267
295.2		0.576267
295.3		0.576267
295.4		0.576267
295.5		0.576267
295.6		0.576267
295.7		0.576267
295.8		0.576267
295.9		0.576267
296		0.576267
296.1		0.577327
296.2		0.577327
296.3		0.577327
296.4		0.577327
296.5		0.577327
296.6		0.577327
296.7		0.577327
296.8		0.577327
296.9		0.577327
297		0.577327
297.1		0.579167
297.2		0.579167
297.3		0.579167
297.4		0.579167
297.5		0.579167
297.6		0.579167
297.7		0.579167
297.8		0.579167
297.9		0.579167
298		0.579167
298.1		0.580149
298.2		0.580149
298.3		0.580149
298.4		0.580149
298.5		0.580149
298.6		0.580149
298.7		0.580149
298.8		0.580149
298.9		0.580149
299		0.580149
299.1		0.581186
299.2		0.581186
299.3		0.581186
299.4		0.581186
299.5		0.581186
299.6		0.581186
299.7		0.581186
299.8		0.581186
299.9		0.581186
300		0.581186
300.1		0.584054
300.2		0.584054
300.3		0.584054
300.4		0.584054
300.5		0.584054
300.6		0.584054
300.7		0.584054
300.8		0.584054
300.9		0.584054
301		0.584054
301.1		0.584678
301.2		0.584678
301.3		0.584678
301.4		0.584678
301.5		0.584678
301.6		0.584678
301.7		0.584678
301.8		0.584678
301.9		0.584678
302		0.584678
302.1		0.586868
302.2		0.586868
302.3		0.586868
302.4		0.586868
302.5		0.586868
302.6		0.586868
302.7		0.586868
302.8		0.586868
302.9		0.586868
303		0.586868
303.1		0.589355
303.2		0.589355
303.3		0.589355
303.4		0.589355
303.5		0.589355
303.6		0.589355
303.7		0.589355
303.8		0.589355
303.9		0.589355
304		0.589355
304.1		0.592613
304.2		0.592613
304.3		0.592613
304.4		0.592613
304.5		0.592613
304.6		0.592613
304.7		0.592613
304.8		0.592613
304.9		0.592613
305		0.592613
305.1		0.593978
305.2		0.593978
305.3		0.593978
305.4		0.593978
305.5		0.593978
305.6		0.593978
305.7		0.593978
305.8		0.593978
305.9		0.593978
306		0.593978
306.1		0.595887
306.2		0.595887
306.3		0.595887
306.4		0.595887
306.5		0.595887
306.6		0.595887
306.7		0.595887
306.8		0.595887
306.9		0.595887
307		0.595887
307.1		0.596542
307.2		0.596542
307.3		0.596542
307.4		0.596542
307.5		0.596542
307.6		0.596542
307.7		0.596542
307.8		0.596542
307.9		0.596542
308		0.596542
308.1		0.599231
308.2		0.599231
308.3		0.599231
308.4		0.599231
308.5		0.599231
308.6		0.599231
308.7		0.599231
308.8		0.599231
308.9		0.599231
309		0.599231
309.1		0.602957
309.2		0.602957
309.3		0.602957
309.4		0.602957
309.5		0.602957
309.6		0.602957
309.7		0.602957
309.8		0.602957
309.9		0.602957
310		0.602957
310.1		0.60316
310.2		0.60316
310.3		0.60316
310.4		0.60316
310.5		0.60316
310.6		0.60316
310.7		0.60316
310.8		0.60316
310.9		0.60316
311		0.60316
311.1		0.607868
311.2		0.607868
311.3		0.607868
311.4		0.607868
311.5		0.607868
311.6		0.607868
311.7		0.607868
311.8		0.607868
311.9		0.607868
312		0.607868
312.1		0.60864
312.2		0.60864
312.3		0.60864
312.4		0.60864
312.5		0.60864
312.6		0.60864
312.7		0.60864
312.8		0.60864
312.9		0.60864
313		0.60864
313.1		0.610534
313.2		0.610534
313.3		0.610534
313.4		0.610534
313.5		0.610534
313.6		0.610534
313.7		0.610534
313.8		0.610534
313.9		0.610534
314		0.610534
314.1		0.610869
314.2		0.610869
314.3		0.610869
314.4		0.610869
314.5		0.610869
314.6		0.610869
314.7		0.610869
314.8		0.610869
314.9		0.610869
315		0.610869
315.1		0.614401
315.2		0.614401
315.3		0.614401
315.4		0.614401
315.5		0.614401
315.6		0.614401
315.7		0.614401
315.8		0.614401
315.9		0.614401
316		0.614401
316.1		0.614938
316.2		0.614938
316.3		0.614938
316.4		0.614938
316.5		0.614938
316.6		0.614938
316.7		0.614938
316.8		0.614938
316.9		0.614938
317		0.614938
317.1		0.617784
317.2		0.617784
317.3		0.617784
317.4		0.617784
317.5		0.617784
317.6		0.617784
317.7		0.617784
317.8		0.617784
317.9		0.617784
318		0.617784
318.1		0.61981
318.2		0.61981
318.3		0.61981
318.4		0.61981
318.5		0.61981
318.6		0.61981
318.7		0.61981
318.8		0.61981
318.9		0.61981
319		0.61981
319.1		0.62271
319.2		0.62271
319.3		0.62271
319.4		0.62271
319.5		0.62271
319.6		0.62271
319.7		0.62271
319.8		0.62271
319.9		0.62271
320		0.62271
320.1		0.623622
320.2		0.623622
320.3		0.623622
320.4		0.623622
320.5		0.623622
320.6		0.623622
320.7		0.623622
320.8		0.623622
320.9		0.623622
321		0.623622
321.1		0.625953
321.2		0.625953
321.3		0.625953
321.4		0.625953
321.5		0.625953
321.6		0.625953
321.7		0.625953
321.8		0.625953
321.9		0.625953
322		0.625953
322.1		0.628705
322.2		0.628705
322.3		0.628705
322.4		0.628705
322.5		0.628705
322.6		0.628705
322.7		0.628705
322.8		0.628705
322.9		0.628705
323		0.628705
323.1		0.629297
323.2		0.629297
323.3		0.629297
323.4		0.629297
323.5		0.629297
323.6		0.629297
323.7		0.629297
323.8		0.629297
323.9		0.629297
324		0.629297
324.1		0.630599
324.2		0.630599
324.3		0.630599
324.4		0.630599
324.5		0.630599
324.6		0.630599
324.7		0.630599
324.8		0.630599
324.9		0.630599
325		0.630599
325.1		0.634465
325.2		0.634465
325.3		0.634465
325.4		0.634465
325.5		0.634465
325.6		0.634465
325.7		0.634465
325.8		0.634465
325.9		0.634465
326		0.634465
326.1		0.638035
326.2		0.638035
326.3		0.638035
326.4		0.638035
326.5		0.638035
326.6		0.638035
326.7		0.638035
326.8		0.638035
326.9		0.638035
327		0.638035
327.1		0.638823
327.2		0.638823
327.3		0.638823
327.4		0.638823
327.5		0.638823
327.6		0.638823
327.7		0.638823
327.8		0.638823
327.9		0.638823
328		0.638823
328.1		0.638963
328.2		0.638963
328.3		0.638963
328.4		0.638963
328.5		0.638963
328.6		0.638963
328.7		0.638963
328.8		0.638963
328.9		0.638963
329		0.638963
329.1		0.642284
329.2		0.642284
329.3		0.642284
329.4		0.642284
329.5		0.642284
329.6		0.642284
329.7		0.642284
329.8		0.642284
329.9		0.642284
330		0.642284
330.1		0.643024
330.2		0.643024
330.3		0.643024
330.4		0.643024
330.5		0.643024
330.6		0.643024
330.7		0.643024
330.8		0.643024
330.9		0.643024
331		0.643024
331.1		0.647545
331.2		0.647545
331.3		0.647545
331.4		0.647545
331.5		0.647545
331.6		0.647545
331.7		0.647545
331.8		0.647545
331.9		0.647545
332		0.647545
332.1		0.647608
332.2		0.647608
332.3		0.647608
332.4		0.647608
332.5		0.647608
332.6		0.647608
332.7		0.647608
332.8		0.647608
332.9		0.647608
333		0.647608
333.1		0.647803
333.2		0.647803
333.3		0.647803
333.4		0.647803
333.5		0.647803
333.6		0.647803
333.7		0.647803
333.8		0.647803
333.9		0.647803
334		0.647803
334.1		0.647958
334.2		0.647958
334.3		0.647958
334.4		0.647958
334.5		0.647958
334.6		0.647958
334.7		0.647958
334.8		0.647958
334.9		0.647958
335		0.647958
335.1		0.65446
335.2		0.65446
335.3		0.65446
335.4		0.65446
335.5		0.65446
335.6		0.65446
335.7		0.65446
335.8		0.65446
335.9		0.65446
336		0.65446
336.1		0.655426
336.2		0.655426
336.3		0.655426
336.4		0.655426
336.5		0.655426
336.6		0.655426
336.7		0.655426
336.8		0.655426
336.9		0.655426
337		0.655426
337.1		0.660384
337.2		0.660384
337.3		0.660384
337.4		0.660384
337.5		0.660384
337.6		0.660384
337.7		0.660384
337.8		0.660384
337.9		0.660384
338		0.660384
338.1		0.660696
338.2		0.660696
338.3		0.660696
338.4		0.660696
338.5		0.660696
338.6		0.660696
338.7		0.660696
338.8		0.660696
338.9		0.660696
339		0.660696
339.1		0.661171
339.2		0.661171
339.3		0.661171
339.4		0.661171
339.5		0.661171
339.6		0.661171
339.7		0.661171
339.8		0.661171
339.9		0.661171
340		0.661171
340.1		0.6628
340.2		0.6628
340.3		0.6628
340.4		0.6628
340.5		0.6628
340.6		0.6628
340.7		0.6628
340.8		0.6628
340.9		0.6628
341		0.6628
341.1		0.666464
341.2		0.666464
341.3		0.666464
341.4		0.666464
341.5		0.666464
341.6		0.666464
341.7		0.666464
341.8		0.666464
341.9		0.666464
342		0.666464
342.1		0.667493
342.2		0.667493
342.3		0.667493
342.4		0.667493
342.5		0.667493
342.6		0.667493
342.7		0.667493
342.8		0.667493
342.9		0.667493
343		0.667493
343.1		0.672178
343.2		0.672178
343.3		0.672178
343.4		0.672178
343.5		0.672178
343.6		0.672178
343.7		0.672178
343.8		0.672178
343.9		0.672178
344		0.672178
344.1		0.673737
344.2		0.673737
344.3		0.673737
344.4		0.673737
344.5		0.673737
344.6		0.673737
344.7		0.673737
344.8		0.673737
344.9		0.673737
345		0.673737
345.1		0.674049
345.2		0.674049
345.3		0.674049
345.4		0.674049
345.5		0.674049
345.6		0.674049
345.7		0.674049
345.8		0.674049
345.9		0.674049
346		0.674049
346.1		0.679076
346.2		0.679076
346.3		0.679076
346.4		0.679076
346.5		0.679076
346.6		0.679076
346.7		0.679076
346.8		0.679076
346.9		0.679076
347		0.679076
347.1		0.683177
347.2		0.683177
347.3		0.683177
347.4		0.683177
347.5		0.683177
347.6		0.683177
347.7		0.683177
347.8		0.683177
347.9		0.683177
348		0.683177
348.1		0.683785
348.2		0.683785
348.3		0.683785
348.4		0.683785
348.5		0.683785
348.6		0.683785
348.7		0.683785
348.8		0.683785
348.9		0.683785
349		0.683785
349.1		0.684728
349.2		0.684728
349.3		0.684728
349.4		0.684728
349.5		0.684728
349.6		0.684728
349.7		0.684728
349.8		0.684728
349.9		0.684728
350		0.684728
350.1		0.688056
350.2		0.688056
350.3		0.688056
350.4		0.688056
350.5		0.688056
350.6		0.688056
350.7		0.688056
350.8		0.688056
350.9		0.688056
351		0.688056
351.1		0.690621
351.2		0.690621
351.3		0.690621
351.4		0.690621
351.5		0.690621
351.6		0.690621
351.7		0.690621
351.8		0.690621
351.9		0.690621
352		0.690621
352.1		0.692406
352.2		0.692406
352.3		0.692406
352.4		0.692406
352.5		0.692406
352.6		0.692406
352.7		0.692406
352.8		0.692406
352.9		0.692406
353		0.692406
353.1		0.694667
353.2		0.694667
353.3		0.694667
353.4		0.694667
353.5		0.694667
353.6		0.694667
353.7		0.694667
353.8		0.694667
353.9		0.694667
354		0.694667
354.1		0.694667
354.2		0.694667
354.3		0.694667
354.4		0.694667
354.5		0.694667
354.6		0.694667
354.7		0.694667
354.8		0.694667
354.9		0.694667
355		0.694667
355.1		0.697527
355.2		0.697527
355.3		0.697527
355.4		0.697527
355.5		0.697527
355.6		0.697527
355.7		0.697527
355.8		0.697527
355.9		0.697527
356		0.697527
356.1		0.697543
356.2		0.697543
356.3		0.697543
356.4		0.697543
356.5		0.697543
356.6		0.697543
356.7		0.697543
356.8		0.697543
356.9		0.697543
357		0.697543
357.1		0.699273
357.2		0.699273
357.3		0.699273
357.4		0.699273
357.5		0.699273
357.6		0.699273
357.7		0.699273
357.8		0.699273
357.9		0.699273
358		0.699273
358.1		0.702002
358.2		0.702002
358.3		0.702002
358.4		0.702002
358.5		0.702002
358.6		0.702002
358.7		0.702002
358.8		0.702002
358.9		0.702002
359		0.702002
359.1		0.703311
359.2		0.703311
359.3		0.703311
359.4		0.703311
359.5		0.703311
359.6		0.703311
359.7		0.703311
359.8		0.703311
359.9		0.703311
360		0.703311
360.1		0.703311
360.2		0.703311
360.3		0.703311
360.4		0.703311
360.5		0.703311
360.6		0.703311
360.7		0.703311
360.8		0.703311
360.9		0.703311
361		0.703311
361.1		0.707505
361.2		0.707505
361.3		0.707505
361.4		0.707505
361.5		0.707505
361.6		0.707505
361.7		0.707505
361.8		0.707505
361.9		0.707505
362		0.707505
362.1		0.708441
362.2		0.708441
362.3		0.708441
362.4		0.708441
362.5		0.708441
362.6		0.708441
362.7		0.708441
362.8		0.708441
362.9		0.708441
363		0.708441
363.1		0.709236
363.2		0.709236
363.3		0.709236
363.4		0.709236
363.5		0.709236
363.6		0.709236
363.7		0.709236
363.8		0.709236
363.9		0.709236
364		0.709236
364.1		0.712229
364.2		0.712229
364.3		0.712229
364.4		0.712229
364.5		0.712229
364.6		0.712229
364.7		0.712229
364.8		0.712229
364.9		0.712229
365		0.712229
365.1		0.713492
365.2		0.713492
365.3		0.713492
365.4		0.713492
365.5		0.713492
365.6		0.713492
365.7		0.713492
365.8		0.713492
365.9		0.713492
366		0.713492
366.1		0.715955
366.2		0.715955
366.3		0.715955
366.4		0.715955
366.5		0.715955
366.6		0.715955
366.7		0.715955
366.8		0.715955
366.9		0.715955
367		0.715955
367.1		0.71951
367.2		0.71951
367.3		0.71951
367.4		0.71951
367.5		0.71951
367.6		0.71951
367.7		0.71951
367.8		0.71951
367.9		0.71951
368		0.71951
368.1		0.719626
368.2		0.719626
368.3		0.719626
368.4		0.719626
368.5		0.719626
368.6		0.719626
368.7		0.719626
368.8		0.719626
368.9		0.719626
369		0.719626
369.1		0.722082
369.2		0.722082
369.3		0.722082
369.4		0.722082
369.5		0.722082
369.6		0.722082
369.7		0.722082
369.8		0.722082
369.9		0.722082
370		0.722082
370.1		0.723867
370.2		0.723867
370.3		0.723867
370.4		0.723867
370.5		0.723867
370.6		0.723867
370.7		0.723867
370.8		0.723867
370.9		0.723867
371		0.723867
371.1		0.724109
371.2		0.724109
371.3		0.724109
371.4		0.724109
371.5		0.724109
371.6		0.724109
371.7		0.724109
371.8		0.724109
371.9		0.724109
372		0.724109
372.1		0.728832
372.2		0.728832
372.3		0.728832
372.4		0.728832
372.5		0.728832
372.6		0.728832
372.7		0.728832
372.8		0.728832
372.9		0.728832
373		0.728832
373.1		0.730002
373.2		0.730002
373.3		0.730002
373.4		0.730002
373.5		0.730002
373.6		0.730002
373.7		0.730002
373.8		0.730002
373.9		0.730002
374		0.730002
374.1		0.731771
374.2		0.731771
374.3		0.731771
374.4		0.731771
374.5		0.731771
374.6		0.731771
374.7		0.731771
374.8		0.731771
374.9		0.731771
375		0.731771
375.1		0.736058
375.2		0.736058
375.3		0.736058
375.4		0.736058
375.5		0.736058
375.6		0.736058
375.7		0.736058
375.8		0.736058
375.9		0.736058
376		0.736058
376.1		0.736955
376.2		0.736955
376.3		0.736955
376.4		0.736955
376.5		0.736955
376.6		0.736955
376.7		0.736955
376.8		0.736955
376.9		0.736955
377		0.736955
377.1		0.739582
377.2		0.739582
377.3		0.739582
377.4		0.739582
377.5		0.739582
377.6		0.739582
377.7		0.739582
377.8		0.739582
377.9		0.739582
378		0.739582
378.1		0.739582
378.2		0.739582
378.3		0.739582
378.4		0.739582
378.5		0.739582
378.6		0.739582
378.7		0.739582
378.8		0.739582
378.9		0.739582
379		0.739582
379.1		0.740993
379.2		0.740993
379.3		0.740993
379.4		0.740993
379.5		0.740993
379.6		0.740993
379.7		0.740993
379.8		0.740993
379.9		0.740993
380		0.740993
380.1		0.744532
380.2		0.744532
380.3		0.744532
380.4		0.744532
380.5		0.744532
380.6		0.744532
380.7		0.744532
380.8		0.744532
380.9		0.744532
381		0.744532
381.1		0.747104
381.2		0.747104
381.3		0.747104
381.4		0.747104
381.5		0.747104
381.6		0.747104
381.7		0.747104
381.8		0.747104
381.9		0.747104
382		0.747104
382.1		0.749638
382.2		0.749638
382.3		0.749638
382.4		0.749638
382.5		0.749638
382.6		0.749638
382.7		0.749638
382.8		0.749638
382.9		0.749638
383		0.749638
383.1		0.750214
383.2		0.750214
383.3		0.750214
383.4		0.750214
383.5		0.750214
383.6		0.750214
383.7		0.750214
383.8		0.750214
383.9		0.750214
384		0.750214
384.1		0.750815
384.2		0.750815
384.3		0.750815
384.4		0.750815
384.5		0.750815
384.6		0.750815
384.7		0.750815
384.8		0.750815
384.9		0.750815
385		0.750815
385.1		0.752584
385.2		0.752584
385.3		0.752584
385.4		0.752584
385.5		0.752584
385.6		0.752584
385.7		0.752584
385.8		0.752584
385.9		0.752584
386		0.752584
386.1		0.75511
386.2		0.75511
386.3		0.75511
386.4		0.75511
386.5		0.75511
386.6		0.75511
386.7		0.75511
386.8		0.75511
386.9		0.75511
387		0.75511
387.1		0.757464
387.2		0.757464
387.3		0.757464
387.4		0.757464
387.5		0.757464
387.6		0.757464
387.7		0.757464
387.8		0.757464
387.9		0.757464
388		0.757464
388.1		0.758656
388.2		0.758656
388.3		0.758656
388.4		0.758656
388.5		0.758656
388.6		0.758656
388.7		0.758656
388.8		0.758656
388.9		0.758656
389		0.758656
389.1		0.762227
389.2		0.762227
389.3		0.762227
389.4		0.762227
389.5		0.762227
389.6		0.762227
389.7		0.762227
389.8		0.762227
389.9		0.762227
390		0.762227
390.1		0.764058
390.2		0.764058
390.3		0.764058
390.4		0.764058
390.5		0.764058
390.6		0.764058
390.7		0.764058
390.8		0.764058
390.9		0.764058
391		0.764058
391.1		0.764659
391.2		0.764659
391.3		0.764659
391.4		0.764659
391.5		0.764659
391.6		0.764659
391.7		0.764659
391.8		0.764659
391.9		0.764659
392		0.764659
392.1		0.765844
392.2		0.765844
392.3		0.765844
392.4		0.765844
392.5		0.765844
392.6		0.765844
392.7		0.765844
392.8		0.765844
392.9		0.765844
393		0.765844
393.1		0.76847
393.2		0.76847
393.3		0.76847
393.4		0.76847
393.5		0.76847
393.6		0.76847
393.7		0.76847
393.8		0.76847
393.9		0.76847
394		0.76847
394.1		0.773724
394.2		0.773724
394.3		0.773724
394.4		0.773724
394.5		0.773724
394.6		0.773724
394.7		0.773724
394.8		0.773724
394.9		0.773724
395		0.773724
395.1		0.774675
395.2		0.774675
395.3		0.774675
395.4		0.774675
395.5		0.774675
395.6		0.774675
395.7		0.774675
395.8		0.774675
395.9		0.774675
396		0.774675
396.1		0.775205
396.2		0.775205
396.3		0.775205
396.4		0.775205
396.5		0.775205
396.6		0.775205
396.7		0.775205
396.8		0.775205
396.9		0.775205
397		0.775205
397.1		0.775354
397.2		0.775354
397.3		0.775354
397.4		0.775354
397.5		0.775354
397.6		0.775354
397.7		0.775354
397.8		0.775354
397.9		0.775354
398		0.775354
398.1		0.780428
398.2		0.780428
398.3		0.780428
398.4		0.780428
398.5		0.780428
398.6		0.780428
398.7		0.780428
398.8		0.780428
398.9		0.780428
399		0.780428
399.1		0.781371
399.2		0.781371
399.3		0.781371
399.4		0.781371
399.5		0.781371
399.6		0.781371
399.7		0.781371
399.8		0.781371
399.9		0.781371
400		0.781371
400.1		0.78491
400.2		0.78491
400.3		0.78491
400.4		0.78491
400.5		0.78491
400.6		0.78491
400.7		0.78491
400.8		0.78491
400.9		0.78491
401		0.78491
401.1		0.787584
401.2		0.787584
401.3		0.787584
401.4		0.787584
401.5		0.787584
401.6		0.787584
401.7		0.787584
401.8		0.787584
401.9		0.787584
402		0.787584
402.1		0.787701
402.2		0.787701
402.3		0.787701
402.4		0.787701
402.5		0.787701
402.6		0.787701
402.7		0.787701
402.8		0.787701
402.9		0.787701
403		0.787701
403.1		0.787787
403.2		0.787787
403.3		0.787787
403.4		0.787787
403.5		0.787787
403.6		0.787787
403.7		0.787787
403.8		0.787787
403.9		0.787787
404		0.787787
404.1		0.789003
404.2		0.789003
404.3		0.789003
404.4		0.789003
404.5		0.789003
404.6		0.789003
404.7		0.789003
404.8		0.789003
404.9		0.789003
405		0.789003
405.1		0.793438
405.2		0.793438
405.3		0.793438
405.4		0.793438
405.5		0.793438
405.6		0.793438
405.7		0.793438
405.8		0.793438
405.9		0.793438
406		0.793438
406.1		0.797188
406.2		0.797188
406.3		0.797188
406.4		0.797188
406.5		0.797188
406.6		0.797188
406.7		0.797188
406.8		0.797188
406.9		0.797188
407		0.797188
407.1		0.798185
407.2		0.798185
407.3		0.798185
407.4		0.798185
407.5		0.798185
407.6		0.798185
407.7		0.798185
407.8		0.798185
407.9		0.798185
408		0.798185
408.1		0.798606
408.2		0.798606
408.3		0.798606
408.4		0.798606
408.5		0.798606
408.6		0.798606
408.7		0.798606
408.8		0.798606
408.9		0.798606
409		0.798606
409.1		0.803314
409.2		0.803314
409.3		0.803314
409.4		0.803314
409.5		0.803314
409.6		0.803314
409.7		0.803314
409.8		0.803314
409.9		0.803314
410		0.803314
410.1		0.805692
410.2		0.805692
410.3		0.805692
410.4		0.805692
410.5		0.805692
410.6		0.805692
410.7		0.805692
410.8		0.805692
410.9		0.805692
411		0.805692
411.1		0.807095
411.2		0.807095
411.3		0.807095
411.4		0.807095
411.5		0.807095
411.6		0.807095
411.7		0.807095
411.8		0.807095
411.9		0.807095
412		0.807095
412.1		0.808865
412.2		0.808865
412.3		0.808865
412.4		0.808865
412.5		0.808865
412.6		0.808865
412.7		0.808865
412.8		0.808865
412.9		0.808865
413		0.808865
413.1		0.809402
413.2		0.809402
413.3		0.809402
413.4		0.809402
413.5		0.809402
413.6		0.809402
413.7		0.809402
413.8		0.809402
413.9		0.809402
414		0.809402
414.1		0.814641
414.2		0.814641
414.3		0.814641
414.4		0.814641
414.5		0.814641
414.6		0.814641
414.7		0.814641
414.8		0.814641
414.9		0.814641
415		0.814641
415.1		0.815015
415.2		0.815015
415.3		0.815015
415.4		0.815015
415.5		0.815015
415.6		0.815015
415.7		0.815015
415.8		0.815015
415.9		0.815015
416		0.815015
416.1		0.816613
416.2		0.816613
416.3		0.816613
416.4		0.816613
416.5		0.816613
416.6		0.816613
416.7		0.816613
416.8		0.816613
416.9		0.816613
417		0.816613
417.1		0.818156
417.2		0.818156
417.3		0.818156
417.4		0.818156
417.5		0.818156
417.6		0.818156
417.7		0.818156
417.8		0.818156
417.9		0.818156
418		0.818156
418.1		0.819216
418.2		0.819216
418.3		0.819216
418.4		0.819216
418.5		0.819216
418.6		0.819216
418.7		0.819216
418.8		0.819216
418.9		0.819216
419		0.819216
419.1		0.821625
419.2		0.821625
419.3		0.821625
419.4		0.821625
419.5		0.821625
419.6		0.821625
419.7		0.821625
419.8		0.821625
419.9		0.821625
420		0.821625
420.1		0.82585
420.2		0.82585
420.3		0.82585
420.4		0.82585
420.5		0.82585
420.6		0.82585
420.7		0.82585
420.8		0.82585
420.9		0.82585
421		0.82585
421.1		0.825998
421.2		0.825998
421.3		0.825998
421.4		0.825998
421.5		0.825998
421.6		0.825998
421.7		0.825998
421.8		0.825998
421.9		0.825998
422		0.825998
422.1		0.826193
422.2		0.826193
422.3		0.826193
422.4		0.826193
422.5		0.826193
422.6		0.826193
422.7		0.826193
422.8		0.826193
422.9		0.826193
423		0.826193
423.1		0.829334
423.2		0.829334
423.3		0.829334
423.4		0.829334
423.5		0.829334
423.6		0.829334
423.7		0.829334
423.8		0.829334
423.9		0.829334
424		0.829334
424.1		0.83119
424.2		0.83119
424.3		0.83119
424.4		0.83119
424.5		0.83119
424.6		0.83119
424.7		0.83119
424.8		0.83119
424.9		0.83119
425		0.83119
425.1		0.833131
425.2		0.833131
425.3		0.833131
425.4		0.833131
425.5		0.833131
425.6		0.833131
425.7		0.833131
425.8		0.833131
425.9		0.833131
426		0.833131
426.1		0.836826
426.2		0.836826
426.3		0.836826
426.4		0.836826
426.5		0.836826
426.6		0.836826
426.7		0.836826
426.8		0.836826
426.9		0.836826
427		0.836826
427.1		0.837496
427.2		0.837496
427.3		0.837496
427.4		0.837496
427.5		0.837496
427.6		0.837496
427.7		0.837496
427.8		0.837496
427.9		0.837496
428		0.837496
428.1		0.841011
428.2		0.841011
428.3		0.841011
428.4		0.841011
428.5		0.841011
428.6		0.841011
428.7		0.841011
428.8		0.841011
428.9		0.841011
429		0.841011
429.1		0.841916
429.2		0.841916
429.3		0.841916
429.4		0.841916
429.5		0.841916
429.6		0.841916
429.7		0.841916
429.8		0.841916
429.9		0.841916
430		0.841916
430.1		0.845307
430.2		0.845307
430.3		0.845307
430.4		0.845307
430.5		0.845307
430.6		0.845307
430.7		0.845307
430.8		0.845307
430.9		0.845307
431		0.845307
431.1		0.845876
431.2		0.845876
431.3		0.845876
431.4		0.845876
431.5		0.845876
431.6		0.845876
431.7		0.845876
431.8		0.845876
431.9		0.845876
432		0.845876
432.1		0.849773
432.2		0.849773
432.3		0.849773
432.4		0.849773
432.5		0.849773
432.6		0.849773
432.7		0.849773
432.8		0.849773
432.9		0.849773
433		0.849773
433.1		0.854325
433.2		0.854325
433.3		0.854325
433.4		0.854325
433.5		0.854325
433.6		0.854325
433.7		0.854325
433.8		0.854325
433.9		0.854325
434		0.854325
434.1		0.854497
434.2		0.854497
434.3		0.854497
434.4		0.854497
434.5		0.854497
434.6		0.854497
434.7		0.854497
434.8		0.854497
434.9		0.854497
435		0.854497
435.1		0.855955
435.2		0.855955
435.3		0.855955
435.4		0.855955
435.5		0.855955
435.6		0.855955
435.7		0.855955
435.8		0.855955
435.9		0.855955
436		0.855955
436.1		0.856305
436.2		0.856305
436.3		0.856305
436.4		0.856305
436.5		0.856305
436.6		0.856305
436.7		0.856305
436.8		0.856305
436.9		0.856305
437		0.856305
437.1		0.859517
437.2		0.859517
437.3		0.859517
437.4		0.859517
437.5		0.859517
437.6		0.859517
437.7		0.859517
437.8		0.859517
437.9		0.859517
438		0.859517
438.1		0.860717
438.2		0.860717
438.3		0.860717
438.4		0.860717
438.5		0.860717
438.6		0.860717
438.7		0.860717
438.8		0.860717
438.9		0.860717
439		0.860717
439.1		0.865215
439.2		0.865215
439.3		0.865215
439.4		0.865215
439.5		0.865215
439.6		0.865215
439.7		0.865215
439.8		0.865215
439.9		0.865215
440		0.865215
440.1		0.865215
440.2		0.865215
440.3		0.865215
440.4		0.865215
440.5		0.865215
440.6		0.865215
440.7		0.865215
440.8		0.865215
440.9		0.865215
441		0.865215
441.1		0.867663
441.2		0.867663
441.3		0.867663
441.4		0.867663
441.5		0.867663
441.6		0.867663
441.7		0.867663
441.8		0.867663
441.9		0.867663
442		0.867663
442.1		0.867982
442.2		0.867982
442.3		0.867982
442.4		0.867982
442.5		0.867982
442.6		0.867982
442.7		0.867982
442.8		0.867982
442.9		0.867982
443		0.867982
443.1		0.870173
443.2		0.870173
443.3		0.870173
443.4		0.870173
443.5		0.870173
443.6		0.870173
443.7		0.870173
443.8		0.870173
443.9		0.870173
444		0.870173
444.1		0.872418
444.2		0.872418
444.3		0.872418
444.4		0.872418
444.5		0.872418
444.6		0.872418
444.7		0.872418
444.8		0.872418
444.9		0.872418
445		0.872418
445.1		0.876783
445.2		0.876783
445.3		0.876783
445.4		0.876783
445.5		0.876783
445.6		0.876783
445.7		0.876783
445.8		0.876783
445.9		0.876783
446		0.876783
446.1		0.877126
446.2		0.877126
446.3		0.877126
446.4		0.877126
446.5		0.877126
446.6		0.877126
446.7		0.877126
446.8		0.877126
446.9		0.877126
447		0.877126
447.1		0.877422
447.2		0.877422
447.3		0.877422
447.4		0.877422
447.5		0.877422
447.6		0.877422
447.7		0.877422
447.8		0.877422
447.9		0.877422
448		0.877422
448.1		0.878716
448.2		0.878716
448.3		0.878716
448.4		0.878716
448.5		0.878716
448.6		0.878716
448.7		0.878716
448.8		0.878716
448.9		0.878716
449		0.878716
449.1		0.881725
449.2		0.881725
449.3		0.881725
449.4		0.881725
449.5		0.881725
449.6		0.881725
449.7		0.881725
449.8		0.881725
449.9		0.881725
450		0.881725
450.1		0.885896
450.2		0.885896
450.3		0.885896
450.4		0.885896
450.5		0.885896
450.6		0.885896
450.7		0.885896
450.8		0.885896
450.9		0.885896
451		0.885896
451.1		0.887681
451.2		0.887681
451.3		0.887681
451.4		0.887681
451.5		0.887681
451.6		0.887681
451.7		0.887681
451.8		0.887681
451.9		0.887681
452		0.887681
452.1		0.888866
452.2		0.888866
452.3		0.888866
452.4		0.888866
452.5		0.888866
452.6		0.888866
452.7		0.888866
452.8		0.888866
452.9		0.888866
453		0.888866
453.1		0.889583
453.2		0.889583
453.3		0.889583
453.4		0.889583
453.5		0.889583
453.6		0.889583
453.7		0.889583
453.8		0.889583
453.9		0.889583
454		0.889583
454.1		0.890089
454.2		0.890089
454.3		0.890089
454.4		0.890089
454.5		0.890089
454.6		0.890089
454.7		0.890089
454.8		0.890089
454.9		0.890089
455		0.890089
455.1		0.893815
455.2		0.893815
455.3		0.893815
455.4		0.893815
455.5		0.893815
455.6		0.893815
455.7		0.893815
455.8		0.893815
455.9		0.893815
456		0.893815
456.1		0.896739
456.2		0.896739
456.3		0.896739
456.4		0.896739
456.5		0.896739
456.6		0.896739
456.7		0.896739
456.8		0.896739
456.9		0.896739
457		0.896739
457.1		0.897261
457.2		0.897261
457.3		0.897261
457.4		0.897261
457.5		0.897261
457.6		0.897261
457.7		0.897261
457.8		0.897261
457.9		0.897261
458		0.897261
458.1		0.899794
458.2		0.899794
458.3		0.899794
458.4		0.899794
458.5		0.899794
458.6		0.899794
458.7		0.899794
458.8		0.899794
458.9		0.899794
459		0.899794
459.1		0.902406
459.2		0.902406
459.3		0.902406
459.4		0.902406
459.5		0.902406
459.6		0.902406
459.7		0.902406
459.8		0.902406
459.9		0.902406
460		0.902406
460.1		0.903902
460.2		0.903902
460.3		0.903902
460.4		0.903902
460.5		0.903902
460.6		0.903902
460.7		0.903902
460.8		0.903902
460.9		0.903902
461		0.903902
461.1		0.904853
461.2		0.904853
461.3		0.904853
461.4		0.904853
461.5		0.904853
461.6		0.904853
461.7		0.904853
461.8		0.904853
461.9		0.904853
462		0.904853
462.1		0.908517
462.2		0.908517
462.3		0.908517
462.4		0.908517
462.5		0.908517
462.6		0.908517
462.7		0.908517
462.8		0.908517
462.9		0.908517
463		0.908517
463.1		0.910403
463.2		0.910403
463.3		0.910403
463.4		0.910403
463.5		0.910403
463.6		0.910403
463.7		0.910403
463.8		0.910403
463.9		0.910403
464		0.910403
464.1		0.911682
464.2		0.911682
464.3		0.911682
464.4		0.911682
464.5		0.911682
464.6		0.911682
464.7		0.911682
464.8		0.911682
464.9		0.911682
465		0.911682
465.1		0.917006
465.2		0.917006
465.3		0.917006
465.4		0.917006
465.5		0.917006
465.6		0.917006
465.7		0.917006
465.8		0.917006
465.9		0.917006
466		0.917006
466.1		0.918939
466.2		0.918939
466.3		0.918939
466.4		0.918939
466.5		0.918939
466.6		0.918939
466.7		0.918939
466.8		0.918939
466.9		0.918939
467		0.918939
467.1		0.919149
467.2		0.919149
467.3		0.919149
467.4		0.919149
467.5		0.919149
467.6		0.919149
467.7		0.919149
467.8		0.919149
467.9		0.919149
468		0.919149
468.1		0.920272
468.2		0.920272
468.3		0.920272
468.4		0.920272
468.5		0.920272
468.6		0.920272
468.7		0.920272
468.8		0.920272
468.9		0.920272
469		0.920272
469.1		0.922408
469.2		0.922408
469.3		0.922408
469.4		0.922408
469.5		0.922408
469.6		0.922408
469.7		0.922408
469.8		0.922408
469.9		0.922408
470		0.922408
470.1		0.923179
470.2		0.923179
470.3		0.923179
470.4		0.923179
470.5		0.923179
470.6		0.923179
470.7		0.923179
470.8		0.923179
470.9		0.923179
471		0.923179
471.1		0.928168
471.2		0.928168
471.3		0.928168
471.4		0.928168
471.5		0.928168
471.6		0.928168
471.7		0.928168
471.8		0.928168
471.9		0.928168
472		0.928168
472.1		0.930273
472.2		0.930273
472.3		0.930273
472.4		0.930273
472.5		0.930273
472.6		0.930273
472.7		0.930273
472.8		0.930273
472.9		0.930273
473		0.930273
473.1		0.930951
473.2		0.930951
473.3		0.930951
473.4		0.930951
473.5		0.930951
473.6		0.930951
473.7		0.930951
473.8		0.930951
473.9		0.930951
474		0.930951
474.1		0.933414
474.2		0.933414
474.3		0.933414
474.4		0.933414
474.5		0.933414
474.6		0.933414
474.7		0.933414
474.8		0.933414
474.9		0.933414
475		0.933414
475.1		0.936743
475.2		0.936743
475.3		0.936743
475.4		0.936743
475.5		0.936743
475.6		0.936743
475.7		0.936743
475.8		0.936743
475.9		0.936743
476		0.936743
476.1		0.937101
476.2		0.937101
476.3		0.937101
476.4		0.937101
476.5		0.937101
476.6		0.937101
476.7		0.937101
476.8		0.937101
476.9		0.937101
477		0.937101
477.1		0.942558
477.2		0.942558
477.3		0.942558
477.4		0.942558
477.5		0.942558
477.6		0.942558
477.7		0.942558
477.8		0.942558
477.9		0.942558
478		0.942558
478.1		0.943673
478.2		0.943673
478.3		0.943673
478.4		0.943673
478.5		0.943673
478.6		0.943673
478.7		0.943673
478.8		0.943673
478.9		0.943673
479		0.943673
479.1		0.946845
479.2		0.946845
479.3		0.946845
479.4		0.946845
479.5		0.946845
479.6		0.946845
479.7		0.946845
479.8		0.946845
479.9		0.946845
480		0.946845
480.1		0.947407
480.2		0.947407
480.3		0.947407
480.4		0.947407
480.5		0.947407
480.6		0.947407
480.7		0.947407
480.8		0.947407
480.9		0.947407
481		0.947407
481.1		0.948841
481.2		0.948841
481.3		0.948841
481.4		0.948841
481.5		0.948841
481.6		0.948841
481.7		0.948841
481.8		0.948841
481.9		0.948841
482		0.948841
482.1		0.949956
482.2		0.949956
482.3		0.949956
482.4		0.949956
482.5		0.949956
482.6		0.949956
482.7		0.949956
482.8		0.949956
482.9		0.949956
483		0.949956
483.1		0.952777
483.2		0.952777
483.3		0.952777
483.4		0.952777
483.5		0.952777
483.6		0.952777
483.7		0.952777
483.8		0.952777
483.9		0.952777
484		0.952777
484.1		0.956418
484.2		0.956418
484.3		0.956418
484.4		0.956418
484.5		0.956418
484.6		0.956418
484.7		0.956418
484.8		0.956418
484.9		0.956418
485		0.956418
485.1		0.956542
485.2		0.956542
485.3		0.956542
485.4		0.956542
485.5		0.956542
485.6		0.956542
485.7		0.956542
485.8		0.956542
485.9		0.956542
486		0.956542
486.1		0.95867
486.2		0.95867
486.3		0.95867
486.4		0.95867
486.5		0.95867
486.6		0.95867
486.7		0.95867
486.8		0.95867
486.9		0.95867
487		0.95867
487.1		0.959551
487.2		0.959551
487.3		0.959551
487.4		0.959551
487.5		0.959551
487.6		0.959551
487.7		0.959551
487.8		0.959551
487.9		0.959551
488		0.959551
488.1		0.9644
488.2		0.9644
488.3		0.9644
488.4		0.9644
488.5		0.9644
488.6		0.9644
488.7		0.9644
488.8		0.9644
488.9		0.9644
489		0.9644
489.1		0.964634
489.2		0.964634
489.3		0.964634
489.4		0.964634
489.5		0.964634
489.6		0.964634
489.7		0.964634
489.8		0.964634
489.9		0.964634
490		0.964634
490.1		0.969248
490.2		0.969248
490.3		0.969248
490.4		0.969248
490.5		0.969248
490.6		0.969248
490.7		0.969248
490.8		0.969248
490.9		0.969248
491		0.969248
491.1		0.970574
491.2		0.970574
491.3		0.970574
491.4		0.970574
491.5		0.970574
491.6		0.970574
491.7		0.970574
491.8		0.970574
491.9		0.970574
492		0.970574
492.1		0.970932
492.2		0.970932
492.3		0.970932
492.4		0.970932
492.5		0.970932
492.6		0.970932
492.7		0.970932
492.8		0.970932
492.9		0.970932
493		0.970932
493.1		0.972164
493.2		0.972164
493.3		0.972164
493.4		0.972164
493.5		0.972164
493.6		0.972164
493.7		0.972164
493.8		0.972164
493.9		0.972164
494		0.972164
494.1		0.975983
494.2		0.975983
494.3		0.975983
494.4		0.975983
494.5		0.975983
494.6		0.975983
494.7		0.975983
494.8		0.975983
494.9		0.975983
495		0.975983
495.1		0.976677
495.2		0.976677
495.3		0.976677
495.4		0.976677
495.5		0.976677
495.6		0.976677
495.7		0.976677
495.8		0.976677
495.9		0.976677
496		0.976677
496.1		0.980458
496.2		0.980458
496.3		0.980458
496.4		0.980458
496.5		0.980458
496.6		0.980458
496.7		0.980458
496.8		0.980458
496.9		0.980458
497		0.980458
497.1		0.982555
497.2		0.982555
497.3		0.982555
497.4		0.982555
497.5		0.982555
497.6		0.982555
497.7		0.982555
497.8		0.982555
497.9		0.982555
498		0.982555
498.1		0.982843
498.2		0.982843
498.3		0.982843
498.4		0.982843
498.5		0.982843
498.6		0.982843
498.7		0.982843
498.8		0.982843
498.9		0.982843
499		0.982843
499.1		0.982983
499.2		0.982983
499.3		0.982983
499.4		0.982983
499.5		0.982983
499.6		0.982983
499.7		0.982983
499.8		0.982983
499.9		0.982983
500		0.982983
500.1		0.989321
500.2		0.989321
500.3		0.989321
500.4		0.989321
500.5		0.989321
500.6		0.989321
500.7		0.989321
500.8		0.989321
500.9		0.989321
501		0.989321
501.1		0.989968
501.2		0.989968
501.3		0.989968
501.4		0.989968
501.5		0.989968
501.6		0.989968
501.7		0.989968
501.8		0.989968
501.9		0.989968
502		0.989968
502.1		0.992291
502.2		0.992291
502.3		0.992291
502.4		0.992291
502.5		0.992291
502.6		0.992291
502.7		0.992291
502.8		0.992291
502.9		0.992291
503		0.992291
503.1		0.993062
503.2		0.993062
503.3		0.993062
503.4		0.993062
503.5		0.993062
503.6		0.993062
503.7		0.993062
503.8		0.993062
503.9		0.993062
504		0.993062
504.1		0.993359
504.2		0.993359
504.3		0.993359
504.4		0.993359
504.5		0.993359
504.6		0.993359
504.7		0.993359
504.8		0.993359
504.9		0.993359
505		0.993359
505.1		0.997209
505.2		0.997209
505.3		0.997209
505.4		0.997209
505.5		0.997209
505.6		0.997209
505.7		0.997209
505.8		0.997209
505.9		0.997209
506		0.997209
506.1		0.999953
506.2		0.999953
506.3		0.999953
506.4		0.999953
506.5		0.999953
506.6		0.999953
506.7		0.999953
506.8		0.999953
506.9		0.999953
507		0.999953
507.1		1
507.2		1
507.3		1
507.4		1
507.5		1
507.6		1
507.7		1
507.8		1
507.9		1
508		1
508.1		1
508.2		1
508.3		1
508.4		1
508.5		1
508.6		1
508.7		1
508.8		1
508.9		1
509		1
509.1		1
509.2		1
509.3		1
509.4		1
509.5		1
509.6		1
509.7		1
509.8		1
509.9		1
510		1
510.1		1
510.2		1
510.3		1
510.4		1
510.5		1
510.6		1
510.7		1
510.8		1
510.9		1
511		1
511.1		1
511.2		1
511.3		1
511.4		1
511.5		1
511.6		1
511.7		1
511.8		1
511.9		1
512		1
512.1		1
512.2		1
512.3		1
512.4		1
512.5		1
512.6		1
512.7		1
512.8		1
512.9		1
513		1
513.1		1
513.2		1
513.3		1
513.4		1
513.5		1
513.6		1
513.7		1
513.8		1
513.9		1
514		1
514.1		1
514.2		1
514.3		1
514.4		1
514.5		1
514.6		1
514.7		1
514.8		1
514.9		1
515		1
515.1		1
515.2		1
515.3		1
515.4		1
515.5		1
515.6		1
515.7		1
515.8		1
515.9		1
516		1
516.1		1
516.2		1
516.3		1
516.4		1
516.5		1
516.6		1
516.7		1
516.8		1
516.9		1
517		1
517.1		1
517.2		1
517.3		1
517.4		1
517.5		1
517.6		1
517.7		1
517.8		1
517.9		1
518		1
518.1		1
518.2		1
518.3		1
518.4		1
518.5		1
518.6		1
518.7		1
518.8		1
518.9		1
519		1
519.1		1
519.2		1
519.3		1
519.4		1
519.5		1
519.6		1
519.7		1
519.8		1
519.9		1
520		1
520.1		1
520.2		1
520.3		1
520.4		1
520.5		1
520.6		1
520.7		1
520.8		1
520.9		1
521		1
521.1		1
521.2		1
521.3		1
521.4		1
521.5		1
521.6		1
521.7		1
521.8		1
521.9		1
522		1
522.1		1
522.2		1
522.3		1
522.4		1
522.5		1
522.6		1
522.7		1
522.8		1
522.9		1
523		1
523.1		1
523.2		1
523.3		1
523.4		1
523.5		1
523.6		1
523.7		1
523.8		1
523.9		1
524		1
524.1		1
524.2		1
524.3		1
524.4		1
524.5		1
524.6		1
524.7		1
524.8		1
524.9		1
525		1
525.1		1
525.2		1
525.3		1
525.4		1
525.5		1
525.6		1
525.7		1
525.8		1
525.9		1
526		1
526.1		1
526.2		1
526.3		1
526.4		1
526.5		1
526.6		1
526.7		1
526.8		1
526.9		1
527		1
527.1		1
527.2		1
527.3		1
527.4		1
527.5		1
527.6		1
527.7		1
527.8		1
527.9		1
528		1
528.1		1
528.2		1
528.3		1
528.4		1
528.5		1
528.6		1
528.7		1
528.8		1
528.9		1
529		1
529.1		1
529.2		1
529.3		1
529.4		1
529.5		1
529.6		1
529.7		1
529.8		1
529.9		1
530		1
530.1		1
530.2		1
530.3		1
530.4		1
530.5		1
530.6		1
530.7		1
530.8		1
530.9		1
531		1
531.1		1
531.2		1
531.3		1
531.4		1
531.5		1
531.6		1
531.7		1
531.8		1
531.9		1
532		1
532.1		1
532.2		1
532.3		1
532.4		1
532.5		1
532.6		1
532.7		1
532.8		1
532.9		1
533		1
533.1		1
533.2		1
533.3		1
533.4		1
533.5		1
533.6		1
533.7		1
533.8		1
533.9		1
534		1
534.1		1
534.2		1
534.3		1
534.4		1
534.5		1
534.6		1
534.7		1
534.8		1
534.9		1
535		1
535.1		1
535.2		1
535.3		1
535.4		1
535.5		1
535.6		1
535.7		1
535.8		1
535.9		1
536		1
536.1		1
536.2		1
536.3		1
536.4		1
536.5		1
536.6		1
536.7		1
536.8		1
536.9		1
537		1
537.1		1
537.2		1
537.3		1
537.4		1
537.5		1
537.6		1
537.7		1
537.8		1
537.9		1
538		1
538.1		1
538.2		1
538.3		1
538.4		1
538.5		1
538.6		1
538.7		1
538.8		1
538.9		1
539		1
539.1		1
539.2		1
539.3		1
539.4		1
539.5		1
539.6		1
539.7		1
539.8		1
539.9		1
540		1
540.1		1
540.2		1
540.3		1
540.4		1
540.5		1
540.6		1
540.7		1
540.8		1
540.9		1
541		1
541.1		1
541.2		1
541.3		1
541.4		1
541.5		1
541.6		1
541.7		1
541.8		1
541.9		1
542		1
542.1		1
542.2		1
542.3		1
542.4		1
542.5		1
542.6		1
542.7		1
542.8		1
542.9		1
543		1
543.1		1
543.2		1
543.3		1
543.4		1
543.5		1
543.6		1
543.7		1
543.8		1
543.9		1
544		1
544.1		1
544.2		1
544.3		1
544.4		1
544.5		1
544.6		1
544.7		1
544.8		1
544.9		1
545		1
545.1		1
545.2		1
545.3		1
545.4		1
545.5		1
545.6		1
545.7		1
545.8		1
545.9		1
546		1
546.1		1
546.2		1
546.3		1
546.4		1
546.5		1
546.6		1
546.7		1
546.8		1
546.9		1
547		1
547.1		1
547.2		1
547.3		1
547.4		1
547.5		1
547.6		1
547.7		1
547.8		1
547.9		1
548		1
548.1		1
548.2		1
548.3		1
548.4		1
548.5		1
548.6		1
548.7		1
548.8		1
548.9		1
549		1
549.1		1
549.2		1
549.3		1
549.4		1
549.5		1
549.6		1
549.7		1
549.8		1
549.9		1
550		1
550.1		1
550.2		1
550.3		1
550.4		1
550.5		1
550.6		1
550.7		1
550.8		1
550.9		1
551		1
551.1		1
551.2		1
551.3		1
551.4		1
551.5		1
551.6		1
551.7		1
551.8		1
551.9		1
552		1
552.1		1
552.2		1
552.3		1
552.4		1
552.5		1
552.6		1
552.7		1
552.8		1
552.9		1
553		1
553.1		1
553.2		1
553.3		1
553.4		1
553.5		1
553.6		1
553.7		1
553.8		1
553.9		1
554		1
554.1		1
554.2		1
554.3		1
554.4		1
554.5		1
554.6		1
554.7		1
554.8		1
554.9		1
555		1
555.1		1
555.2		1
555.3		1
555.4		1
555.5		1
555.6		1
555.7		1
555.8		1
555.9		1
556		1
556.1		1
556.2		1
556.3		1
556.4		1
556.5		1
556.6		1
556.7		1
556.8		1
556.9		1
557		1
557.1		1
557.2		1
557.3		1
557.4		1
557.5		1
557.6		1
557.7		1
557.8		1
557.9		1
558		1
558.1		1
558.2		1
558.3		1
558.4		1
558.5		1
558.6		1
558.7		1
558.8		1
558.9		1
559		1
559.1		1
559.2		1
559.3		1
559.4		1
559.5		1
559.6		1
559.7		1
559.8		1
559.9		1
560		1
560.1		1
560.2		1
560.3		1
560.4		1
560.5		1
560.6		1
560.7		1
560.8		1
560.9		1
561		1
561.1		1
561.2		1
561.3		1
561.4		1
561.5		1
561.6		1
561.7		1
561.8		1
561.9		1
562		1
562.1		1
562.2		1
562.3		1
562.4		1
562.5		1
562.6		1
562.7		1
562.8		1
562.9		1
563		1
563.1		1
563.2		1
563.3		1
563.4		1
563.5		1
563.6		1
563.7		1
563.8		1
563.9		1
564		1
564.1		1
564.2		1
564.3		1
564.4		1
564.5		1
564.6		1
564.7		1
564.8		1
564.9		1
565		1
565.1		1
565.2		1
565.3		1
565.4		1
565.5		1
565.6		1
565.7		1
565.8		1
565.9		1
566		1
566.1		1
566.2		1
566.3		1
566.4		1
566.5		1
566.6		1
566.7		1
566.8		1
566.9		1
567		1
567.1		1
567.2		1
567.3		1
567.4		1
567.5		1
567.6		1
567.7		1
567.8		1
567.9		1
568		1
568.1		1
568.2		1
568.3		1
568.4		1
568.5		1
568.6		1
568.7		1
568.8		1
568.9		1
569		1
569.1		1
569.2		1
569.3		1
569.4		1
569.5		1
569.6		1
569.7		1
569.8		1
569.9		1
570		1
570.1		1
570.2		1
570.3		1
570.4		1
570.5		1
570.6		1
570.7		1
570.8		1
570.9		1
571		1
571.1		1
571.2		1
571.3		1
571.4		1
571.5		1
571.6		1
571.7		1
571.8		1
571.9		1
572		1
572.1		1
572.2		1
572.3		1
572.4		1
572.5		1
572.6		1
572.7		1
572.8		1
572.9		1
573		1
573.1		1
573.2		1
573.3		1
573.4		1
573.5		1
573.6		1
573.7		1
573.8		1
573.9		1
574		1
574.1		1
574.2		1
574.3		1
574.4		1
574.5		1
574.6		1
574.7		1
574.8		1
574.9		1
575		1
575.1		1
575.2		1
575.3		1
575.4		1
575.5		1
575.6		1
575.7		1
575.8		1
575.9		1
576		1
576.1		1
576.2		1
576.3		1
576.4		1
576.5		1
576.6		1
576.7		1
576.8		1
576.9		1
577		1
577.1		1
577.2		1
577.3		1
577.4		1
577.5		1
577.6		1
577.7		1
577.8		1
577.9		1
578		1
578.1		1
578.2		1
578.3		1
578.4		1
578.5		1
578.6		1
578.7		1
578.8		1
578.9		1
579		1
579.1		1
579.2		1
579.3		1
579.4		1
579.5		1
579.6		1
579.7		1
579.8		1
579.9		1
580		1
580.1		1
580.2		1
580.3		1
580.4		1
580.5		1
580.6		1
580.7		1
580.8		1
580.9		1
581		1
581.1		1
581.2		1
581.3		1
581.4		1
581.5		1
581.6		1
581.7		1
581.8		1
581.9		1
582		1
582.1		1
582.2		1
582.3		1
582.4		1
582.5		1
582.6		1
582.7		1
582.8		1
582.9		1
583		1
583.1		1
583.2		1
583.3		1
583.4		1
583.5		1
583.6		1
583.7		1
583.8		1
583.9		1
584		1
584.1		1
584.2		1
584.3		1
584.4		1
584.5		1
584.6		1
584.7		1
584.8		1
584.9		1
585		1
585.1		1
585.2		1
585.3		1
585.4		1
585.5		1
585.6		1
585.7		1
585.8		1
585.9		1
586		1
586.1		1
586.2		1
586.3		1
586.4		1
586.5		1
586.6		1
586.7		1
586.8		1
586.9		1
587		1
587.1		1
587.2		1
587.3		1
587.4		1
587.5		1
587.6		1
587.7		1
587.8		1
587.9		1
588		1
588.1		1
588.2		1
588.3		1
588.4		1
588.5		1
588.6		1
588.7		1
588.8		1
588.9		1
589		1
589.1		1
589.2		1
589.3		1
589.4		1
589.5		1
589.6		1
589.7		1
589.8		1
589.9		1
590		1
590.1		1
590.2		1
590.3		1
590.4		1
590.5		1
590.6		1
590.7		1
590.8		1
590.9		1
591		1
591.1		1
591.2		1
591.3		1
591.4		1
591.5		1
591.6		1
591.7		1
591.8		1
591.9		1
592		1
592.1		1
592.2		1
592.3		1
592.4		1
592.5		1
592.6		1
592.7		1
592.8		1
592.9		1
593		1
593.1		1
593.2		1
593.3		1
593.4		1
593.5		1
593.6		1
593.7		1
593.8		1
593.9		1
594		1
594.1		1
594.2		1
594.3		1
594.4		1
594.5		1
594.6		1
594.7		1
594.8		1
594.9		1
595		1
595.1		1
595.2		1
595.3		1
595.4		1
595.5		1
595.6		1
595.7		1
595.8		1
595.9		1
596		1
596.1		1
596.2		1
596.3		1
596.4		1
596.5		1
596.6		1
596.7		1
596.8		1
596.9		1
597		1
597.1		1
597.2		1
597.3		1
597.4		1
597.5		1
597.6		1
597.7		1
597.8		1
597.9		1
598		1
598.1		1
598.2		1
598.3		1
598.4		1
598.5		1
598.6		1
598.7		1
598.8		1
598.9		1
599		1
599.1		1
599.2		1
599.3		1
599.4		1
599.5		1
599.6		1
599.7		1
599.8		1
599.9		1
600		1
