# Calibration file of tamex_id 2 @ channel 1
# fine_T bin		 Calibration value
0.1		0
0.2		0
0.3		0
0.4		0
0.5		0
0.6		0
0.7		0
0.8		0
0.9		0
1		0
1.1		0
1.2		0
1.3		0
1.4		0
1.5		0
1.6		0
1.7		0
1.8		0
1.9		0
2		0
2.1		0
2.2		0
2.3		0
2.4		0
2.5		0
2.6		0
2.7		0
2.8		0
2.9		0
3		0
3.1		0
3.2		0
3.3		0
3.4		0
3.5		0
3.6		0
3.7		0
3.8		0
3.9		0
4		0
4.1		0
4.2		0
4.3		0
4.4		0
4.5		0
4.6		0
4.7		0
4.8		0
4.9		0
5		0
5.1		0
5.2		0
5.3		0
5.4		0
5.5		0
5.6		0
5.7		0
5.8		0
5.9		0
6		0
6.1		0
6.2		0
6.3		0
6.4		0
6.5		0
6.6		0
6.7		0
6.8		0
6.9		0
7		0
7.1		0
7.2		0
7.3		0
7.4		0
7.5		0
7.6		0
7.7		0
7.8		0
7.9		0
8		0
8.1		0
8.2		0
8.3		0
8.4		0
8.5		0
8.6		0
8.7		0
8.8		0
8.9		0
9		0
9.1		0
9.2		0
9.3		0
9.4		0
9.5		0
9.6		0
9.7		0
9.8		0
9.9		0
10		0
10.1		0
10.2		0
10.3		0
10.4		0
10.5		0
10.6		0
10.7		0
10.8		0
10.9		0
11		0
11.1		0
11.2		0
11.3		0
11.4		0
11.5		0
11.6		0
11.7		0
11.8		0
11.9		0
12		0
12.1		0
12.2		0
12.3		0
12.4		0
12.5		0
12.6		0
12.7		0
12.8		0
12.9		0
13		0
13.1		0
13.2		0
13.3		0
13.4		0
13.5		0
13.6		0
13.7		0
13.8		0
13.9		0
14		0
14.1		0
14.2		0
14.3		0
14.4		0
14.5		0
14.6		0
14.7		0
14.8		0
14.9		0
15		0
15.1		0
15.2		0
15.3		0
15.4		0
15.5		0
15.6		0
15.7		0
15.8		0
15.9		0
16		0
16.1		0.000753844
16.2		0.000753844
16.3		0.000753844
16.4		0.000753844
16.5		0.000753844
16.6		0.000753844
16.7		0.000753844
16.8		0.000753844
16.9		0.000753844
17		0.000753844
17.1		0.00823232
17.2		0.00823232
17.3		0.00823232
17.4		0.00823232
17.5		0.00823232
17.6		0.00823232
17.7		0.00823232
17.8		0.00823232
17.9		0.00823232
18		0.00823232
18.1		0.00854071
18.2		0.00854071
18.3		0.00854071
18.4		0.00854071
18.5		0.00854071
18.6		0.00854071
18.7		0.00854071
18.8		0.00854071
18.9		0.00854071
19		0.00854071
19.1		0.00985137
19.2		0.00985137
19.3		0.00985137
19.4		0.00985137
19.5		0.00985137
19.6		0.00985137
19.7		0.00985137
19.8		0.00985137
19.9		0.00985137
20		0.00985137
20.1		0.0173127
20.2		0.0173127
20.3		0.0173127
20.4		0.0173127
20.5		0.0173127
20.6		0.0173127
20.7		0.0173127
20.8		0.0173127
20.9		0.0173127
21		0.0173127
21.1		0.0193858
21.2		0.0193858
21.3		0.0193858
21.4		0.0193858
21.5		0.0193858
21.6		0.0193858
21.7		0.0193858
21.8		0.0193858
21.9		0.0193858
22		0.0193858
22.1		0.0200111
22.2		0.0200111
22.3		0.0200111
22.4		0.0200111
22.5		0.0200111
22.6		0.0200111
22.7		0.0200111
22.8		0.0200111
22.9		0.0200111
23		0.0200111
23.1		0.0206365
23.2		0.0206365
23.3		0.0206365
23.4		0.0206365
23.5		0.0206365
23.6		0.0206365
23.7		0.0206365
23.8		0.0206365
23.9		0.0206365
24		0.0206365
24.1		0.0250739
24.2		0.0250739
24.3		0.0250739
24.4		0.0250739
24.5		0.0250739
24.6		0.0250739
24.7		0.0250739
24.8		0.0250739
24.9		0.0250739
25		0.0250739
25.1		0.0259819
25.2		0.0259819
25.3		0.0259819
25.4		0.0259819
25.5		0.0259819
25.6		0.0259819
25.7		0.0259819
25.8		0.0259819
25.9		0.0259819
26		0.0259819
26.1		0.0286032
26.2		0.0286032
26.3		0.0286032
26.4		0.0286032
26.5		0.0286032
26.6		0.0286032
26.7		0.0286032
26.8		0.0286032
26.9		0.0286032
27		0.0286032
27.1		0.0295113
27.2		0.0295113
27.3		0.0295113
27.4		0.0295113
27.5		0.0295113
27.6		0.0295113
27.7		0.0295113
27.8		0.0295113
27.9		0.0295113
28		0.0295113
28.1		0.0336489
28.2		0.0336489
28.3		0.0336489
28.4		0.0336489
28.5		0.0336489
28.6		0.0336489
28.7		0.0336489
28.8		0.0336489
28.9		0.0336489
29		0.0336489
29.1		0.0340172
29.2		0.0340172
29.3		0.0340172
29.4		0.0340172
29.5		0.0340172
29.6		0.0340172
29.7		0.0340172
29.8		0.0340172
29.9		0.0340172
30		0.0340172
30.1		0.0360303
30.2		0.0360303
30.3		0.0360303
30.4		0.0360303
30.5		0.0360303
30.6		0.0360303
30.7		0.0360303
30.8		0.0360303
30.9		0.0360303
31		0.0360303
31.1		0.0365015
31.2		0.0365015
31.3		0.0365015
31.4		0.0365015
31.5		0.0365015
31.6		0.0365015
31.7		0.0365015
31.8		0.0365015
31.9		0.0365015
32		0.0365015
32.1		0.0406905
32.2		0.0406905
32.3		0.0406905
32.4		0.0406905
32.5		0.0406905
32.6		0.0406905
32.7		0.0406905
32.8		0.0406905
32.9		0.0406905
33		0.0406905
33.1		0.041924
33.2		0.041924
33.3		0.041924
33.4		0.041924
33.5		0.041924
33.6		0.041924
33.7		0.041924
33.8		0.041924
33.9		0.041924
34		0.041924
34.1		0.0448794
34.2		0.0448794
34.3		0.0448794
34.4		0.0448794
34.5		0.0448794
34.6		0.0448794
34.7		0.0448794
34.8		0.0448794
34.9		0.0448794
35		0.0448794
35.1		0.0457789
35.2		0.0457789
35.3		0.0457789
35.4		0.0457789
35.5		0.0457789
35.6		0.0457789
35.7		0.0457789
35.8		0.0457789
35.9		0.0457789
36		0.0457789
36.1		0.0502334
36.2		0.0502334
36.3		0.0502334
36.4		0.0502334
36.5		0.0502334
36.6		0.0502334
36.7		0.0502334
36.8		0.0502334
36.9		0.0502334
37		0.0502334
37.1		0.0506875
37.2		0.0506875
37.3		0.0506875
37.4		0.0506875
37.5		0.0506875
37.6		0.0506875
37.7		0.0506875
37.8		0.0506875
37.9		0.0506875
38		0.0506875
38.1		0.0519724
38.2		0.0519724
38.3		0.0519724
38.4		0.0519724
38.5		0.0519724
38.6		0.0519724
38.7		0.0519724
38.8		0.0519724
38.9		0.0519724
39		0.0519724
39.1		0.0533602
39.2		0.0533602
39.3		0.0533602
39.4		0.0533602
39.5		0.0533602
39.6		0.0533602
39.7		0.0533602
39.8		0.0533602
39.9		0.0533602
40		0.0533602
40.1		0.0588941
40.2		0.0588941
40.3		0.0588941
40.4		0.0588941
40.5		0.0588941
40.6		0.0588941
40.7		0.0588941
40.8		0.0588941
40.9		0.0588941
41		0.0588941
41.1		0.0613955
41.2		0.0613955
41.3		0.0613955
41.4		0.0613955
41.5		0.0613955
41.6		0.0613955
41.7		0.0613955
41.8		0.0613955
41.9		0.0613955
42		0.0613955
42.1		0.0617895
42.2		0.0617895
42.3		0.0617895
42.4		0.0617895
42.5		0.0617895
42.6		0.0617895
42.7		0.0617895
42.8		0.0617895
42.9		0.0617895
43		0.0617895
43.1		0.0623463
43.2		0.0623463
43.3		0.0623463
43.4		0.0623463
43.5		0.0623463
43.6		0.0623463
43.7		0.0623463
43.8		0.0623463
43.9		0.0623463
44		0.0623463
44.1		0.0668094
44.2		0.0668094
44.3		0.0668094
44.4		0.0668094
44.5		0.0668094
44.6		0.0668094
44.7		0.0668094
44.8		0.0668094
44.9		0.0668094
45		0.0668094
45.1		0.0676746
45.2		0.0676746
45.3		0.0676746
45.4		0.0676746
45.5		0.0676746
45.6		0.0676746
45.7		0.0676746
45.8		0.0676746
45.9		0.0676746
46		0.0676746
46.1		0.0695593
46.2		0.0695593
46.3		0.0695593
46.4		0.0695593
46.5		0.0695593
46.6		0.0695593
46.7		0.0695593
46.8		0.0695593
46.9		0.0695593
47		0.0695593
47.1		0.0731743
47.2		0.0731743
47.3		0.0731743
47.4		0.0731743
47.5		0.0731743
47.6		0.0731743
47.7		0.0731743
47.8		0.0731743
47.9		0.0731743
48		0.0731743
48.1		0.0749732
48.2		0.0749732
48.3		0.0749732
48.4		0.0749732
48.5		0.0749732
48.6		0.0749732
48.7		0.0749732
48.8		0.0749732
48.9		0.0749732
49		0.0749732
49.1		0.077269
49.2		0.077269
49.3		0.077269
49.4		0.077269
49.5		0.077269
49.6		0.077269
49.7		0.077269
49.8		0.077269
49.9		0.077269
50		0.077269
50.1		0.0780229
50.2		0.0780229
50.3		0.0780229
50.4		0.0780229
50.5		0.0780229
50.6		0.0780229
50.7		0.0780229
50.8		0.0780229
50.9		0.0780229
51		0.0780229
51.1		0.0796848
51.2		0.0796848
51.3		0.0796848
51.4		0.0796848
51.5		0.0796848
51.6		0.0796848
51.7		0.0796848
51.8		0.0796848
51.9		0.0796848
52		0.0796848
52.1		0.0819634
52.2		0.0819634
52.3		0.0819634
52.4		0.0819634
52.5		0.0819634
52.6		0.0819634
52.7		0.0819634
52.8		0.0819634
52.9		0.0819634
53		0.0819634
53.1		0.0857583
53.2		0.0857583
53.3		0.0857583
53.4		0.0857583
53.5		0.0857583
53.6		0.0857583
53.7		0.0857583
53.8		0.0857583
53.9		0.0857583
54		0.0857583
54.1		0.0865036
54.2		0.0865036
54.3		0.0865036
54.4		0.0865036
54.5		0.0865036
54.6		0.0865036
54.7		0.0865036
54.8		0.0865036
54.9		0.0865036
55		0.0865036
55.1		0.0902043
55.2		0.0902043
55.3		0.0902043
55.4		0.0902043
55.5		0.0902043
55.6		0.0902043
55.7		0.0902043
55.8		0.0902043
55.9		0.0902043
56		0.0902043
56.1		0.0903328
56.2		0.0903328
56.3		0.0903328
56.4		0.0903328
56.5		0.0903328
56.6		0.0903328
56.7		0.0903328
56.8		0.0903328
56.9		0.0903328
57		0.0903328
57.1		0.0909582
57.2		0.0909582
57.3		0.0909582
57.4		0.0909582
57.5		0.0909582
57.6		0.0909582
57.7		0.0909582
57.8		0.0909582
57.9		0.0909582
58		0.0909582
58.1		0.0964835
58.2		0.0964835
58.3		0.0964835
58.4		0.0964835
58.5		0.0964835
58.6		0.0964835
58.7		0.0964835
58.8		0.0964835
58.9		0.0964835
59		0.0964835
59.1		0.0986594
59.2		0.0986594
59.3		0.0986594
59.4		0.0986594
59.5		0.0986594
59.6		0.0986594
59.7		0.0986594
59.8		0.0986594
59.9		0.0986594
60		0.0986594
60.1		0.0988307
60.2		0.0988307
60.3		0.0988307
60.4		0.0988307
60.5		0.0988307
60.6		0.0988307
60.7		0.0988307
60.8		0.0988307
60.9		0.0988307
61		0.0988307
61.1		0.100947
61.2		0.100947
61.3		0.100947
61.4		0.100947
61.5		0.100947
61.6		0.100947
61.7		0.100947
61.8		0.100947
61.9		0.100947
62		0.100947
62.1		0.103654
62.2		0.103654
62.3		0.103654
62.4		0.103654
62.5		0.103654
62.6		0.103654
62.7		0.103654
62.8		0.103654
62.9		0.103654
63		0.103654
63.1		0.106626
63.2		0.106626
63.3		0.106626
63.4		0.106626
63.5		0.106626
63.6		0.106626
63.7		0.106626
63.8		0.106626
63.9		0.106626
64		0.106626
64.1		0.106909
64.2		0.106909
64.3		0.106909
64.4		0.106909
64.5		0.106909
64.6		0.106909
64.7		0.106909
64.8		0.106909
64.9		0.106909
65		0.106909
65.1		0.108459
65.2		0.108459
65.3		0.108459
65.4		0.108459
65.5		0.108459
65.6		0.108459
65.7		0.108459
65.8		0.108459
65.9		0.108459
66		0.108459
66.1		0.112271
66.2		0.112271
66.3		0.112271
66.4		0.112271
66.5		0.112271
66.6		0.112271
66.7		0.112271
66.8		0.112271
66.9		0.112271
67		0.112271
67.1		0.115193
67.2		0.115193
67.3		0.115193
67.4		0.115193
67.5		0.115193
67.6		0.115193
67.7		0.115193
67.8		0.115193
67.9		0.115193
68		0.115193
68.1		0.115818
68.2		0.115818
68.3		0.115818
68.4		0.115818
68.5		0.115818
68.6		0.115818
68.7		0.115818
68.8		0.115818
68.9		0.115818
69		0.115818
69.1		0.118379
69.2		0.118379
69.3		0.118379
69.4		0.118379
69.5		0.118379
69.6		0.118379
69.7		0.118379
69.8		0.118379
69.9		0.118379
70		0.118379
70.1		0.120238
70.2		0.120238
70.3		0.120238
70.4		0.120238
70.5		0.120238
70.6		0.120238
70.7		0.120238
70.8		0.120238
70.9		0.120238
71		0.120238
71.1		0.122808
71.2		0.122808
71.3		0.122808
71.4		0.122808
71.5		0.122808
71.6		0.122808
71.7		0.122808
71.8		0.122808
71.9		0.122808
72		0.122808
72.1		0.125292
72.2		0.125292
72.3		0.125292
72.4		0.125292
72.5		0.125292
72.6		0.125292
72.7		0.125292
72.8		0.125292
72.9		0.125292
73		0.125292
73.1		0.125592
73.2		0.125592
73.3		0.125592
73.4		0.125592
73.5		0.125592
73.6		0.125592
73.7		0.125592
73.8		0.125592
73.9		0.125592
74		0.125592
74.1		0.127751
74.2		0.127751
74.3		0.127751
74.4		0.127751
74.5		0.127751
74.6		0.127751
74.7		0.127751
74.8		0.127751
74.9		0.127751
75		0.127751
75.1		0.130578
75.2		0.130578
75.3		0.130578
75.4		0.130578
75.5		0.130578
75.6		0.130578
75.7		0.130578
75.8		0.130578
75.9		0.130578
76		0.130578
76.1		0.13134
76.2		0.13134
76.3		0.13134
76.4		0.13134
76.5		0.13134
76.6		0.13134
76.7		0.13134
76.8		0.13134
76.9		0.13134
77		0.13134
77.1		0.136626
77.2		0.136626
77.3		0.136626
77.4		0.136626
77.5		0.136626
77.6		0.136626
77.7		0.136626
77.8		0.136626
77.9		0.136626
78		0.136626
78.1		0.137748
78.2		0.137748
78.3		0.137748
78.4		0.137748
78.5		0.137748
78.6		0.137748
78.7		0.137748
78.8		0.137748
78.9		0.137748
79		0.137748
79.1		0.138425
79.2		0.138425
79.3		0.138425
79.4		0.138425
79.5		0.138425
79.6		0.138425
79.7		0.138425
79.8		0.138425
79.9		0.138425
80		0.138425
80.1		0.142819
80.2		0.142819
80.3		0.142819
80.4		0.142819
80.5		0.142819
80.6		0.142819
80.7		0.142819
80.8		0.142819
80.9		0.142819
81		0.142819
81.1		0.143753
81.2		0.143753
81.3		0.143753
81.4		0.143753
81.5		0.143753
81.6		0.143753
81.7		0.143753
81.8		0.143753
81.9		0.143753
82		0.143753
82.1		0.145089
82.2		0.145089
82.3		0.145089
82.4		0.145089
82.5		0.145089
82.6		0.145089
82.7		0.145089
82.8		0.145089
82.9		0.145089
83		0.145089
83.1		0.148387
83.2		0.148387
83.3		0.148387
83.4		0.148387
83.5		0.148387
83.6		0.148387
83.7		0.148387
83.8		0.148387
83.9		0.148387
84		0.148387
84.1		0.150863
84.2		0.150863
84.3		0.150863
84.4		0.150863
84.5		0.150863
84.6		0.150863
84.7		0.150863
84.8		0.150863
84.9		0.150863
85		0.150863
85.1		0.151763
85.2		0.151763
85.3		0.151763
85.4		0.151763
85.5		0.151763
85.6		0.151763
85.7		0.151763
85.8		0.151763
85.9		0.151763
86		0.151763
86.1		0.155506
86.2		0.155506
86.3		0.155506
86.4		0.155506
86.5		0.155506
86.6		0.155506
86.7		0.155506
86.8		0.155506
86.9		0.155506
87		0.155506
87.1		0.155772
87.2		0.155772
87.3		0.155772
87.4		0.155772
87.5		0.155772
87.6		0.155772
87.7		0.155772
87.8		0.155772
87.9		0.155772
88		0.155772
88.1		0.160278
88.2		0.160278
88.3		0.160278
88.4		0.160278
88.5		0.160278
88.6		0.160278
88.7		0.160278
88.8		0.160278
88.9		0.160278
89		0.160278
89.1		0.160903
89.2		0.160903
89.3		0.160903
89.4		0.160903
89.5		0.160903
89.6		0.160903
89.7		0.160903
89.8		0.160903
89.9		0.160903
90		0.160903
90.1		0.161802
90.2		0.161802
90.3		0.161802
90.4		0.161802
90.5		0.161802
90.6		0.161802
90.7		0.161802
90.8		0.161802
90.9		0.161802
91		0.161802
91.1		0.162788
91.2		0.162788
91.3		0.162788
91.4		0.162788
91.5		0.162788
91.6		0.162788
91.7		0.162788
91.8		0.162788
91.9		0.162788
92		0.162788
92.1		0.169821
92.2		0.169821
92.3		0.169821
92.4		0.169821
92.5		0.169821
92.6		0.169821
92.7		0.169821
92.8		0.169821
92.9		0.169821
93		0.169821
93.1		0.170763
93.2		0.170763
93.3		0.170763
93.4		0.170763
93.5		0.170763
93.6		0.170763
93.7		0.170763
93.8		0.170763
93.9		0.170763
94		0.170763
94.1		0.171148
94.2		0.171148
94.3		0.171148
94.4		0.171148
94.5		0.171148
94.6		0.171148
94.7		0.171148
94.8		0.171148
94.9		0.171148
95		0.171148
95.1		0.171568
95.2		0.171568
95.3		0.171568
95.4		0.171568
95.5		0.171568
95.6		0.171568
95.7		0.171568
95.8		0.171568
95.9		0.171568
96		0.171568
96.1		0.176228
96.2		0.176228
96.3		0.176228
96.4		0.176228
96.5		0.176228
96.6		0.176228
96.7		0.176228
96.8		0.176228
96.9		0.176228
97		0.176228
97.1		0.177539
97.2		0.177539
97.3		0.177539
97.4		0.177539
97.5		0.177539
97.6		0.177539
97.7		0.177539
97.8		0.177539
97.9		0.177539
98		0.177539
98.1		0.179055
98.2		0.179055
98.3		0.179055
98.4		0.179055
98.5		0.179055
98.6		0.179055
98.7		0.179055
98.8		0.179055
98.9		0.179055
99		0.179055
99.1		0.181574
99.2		0.181574
99.3		0.181574
99.4		0.181574
99.5		0.181574
99.6		0.181574
99.7		0.181574
99.8		0.181574
99.9		0.181574
100		0.181574
100.1		0.184812
100.2		0.184812
100.3		0.184812
100.4		0.184812
100.5		0.184812
100.6		0.184812
100.7		0.184812
100.8		0.184812
100.9		0.184812
101		0.184812
101.1		0.185394
101.2		0.185394
101.3		0.185394
101.4		0.185394
101.5		0.185394
101.6		0.185394
101.7		0.185394
101.8		0.185394
101.9		0.185394
102		0.185394
102.1		0.186225
102.2		0.186225
102.3		0.186225
102.4		0.186225
102.5		0.186225
102.6		0.186225
102.7		0.186225
102.8		0.186225
102.9		0.186225
103		0.186225
103.1		0.190286
103.2		0.190286
103.3		0.190286
103.4		0.190286
103.5		0.190286
103.6		0.190286
103.7		0.190286
103.8		0.190286
103.9		0.190286
104		0.190286
104.1		0.193087
104.2		0.193087
104.3		0.193087
104.4		0.193087
104.5		0.193087
104.6		0.193087
104.7		0.193087
104.8		0.193087
104.9		0.193087
105		0.193087
105.1		0.196599
105.2		0.196599
105.3		0.196599
105.4		0.196599
105.5		0.196599
105.6		0.196599
105.7		0.196599
105.8		0.196599
105.9		0.196599
106		0.196599
106.1		0.19755
106.2		0.19755
106.3		0.19755
106.4		0.19755
106.5		0.19755
106.6		0.19755
106.7		0.19755
106.8		0.19755
106.9		0.19755
107		0.19755
107.1		0.197764
107.2		0.197764
107.3		0.197764
107.4		0.197764
107.5		0.197764
107.6		0.197764
107.7		0.197764
107.8		0.197764
107.9		0.197764
108		0.197764
108.1		0.201679
108.2		0.201679
108.3		0.201679
108.4		0.201679
108.5		0.201679
108.6		0.201679
108.7		0.201679
108.8		0.201679
108.9		0.201679
109		0.201679
109.1		0.2055
109.2		0.2055
109.3		0.2055
109.4		0.2055
109.5		0.2055
109.6		0.2055
109.7		0.2055
109.8		0.2055
109.9		0.2055
110		0.2055
110.1		0.206468
110.2		0.206468
110.3		0.206468
110.4		0.206468
110.5		0.206468
110.6		0.206468
110.7		0.206468
110.8		0.206468
110.9		0.206468
111		0.206468
111.1		0.208027
111.2		0.208027
111.3		0.208027
111.4		0.208027
111.5		0.208027
111.6		0.208027
111.7		0.208027
111.8		0.208027
111.9		0.208027
112		0.208027
112.1		0.208618
112.2		0.208618
112.3		0.208618
112.4		0.208618
112.5		0.208618
112.6		0.208618
112.7		0.208618
112.8		0.208618
112.9		0.208618
113		0.208618
113.1		0.212353
113.2		0.212353
113.3		0.212353
113.4		0.212353
113.5		0.212353
113.6		0.212353
113.7		0.212353
113.8		0.212353
113.9		0.212353
114		0.212353
114.1		0.213681
114.2		0.213681
114.3		0.213681
114.4		0.213681
114.5		0.213681
114.6		0.213681
114.7		0.213681
114.8		0.213681
114.9		0.213681
115		0.213681
115.1		0.214726
115.2		0.214726
115.3		0.214726
115.4		0.214726
115.5		0.214726
115.6		0.214726
115.7		0.214726
115.8		0.214726
115.9		0.214726
116		0.214726
116.1		0.217767
116.2		0.217767
116.3		0.217767
116.4		0.217767
116.5		0.217767
116.6		0.217767
116.7		0.217767
116.8		0.217767
116.9		0.217767
117		0.217767
117.1		0.218075
117.2		0.218075
117.3		0.218075
117.4		0.218075
117.5		0.218075
117.6		0.218075
117.7		0.218075
117.8		0.218075
117.9		0.218075
118		0.218075
118.1		0.222829
118.2		0.222829
118.3		0.222829
118.4		0.222829
118.5		0.222829
118.6		0.222829
118.7		0.222829
118.8		0.222829
118.9		0.222829
119		0.222829
119.1		0.224226
119.2		0.224226
119.3		0.224226
119.4		0.224226
119.5		0.224226
119.6		0.224226
119.7		0.224226
119.8		0.224226
119.9		0.224226
120		0.224226
120.1		0.225254
120.2		0.225254
120.3		0.225254
120.4		0.225254
120.5		0.225254
120.6		0.225254
120.7		0.225254
120.8		0.225254
120.9		0.225254
121		0.225254
121.1		0.227121
121.2		0.227121
121.3		0.227121
121.4		0.227121
121.5		0.227121
121.6		0.227121
121.7		0.227121
121.8		0.227121
121.9		0.227121
122		0.227121
122.1		0.230539
122.2		0.230539
122.3		0.230539
122.4		0.230539
122.5		0.230539
122.6		0.230539
122.7		0.230539
122.8		0.230539
122.9		0.230539
123		0.230539
123.1		0.233203
123.2		0.233203
123.3		0.233203
123.4		0.233203
123.5		0.233203
123.6		0.233203
123.7		0.233203
123.8		0.233203
123.9		0.233203
124		0.233203
124.1		0.234231
124.2		0.234231
124.3		0.234231
124.4		0.234231
124.5		0.234231
124.6		0.234231
124.7		0.234231
124.8		0.234231
124.9		0.234231
125		0.234231
125.1		0.236424
125.2		0.236424
125.3		0.236424
125.4		0.236424
125.5		0.236424
125.6		0.236424
125.7		0.236424
125.8		0.236424
125.9		0.236424
126		0.236424
126.1		0.240108
126.2		0.240108
126.3		0.240108
126.4		0.240108
126.5		0.240108
126.6		0.240108
126.7		0.240108
126.8		0.240108
126.9		0.240108
127		0.240108
127.1		0.240605
127.2		0.240605
127.3		0.240605
127.4		0.240605
127.5		0.240605
127.6		0.240605
127.7		0.240605
127.8		0.240605
127.9		0.240605
128		0.240605
128.1		0.241093
128.2		0.241093
128.3		0.241093
128.4		0.241093
128.5		0.241093
128.6		0.241093
128.7		0.241093
128.8		0.241093
128.9		0.241093
129		0.241093
129.1		0.245796
129.2		0.245796
129.3		0.245796
129.4		0.245796
129.5		0.245796
129.6		0.245796
129.7		0.245796
129.8		0.245796
129.9		0.245796
130		0.245796
130.1		0.245967
130.2		0.245967
130.3		0.245967
130.4		0.245967
130.5		0.245967
130.6		0.245967
130.7		0.245967
130.8		0.245967
130.9		0.245967
131		0.245967
131.1		0.250276
131.2		0.250276
131.3		0.250276
131.4		0.250276
131.5		0.250276
131.6		0.250276
131.7		0.250276
131.8		0.250276
131.9		0.250276
132		0.250276
132.1		0.25145
132.2		0.25145
132.3		0.25145
132.4		0.25145
132.5		0.25145
132.6		0.25145
132.7		0.25145
132.8		0.25145
132.9		0.25145
133		0.25145
133.1		0.252375
133.2		0.252375
133.3		0.252375
133.4		0.252375
133.5		0.252375
133.6		0.252375
133.7		0.252375
133.8		0.252375
133.9		0.252375
134		0.252375
134.1		0.25605
134.2		0.25605
134.3		0.25605
134.4		0.25605
134.5		0.25605
134.6		0.25605
134.7		0.25605
134.8		0.25605
134.9		0.25605
135		0.25605
135.1		0.256247
135.2		0.256247
135.3		0.256247
135.4		0.256247
135.5		0.256247
135.6		0.256247
135.7		0.256247
135.8		0.256247
135.9		0.256247
136		0.256247
136.1		0.261044
136.2		0.261044
136.3		0.261044
136.4		0.261044
136.5		0.261044
136.6		0.261044
136.7		0.261044
136.8		0.261044
136.9		0.261044
137		0.261044
137.1		0.264317
137.2		0.264317
137.3		0.264317
137.4		0.264317
137.5		0.264317
137.6		0.264317
137.7		0.264317
137.8		0.264317
137.9		0.264317
138		0.264317
138.1		0.264565
138.2		0.264565
138.3		0.264565
138.4		0.264565
138.5		0.264565
138.6		0.264565
138.7		0.264565
138.8		0.264565
138.9		0.264565
139		0.264565
139.1		0.26615
139.2		0.26615
139.3		0.26615
139.4		0.26615
139.5		0.26615
139.6		0.26615
139.7		0.26615
139.8		0.26615
139.9		0.26615
140		0.26615
140.1		0.269405
140.2		0.269405
140.3		0.269405
140.4		0.269405
140.5		0.269405
140.6		0.269405
140.7		0.269405
140.8		0.269405
140.9		0.269405
141		0.269405
141.1		0.270176
141.2		0.270176
141.3		0.270176
141.4		0.270176
141.5		0.270176
141.6		0.270176
141.7		0.270176
141.8		0.270176
141.9		0.270176
142		0.270176
142.1		0.273363
142.2		0.273363
142.3		0.273363
142.4		0.273363
142.5		0.273363
142.6		0.273363
142.7		0.273363
142.8		0.273363
142.9		0.273363
143		0.273363
143.1		0.275333
143.2		0.275333
143.3		0.275333
143.4		0.275333
143.5		0.275333
143.6		0.275333
143.7		0.275333
143.8		0.275333
143.9		0.275333
144		0.275333
144.1		0.278999
144.2		0.278999
144.3		0.278999
144.4		0.278999
144.5		0.278999
144.6		0.278999
144.7		0.278999
144.8		0.278999
144.9		0.278999
145		0.278999
145.1		0.279668
145.2		0.279668
145.3		0.279668
145.4		0.279668
145.5		0.279668
145.6		0.279668
145.7		0.279668
145.8		0.279668
145.9		0.279668
146		0.279668
146.1		0.281021
146.2		0.281021
146.3		0.281021
146.4		0.281021
146.5		0.281021
146.6		0.281021
146.7		0.281021
146.8		0.281021
146.9		0.281021
147		0.281021
147.1		0.283043
147.2		0.283043
147.3		0.283043
147.4		0.283043
147.5		0.283043
147.6		0.283043
147.7		0.283043
147.8		0.283043
147.9		0.283043
148		0.283043
148.1		0.287103
148.2		0.287103
148.3		0.287103
148.4		0.287103
148.5		0.287103
148.6		0.287103
148.7		0.287103
148.8		0.287103
148.9		0.287103
149		0.287103
149.1		0.28754
149.2		0.28754
149.3		0.28754
149.4		0.28754
149.5		0.28754
149.6		0.28754
149.7		0.28754
149.8		0.28754
149.9		0.28754
150		0.28754
150.1		0.290615
150.2		0.290615
150.3		0.290615
150.4		0.290615
150.5		0.290615
150.6		0.290615
150.7		0.290615
150.8		0.290615
150.9		0.290615
151		0.290615
151.1		0.291155
151.2		0.291155
151.3		0.291155
151.4		0.291155
151.5		0.291155
151.6		0.291155
151.7		0.291155
151.8		0.291155
151.9		0.291155
152		0.291155
152.1		0.294239
152.2		0.294239
152.3		0.294239
152.4		0.294239
152.5		0.294239
152.6		0.294239
152.7		0.294239
152.8		0.294239
152.9		0.294239
153		0.294239
153.1		0.296346
153.2		0.296346
153.3		0.296346
153.4		0.296346
153.5		0.296346
153.6		0.296346
153.7		0.296346
153.8		0.296346
153.9		0.296346
154		0.296346
154.1		0.298548
154.2		0.298548
154.3		0.298548
154.4		0.298548
154.5		0.298548
154.6		0.298548
154.7		0.298548
154.8		0.298548
154.9		0.298548
155		0.298548
155.1		0.29943
155.2		0.29943
155.3		0.29943
155.4		0.29943
155.5		0.29943
155.6		0.29943
155.7		0.29943
155.8		0.29943
155.9		0.29943
156		0.29943
156.1		0.303559
156.2		0.303559
156.3		0.303559
156.4		0.303559
156.5		0.303559
156.6		0.303559
156.7		0.303559
156.8		0.303559
156.9		0.303559
157		0.303559
157.1		0.304553
157.2		0.304553
157.3		0.304553
157.4		0.304553
157.5		0.304553
157.6		0.304553
157.7		0.304553
157.8		0.304553
157.9		0.304553
158		0.304553
158.1		0.305692
158.2		0.305692
158.3		0.305692
158.4		0.305692
158.5		0.305692
158.6		0.305692
158.7		0.305692
158.8		0.305692
158.9		0.305692
159		0.305692
159.1		0.305984
159.2		0.305984
159.3		0.305984
159.4		0.305984
159.5		0.305984
159.6		0.305984
159.7		0.305984
159.8		0.305984
159.9		0.305984
160		0.305984
160.1		0.31216
160.2		0.31216
160.3		0.31216
160.4		0.31216
160.5		0.31216
160.6		0.31216
160.7		0.31216
160.8		0.31216
160.9		0.31216
161		0.31216
161.1		0.314482
161.2		0.314482
161.3		0.314482
161.4		0.314482
161.5		0.314482
161.6		0.314482
161.7		0.314482
161.8		0.314482
161.9		0.314482
162		0.314482
162.1		0.315467
162.2		0.315467
162.3		0.315467
162.4		0.315467
162.5		0.315467
162.6		0.315467
162.7		0.315467
162.8		0.315467
162.9		0.315467
163		0.315467
163.1		0.315972
163.2		0.315972
163.3		0.315972
163.4		0.315972
163.5		0.315972
163.6		0.315972
163.7		0.315972
163.8		0.315972
163.9		0.315972
164		0.315972
164.1		0.320144
164.2		0.320144
164.3		0.320144
164.4		0.320144
164.5		0.320144
164.6		0.320144
164.7		0.320144
164.8		0.320144
164.9		0.320144
165		0.320144
165.1		0.321814
165.2		0.321814
165.3		0.321814
165.4		0.321814
165.5		0.321814
165.6		0.321814
165.7		0.321814
165.8		0.321814
165.9		0.321814
166		0.321814
166.1		0.322543
166.2		0.322543
166.3		0.322543
166.4		0.322543
166.5		0.322543
166.6		0.322543
166.7		0.322543
166.8		0.322543
166.9		0.322543
167		0.322543
167.1		0.326543
167.2		0.326543
167.3		0.326543
167.4		0.326543
167.5		0.326543
167.6		0.326543
167.7		0.326543
167.8		0.326543
167.9		0.326543
168		0.326543
168.1		0.326971
168.2		0.326971
168.3		0.326971
168.4		0.326971
168.5		0.326971
168.6		0.326971
168.7		0.326971
168.8		0.326971
168.9		0.326971
169		0.326971
169.1		0.327528
169.2		0.327528
169.3		0.327528
169.4		0.327528
169.5		0.327528
169.6		0.327528
169.7		0.327528
169.8		0.327528
169.9		0.327528
170		0.327528
170.1		0.331503
170.2		0.331503
170.3		0.331503
170.4		0.331503
170.5		0.331503
170.6		0.331503
170.7		0.331503
170.8		0.331503
170.9		0.331503
171		0.331503
171.1		0.333499
171.2		0.333499
171.3		0.333499
171.4		0.333499
171.5		0.333499
171.6		0.333499
171.7		0.333499
171.8		0.333499
171.9		0.333499
172		0.333499
172.1		0.335538
172.2		0.335538
172.3		0.335538
172.4		0.335538
172.5		0.335538
172.6		0.335538
172.7		0.335538
172.8		0.335538
172.9		0.335538
173		0.335538
173.1		0.337739
173.2		0.337739
173.3		0.337739
173.4		0.337739
173.5		0.337739
173.6		0.337739
173.7		0.337739
173.8		0.337739
173.9		0.337739
174		0.337739
174.1		0.341954
174.2		0.341954
174.3		0.341954
174.4		0.341954
174.5		0.341954
174.6		0.341954
174.7		0.341954
174.8		0.341954
174.9		0.341954
175		0.341954
175.1		0.343188
175.2		0.343188
175.3		0.343188
175.4		0.343188
175.5		0.343188
175.6		0.343188
175.7		0.343188
175.8		0.343188
175.9		0.343188
176		0.343188
176.1		0.344421
176.2		0.344421
176.3		0.344421
176.4		0.344421
176.5		0.344421
176.6		0.344421
176.7		0.344421
176.8		0.344421
176.9		0.344421
177		0.344421
177.1		0.347214
177.2		0.347214
177.3		0.347214
177.4		0.347214
177.5		0.347214
177.6		0.347214
177.7		0.347214
177.8		0.347214
177.9		0.347214
178		0.347214
178.1		0.351
178.2		0.351
178.3		0.351
178.4		0.351
178.5		0.351
178.6		0.351
178.7		0.351
178.8		0.351
178.9		0.351
179		0.351
179.1		0.351728
179.2		0.351728
179.3		0.351728
179.4		0.351728
179.5		0.351728
179.6		0.351728
179.7		0.351728
179.8		0.351728
179.9		0.351728
180		0.351728
180.1		0.353519
180.2		0.353519
180.3		0.353519
180.4		0.353519
180.5		0.353519
180.6		0.353519
180.7		0.353519
180.8		0.353519
180.9		0.353519
181		0.353519
181.1		0.354906
181.2		0.354906
181.3		0.354906
181.4		0.354906
181.5		0.354906
181.6		0.354906
181.7		0.354906
181.8		0.354906
181.9		0.354906
182		0.354906
182.1		0.358496
182.2		0.358496
182.3		0.358496
182.4		0.358496
182.5		0.358496
182.6		0.358496
182.7		0.358496
182.8		0.358496
182.9		0.358496
183		0.358496
183.1		0.361682
183.2		0.361682
183.3		0.361682
183.4		0.361682
183.5		0.361682
183.6		0.361682
183.7		0.361682
183.8		0.361682
183.9		0.361682
184		0.361682
184.1		0.361828
184.2		0.361828
184.3		0.361828
184.4		0.361828
184.5		0.361828
184.6		0.361828
184.7		0.361828
184.8		0.361828
184.9		0.361828
185		0.361828
185.1		0.362162
185.2		0.362162
185.3		0.362162
185.4		0.362162
185.5		0.362162
185.6		0.362162
185.7		0.362162
185.8		0.362162
185.9		0.362162
186		0.362162
186.1		0.366685
186.2		0.366685
186.3		0.366685
186.4		0.366685
186.5		0.366685
186.6		0.366685
186.7		0.366685
186.8		0.366685
186.9		0.366685
187		0.366685
187.1		0.369349
187.2		0.369349
187.3		0.369349
187.4		0.369349
187.5		0.369349
187.6		0.369349
187.7		0.369349
187.8		0.369349
187.9		0.369349
188		0.369349
188.1		0.369658
188.2		0.369658
188.3		0.369658
188.4		0.369658
188.5		0.369658
188.6		0.369658
188.7		0.369658
188.8		0.369658
188.9		0.369658
189		0.369658
189.1		0.371919
189.2		0.371919
189.3		0.371919
189.4		0.371919
189.5		0.371919
189.6		0.371919
189.7		0.371919
189.8		0.371919
189.9		0.371919
190		0.371919
190.1		0.375157
190.2		0.375157
190.3		0.375157
190.4		0.375157
190.5		0.375157
190.6		0.375157
190.7		0.375157
190.8		0.375157
190.9		0.375157
191		0.375157
191.1		0.376888
191.2		0.376888
191.3		0.376888
191.4		0.376888
191.5		0.376888
191.6		0.376888
191.7		0.376888
191.8		0.376888
191.9		0.376888
192		0.376888
192.1		0.378421
192.2		0.378421
192.3		0.378421
192.4		0.378421
192.5		0.378421
192.6		0.378421
192.7		0.378421
192.8		0.378421
192.9		0.378421
193		0.378421
193.1		0.380974
193.2		0.380974
193.3		0.380974
193.4		0.380974
193.5		0.380974
193.6		0.380974
193.7		0.380974
193.8		0.380974
193.9		0.380974
194		0.380974
194.1		0.383544
194.2		0.383544
194.3		0.383544
194.4		0.383544
194.5		0.383544
194.6		0.383544
194.7		0.383544
194.8		0.383544
194.9		0.383544
195		0.383544
195.1		0.38602
195.2		0.38602
195.3		0.38602
195.4		0.38602
195.5		0.38602
195.6		0.38602
195.7		0.38602
195.8		0.38602
195.9		0.38602
196		0.38602
196.1		0.387287
196.2		0.387287
196.3		0.387287
196.4		0.387287
196.5		0.387287
196.6		0.387287
196.7		0.387287
196.8		0.387287
196.9		0.387287
197		0.387287
197.1		0.388487
197.2		0.388487
197.3		0.388487
197.4		0.388487
197.5		0.388487
197.6		0.388487
197.7		0.388487
197.8		0.388487
197.9		0.388487
198		0.388487
198.1		0.390166
198.2		0.390166
198.3		0.390166
198.4		0.390166
198.5		0.390166
198.6		0.390166
198.7		0.390166
198.8		0.390166
198.9		0.390166
199		0.390166
199.1		0.3948
199.2		0.3948
199.3		0.3948
199.4		0.3948
199.5		0.3948
199.6		0.3948
199.7		0.3948
199.8		0.3948
199.9		0.3948
200		0.3948
200.1		0.39749
200.2		0.39749
200.3		0.39749
200.4		0.39749
200.5		0.39749
200.6		0.39749
200.7		0.39749
200.8		0.39749
200.9		0.39749
201		0.39749
201.1		0.398227
201.2		0.398227
201.3		0.398227
201.4		0.398227
201.5		0.398227
201.6		0.398227
201.7		0.398227
201.8		0.398227
201.9		0.398227
202		0.398227
202.1		0.399503
202.2		0.399503
202.3		0.399503
202.4		0.399503
202.5		0.399503
202.6		0.399503
202.7		0.399503
202.8		0.399503
202.9		0.399503
203		0.399503
203.1		0.399803
203.2		0.399803
203.3		0.399803
203.4		0.399803
203.5		0.399803
203.6		0.399803
203.7		0.399803
203.8		0.399803
203.9		0.399803
204		0.399803
204.1		0.405303
204.2		0.405303
204.3		0.405303
204.4		0.405303
204.5		0.405303
204.6		0.405303
204.7		0.405303
204.8		0.405303
204.9		0.405303
205		0.405303
205.1		0.407084
205.2		0.407084
205.3		0.407084
205.4		0.407084
205.5		0.407084
205.6		0.407084
205.7		0.407084
205.8		0.407084
205.9		0.407084
206		0.407084
206.1		0.407264
206.2		0.407264
206.3		0.407264
206.4		0.407264
206.5		0.407264
206.6		0.407264
206.7		0.407264
206.8		0.407264
206.9		0.407264
207		0.407264
207.1		0.407804
207.2		0.407804
207.3		0.407804
207.4		0.407804
207.5		0.407804
207.6		0.407804
207.7		0.407804
207.8		0.407804
207.9		0.407804
208		0.407804
208.1		0.412918
208.2		0.412918
208.3		0.412918
208.4		0.412918
208.5		0.412918
208.6		0.412918
208.7		0.412918
208.8		0.412918
208.9		0.412918
209		0.412918
209.1		0.413526
209.2		0.413526
209.3		0.413526
209.4		0.413526
209.5		0.413526
209.6		0.413526
209.7		0.413526
209.8		0.413526
209.9		0.413526
210		0.413526
210.1		0.415668
210.2		0.415668
210.3		0.415668
210.4		0.415668
210.5		0.415668
210.6		0.415668
210.7		0.415668
210.8		0.415668
210.9		0.415668
211		0.415668
211.1		0.417004
211.2		0.417004
211.3		0.417004
211.4		0.417004
211.5		0.417004
211.6		0.417004
211.7		0.417004
211.8		0.417004
211.9		0.417004
212		0.417004
212.1		0.421819
212.2		0.421819
212.3		0.421819
212.4		0.421819
212.5		0.421819
212.6		0.421819
212.7		0.421819
212.8		0.421819
212.9		0.421819
213		0.421819
213.1		0.42354
213.2		0.42354
213.3		0.42354
213.4		0.42354
213.5		0.42354
213.6		0.42354
213.7		0.42354
213.8		0.42354
213.9		0.42354
214		0.42354
214.1		0.42516
214.2		0.42516
214.3		0.42516
214.4		0.42516
214.5		0.42516
214.6		0.42516
214.7		0.42516
214.8		0.42516
214.9		0.42516
215		0.42516
215.1		0.425879
215.2		0.425879
215.3		0.425879
215.4		0.425879
215.5		0.425879
215.6		0.425879
215.7		0.425879
215.8		0.425879
215.9		0.425879
216		0.425879
216.1		0.429323
216.2		0.429323
216.3		0.429323
216.4		0.429323
216.5		0.429323
216.6		0.429323
216.7		0.429323
216.8		0.429323
216.9		0.429323
217		0.429323
217.1		0.431542
217.2		0.431542
217.3		0.431542
217.4		0.431542
217.5		0.431542
217.6		0.431542
217.7		0.431542
217.8		0.431542
217.9		0.431542
218		0.431542
218.1		0.43227
218.2		0.43227
218.3		0.43227
218.4		0.43227
218.5		0.43227
218.6		0.43227
218.7		0.43227
218.8		0.43227
218.9		0.43227
219		0.43227
219.1		0.436424
219.2		0.436424
219.3		0.436424
219.4		0.436424
219.5		0.436424
219.6		0.436424
219.7		0.436424
219.8		0.436424
219.9		0.436424
220		0.436424
220.1		0.437855
220.2		0.437855
220.3		0.437855
220.4		0.437855
220.5		0.437855
220.6		0.437855
220.7		0.437855
220.8		0.437855
220.9		0.437855
221		0.437855
221.1		0.441658
221.2		0.441658
221.3		0.441658
221.4		0.441658
221.5		0.441658
221.6		0.441658
221.7		0.441658
221.8		0.441658
221.9		0.441658
222		0.441658
222.1		0.442164
222.2		0.442164
222.3		0.442164
222.4		0.442164
222.5		0.442164
222.6		0.442164
222.7		0.442164
222.8		0.442164
222.9		0.442164
223		0.442164
223.1		0.444965
223.2		0.444965
223.3		0.444965
223.4		0.444965
223.5		0.444965
223.6		0.444965
223.7		0.444965
223.8		0.444965
223.9		0.444965
224		0.444965
224.1		0.446276
224.2		0.446276
224.3		0.446276
224.4		0.446276
224.5		0.446276
224.6		0.446276
224.7		0.446276
224.8		0.446276
224.9		0.446276
225		0.446276
225.1		0.448623
225.2		0.448623
225.3		0.448623
225.4		0.448623
225.5		0.448623
225.6		0.448623
225.7		0.448623
225.8		0.448623
225.9		0.448623
226		0.448623
226.1		0.450396
226.2		0.450396
226.3		0.450396
226.4		0.450396
226.5		0.450396
226.6		0.450396
226.7		0.450396
226.8		0.450396
226.9		0.450396
227		0.450396
227.1		0.452872
227.2		0.452872
227.3		0.452872
227.4		0.452872
227.5		0.452872
227.6		0.452872
227.7		0.452872
227.8		0.452872
227.9		0.452872
228		0.452872
228.1		0.455725
228.2		0.455725
228.3		0.455725
228.4		0.455725
228.5		0.455725
228.6		0.455725
228.7		0.455725
228.8		0.455725
228.9		0.455725
229		0.455725
229.1		0.457421
229.2		0.457421
229.3		0.457421
229.4		0.457421
229.5		0.457421
229.6		0.457421
229.7		0.457421
229.8		0.457421
229.9		0.457421
230		0.457421
230.1		0.459734
230.2		0.459734
230.3		0.459734
230.4		0.459734
230.5		0.459734
230.6		0.459734
230.7		0.459734
230.8		0.459734
230.9		0.459734
231		0.459734
231.1		0.46101
231.2		0.46101
231.3		0.46101
231.4		0.46101
231.5		0.46101
231.6		0.46101
231.7		0.46101
231.8		0.46101
231.9		0.46101
232		0.46101
232.1		0.462903
232.2		0.462903
232.3		0.462903
232.4		0.462903
232.5		0.462903
232.6		0.462903
232.7		0.462903
232.8		0.462903
232.9		0.462903
233		0.462903
233.1		0.465387
233.2		0.465387
233.3		0.465387
233.4		0.465387
233.5		0.465387
233.6		0.465387
233.7		0.465387
233.8		0.465387
233.9		0.465387
234		0.465387
234.1		0.468711
234.2		0.468711
234.3		0.468711
234.4		0.468711
234.5		0.468711
234.6		0.468711
234.7		0.468711
234.8		0.468711
234.9		0.468711
235		0.468711
235.1		0.470159
235.2		0.470159
235.3		0.470159
235.4		0.470159
235.5		0.470159
235.6		0.470159
235.7		0.470159
235.8		0.470159
235.9		0.470159
236		0.470159
236.1		0.470896
236.2		0.470896
236.3		0.470896
236.4		0.470896
236.5		0.470896
236.6		0.470896
236.7		0.470896
236.8		0.470896
236.9		0.470896
237		0.470896
237.1		0.471538
237.2		0.471538
237.3		0.471538
237.4		0.471538
237.5		0.471538
237.6		0.471538
237.7		0.471538
237.8		0.471538
237.9		0.471538
238		0.471538
238.1		0.478777
238.2		0.478777
238.3		0.478777
238.4		0.478777
238.5		0.478777
238.6		0.478777
238.7		0.478777
238.8		0.478777
238.9		0.478777
239		0.478777
239.1		0.479239
239.2		0.479239
239.3		0.479239
239.4		0.479239
239.5		0.479239
239.6		0.479239
239.7		0.479239
239.8		0.479239
239.9		0.479239
240		0.479239
240.1		0.480164
240.2		0.480164
240.3		0.480164
240.4		0.480164
240.5		0.480164
240.6		0.480164
240.7		0.480164
240.8		0.480164
240.9		0.480164
241		0.480164
241.1		0.483103
241.2		0.483103
241.3		0.483103
241.4		0.483103
241.5		0.483103
241.6		0.483103
241.7		0.483103
241.8		0.483103
241.9		0.483103
242		0.483103
242.1		0.485116
242.2		0.485116
242.3		0.485116
242.4		0.485116
242.5		0.485116
242.6		0.485116
242.7		0.485116
242.8		0.485116
242.9		0.485116
243		0.485116
243.1		0.487206
243.2		0.487206
243.3		0.487206
243.4		0.487206
243.5		0.487206
243.6		0.487206
243.7		0.487206
243.8		0.487206
243.9		0.487206
244		0.487206
244.1		0.48957
244.2		0.48957
244.3		0.48957
244.4		0.48957
244.5		0.48957
244.6		0.48957
244.7		0.48957
244.8		0.48957
244.9		0.48957
245		0.48957
245.1		0.491369
245.2		0.491369
245.3		0.491369
245.4		0.491369
245.5		0.491369
245.6		0.491369
245.7		0.491369
245.8		0.491369
245.9		0.491369
246		0.491369
246.1		0.494659
246.2		0.494659
246.3		0.494659
246.4		0.494659
246.5		0.494659
246.6		0.494659
246.7		0.494659
246.8		0.494659
246.9		0.494659
247		0.494659
247.1		0.495438
247.2		0.495438
247.3		0.495438
247.4		0.495438
247.5		0.495438
247.6		0.495438
247.7		0.495438
247.8		0.495438
247.9		0.495438
248		0.495438
248.1		0.496561
248.2		0.496561
248.3		0.496561
248.4		0.496561
248.5		0.496561
248.6		0.496561
248.7		0.496561
248.8		0.496561
248.9		0.496561
249		0.496561
249.1		0.497126
249.2		0.497126
249.3		0.497126
249.4		0.497126
249.5		0.497126
249.6		0.497126
249.7		0.497126
249.8		0.497126
249.9		0.497126
250		0.497126
250.1		0.502574
250.2		0.502574
250.3		0.502574
250.4		0.502574
250.5		0.502574
250.6		0.502574
250.7		0.502574
250.8		0.502574
250.9		0.502574
251		0.502574
251.1		0.505769
251.2		0.505769
251.3		0.505769
251.4		0.505769
251.5		0.505769
251.6		0.505769
251.7		0.505769
251.8		0.505769
251.9		0.505769
252		0.505769
252.1		0.506129
252.2		0.506129
252.3		0.506129
252.4		0.506129
252.5		0.506129
252.6		0.506129
252.7		0.506129
252.8		0.506129
252.9		0.506129
253		0.506129
253.1		0.506429
253.2		0.506429
253.3		0.506429
253.4		0.506429
253.5		0.506429
253.6		0.506429
253.7		0.506429
253.8		0.506429
253.9		0.506429
254		0.506429
254.1		0.509744
254.2		0.509744
254.3		0.509744
254.4		0.509744
254.5		0.509744
254.6		0.509744
254.7		0.509744
254.8		0.509744
254.9		0.509744
255		0.509744
255.1		0.512794
255.2		0.512794
255.3		0.512794
255.4		0.512794
255.5		0.512794
255.6		0.512794
255.7		0.512794
255.8		0.512794
255.9		0.512794
256		0.512794
256.1		0.514756
256.2		0.514756
256.3		0.514756
256.4		0.514756
256.5		0.514756
256.6		0.514756
256.7		0.514756
256.8		0.514756
256.9		0.514756
257		0.514756
257.1		0.516692
257.2		0.516692
257.3		0.516692
257.4		0.516692
257.5		0.516692
257.6		0.516692
257.7		0.516692
257.8		0.516692
257.9		0.516692
258		0.516692
258.1		0.51784
258.2		0.51784
258.3		0.51784
258.4		0.51784
258.5		0.51784
258.6		0.51784
258.7		0.51784
258.8		0.51784
258.9		0.51784
259		0.51784
259.1		0.520152
259.2		0.520152
259.3		0.520152
259.4		0.520152
259.5		0.520152
259.6		0.520152
259.7		0.520152
259.8		0.520152
259.9		0.520152
260		0.520152
260.1		0.522328
260.2		0.522328
260.3		0.522328
260.4		0.522328
260.5		0.522328
260.6		0.522328
260.7		0.522328
260.8		0.522328
260.9		0.522328
261		0.522328
261.1		0.525104
261.2		0.525104
261.3		0.525104
261.4		0.525104
261.5		0.525104
261.6		0.525104
261.7		0.525104
261.8		0.525104
261.9		0.525104
262		0.525104
262.1		0.527365
262.2		0.527365
262.3		0.527365
262.4		0.527365
262.5		0.527365
262.6		0.527365
262.7		0.527365
262.8		0.527365
262.9		0.527365
263		0.527365
263.1		0.528736
263.2		0.528736
263.3		0.528736
263.4		0.528736
263.5		0.528736
263.6		0.528736
263.7		0.528736
263.8		0.528736
263.9		0.528736
264		0.528736
264.1		0.531289
264.2		0.531289
264.3		0.531289
264.4		0.531289
264.5		0.531289
264.6		0.531289
264.7		0.531289
264.8		0.531289
264.9		0.531289
265		0.531289
265.1		0.532043
265.2		0.532043
265.3		0.532043
265.4		0.532043
265.5		0.532043
265.6		0.532043
265.7		0.532043
265.8		0.532043
265.9		0.532043
266		0.532043
266.1		0.533996
266.2		0.533996
266.3		0.533996
266.4		0.533996
266.5		0.533996
266.6		0.533996
266.7		0.533996
266.8		0.533996
266.9		0.533996
267		0.533996
267.1		0.535563
267.2		0.535563
267.3		0.535563
267.4		0.535563
267.5		0.535563
267.6		0.535563
267.7		0.535563
267.8		0.535563
267.9		0.535563
268		0.535563
268.1		0.540523
268.2		0.540523
268.3		0.540523
268.4		0.540523
268.5		0.540523
268.6		0.540523
268.7		0.540523
268.8		0.540523
268.9		0.540523
269		0.540523
269.1		0.54156
269.2		0.54156
269.3		0.54156
269.4		0.54156
269.5		0.54156
269.6		0.54156
269.7		0.54156
269.8		0.54156
269.9		0.54156
270		0.54156
270.1		0.543359
270.2		0.543359
270.3		0.543359
270.4		0.543359
270.5		0.543359
270.6		0.543359
270.7		0.543359
270.8		0.543359
270.9		0.543359
271		0.543359
271.1		0.543881
271.2		0.543881
271.3		0.543881
271.4		0.543881
271.5		0.543881
271.6		0.543881
271.7		0.543881
271.8		0.543881
271.9		0.543881
272		0.543881
272.1		0.550238
272.2		0.550238
272.3		0.550238
272.4		0.550238
272.5		0.550238
272.6		0.550238
272.7		0.550238
272.8		0.550238
272.9		0.550238
273		0.550238
273.1		0.550829
273.2		0.550829
273.3		0.550829
273.4		0.550829
273.5		0.550829
273.6		0.550829
273.7		0.550829
273.8		0.550829
273.9		0.550829
274		0.550829
274.1		0.552465
274.2		0.552465
274.3		0.552465
274.4		0.552465
274.5		0.552465
274.6		0.552465
274.7		0.552465
274.8		0.552465
274.9		0.552465
275		0.552465
275.1		0.553013
275.2		0.553013
275.3		0.553013
275.4		0.553013
275.5		0.553013
275.6		0.553013
275.7		0.553013
275.8		0.553013
275.9		0.553013
276		0.553013
276.1		0.5559
276.2		0.5559
276.3		0.5559
276.4		0.5559
276.5		0.5559
276.6		0.5559
276.7		0.5559
276.8		0.5559
276.9		0.5559
277		0.5559
277.1		0.559832
277.2		0.559832
277.3		0.559832
277.4		0.559832
277.5		0.559832
277.6		0.559832
277.7		0.559832
277.8		0.559832
277.9		0.559832
278		0.559832
278.1		0.560406
278.2		0.560406
278.3		0.560406
278.4		0.560406
278.5		0.560406
278.6		0.560406
278.7		0.560406
278.8		0.560406
278.9		0.560406
279		0.560406
279.1		0.563036
279.2		0.563036
279.3		0.563036
279.4		0.563036
279.5		0.563036
279.6		0.563036
279.7		0.563036
279.8		0.563036
279.9		0.563036
280		0.563036
280.1		0.565563
280.2		0.565563
280.3		0.565563
280.4		0.565563
280.5		0.565563
280.6		0.565563
280.7		0.565563
280.8		0.565563
280.9		0.565563
281		0.565563
281.1		0.566086
281.2		0.566086
281.3		0.566086
281.4		0.566086
281.5		0.566086
281.6		0.566086
281.7		0.566086
281.8		0.566086
281.9		0.566086
282		0.566086
282.1		0.567088
282.2		0.567088
282.3		0.567088
282.4		0.567088
282.5		0.567088
282.6		0.567088
282.7		0.567088
282.8		0.567088
282.9		0.567088
283		0.567088
283.1		0.571688
283.2		0.571688
283.3		0.571688
283.4		0.571688
283.5		0.571688
283.6		0.571688
283.7		0.571688
283.8		0.571688
283.9		0.571688
284		0.571688
284.1		0.573658
284.2		0.573658
284.3		0.573658
284.4		0.573658
284.5		0.573658
284.6		0.573658
284.7		0.573658
284.8		0.573658
284.9		0.573658
285		0.573658
285.1		0.575312
285.2		0.575312
285.3		0.575312
285.4		0.575312
285.5		0.575312
285.6		0.575312
285.7		0.575312
285.8		0.575312
285.9		0.575312
286		0.575312
286.1		0.577393
286.2		0.577393
286.3		0.577393
286.4		0.577393
286.5		0.577393
286.6		0.577393
286.7		0.577393
286.8		0.577393
286.9		0.577393
287		0.577393
287.1		0.581214
287.2		0.581214
287.3		0.581214
287.4		0.581214
287.5		0.581214
287.6		0.581214
287.7		0.581214
287.8		0.581214
287.9		0.581214
288		0.581214
288.1		0.583698
288.2		0.583698
288.3		0.583698
288.4		0.583698
288.5		0.583698
288.6		0.583698
288.7		0.583698
288.8		0.583698
288.9		0.583698
289		0.583698
289.1		0.584495
289.2		0.584495
289.3		0.584495
289.4		0.584495
289.5		0.584495
289.6		0.584495
289.7		0.584495
289.8		0.584495
289.9		0.584495
290		0.584495
290.1		0.588667
290.2		0.588667
290.3		0.588667
290.4		0.588667
290.5		0.588667
290.6		0.588667
290.7		0.588667
290.8		0.588667
290.9		0.588667
291		0.588667
291.1		0.592967
291.2		0.592967
291.3		0.592967
291.4		0.592967
291.5		0.592967
291.6		0.592967
291.7		0.592967
291.8		0.592967
291.9		0.592967
292		0.592967
292.1		0.592967
292.2		0.592967
292.3		0.592967
292.4		0.592967
292.5		0.592967
292.6		0.592967
292.7		0.592967
292.8		0.592967
292.9		0.592967
293		0.592967
293.1		0.594458
293.2		0.594458
293.3		0.594458
293.4		0.594458
293.5		0.594458
293.6		0.594458
293.7		0.594458
293.8		0.594458
293.9		0.594458
294		0.594458
294.1		0.596428
294.2		0.596428
294.3		0.596428
294.4		0.596428
294.5		0.596428
294.6		0.596428
294.7		0.596428
294.8		0.596428
294.9		0.596428
295		0.596428
295.1		0.600642
295.2		0.600642
295.3		0.600642
295.4		0.600642
295.5		0.600642
295.6		0.600642
295.7		0.600642
295.8		0.600642
295.9		0.600642
296		0.600642
296.1		0.602801
296.2		0.602801
296.3		0.602801
296.4		0.602801
296.5		0.602801
296.6		0.602801
296.7		0.602801
296.8		0.602801
296.9		0.602801
297		0.602801
297.1		0.604317
297.2		0.604317
297.3		0.604317
297.4		0.604317
297.5		0.604317
297.6		0.604317
297.7		0.604317
297.8		0.604317
297.9		0.604317
298		0.604317
298.1		0.605011
298.2		0.605011
298.3		0.605011
298.4		0.605011
298.5		0.605011
298.6		0.605011
298.7		0.605011
298.8		0.605011
298.9		0.605011
299		0.605011
299.1		0.615608
299.2		0.615608
299.3		0.615608
299.4		0.615608
299.5		0.615608
299.6		0.615608
299.7		0.615608
299.8		0.615608
299.9		0.615608
300		0.615608
300.1		0.616979
300.2		0.616979
300.3		0.616979
300.4		0.616979
300.5		0.616979
300.6		0.616979
300.7		0.616979
300.8		0.616979
300.9		0.616979
301		0.616979
301.1		0.617313
301.2		0.617313
301.3		0.617313
301.4		0.617313
301.5		0.617313
301.6		0.617313
301.7		0.617313
301.8		0.617313
301.9		0.617313
302		0.617313
302.1		0.622478
302.2		0.622478
302.3		0.622478
302.4		0.622478
302.5		0.622478
302.6		0.622478
302.7		0.622478
302.8		0.622478
302.9		0.622478
303		0.622478
303.1		0.624491
303.2		0.624491
303.3		0.624491
303.4		0.624491
303.5		0.624491
303.6		0.624491
303.7		0.624491
303.8		0.624491
303.9		0.624491
304		0.624491
304.1		0.626385
304.2		0.626385
304.3		0.626385
304.4		0.626385
304.5		0.626385
304.6		0.626385
304.7		0.626385
304.8		0.626385
304.9		0.626385
305		0.626385
305.1		0.627387
305.2		0.627387
305.3		0.627387
305.4		0.627387
305.5		0.627387
305.6		0.627387
305.7		0.627387
305.8		0.627387
305.9		0.627387
306		0.627387
306.1		0.631447
306.2		0.631447
306.3		0.631447
306.4		0.631447
306.5		0.631447
306.6		0.631447
306.7		0.631447
306.8		0.631447
306.9		0.631447
307		0.631447
307.1		0.632587
307.2		0.632587
307.3		0.632587
307.4		0.632587
307.5		0.632587
307.6		0.632587
307.7		0.632587
307.8		0.632587
307.9		0.632587
308		0.632587
308.1		0.634831
308.2		0.634831
308.3		0.634831
308.4		0.634831
308.5		0.634831
308.6		0.634831
308.7		0.634831
308.8		0.634831
308.9		0.634831
309		0.634831
309.1		0.635302
309.2		0.635302
309.3		0.635302
309.4		0.635302
309.5		0.635302
309.6		0.635302
309.7		0.635302
309.8		0.635302
309.9		0.635302
310		0.635302
310.1		0.638609
310.2		0.638609
310.3		0.638609
310.4		0.638609
310.5		0.638609
310.6		0.638609
310.7		0.638609
310.8		0.638609
310.9		0.638609
311		0.638609
311.1		0.640836
311.2		0.640836
311.3		0.640836
311.4		0.640836
311.5		0.640836
311.6		0.640836
311.7		0.640836
311.8		0.640836
311.9		0.640836
312		0.640836
312.1		0.642738
312.2		0.642738
312.3		0.642738
312.4		0.642738
312.5		0.642738
312.6		0.642738
312.7		0.642738
312.8		0.642738
312.9		0.642738
313		0.642738
313.1		0.644451
313.2		0.644451
313.3		0.644451
313.4		0.644451
313.5		0.644451
313.6		0.644451
313.7		0.644451
313.8		0.644451
313.9		0.644451
314		0.644451
314.1		0.644828
314.2		0.644828
314.3		0.644828
314.4		0.644828
314.5		0.644828
314.6		0.644828
314.7		0.644828
314.8		0.644828
314.9		0.644828
315		0.644828
315.1		0.650002
315.2		0.650002
315.3		0.650002
315.4		0.650002
315.5		0.650002
315.6		0.650002
315.7		0.650002
315.8		0.650002
315.9		0.650002
316		0.650002
316.1		0.651741
316.2		0.651741
316.3		0.651741
316.4		0.651741
316.5		0.651741
316.6		0.651741
316.7		0.651741
316.8		0.651741
316.9		0.651741
317		0.651741
317.1		0.653669
317.2		0.653669
317.3		0.653669
317.4		0.653669
317.5		0.653669
317.6		0.653669
317.7		0.653669
317.8		0.653669
317.9		0.653669
318		0.653669
318.1		0.654003
318.2		0.654003
318.3		0.654003
318.4		0.654003
318.5		0.654003
318.6		0.654003
318.7		0.654003
318.8		0.654003
318.9		0.654003
319		0.654003
319.1		0.655373
319.2		0.655373
319.3		0.655373
319.4		0.655373
319.5		0.655373
319.6		0.655373
319.7		0.655373
319.8		0.655373
319.9		0.655373
320		0.655373
320.1		0.658603
320.2		0.658603
320.3		0.658603
320.4		0.658603
320.5		0.658603
320.6		0.658603
320.7		0.658603
320.8		0.658603
320.9		0.658603
321		0.658603
321.1		0.661909
321.2		0.661909
321.3		0.661909
321.4		0.661909
321.5		0.661909
321.6		0.661909
321.7		0.661909
321.8		0.661909
321.9		0.661909
322		0.661909
322.1		0.663974
322.2		0.663974
322.3		0.663974
322.4		0.663974
322.5		0.663974
322.6		0.663974
322.7		0.663974
322.8		0.663974
322.9		0.663974
323		0.663974
323.1		0.666407
323.2		0.666407
323.3		0.666407
323.4		0.666407
323.5		0.666407
323.6		0.666407
323.7		0.666407
323.8		0.666407
323.9		0.666407
324		0.666407
324.1		0.669962
324.2		0.669962
324.3		0.669962
324.4		0.669962
324.5		0.669962
324.6		0.669962
324.7		0.669962
324.8		0.669962
324.9		0.669962
325		0.669962
325.1		0.670185
325.2		0.670185
325.3		0.670185
325.4		0.670185
325.5		0.670185
325.6		0.670185
325.7		0.670185
325.8		0.670185
325.9		0.670185
326		0.670185
326.1		0.670587
326.2		0.670587
326.3		0.670587
326.4		0.670587
326.5		0.670587
326.6		0.670587
326.7		0.670587
326.8		0.670587
326.9		0.670587
327		0.670587
327.1		0.675727
327.2		0.675727
327.3		0.675727
327.4		0.675727
327.5		0.675727
327.6		0.675727
327.7		0.675727
327.8		0.675727
327.9		0.675727
328		0.675727
328.1		0.676335
328.2		0.676335
328.3		0.676335
328.4		0.676335
328.5		0.676335
328.6		0.676335
328.7		0.676335
328.8		0.676335
328.9		0.676335
329		0.676335
329.1		0.680319
329.2		0.680319
329.3		0.680319
329.4		0.680319
329.5		0.680319
329.6		0.680319
329.7		0.680319
329.8		0.680319
329.9		0.680319
330		0.680319
330.1		0.680559
330.2		0.680559
330.3		0.680559
330.4		0.680559
330.5		0.680559
330.6		0.680559
330.7		0.680559
330.8		0.680559
330.9		0.680559
331		0.680559
331.1		0.681278
331.2		0.681278
331.3		0.681278
331.4		0.681278
331.5		0.681278
331.6		0.681278
331.7		0.681278
331.8		0.681278
331.9		0.681278
332		0.681278
332.1		0.685459
332.2		0.685459
332.3		0.685459
332.4		0.685459
332.5		0.685459
332.6		0.685459
332.7		0.685459
332.8		0.685459
332.9		0.685459
333		0.685459
333.1		0.68724
333.2		0.68724
333.3		0.68724
333.4		0.68724
333.5		0.68724
333.6		0.68724
333.7		0.68724
333.8		0.68724
333.9		0.68724
334		0.68724
334.1		0.689245
334.2		0.689245
334.3		0.689245
334.4		0.689245
334.5		0.689245
334.6		0.689245
334.7		0.689245
334.8		0.689245
334.9		0.689245
335		0.689245
335.1		0.69184
335.2		0.69184
335.3		0.69184
335.4		0.69184
335.5		0.69184
335.6		0.69184
335.7		0.69184
335.8		0.69184
335.9		0.69184
336		0.69184
336.1		0.695284
336.2		0.695284
336.3		0.695284
336.4		0.695284
336.5		0.695284
336.6		0.695284
336.7		0.695284
336.8		0.695284
336.9		0.695284
337		0.695284
337.1		0.697409
337.2		0.697409
337.3		0.697409
337.4		0.697409
337.5		0.697409
337.6		0.697409
337.7		0.697409
337.8		0.697409
337.9		0.697409
338		0.697409
338.1		0.699422
338.2		0.699422
338.3		0.699422
338.4		0.699422
338.5		0.699422
338.6		0.699422
338.7		0.699422
338.8		0.699422
338.9		0.699422
339		0.699422
339.1		0.703585
339.2		0.703585
339.3		0.703585
339.4		0.703585
339.5		0.703585
339.6		0.703585
339.7		0.703585
339.8		0.703585
339.9		0.703585
340		0.703585
340.1		0.705273
340.2		0.705273
340.3		0.705273
340.4		0.705273
340.5		0.705273
340.6		0.705273
340.7		0.705273
340.8		0.705273
340.9		0.705273
341		0.705273
341.1		0.710918
341.2		0.710918
341.3		0.710918
341.4		0.710918
341.5		0.710918
341.6		0.710918
341.7		0.710918
341.8		0.710918
341.9		0.710918
342		0.710918
342.1		0.711586
342.2		0.711586
342.3		0.711586
342.4		0.711586
342.5		0.711586
342.6		0.711586
342.7		0.711586
342.8		0.711586
342.9		0.711586
343		0.711586
343.1		0.712049
343.2		0.712049
343.3		0.712049
343.4		0.712049
343.5		0.712049
343.6		0.712049
343.7		0.712049
343.8		0.712049
343.9		0.712049
344		0.712049
344.1		0.71437
344.2		0.71437
344.3		0.71437
344.4		0.71437
344.5		0.71437
344.6		0.71437
344.7		0.71437
344.8		0.71437
344.9		0.71437
345		0.71437
345.1		0.716914
345.2		0.716914
345.3		0.716914
345.4		0.716914
345.5		0.716914
345.6		0.716914
345.7		0.716914
345.8		0.716914
345.9		0.716914
346		0.716914
346.1		0.721694
346.2		0.721694
346.3		0.721694
346.4		0.721694
346.5		0.721694
346.6		0.721694
346.7		0.721694
346.8		0.721694
346.9		0.721694
347		0.721694
347.1		0.721694
347.2		0.721694
347.3		0.721694
347.4		0.721694
347.5		0.721694
347.6		0.721694
347.7		0.721694
347.8		0.721694
347.9		0.721694
348		0.721694
348.1		0.72274
348.2		0.72274
348.3		0.72274
348.4		0.72274
348.5		0.72274
348.6		0.72274
348.7		0.72274
348.8		0.72274
348.9		0.72274
349		0.72274
349.1		0.724067
349.2		0.724067
349.3		0.724067
349.4		0.724067
349.5		0.724067
349.6		0.724067
349.7		0.724067
349.8		0.724067
349.9		0.724067
350		0.724067
350.1		0.725327
350.2		0.725327
350.3		0.725327
350.4		0.725327
350.5		0.725327
350.6		0.725327
350.7		0.725327
350.8		0.725327
350.9		0.725327
351		0.725327
351.1		0.727271
351.2		0.727271
351.3		0.727271
351.4		0.727271
351.5		0.727271
351.6		0.727271
351.7		0.727271
351.8		0.727271
351.9		0.727271
352		0.727271
352.1		0.732454
352.2		0.732454
352.3		0.732454
352.4		0.732454
352.5		0.732454
352.6		0.732454
352.7		0.732454
352.8		0.732454
352.9		0.732454
353		0.732454
353.1		0.734013
353.2		0.734013
353.3		0.734013
353.4		0.734013
353.5		0.734013
353.6		0.734013
353.7		0.734013
353.8		0.734013
353.9		0.734013
354		0.734013
354.1		0.738168
354.2		0.738168
354.3		0.738168
354.4		0.738168
354.5		0.738168
354.6		0.738168
354.7		0.738168
354.8		0.738168
354.9		0.738168
355		0.738168
355.1		0.743419
355.2		0.743419
355.3		0.743419
355.4		0.743419
355.5		0.743419
355.6		0.743419
355.7		0.743419
355.8		0.743419
355.9		0.743419
356		0.743419
356.1		0.744747
356.2		0.744747
356.3		0.744747
356.4		0.744747
356.5		0.744747
356.6		0.744747
356.7		0.744747
356.8		0.744747
356.9		0.744747
357		0.744747
357.1		0.748918
357.2		0.748918
357.3		0.748918
357.4		0.748918
357.5		0.748918
357.6		0.748918
357.7		0.748918
357.8		0.748918
357.9		0.748918
358		0.748918
358.1		0.750315
358.2		0.750315
358.3		0.750315
358.4		0.750315
358.5		0.750315
358.6		0.750315
358.7		0.750315
358.8		0.750315
358.9		0.750315
359		0.750315
359.1		0.753476
359.2		0.753476
359.3		0.753476
359.4		0.753476
359.5		0.753476
359.6		0.753476
359.7		0.753476
359.8		0.753476
359.9		0.753476
360		0.753476
360.1		0.754906
360.2		0.754906
360.3		0.754906
360.4		0.754906
360.5		0.754906
360.6		0.754906
360.7		0.754906
360.8		0.754906
360.9		0.754906
361		0.754906
361.1		0.758736
361.2		0.758736
361.3		0.758736
361.4		0.758736
361.5		0.758736
361.6		0.758736
361.7		0.758736
361.8		0.758736
361.9		0.758736
362		0.758736
362.1		0.759721
362.2		0.759721
362.3		0.759721
362.4		0.759721
362.5		0.759721
362.6		0.759721
362.7		0.759721
362.8		0.759721
362.9		0.759721
363		0.759721
363.1		0.759926
363.2		0.759926
363.3		0.759926
363.4		0.759926
363.5		0.759926
363.6		0.759926
363.7		0.759926
363.8		0.759926
363.9		0.759926
364		0.759926
364.1		0.763002
364.2		0.763002
364.3		0.763002
364.4		0.763002
364.5		0.763002
364.6		0.763002
364.7		0.763002
364.8		0.763002
364.9		0.763002
365		0.763002
365.1		0.764895
365.2		0.764895
365.3		0.764895
365.4		0.764895
365.5		0.764895
365.6		0.764895
365.7		0.764895
365.8		0.764895
365.9		0.764895
366		0.764895
366.1		0.766043
366.2		0.766043
366.3		0.766043
366.4		0.766043
366.5		0.766043
366.6		0.766043
366.7		0.766043
366.8		0.766043
366.9		0.766043
367		0.766043
367.1		0.767516
367.2		0.767516
367.3		0.767516
367.4		0.767516
367.5		0.767516
367.6		0.767516
367.7		0.767516
367.8		0.767516
367.9		0.767516
368		0.767516
368.1		0.77144
368.2		0.77144
368.3		0.77144
368.4		0.77144
368.5		0.77144
368.6		0.77144
368.7		0.77144
368.8		0.77144
368.9		0.77144
369		0.77144
369.1		0.773924
369.2		0.773924
369.3		0.773924
369.4		0.773924
369.5		0.773924
369.6		0.773924
369.7		0.773924
369.8		0.773924
369.9		0.773924
370		0.773924
370.1		0.774729
370.2		0.774729
370.3		0.774729
370.4		0.774729
370.5		0.774729
370.6		0.774729
370.7		0.774729
370.8		0.774729
370.9		0.774729
371		0.774729
371.1		0.776931
371.2		0.776931
371.3		0.776931
371.4		0.776931
371.5		0.776931
371.6		0.776931
371.7		0.776931
371.8		0.776931
371.9		0.776931
372		0.776931
372.1		0.777599
372.2		0.777599
372.3		0.777599
372.4		0.777599
372.5		0.777599
372.6		0.777599
372.7		0.777599
372.8		0.777599
372.9		0.777599
373		0.777599
373.1		0.780032
373.2		0.780032
373.3		0.780032
373.4		0.780032
373.5		0.780032
373.6		0.780032
373.7		0.780032
373.8		0.780032
373.9		0.780032
374		0.780032
374.1		0.783681
374.2		0.783681
374.3		0.783681
374.4		0.783681
374.5		0.783681
374.6		0.783681
374.7		0.783681
374.8		0.783681
374.9		0.783681
375		0.783681
375.1		0.784358
375.2		0.784358
375.3		0.784358
375.4		0.784358
375.5		0.784358
375.6		0.784358
375.7		0.784358
375.8		0.784358
375.9		0.784358
376		0.784358
376.1		0.789189
376.2		0.789189
376.3		0.789189
376.4		0.789189
376.5		0.789189
376.6		0.789189
376.7		0.789189
376.8		0.789189
376.9		0.789189
377		0.789189
377.1		0.78984
377.2		0.78984
377.3		0.78984
377.4		0.78984
377.5		0.78984
377.6		0.78984
377.7		0.78984
377.8		0.78984
377.9		0.78984
378		0.78984
378.1		0.790586
378.2		0.790586
378.3		0.790586
378.4		0.790586
378.5		0.790586
378.6		0.790586
378.7		0.790586
378.8		0.790586
378.9		0.790586
379		0.790586
379.1		0.791785
379.2		0.791785
379.3		0.791785
379.4		0.791785
379.5		0.791785
379.6		0.791785
379.7		0.791785
379.8		0.791785
379.9		0.791785
380		0.791785
380.1		0.797978
380.2		0.797978
380.3		0.797978
380.4		0.797978
380.5		0.797978
380.6		0.797978
380.7		0.797978
380.8		0.797978
380.9		0.797978
381		0.797978
381.1		0.79833
381.2		0.79833
381.3		0.79833
381.4		0.79833
381.5		0.79833
381.6		0.79833
381.7		0.79833
381.8		0.79833
381.9		0.79833
382		0.79833
382.1		0.801242
382.2		0.801242
382.3		0.801242
382.4		0.801242
382.5		0.801242
382.6		0.801242
382.7		0.801242
382.8		0.801242
382.9		0.801242
383		0.801242
383.1		0.803744
383.2		0.803744
383.3		0.803744
383.4		0.803744
383.5		0.803744
383.6		0.803744
383.7		0.803744
383.8		0.803744
383.9		0.803744
384		0.803744
384.1		0.8049
384.2		0.8049
384.3		0.8049
384.4		0.8049
384.5		0.8049
384.6		0.8049
384.7		0.8049
384.8		0.8049
384.9		0.8049
385		0.8049
385.1		0.809072
385.2		0.809072
385.3		0.809072
385.4		0.809072
385.5		0.809072
385.6		0.809072
385.7		0.809072
385.8		0.809072
385.9		0.809072
386		0.809072
386.1		0.810417
386.2		0.810417
386.3		0.810417
386.4		0.810417
386.5		0.810417
386.6		0.810417
386.7		0.810417
386.8		0.810417
386.9		0.810417
387		0.810417
387.1		0.811839
387.2		0.811839
387.3		0.811839
387.4		0.811839
387.5		0.811839
387.6		0.811839
387.7		0.811839
387.8		0.811839
387.9		0.811839
388		0.811839
388.1		0.813098
388.2		0.813098
388.3		0.813098
388.4		0.813098
388.5		0.813098
388.6		0.813098
388.7		0.813098
388.8		0.813098
388.9		0.813098
389		0.813098
389.1		0.813706
389.2		0.813706
389.3		0.813706
389.4		0.813706
389.5		0.813706
389.6		0.813706
389.7		0.813706
389.8		0.813706
389.9		0.813706
390		0.813706
390.1		0.818067
390.2		0.818067
390.3		0.818067
390.4		0.818067
390.5		0.818067
390.6		0.818067
390.7		0.818067
390.8		0.818067
390.9		0.818067
391		0.818067
391.1		0.820671
391.2		0.820671
391.3		0.820671
391.4		0.820671
391.5		0.820671
391.6		0.820671
391.7		0.820671
391.8		0.820671
391.9		0.820671
392		0.820671
392.1		0.82175
392.2		0.82175
392.3		0.82175
392.4		0.82175
392.5		0.82175
392.6		0.82175
392.7		0.82175
392.8		0.82175
392.9		0.82175
393		0.82175
393.1		0.822101
393.2		0.822101
393.3		0.822101
393.4		0.822101
393.5		0.822101
393.6		0.822101
393.7		0.822101
393.8		0.822101
393.9		0.822101
394		0.822101
394.1		0.827567
394.2		0.827567
394.3		0.827567
394.4		0.827567
394.5		0.827567
394.6		0.827567
394.7		0.827567
394.8		0.827567
394.9		0.827567
395		0.827567
395.1		0.827935
395.2		0.827935
395.3		0.827935
395.4		0.827935
395.5		0.827935
395.6		0.827935
395.7		0.827935
395.8		0.827935
395.9		0.827935
396		0.827935
396.1		0.828595
396.2		0.828595
396.3		0.828595
396.4		0.828595
396.5		0.828595
396.6		0.828595
396.7		0.828595
396.8		0.828595
396.9		0.828595
397		0.828595
397.1		0.830779
397.2		0.830779
397.3		0.830779
397.4		0.830779
397.5		0.830779
397.6		0.830779
397.7		0.830779
397.8		0.830779
397.9		0.830779
398		0.830779
398.1		0.833983
398.2		0.833983
398.3		0.833983
398.4		0.833983
398.5		0.833983
398.6		0.833983
398.7		0.833983
398.8		0.833983
398.9		0.833983
399		0.833983
399.1		0.835379
399.2		0.835379
399.3		0.835379
399.4		0.835379
399.5		0.835379
399.6		0.835379
399.7		0.835379
399.8		0.835379
399.9		0.835379
400		0.835379
400.1		0.837684
400.2		0.837684
400.3		0.837684
400.4		0.837684
400.5		0.837684
400.6		0.837684
400.7		0.837684
400.8		0.837684
400.9		0.837684
401		0.837684
401.1		0.841513
401.2		0.841513
401.3		0.841513
401.4		0.841513
401.5		0.841513
401.6		0.841513
401.7		0.841513
401.8		0.841513
401.9		0.841513
402		0.841513
402.1		0.842267
402.2		0.842267
402.3		0.842267
402.4		0.842267
402.5		0.842267
402.6		0.842267
402.7		0.842267
402.8		0.842267
402.9		0.842267
403		0.842267
403.1		0.844759
403.2		0.844759
403.3		0.844759
403.4		0.844759
403.5		0.844759
403.6		0.844759
403.7		0.844759
403.8		0.844759
403.9		0.844759
404		0.844759
404.1		0.845676
404.2		0.845676
404.3		0.845676
404.4		0.845676
404.5		0.845676
404.6		0.845676
404.7		0.845676
404.8		0.845676
404.9		0.845676
405		0.845676
405.1		0.846516
405.2		0.846516
405.3		0.846516
405.4		0.846516
405.5		0.846516
405.6		0.846516
405.7		0.846516
405.8		0.846516
405.9		0.846516
406		0.846516
406.1		0.850079
406.2		0.850079
406.3		0.850079
406.4		0.850079
406.5		0.850079
406.6		0.850079
406.7		0.850079
406.8		0.850079
406.9		0.850079
407		0.850079
407.1		0.853437
407.2		0.853437
407.3		0.853437
407.4		0.853437
407.5		0.853437
407.6		0.853437
407.7		0.853437
407.8		0.853437
407.9		0.853437
408		0.853437
408.1		0.855082
408.2		0.855082
408.3		0.855082
408.4		0.855082
408.5		0.855082
408.6		0.855082
408.7		0.855082
408.8		0.855082
408.9		0.855082
409		0.855082
409.1		0.857626
409.2		0.857626
409.3		0.857626
409.4		0.857626
409.5		0.857626
409.6		0.857626
409.7		0.857626
409.8		0.857626
409.9		0.857626
410		0.857626
410.1		0.858012
410.2		0.858012
410.3		0.858012
410.4		0.858012
410.5		0.858012
410.6		0.858012
410.7		0.858012
410.8		0.858012
410.9		0.858012
411		0.858012
411.1		0.859913
411.2		0.859913
411.3		0.859913
411.4		0.859913
411.5		0.859913
411.6		0.859913
411.7		0.859913
411.8		0.859913
411.9		0.859913
412		0.859913
412.1		0.861079
412.2		0.861079
412.3		0.861079
412.4		0.861079
412.5		0.861079
412.6		0.861079
412.7		0.861079
412.8		0.861079
412.9		0.861079
413		0.861079
413.1		0.865045
413.2		0.865045
413.3		0.865045
413.4		0.865045
413.5		0.865045
413.6		0.865045
413.7		0.865045
413.8		0.865045
413.9		0.865045
414		0.865045
414.1		0.865687
414.2		0.865687
414.3		0.865687
414.4		0.865687
414.5		0.865687
414.6		0.865687
414.7		0.865687
414.8		0.865687
414.9		0.865687
415		0.865687
415.1		0.868608
415.2		0.868608
415.3		0.868608
415.4		0.868608
415.5		0.868608
415.6		0.868608
415.7		0.868608
415.8		0.868608
415.9		0.868608
416		0.868608
416.1		0.870048
416.2		0.870048
416.3		0.870048
416.4		0.870048
416.5		0.870048
416.6		0.870048
416.7		0.870048
416.8		0.870048
416.9		0.870048
417		0.870048
417.1		0.870904
417.2		0.870904
417.3		0.870904
417.4		0.870904
417.5		0.870904
417.6		0.870904
417.7		0.870904
417.8		0.870904
417.9		0.870904
418		0.870904
418.1		0.874074
418.2		0.874074
418.3		0.874074
418.4		0.874074
418.5		0.874074
418.6		0.874074
418.7		0.874074
418.8		0.874074
418.9		0.874074
419		0.874074
419.1		0.877141
419.2		0.877141
419.3		0.877141
419.4		0.877141
419.5		0.877141
419.6		0.877141
419.7		0.877141
419.8		0.877141
419.9		0.877141
420		0.877141
420.1		0.87995
420.2		0.87995
420.3		0.87995
420.4		0.87995
420.5		0.87995
420.6		0.87995
420.7		0.87995
420.8		0.87995
420.9		0.87995
421		0.87995
421.1		0.880233
421.2		0.880233
421.3		0.880233
421.4		0.880233
421.5		0.880233
421.6		0.880233
421.7		0.880233
421.8		0.880233
421.9		0.880233
422		0.880233
422.1		0.881312
422.2		0.881312
422.3		0.881312
422.4		0.881312
422.5		0.881312
422.6		0.881312
422.7		0.881312
422.8		0.881312
422.9		0.881312
423		0.881312
423.1		0.885304
423.2		0.885304
423.3		0.885304
423.4		0.885304
423.5		0.885304
423.6		0.885304
423.7		0.885304
423.8		0.885304
423.9		0.885304
424		0.885304
424.1		0.888508
424.2		0.888508
424.3		0.888508
424.4		0.888508
424.5		0.888508
424.6		0.888508
424.7		0.888508
424.8		0.888508
424.9		0.888508
425		0.888508
425.1		0.889339
425.2		0.889339
425.3		0.889339
425.4		0.889339
425.5		0.889339
425.6		0.889339
425.7		0.889339
425.8		0.889339
425.9		0.889339
426		0.889339
426.1		0.889947
426.2		0.889947
426.3		0.889947
426.4		0.889947
426.5		0.889947
426.6		0.889947
426.7		0.889947
426.8		0.889947
426.9		0.889947
427		0.889947
427.1		0.890804
427.2		0.890804
427.3		0.890804
427.4		0.890804
427.5		0.890804
427.6		0.890804
427.7		0.890804
427.8		0.890804
427.9		0.890804
428		0.890804
428.1		0.896989
428.2		0.896989
428.3		0.896989
428.4		0.896989
428.5		0.896989
428.6		0.896989
428.7		0.896989
428.8		0.896989
428.9		0.896989
429		0.896989
429.1		0.897828
429.2		0.897828
429.3		0.897828
429.4		0.897828
429.5		0.897828
429.6		0.897828
429.7		0.897828
429.8		0.897828
429.9		0.897828
430		0.897828
430.1		0.899876
430.2		0.899876
430.3		0.899876
430.4		0.899876
430.5		0.899876
430.6		0.899876
430.7		0.899876
430.8		0.899876
430.9		0.899876
431		0.899876
431.1		0.900424
431.2		0.900424
431.3		0.900424
431.4		0.900424
431.5		0.900424
431.6		0.900424
431.7		0.900424
431.8		0.900424
431.9		0.900424
432		0.900424
432.1		0.903525
432.2		0.903525
432.3		0.903525
432.4		0.903525
432.5		0.903525
432.6		0.903525
432.7		0.903525
432.8		0.903525
432.9		0.903525
433		0.903525
433.1		0.907226
433.2		0.907226
433.3		0.907226
433.4		0.907226
433.5		0.907226
433.6		0.907226
433.7		0.907226
433.8		0.907226
433.9		0.907226
434		0.907226
434.1		0.907731
434.2		0.907731
434.3		0.907731
434.4		0.907731
434.5		0.907731
434.6		0.907731
434.7		0.907731
434.8		0.907731
434.9		0.907731
435		0.907731
435.1		0.909462
435.2		0.909462
435.3		0.909462
435.4		0.909462
435.5		0.909462
435.6		0.909462
435.7		0.909462
435.8		0.909462
435.9		0.909462
436		0.909462
436.1		0.910575
436.2		0.910575
436.3		0.910575
436.4		0.910575
436.5		0.910575
436.6		0.910575
436.7		0.910575
436.8		0.910575
436.9		0.910575
437		0.910575
437.1		0.913779
437.2		0.913779
437.3		0.913779
437.4		0.913779
437.5		0.913779
437.6		0.913779
437.7		0.913779
437.8		0.913779
437.9		0.913779
438		0.913779
438.1		0.916246
438.2		0.916246
438.3		0.916246
438.4		0.916246
438.5		0.916246
438.6		0.916246
438.7		0.916246
438.8		0.916246
438.9		0.916246
439		0.916246
439.1		0.917934
439.2		0.917934
439.3		0.917934
439.4		0.917934
439.5		0.917934
439.6		0.917934
439.7		0.917934
439.8		0.917934
439.9		0.917934
440		0.917934
440.1		0.920735
440.2		0.920735
440.3		0.920735
440.4		0.920735
440.5		0.920735
440.6		0.920735
440.7		0.920735
440.8		0.920735
440.9		0.920735
441		0.920735
441.1		0.922954
441.2		0.922954
441.3		0.922954
441.4		0.922954
441.5		0.922954
441.6		0.922954
441.7		0.922954
441.8		0.922954
441.9		0.922954
442		0.922954
442.1		0.923708
442.2		0.923708
442.3		0.923708
442.4		0.923708
442.5		0.923708
442.6		0.923708
442.7		0.923708
442.8		0.923708
442.9		0.923708
443		0.923708
443.1		0.928145
443.2		0.928145
443.3		0.928145
443.4		0.928145
443.5		0.928145
443.6		0.928145
443.7		0.928145
443.8		0.928145
443.9		0.928145
444		0.928145
444.1		0.92883
444.2		0.92883
444.3		0.92883
444.4		0.92883
444.5		0.92883
444.6		0.92883
444.7		0.92883
444.8		0.92883
444.9		0.92883
445		0.92883
445.1		0.930929
445.2		0.930929
445.3		0.930929
445.4		0.930929
445.5		0.930929
445.6		0.930929
445.7		0.930929
445.8		0.930929
445.9		0.930929
446		0.930929
446.1		0.932471
446.2		0.932471
446.3		0.932471
446.4		0.932471
446.5		0.932471
446.6		0.932471
446.7		0.932471
446.8		0.932471
446.9		0.932471
447		0.932471
447.1		0.935461
447.2		0.935461
447.3		0.935461
447.4		0.935461
447.5		0.935461
447.6		0.935461
447.7		0.935461
447.8		0.935461
447.9		0.935461
448		0.935461
448.1		0.936292
448.2		0.936292
448.3		0.936292
448.4		0.936292
448.5		0.936292
448.6		0.936292
448.7		0.936292
448.8		0.936292
448.9		0.936292
449		0.936292
449.1		0.938973
449.2		0.938973
449.3		0.938973
449.4		0.938973
449.5		0.938973
449.6		0.938973
449.7		0.938973
449.8		0.938973
449.9		0.938973
450		0.938973
450.1		0.943359
450.2		0.943359
450.3		0.943359
450.4		0.943359
450.5		0.943359
450.6		0.943359
450.7		0.943359
450.8		0.943359
450.9		0.943359
451		0.943359
451.1		0.945423
451.2		0.945423
451.3		0.945423
451.4		0.945423
451.5		0.945423
451.6		0.945423
451.7		0.945423
451.8		0.945423
451.9		0.945423
452		0.945423
452.1		0.946323
452.2		0.946323
452.3		0.946323
452.4		0.946323
452.5		0.946323
452.6		0.946323
452.7		0.946323
452.8		0.946323
452.9		0.946323
453		0.946323
453.1		0.946743
453.2		0.946743
453.3		0.946743
453.4		0.946743
453.5		0.946743
453.6		0.946743
453.7		0.946743
453.8		0.946743
453.9		0.946743
454		0.946743
454.1		0.950657
454.2		0.950657
454.3		0.950657
454.4		0.950657
454.5		0.950657
454.6		0.950657
454.7		0.950657
454.8		0.950657
454.9		0.950657
455		0.950657
455.1		0.95303
455.2		0.95303
455.3		0.95303
455.4		0.95303
455.5		0.95303
455.6		0.95303
455.7		0.95303
455.8		0.95303
455.9		0.95303
456		0.95303
456.1		0.953784
456.2		0.953784
456.3		0.953784
456.4		0.953784
456.5		0.953784
456.6		0.953784
456.7		0.953784
456.8		0.953784
456.9		0.953784
457		0.953784
457.1		0.954795
457.2		0.954795
457.3		0.954795
457.4		0.954795
457.5		0.954795
457.6		0.954795
457.7		0.954795
457.8		0.954795
457.9		0.954795
458		0.954795
458.1		0.957828
458.2		0.957828
458.3		0.957828
458.4		0.957828
458.5		0.957828
458.6		0.957828
458.7		0.957828
458.8		0.957828
458.9		0.957828
459		0.957828
459.1		0.960286
459.2		0.960286
459.3		0.960286
459.4		0.960286
459.5		0.960286
459.6		0.960286
459.7		0.960286
459.8		0.960286
459.9		0.960286
460		0.960286
460.1		0.962034
460.2		0.962034
460.3		0.962034
460.4		0.962034
460.5		0.962034
460.6		0.962034
460.7		0.962034
460.8		0.962034
460.9		0.962034
461		0.962034
461.1		0.966463
461.2		0.966463
461.3		0.966463
461.4		0.966463
461.5		0.966463
461.6		0.966463
461.7		0.966463
461.8		0.966463
461.9		0.966463
462		0.966463
462.1		0.968518
462.2		0.968518
462.3		0.968518
462.4		0.968518
462.5		0.968518
462.6		0.968518
462.7		0.968518
462.8		0.968518
462.9		0.968518
463		0.968518
463.1		0.969152
463.2		0.969152
463.3		0.969152
463.4		0.969152
463.5		0.969152
463.6		0.969152
463.7		0.969152
463.8		0.969152
463.9		0.969152
464		0.969152
464.1		0.970223
464.2		0.970223
464.3		0.970223
464.4		0.970223
464.5		0.970223
464.6		0.970223
464.7		0.970223
464.8		0.970223
464.9		0.970223
465		0.970223
465.1		0.970454
465.2		0.970454
465.3		0.970454
465.4		0.970454
465.5		0.970454
465.6		0.970454
465.7		0.970454
465.8		0.970454
465.9		0.970454
466		0.970454
466.1		0.975706
466.2		0.975706
466.3		0.975706
466.4		0.975706
466.5		0.975706
466.6		0.975706
466.7		0.975706
466.8		0.975706
466.9		0.975706
467		0.975706
467.1		0.978396
467.2		0.978396
467.3		0.978396
467.4		0.978396
467.5		0.978396
467.6		0.978396
467.7		0.978396
467.8		0.978396
467.9		0.978396
468		0.978396
468.1		0.979818
468.2		0.979818
468.3		0.979818
468.4		0.979818
468.5		0.979818
468.6		0.979818
468.7		0.979818
468.8		0.979818
468.9		0.979818
469		0.979818
469.1		0.980049
469.2		0.980049
469.3		0.980049
469.4		0.980049
469.5		0.980049
469.6		0.980049
469.7		0.980049
469.8		0.980049
469.9		0.980049
470		0.980049
470.1		0.985069
470.2		0.985069
470.3		0.985069
470.4		0.985069
470.5		0.985069
470.6		0.985069
470.7		0.985069
470.8		0.985069
470.9		0.985069
471		0.985069
471.1		0.986088
471.2		0.986088
471.3		0.986088
471.4		0.986088
471.5		0.986088
471.6		0.986088
471.7		0.986088
471.8		0.986088
471.9		0.986088
472		0.986088
472.1		0.987287
472.2		0.987287
472.3		0.987287
472.4		0.987287
472.5		0.987287
472.6		0.987287
472.7		0.987287
472.8		0.987287
472.9		0.987287
473		0.987287
473.1		0.989412
473.2		0.989412
473.3		0.989412
473.4		0.989412
473.5		0.989412
473.6		0.989412
473.7		0.989412
473.8		0.989412
473.9		0.989412
474		0.989412
474.1		0.992025
474.2		0.992025
474.3		0.992025
474.4		0.992025
474.5		0.992025
474.6		0.992025
474.7		0.992025
474.8		0.992025
474.9		0.992025
475		0.992025
475.1		0.99456
475.2		0.99456
475.3		0.99456
475.4		0.99456
475.5		0.99456
475.6		0.99456
475.7		0.99456
475.8		0.99456
475.9		0.99456
476		0.99456
476.1		0.994877
476.2		0.994877
476.3		0.994877
476.4		0.994877
476.5		0.994877
476.6		0.994877
476.7		0.994877
476.8		0.994877
476.9		0.994877
477		0.994877
477.1		0.996796
477.2		0.996796
477.3		0.996796
477.4		0.996796
477.5		0.996796
477.6		0.996796
477.7		0.996796
477.8		0.996796
477.9		0.996796
478		0.996796
478.1		0.997679
478.2		0.997679
478.3		0.997679
478.4		0.997679
478.5		0.997679
478.6		0.997679
478.7		0.997679
478.8		0.997679
478.9		0.997679
479		0.997679
479.1		1
479.2		1
479.3		1
479.4		1
479.5		1
479.6		1
479.7		1
479.8		1
479.9		1
480		1
480.1		1
480.2		1
480.3		1
480.4		1
480.5		1
480.6		1
480.7		1
480.8		1
480.9		1
481		1
481.1		1
481.2		1
481.3		1
481.4		1
481.5		1
481.6		1
481.7		1
481.8		1
481.9		1
482		1
482.1		1
482.2		1
482.3		1
482.4		1
482.5		1
482.6		1
482.7		1
482.8		1
482.9		1
483		1
483.1		1
483.2		1
483.3		1
483.4		1
483.5		1
483.6		1
483.7		1
483.8		1
483.9		1
484		1
484.1		1
484.2		1
484.3		1
484.4		1
484.5		1
484.6		1
484.7		1
484.8		1
484.9		1
485		1
485.1		1
485.2		1
485.3		1
485.4		1
485.5		1
485.6		1
485.7		1
485.8		1
485.9		1
486		1
486.1		1
486.2		1
486.3		1
486.4		1
486.5		1
486.6		1
486.7		1
486.8		1
486.9		1
487		1
487.1		1
487.2		1
487.3		1
487.4		1
487.5		1
487.6		1
487.7		1
487.8		1
487.9		1
488		1
488.1		1
488.2		1
488.3		1
488.4		1
488.5		1
488.6		1
488.7		1
488.8		1
488.9		1
489		1
489.1		1
489.2		1
489.3		1
489.4		1
489.5		1
489.6		1
489.7		1
489.8		1
489.9		1
490		1
490.1		1
490.2		1
490.3		1
490.4		1
490.5		1
490.6		1
490.7		1
490.8		1
490.9		1
491		1
491.1		1
491.2		1
491.3		1
491.4		1
491.5		1
491.6		1
491.7		1
491.8		1
491.9		1
492		1
492.1		1
492.2		1
492.3		1
492.4		1
492.5		1
492.6		1
492.7		1
492.8		1
492.9		1
493		1
493.1		1
493.2		1
493.3		1
493.4		1
493.5		1
493.6		1
493.7		1
493.8		1
493.9		1
494		1
494.1		1
494.2		1
494.3		1
494.4		1
494.5		1
494.6		1
494.7		1
494.8		1
494.9		1
495		1
495.1		1
495.2		1
495.3		1
495.4		1
495.5		1
495.6		1
495.7		1
495.8		1
495.9		1
496		1
496.1		1
496.2		1
496.3		1
496.4		1
496.5		1
496.6		1
496.7		1
496.8		1
496.9		1
497		1
497.1		1
497.2		1
497.3		1
497.4		1
497.5		1
497.6		1
497.7		1
497.8		1
497.9		1
498		1
498.1		1
498.2		1
498.3		1
498.4		1
498.5		1
498.6		1
498.7		1
498.8		1
498.9		1
499		1
499.1		1
499.2		1
499.3		1
499.4		1
499.5		1
499.6		1
499.7		1
499.8		1
499.9		1
500		1
500.1		1
500.2		1
500.3		1
500.4		1
500.5		1
500.6		1
500.7		1
500.8		1
500.9		1
501		1
501.1		1
501.2		1
501.3		1
501.4		1
501.5		1
501.6		1
501.7		1
501.8		1
501.9		1
502		1
502.1		1
502.2		1
502.3		1
502.4		1
502.5		1
502.6		1
502.7		1
502.8		1
502.9		1
503		1
503.1		1
503.2		1
503.3		1
503.4		1
503.5		1
503.6		1
503.7		1
503.8		1
503.9		1
504		1
504.1		1
504.2		1
504.3		1
504.4		1
504.5		1
504.6		1
504.7		1
504.8		1
504.9		1
505		1
505.1		1
505.2		1
505.3		1
505.4		1
505.5		1
505.6		1
505.7		1
505.8		1
505.9		1
506		1
506.1		1
506.2		1
506.3		1
506.4		1
506.5		1
506.6		1
506.7		1
506.8		1
506.9		1
507		1
507.1		1
507.2		1
507.3		1
507.4		1
507.5		1
507.6		1
507.7		1
507.8		1
507.9		1
508		1
508.1		1
508.2		1
508.3		1
508.4		1
508.5		1
508.6		1
508.7		1
508.8		1
508.9		1
509		1
509.1		1
509.2		1
509.3		1
509.4		1
509.5		1
509.6		1
509.7		1
509.8		1
509.9		1
510		1
510.1		1
510.2		1
510.3		1
510.4		1
510.5		1
510.6		1
510.7		1
510.8		1
510.9		1
511		1
511.1		1
511.2		1
511.3		1
511.4		1
511.5		1
511.6		1
511.7		1
511.8		1
511.9		1
512		1
512.1		1
512.2		1
512.3		1
512.4		1
512.5		1
512.6		1
512.7		1
512.8		1
512.9		1
513		1
513.1		1
513.2		1
513.3		1
513.4		1
513.5		1
513.6		1
513.7		1
513.8		1
513.9		1
514		1
514.1		1
514.2		1
514.3		1
514.4		1
514.5		1
514.6		1
514.7		1
514.8		1
514.9		1
515		1
515.1		1
515.2		1
515.3		1
515.4		1
515.5		1
515.6		1
515.7		1
515.8		1
515.9		1
516		1
516.1		1
516.2		1
516.3		1
516.4		1
516.5		1
516.6		1
516.7		1
516.8		1
516.9		1
517		1
517.1		1
517.2		1
517.3		1
517.4		1
517.5		1
517.6		1
517.7		1
517.8		1
517.9		1
518		1
518.1		1
518.2		1
518.3		1
518.4		1
518.5		1
518.6		1
518.7		1
518.8		1
518.9		1
519		1
519.1		1
519.2		1
519.3		1
519.4		1
519.5		1
519.6		1
519.7		1
519.8		1
519.9		1
520		1
520.1		1
520.2		1
520.3		1
520.4		1
520.5		1
520.6		1
520.7		1
520.8		1
520.9		1
521		1
521.1		1
521.2		1
521.3		1
521.4		1
521.5		1
521.6		1
521.7		1
521.8		1
521.9		1
522		1
522.1		1
522.2		1
522.3		1
522.4		1
522.5		1
522.6		1
522.7		1
522.8		1
522.9		1
523		1
523.1		1
523.2		1
523.3		1
523.4		1
523.5		1
523.6		1
523.7		1
523.8		1
523.9		1
524		1
524.1		1
524.2		1
524.3		1
524.4		1
524.5		1
524.6		1
524.7		1
524.8		1
524.9		1
525		1
525.1		1
525.2		1
525.3		1
525.4		1
525.5		1
525.6		1
525.7		1
525.8		1
525.9		1
526		1
526.1		1
526.2		1
526.3		1
526.4		1
526.5		1
526.6		1
526.7		1
526.8		1
526.9		1
527		1
527.1		1
527.2		1
527.3		1
527.4		1
527.5		1
527.6		1
527.7		1
527.8		1
527.9		1
528		1
528.1		1
528.2		1
528.3		1
528.4		1
528.5		1
528.6		1
528.7		1
528.8		1
528.9		1
529		1
529.1		1
529.2		1
529.3		1
529.4		1
529.5		1
529.6		1
529.7		1
529.8		1
529.9		1
530		1
530.1		1
530.2		1
530.3		1
530.4		1
530.5		1
530.6		1
530.7		1
530.8		1
530.9		1
531		1
531.1		1
531.2		1
531.3		1
531.4		1
531.5		1
531.6		1
531.7		1
531.8		1
531.9		1
532		1
532.1		1
532.2		1
532.3		1
532.4		1
532.5		1
532.6		1
532.7		1
532.8		1
532.9		1
533		1
533.1		1
533.2		1
533.3		1
533.4		1
533.5		1
533.6		1
533.7		1
533.8		1
533.9		1
534		1
534.1		1
534.2		1
534.3		1
534.4		1
534.5		1
534.6		1
534.7		1
534.8		1
534.9		1
535		1
535.1		1
535.2		1
535.3		1
535.4		1
535.5		1
535.6		1
535.7		1
535.8		1
535.9		1
536		1
536.1		1
536.2		1
536.3		1
536.4		1
536.5		1
536.6		1
536.7		1
536.8		1
536.9		1
537		1
537.1		1
537.2		1
537.3		1
537.4		1
537.5		1
537.6		1
537.7		1
537.8		1
537.9		1
538		1
538.1		1
538.2		1
538.3		1
538.4		1
538.5		1
538.6		1
538.7		1
538.8		1
538.9		1
539		1
539.1		1
539.2		1
539.3		1
539.4		1
539.5		1
539.6		1
539.7		1
539.8		1
539.9		1
540		1
540.1		1
540.2		1
540.3		1
540.4		1
540.5		1
540.6		1
540.7		1
540.8		1
540.9		1
541		1
541.1		1
541.2		1
541.3		1
541.4		1
541.5		1
541.6		1
541.7		1
541.8		1
541.9		1
542		1
542.1		1
542.2		1
542.3		1
542.4		1
542.5		1
542.6		1
542.7		1
542.8		1
542.9		1
543		1
543.1		1
543.2		1
543.3		1
543.4		1
543.5		1
543.6		1
543.7		1
543.8		1
543.9		1
544		1
544.1		1
544.2		1
544.3		1
544.4		1
544.5		1
544.6		1
544.7		1
544.8		1
544.9		1
545		1
545.1		1
545.2		1
545.3		1
545.4		1
545.5		1
545.6		1
545.7		1
545.8		1
545.9		1
546		1
546.1		1
546.2		1
546.3		1
546.4		1
546.5		1
546.6		1
546.7		1
546.8		1
546.9		1
547		1
547.1		1
547.2		1
547.3		1
547.4		1
547.5		1
547.6		1
547.7		1
547.8		1
547.9		1
548		1
548.1		1
548.2		1
548.3		1
548.4		1
548.5		1
548.6		1
548.7		1
548.8		1
548.9		1
549		1
549.1		1
549.2		1
549.3		1
549.4		1
549.5		1
549.6		1
549.7		1
549.8		1
549.9		1
550		1
550.1		1
550.2		1
550.3		1
550.4		1
550.5		1
550.6		1
550.7		1
550.8		1
550.9		1
551		1
551.1		1
551.2		1
551.3		1
551.4		1
551.5		1
551.6		1
551.7		1
551.8		1
551.9		1
552		1
552.1		1
552.2		1
552.3		1
552.4		1
552.5		1
552.6		1
552.7		1
552.8		1
552.9		1
553		1
553.1		1
553.2		1
553.3		1
553.4		1
553.5		1
553.6		1
553.7		1
553.8		1
553.9		1
554		1
554.1		1
554.2		1
554.3		1
554.4		1
554.5		1
554.6		1
554.7		1
554.8		1
554.9		1
555		1
555.1		1
555.2		1
555.3		1
555.4		1
555.5		1
555.6		1
555.7		1
555.8		1
555.9		1
556		1
556.1		1
556.2		1
556.3		1
556.4		1
556.5		1
556.6		1
556.7		1
556.8		1
556.9		1
557		1
557.1		1
557.2		1
557.3		1
557.4		1
557.5		1
557.6		1
557.7		1
557.8		1
557.9		1
558		1
558.1		1
558.2		1
558.3		1
558.4		1
558.5		1
558.6		1
558.7		1
558.8		1
558.9		1
559		1
559.1		1
559.2		1
559.3		1
559.4		1
559.5		1
559.6		1
559.7		1
559.8		1
559.9		1
560		1
560.1		1
560.2		1
560.3		1
560.4		1
560.5		1
560.6		1
560.7		1
560.8		1
560.9		1
561		1
561.1		1
561.2		1
561.3		1
561.4		1
561.5		1
561.6		1
561.7		1
561.8		1
561.9		1
562		1
562.1		1
562.2		1
562.3		1
562.4		1
562.5		1
562.6		1
562.7		1
562.8		1
562.9		1
563		1
563.1		1
563.2		1
563.3		1
563.4		1
563.5		1
563.6		1
563.7		1
563.8		1
563.9		1
564		1
564.1		1
564.2		1
564.3		1
564.4		1
564.5		1
564.6		1
564.7		1
564.8		1
564.9		1
565		1
565.1		1
565.2		1
565.3		1
565.4		1
565.5		1
565.6		1
565.7		1
565.8		1
565.9		1
566		1
566.1		1
566.2		1
566.3		1
566.4		1
566.5		1
566.6		1
566.7		1
566.8		1
566.9		1
567		1
567.1		1
567.2		1
567.3		1
567.4		1
567.5		1
567.6		1
567.7		1
567.8		1
567.9		1
568		1
568.1		1
568.2		1
568.3		1
568.4		1
568.5		1
568.6		1
568.7		1
568.8		1
568.9		1
569		1
569.1		1
569.2		1
569.3		1
569.4		1
569.5		1
569.6		1
569.7		1
569.8		1
569.9		1
570		1
570.1		1
570.2		1
570.3		1
570.4		1
570.5		1
570.6		1
570.7		1
570.8		1
570.9		1
571		1
571.1		1
571.2		1
571.3		1
571.4		1
571.5		1
571.6		1
571.7		1
571.8		1
571.9		1
572		1
572.1		1
572.2		1
572.3		1
572.4		1
572.5		1
572.6		1
572.7		1
572.8		1
572.9		1
573		1
573.1		1
573.2		1
573.3		1
573.4		1
573.5		1
573.6		1
573.7		1
573.8		1
573.9		1
574		1
574.1		1
574.2		1
574.3		1
574.4		1
574.5		1
574.6		1
574.7		1
574.8		1
574.9		1
575		1
575.1		1
575.2		1
575.3		1
575.4		1
575.5		1
575.6		1
575.7		1
575.8		1
575.9		1
576		1
576.1		1
576.2		1
576.3		1
576.4		1
576.5		1
576.6		1
576.7		1
576.8		1
576.9		1
577		1
577.1		1
577.2		1
577.3		1
577.4		1
577.5		1
577.6		1
577.7		1
577.8		1
577.9		1
578		1
578.1		1
578.2		1
578.3		1
578.4		1
578.5		1
578.6		1
578.7		1
578.8		1
578.9		1
579		1
579.1		1
579.2		1
579.3		1
579.4		1
579.5		1
579.6		1
579.7		1
579.8		1
579.9		1
580		1
580.1		1
580.2		1
580.3		1
580.4		1
580.5		1
580.6		1
580.7		1
580.8		1
580.9		1
581		1
581.1		1
581.2		1
581.3		1
581.4		1
581.5		1
581.6		1
581.7		1
581.8		1
581.9		1
582		1
582.1		1
582.2		1
582.3		1
582.4		1
582.5		1
582.6		1
582.7		1
582.8		1
582.9		1
583		1
583.1		1
583.2		1
583.3		1
583.4		1
583.5		1
583.6		1
583.7		1
583.8		1
583.9		1
584		1
584.1		1
584.2		1
584.3		1
584.4		1
584.5		1
584.6		1
584.7		1
584.8		1
584.9		1
585		1
585.1		1
585.2		1
585.3		1
585.4		1
585.5		1
585.6		1
585.7		1
585.8		1
585.9		1
586		1
586.1		1
586.2		1
586.3		1
586.4		1
586.5		1
586.6		1
586.7		1
586.8		1
586.9		1
587		1
587.1		1
587.2		1
587.3		1
587.4		1
587.5		1
587.6		1
587.7		1
587.8		1
587.9		1
588		1
588.1		1
588.2		1
588.3		1
588.4		1
588.5		1
588.6		1
588.7		1
588.8		1
588.9		1
589		1
589.1		1
589.2		1
589.3		1
589.4		1
589.5		1
589.6		1
589.7		1
589.8		1
589.9		1
590		1
590.1		1
590.2		1
590.3		1
590.4		1
590.5		1
590.6		1
590.7		1
590.8		1
590.9		1
591		1
591.1		1
591.2		1
591.3		1
591.4		1
591.5		1
591.6		1
591.7		1
591.8		1
591.9		1
592		1
592.1		1
592.2		1
592.3		1
592.4		1
592.5		1
592.6		1
592.7		1
592.8		1
592.9		1
593		1
593.1		1
593.2		1
593.3		1
593.4		1
593.5		1
593.6		1
593.7		1
593.8		1
593.9		1
594		1
594.1		1
594.2		1
594.3		1
594.4		1
594.5		1
594.6		1
594.7		1
594.8		1
594.9		1
595		1
595.1		1
595.2		1
595.3		1
595.4		1
595.5		1
595.6		1
595.7		1
595.8		1
595.9		1
596		1
596.1		1
596.2		1
596.3		1
596.4		1
596.5		1
596.6		1
596.7		1
596.8		1
596.9		1
597		1
597.1		1
597.2		1
597.3		1
597.4		1
597.5		1
597.6		1
597.7		1
597.8		1
597.9		1
598		1
598.1		1
598.2		1
598.3		1
598.4		1
598.5		1
598.6		1
598.7		1
598.8		1
598.9		1
599		1
599.1		1
599.2		1
599.3		1
599.4		1
599.5		1
599.6		1
599.7		1
599.8		1
599.9		1
600		1
