# Calibration file of tamex_id 0 @ channel 50
# fine_T bin		 Calibration value
0.1		0
0.2		0
0.3		0
0.4		0
0.5		0
0.6		0
0.7		0
0.8		0
0.9		0
1		0
1.1		0
1.2		0
1.3		0
1.4		0
1.5		0
1.6		0
1.7		0
1.8		0
1.9		0
2		0
2.1		0
2.2		0
2.3		0
2.4		0
2.5		0
2.6		0
2.7		0
2.8		0
2.9		0
3		0
3.1		0
3.2		0
3.3		0
3.4		0
3.5		0
3.6		0
3.7		0
3.8		0
3.9		0
4		0
4.1		0
4.2		0
4.3		0
4.4		0
4.5		0
4.6		0
4.7		0
4.8		0
4.9		0
5		0
5.1		0
5.2		0
5.3		0
5.4		0
5.5		0
5.6		0
5.7		0
5.8		0
5.9		0
6		0
6.1		0
6.2		0
6.3		0
6.4		0
6.5		0
6.6		0
6.7		0
6.8		0
6.9		0
7		0
7.1		0
7.2		0
7.3		0
7.4		0
7.5		0
7.6		0
7.7		0
7.8		0
7.9		0
8		0
8.1		0
8.2		0
8.3		0
8.4		0
8.5		0
8.6		0
8.7		0
8.8		0
8.9		0
9		0
9.1		0
9.2		0
9.3		0
9.4		0
9.5		0
9.6		0
9.7		0
9.8		0
9.9		0
10		0
10.1		0
10.2		0
10.3		0
10.4		0
10.5		0
10.6		0
10.7		0
10.8		0
10.9		0
11		0
11.1		0
11.2		0
11.3		0
11.4		0
11.5		0
11.6		0
11.7		0
11.8		0
11.9		0
12		0
12.1		0
12.2		0
12.3		0
12.4		0
12.5		0
12.6		0
12.7		0
12.8		0
12.9		0
13		0
13.1		0
13.2		0
13.3		0
13.4		0
13.5		0
13.6		0
13.7		0
13.8		0
13.9		0
14		0
14.1		0
14.2		0
14.3		0
14.4		0
14.5		0
14.6		0
14.7		0
14.8		0
14.9		0
15		0
15.1		0
15.2		0
15.3		0
15.4		0
15.5		0
15.6		0
15.7		0
15.8		0
15.9		0
16		0
16.1		0
16.2		0
16.3		0
16.4		0
16.5		0
16.6		0
16.7		0
16.8		0
16.9		0
17		0
17.1		0.0100199
17.2		0.0100199
17.3		0.0100199
17.4		0.0100199
17.5		0.0100199
17.6		0.0100199
17.7		0.0100199
17.8		0.0100199
17.9		0.0100199
18		0.0100199
18.1		0.010194
18.2		0.010194
18.3		0.010194
18.4		0.010194
18.5		0.010194
18.6		0.010194
18.7		0.010194
18.8		0.010194
18.9		0.010194
19		0.010194
19.1		0.0115648
19.2		0.0115648
19.3		0.0115648
19.4		0.0115648
19.5		0.0115648
19.6		0.0115648
19.7		0.0115648
19.8		0.0115648
19.9		0.0115648
20		0.0115648
20.1		0.0161232
20.2		0.0161232
20.3		0.0161232
20.4		0.0161232
20.5		0.0161232
20.6		0.0161232
20.7		0.0161232
20.8		0.0161232
20.9		0.0161232
21		0.0161232
21.1		0.0185711
21.2		0.0185711
21.3		0.0185711
21.4		0.0185711
21.5		0.0185711
21.6		0.0185711
21.7		0.0185711
21.8		0.0185711
21.9		0.0185711
22		0.0185711
22.1		0.018941
22.2		0.018941
22.3		0.018941
22.4		0.018941
22.5		0.018941
22.6		0.018941
22.7		0.018941
22.8		0.018941
22.9		0.018941
23		0.018941
23.1		0.0192783
23.2		0.0192783
23.3		0.0192783
23.4		0.0192783
23.5		0.0192783
23.6		0.0192783
23.7		0.0192783
23.8		0.0192783
23.9		0.0192783
24		0.0192783
24.1		0.0240761
24.2		0.0240761
24.3		0.0240761
24.4		0.0240761
24.5		0.0240761
24.6		0.0240761
24.7		0.0240761
24.8		0.0240761
24.9		0.0240761
25		0.0240761
25.1		0.0267306
25.2		0.0267306
25.3		0.0267306
25.4		0.0267306
25.5		0.0267306
25.6		0.0267306
25.7		0.0267306
25.8		0.0267306
25.9		0.0267306
26		0.0267306
26.1		0.0273725
26.2		0.0273725
26.3		0.0273725
26.4		0.0273725
26.5		0.0273725
26.6		0.0273725
26.7		0.0273725
26.8		0.0273725
26.9		0.0273725
27		0.0273725
27.1		0.028863
27.2		0.028863
27.3		0.028863
27.4		0.028863
27.5		0.028863
27.6		0.028863
27.7		0.028863
27.8		0.028863
27.9		0.028863
28		0.028863
28.1		0.034368
28.2		0.034368
28.3		0.034368
28.4		0.034368
28.5		0.034368
28.6		0.034368
28.7		0.034368
28.8		0.034368
28.9		0.034368
29		0.034368
29.1		0.0354777
29.2		0.0354777
29.3		0.0354777
29.4		0.0354777
29.5		0.0354777
29.6		0.0354777
29.7		0.0354777
29.8		0.0354777
29.9		0.0354777
30		0.0354777
30.1		0.0373924
30.2		0.0373924
30.3		0.0373924
30.4		0.0373924
30.5		0.0373924
30.6		0.0373924
30.7		0.0373924
30.8		0.0373924
30.9		0.0373924
31		0.0373924
31.1		0.0383825
31.2		0.0383825
31.3		0.0383825
31.4		0.0383825
31.5		0.0383825
31.6		0.0383825
31.7		0.0383825
31.8		0.0383825
31.9		0.0383825
32		0.0383825
32.1		0.0412437
32.2		0.0412437
32.3		0.0412437
32.4		0.0412437
32.5		0.0412437
32.6		0.0412437
32.7		0.0412437
32.8		0.0412437
32.9		0.0412437
33		0.0412437
33.1		0.0443661
33.2		0.0443661
33.3		0.0443661
33.4		0.0443661
33.5		0.0443661
33.6		0.0443661
33.7		0.0443661
33.8		0.0443661
33.9		0.0443661
34		0.0443661
34.1		0.0449971
34.2		0.0449971
34.3		0.0449971
34.4		0.0449971
34.5		0.0449971
34.6		0.0449971
34.7		0.0449971
34.8		0.0449971
34.9		0.0449971
35		0.0449971
35.1		0.0474123
35.2		0.0474123
35.3		0.0474123
35.4		0.0474123
35.5		0.0474123
35.6		0.0474123
35.7		0.0474123
35.8		0.0474123
35.9		0.0474123
36		0.0474123
36.1		0.048076
36.2		0.048076
36.3		0.048076
36.4		0.048076
36.5		0.048076
36.6		0.048076
36.7		0.048076
36.8		0.048076
36.9		0.048076
37		0.048076
37.1		0.0543425
37.2		0.0543425
37.3		0.0543425
37.4		0.0543425
37.5		0.0543425
37.6		0.0543425
37.7		0.0543425
37.8		0.0543425
37.9		0.0543425
38		0.0543425
38.1		0.0551041
38.2		0.0551041
38.3		0.0551041
38.4		0.0551041
38.5		0.0551041
38.6		0.0551041
38.7		0.0551041
38.8		0.0551041
38.9		0.0551041
39		0.0551041
39.1		0.056192
39.2		0.056192
39.3		0.056192
39.4		0.056192
39.5		0.056192
39.6		0.056192
39.7		0.056192
39.8		0.056192
39.9		0.056192
40		0.056192
40.1		0.056823
40.2		0.056823
40.3		0.056823
40.4		0.056823
40.5		0.056823
40.6		0.056823
40.7		0.056823
40.8		0.056823
40.9		0.056823
41		0.056823
41.1		0.0574214
41.2		0.0574214
41.3		0.0574214
41.4		0.0574214
41.5		0.0574214
41.6		0.0574214
41.7		0.0574214
41.8		0.0574214
41.9		0.0574214
42		0.0574214
42.1		0.0626217
42.2		0.0626217
42.3		0.0626217
42.4		0.0626217
42.5		0.0626217
42.6		0.0626217
42.7		0.0626217
42.8		0.0626217
42.9		0.0626217
43		0.0626217
43.1		0.0652436
43.2		0.0652436
43.3		0.0652436
43.4		0.0652436
43.5		0.0652436
43.6		0.0652436
43.7		0.0652436
43.8		0.0652436
43.9		0.0652436
44		0.0652436
44.1		0.06557
44.2		0.06557
44.3		0.06557
44.4		0.06557
44.5		0.06557
44.6		0.06557
44.7		0.06557
44.8		0.06557
44.9		0.06557
45		0.06557
45.1		0.0663642
45.2		0.0663642
45.3		0.0663642
45.4		0.0663642
45.5		0.0663642
45.6		0.0663642
45.7		0.0663642
45.8		0.0663642
45.9		0.0663642
46		0.0663642
46.1		0.071162
46.2		0.071162
46.3		0.071162
46.4		0.071162
46.5		0.071162
46.6		0.071162
46.7		0.071162
46.8		0.071162
46.9		0.071162
47		0.071162
47.1		0.0719453
47.2		0.0719453
47.3		0.0719453
47.4		0.0719453
47.5		0.0719453
47.6		0.0719453
47.7		0.0719453
47.8		0.0719453
47.9		0.0719453
48		0.0719453
48.1		0.0730333
48.2		0.0730333
48.3		0.0730333
48.4		0.0730333
48.5		0.0730333
48.6		0.0730333
48.7		0.0730333
48.8		0.0730333
48.9		0.0730333
49		0.0730333
49.1		0.0749263
49.2		0.0749263
49.3		0.0749263
49.4		0.0749263
49.5		0.0749263
49.6		0.0749263
49.7		0.0749263
49.8		0.0749263
49.9		0.0749263
50		0.0749263
50.1		0.076667
50.2		0.076667
50.3		0.076667
50.4		0.076667
50.5		0.076667
50.6		0.076667
50.7		0.076667
50.8		0.076667
50.9		0.076667
51		0.076667
51.1		0.0808229
51.2		0.0808229
51.3		0.0808229
51.4		0.0808229
51.5		0.0808229
51.6		0.0808229
51.7		0.0808229
51.8		0.0808229
51.9		0.0808229
52		0.0808229
52.1		0.0813342
52.2		0.0813342
52.3		0.0813342
52.4		0.0813342
52.5		0.0813342
52.6		0.0813342
52.7		0.0813342
52.8		0.0813342
52.9		0.0813342
53		0.0813342
53.1		0.0834884
53.2		0.0834884
53.3		0.0834884
53.4		0.0834884
53.5		0.0834884
53.6		0.0834884
53.7		0.0834884
53.8		0.0834884
53.9		0.0834884
54		0.0834884
54.1		0.0870786
54.2		0.0870786
54.3		0.0870786
54.4		0.0870786
54.5		0.0870786
54.6		0.0870786
54.7		0.0870786
54.8		0.0870786
54.9		0.0870786
55		0.0870786
55.1		0.0892871
55.2		0.0892871
55.3		0.0892871
55.4		0.0892871
55.5		0.0892871
55.6		0.0892871
55.7		0.0892871
55.8		0.0892871
55.9		0.0892871
56		0.0892871
56.1		0.0920831
56.2		0.0920831
56.3		0.0920831
56.4		0.0920831
56.5		0.0920831
56.6		0.0920831
56.7		0.0920831
56.8		0.0920831
56.9		0.0920831
57		0.0920831
57.1		0.0955645
57.2		0.0955645
57.3		0.0955645
57.4		0.0955645
57.5		0.0955645
57.6		0.0955645
57.7		0.0955645
57.8		0.0955645
57.9		0.0955645
58		0.0955645
58.1		0.0959344
58.2		0.0959344
58.3		0.0959344
58.4		0.0959344
58.5		0.0959344
58.6		0.0959344
58.7		0.0959344
58.8		0.0959344
58.9		0.0959344
59		0.0959344
59.1		0.100145
59.2		0.100145
59.3		0.100145
59.4		0.100145
59.5		0.100145
59.6		0.100145
59.7		0.100145
59.8		0.100145
59.9		0.100145
60		0.100145
60.1		0.100308
60.2		0.100308
60.3		0.100308
60.4		0.100308
60.5		0.100308
60.6		0.100308
60.7		0.100308
60.8		0.100308
60.9		0.100308
61		0.100308
61.1		0.103789
61.2		0.103789
61.3		0.103789
61.4		0.103789
61.5		0.103789
61.6		0.103789
61.7		0.103789
61.8		0.103789
61.9		0.103789
62		0.103789
62.1		0.104148
62.2		0.104148
62.3		0.104148
62.4		0.104148
62.5		0.104148
62.6		0.104148
62.7		0.104148
62.8		0.104148
62.9		0.104148
63		0.104148
63.1		0.107923
63.2		0.107923
63.3		0.107923
63.4		0.107923
63.5		0.107923
63.6		0.107923
63.7		0.107923
63.8		0.107923
63.9		0.107923
64		0.107923
64.1		0.110001
64.2		0.110001
64.3		0.110001
64.4		0.110001
64.5		0.110001
64.6		0.110001
64.7		0.110001
64.8		0.110001
64.9		0.110001
65		0.110001
65.1		0.111253
65.2		0.111253
65.3		0.111253
65.4		0.111253
65.5		0.111253
65.6		0.111253
65.7		0.111253
65.8		0.111253
65.9		0.111253
66		0.111253
66.1		0.111666
66.2		0.111666
66.3		0.111666
66.4		0.111666
66.5		0.111666
66.6		0.111666
66.7		0.111666
66.8		0.111666
66.9		0.111666
67		0.111666
67.1		0.114331
67.2		0.114331
67.3		0.114331
67.4		0.114331
67.5		0.114331
67.6		0.114331
67.7		0.114331
67.8		0.114331
67.9		0.114331
68		0.114331
68.1		0.119945
68.2		0.119945
68.3		0.119945
68.4		0.119945
68.5		0.119945
68.6		0.119945
68.7		0.119945
68.8		0.119945
68.9		0.119945
69		0.119945
69.1		0.120021
69.2		0.120021
69.3		0.120021
69.4		0.120021
69.5		0.120021
69.6		0.120021
69.7		0.120021
69.8		0.120021
69.9		0.120021
70		0.120021
70.1		0.120163
70.2		0.120163
70.3		0.120163
70.4		0.120163
70.5		0.120163
70.6		0.120163
70.7		0.120163
70.8		0.120163
70.9		0.120163
71		0.120163
71.1		0.122023
71.2		0.122023
71.3		0.122023
71.4		0.122023
71.5		0.122023
71.6		0.122023
71.7		0.122023
71.8		0.122023
71.9		0.122023
72		0.122023
72.1		0.128246
72.2		0.128246
72.3		0.128246
72.4		0.128246
72.5		0.128246
72.6		0.128246
72.7		0.128246
72.8		0.128246
72.9		0.128246
73		0.128246
73.1		0.131423
73.2		0.131423
73.3		0.131423
73.4		0.131423
73.5		0.131423
73.6		0.131423
73.7		0.131423
73.8		0.131423
73.9		0.131423
74		0.131423
74.1		0.131586
74.2		0.131586
74.3		0.131586
74.4		0.131586
74.5		0.131586
74.6		0.131586
74.7		0.131586
74.8		0.131586
74.9		0.131586
75		0.131586
75.1		0.13262
75.2		0.13262
75.3		0.13262
75.4		0.13262
75.5		0.13262
75.6		0.13262
75.7		0.13262
75.8		0.13262
75.9		0.13262
76		0.13262
76.1		0.135633
76.2		0.135633
76.3		0.135633
76.4		0.135633
76.5		0.135633
76.6		0.135633
76.7		0.135633
76.8		0.135633
76.9		0.135633
77		0.135633
77.1		0.13745
77.2		0.13745
77.3		0.13745
77.4		0.13745
77.5		0.13745
77.6		0.13745
77.7		0.13745
77.8		0.13745
77.9		0.13745
78		0.13745
78.1		0.139332
78.2		0.139332
78.3		0.139332
78.4		0.139332
78.5		0.139332
78.6		0.139332
78.7		0.139332
78.8		0.139332
78.9		0.139332
79		0.139332
79.1		0.140964
79.2		0.140964
79.3		0.140964
79.4		0.140964
79.5		0.140964
79.6		0.140964
79.7		0.140964
79.8		0.140964
79.9		0.140964
80		0.140964
80.1		0.146012
80.2		0.146012
80.3		0.146012
80.4		0.146012
80.5		0.146012
80.6		0.146012
80.7		0.146012
80.8		0.146012
80.9		0.146012
81		0.146012
81.1		0.14698
81.2		0.14698
81.3		0.14698
81.4		0.14698
81.5		0.14698
81.6		0.14698
81.7		0.14698
81.8		0.14698
81.9		0.14698
82		0.14698
82.1		0.147122
82.2		0.147122
82.3		0.147122
82.4		0.147122
82.5		0.147122
82.6		0.147122
82.7		0.147122
82.8		0.147122
82.9		0.147122
83		0.147122
83.1		0.14908
83.2		0.14908
83.3		0.14908
83.4		0.14908
83.5		0.14908
83.6		0.14908
83.7		0.14908
83.8		0.14908
83.9		0.14908
84		0.14908
84.1		0.152137
84.2		0.152137
84.3		0.152137
84.4		0.152137
84.5		0.152137
84.6		0.152137
84.7		0.152137
84.8		0.152137
84.9		0.152137
85		0.152137
85.1		0.155238
85.2		0.155238
85.3		0.155238
85.4		0.155238
85.5		0.155238
85.6		0.155238
85.7		0.155238
85.8		0.155238
85.9		0.155238
86		0.155238
86.1		0.155891
86.2		0.155891
86.3		0.155891
86.4		0.155891
86.5		0.155891
86.6		0.155891
86.7		0.155891
86.8		0.155891
86.9		0.155891
87		0.155891
87.1		0.156576
87.2		0.156576
87.3		0.156576
87.4		0.156576
87.5		0.156576
87.6		0.156576
87.7		0.156576
87.8		0.156576
87.9		0.156576
88		0.156576
88.1		0.162342
88.2		0.162342
88.3		0.162342
88.4		0.162342
88.5		0.162342
88.6		0.162342
88.7		0.162342
88.8		0.162342
88.9		0.162342
89		0.162342
89.1		0.163746
89.2		0.163746
89.3		0.163746
89.4		0.163746
89.5		0.163746
89.6		0.163746
89.7		0.163746
89.8		0.163746
89.9		0.163746
90		0.163746
90.1		0.163909
90.2		0.163909
90.3		0.163909
90.4		0.163909
90.5		0.163909
90.6		0.163909
90.7		0.163909
90.8		0.163909
90.9		0.163909
91		0.163909
91.1		0.168195
91.2		0.168195
91.3		0.168195
91.4		0.168195
91.5		0.168195
91.6		0.168195
91.7		0.168195
91.8		0.168195
91.9		0.168195
92		0.168195
92.1		0.170469
92.2		0.170469
92.3		0.170469
92.4		0.170469
92.5		0.170469
92.6		0.170469
92.7		0.170469
92.8		0.170469
92.9		0.170469
93		0.170469
93.1		0.17382
93.2		0.17382
93.3		0.17382
93.4		0.17382
93.5		0.17382
93.6		0.17382
93.7		0.17382
93.8		0.17382
93.9		0.17382
94		0.17382
94.1		0.174309
94.2		0.174309
94.3		0.174309
94.4		0.174309
94.5		0.174309
94.6		0.174309
94.7		0.174309
94.8		0.174309
94.9		0.174309
95		0.174309
95.1		0.174897
95.2		0.174897
95.3		0.174897
95.4		0.174897
95.5		0.174897
95.6		0.174897
95.7		0.174897
95.8		0.174897
95.9		0.174897
96		0.174897
96.1		0.175463
96.2		0.175463
96.3		0.175463
96.4		0.175463
96.5		0.175463
96.6		0.175463
96.7		0.175463
96.8		0.175463
96.9		0.175463
97		0.175463
97.1		0.18223
97.2		0.18223
97.3		0.18223
97.4		0.18223
97.5		0.18223
97.6		0.18223
97.7		0.18223
97.8		0.18223
97.9		0.18223
98		0.18223
98.1		0.183894
98.2		0.183894
98.3		0.183894
98.4		0.183894
98.5		0.183894
98.6		0.183894
98.7		0.183894
98.8		0.183894
98.9		0.183894
99		0.183894
99.1		0.184667
99.2		0.184667
99.3		0.184667
99.4		0.184667
99.5		0.184667
99.6		0.184667
99.7		0.184667
99.8		0.184667
99.9		0.184667
100		0.184667
100.1		0.185352
100.2		0.185352
100.3		0.185352
100.4		0.185352
100.5		0.185352
100.6		0.185352
100.7		0.185352
100.8		0.185352
100.9		0.185352
101		0.185352
101.1		0.185537
101.2		0.185537
101.3		0.185537
101.4		0.185537
101.5		0.185537
101.6		0.185537
101.7		0.185537
101.8		0.185537
101.9		0.185537
102		0.185537
102.1		0.192043
102.2		0.192043
102.3		0.192043
102.4		0.192043
102.5		0.192043
102.6		0.192043
102.7		0.192043
102.8		0.192043
102.9		0.192043
103		0.192043
103.1		0.192804
103.2		0.192804
103.3		0.192804
103.4		0.192804
103.5		0.192804
103.6		0.192804
103.7		0.192804
103.8		0.192804
103.9		0.192804
104		0.192804
104.1		0.19584
104.2		0.19584
104.3		0.19584
104.4		0.19584
104.5		0.19584
104.6		0.19584
104.7		0.19584
104.8		0.19584
104.9		0.19584
105		0.19584
105.1		0.196079
105.2		0.196079
105.3		0.196079
105.4		0.196079
105.5		0.196079
105.6		0.196079
105.7		0.196079
105.8		0.196079
105.9		0.196079
106		0.196079
106.1		0.201018
106.2		0.201018
106.3		0.201018
106.4		0.201018
106.5		0.201018
106.6		0.201018
106.7		0.201018
106.8		0.201018
106.9		0.201018
107		0.201018
107.1		0.202215
107.2		0.202215
107.3		0.202215
107.4		0.202215
107.5		0.202215
107.6		0.202215
107.7		0.202215
107.8		0.202215
107.9		0.202215
108		0.202215
108.1		0.203259
108.2		0.203259
108.3		0.203259
108.4		0.203259
108.5		0.203259
108.6		0.203259
108.7		0.203259
108.8		0.203259
108.9		0.203259
109		0.203259
109.1		0.203836
109.2		0.203836
109.3		0.203836
109.4		0.203836
109.5		0.203836
109.6		0.203836
109.7		0.203836
109.8		0.203836
109.9		0.203836
110		0.203836
110.1		0.2097
110.2		0.2097
110.3		0.2097
110.4		0.2097
110.5		0.2097
110.6		0.2097
110.7		0.2097
110.8		0.2097
110.9		0.2097
111		0.2097
111.1		0.209939
111.2		0.209939
111.3		0.209939
111.4		0.209939
111.5		0.209939
111.6		0.209939
111.7		0.209939
111.8		0.209939
111.9		0.209939
112		0.209939
112.1		0.212148
112.2		0.212148
112.3		0.212148
112.4		0.212148
112.5		0.212148
112.6		0.212148
112.7		0.212148
112.8		0.212148
112.9		0.212148
113		0.212148
113.1		0.21255
113.2		0.21255
113.3		0.21255
113.4		0.21255
113.5		0.21255
113.6		0.21255
113.7		0.21255
113.8		0.21255
113.9		0.21255
114		0.21255
114.1		0.219687
114.2		0.219687
114.3		0.219687
114.4		0.219687
114.5		0.219687
114.6		0.219687
114.7		0.219687
114.8		0.219687
114.9		0.219687
115		0.219687
115.1		0.220035
115.2		0.220035
115.3		0.220035
115.4		0.220035
115.5		0.220035
115.6		0.220035
115.7		0.220035
115.8		0.220035
115.9		0.220035
116		0.220035
116.1		0.221156
116.2		0.221156
116.3		0.221156
116.4		0.221156
116.5		0.221156
116.6		0.221156
116.7		0.221156
116.8		0.221156
116.9		0.221156
117		0.221156
117.1		0.222179
117.2		0.222179
117.3		0.222179
117.4		0.222179
117.5		0.222179
117.6		0.222179
117.7		0.222179
117.8		0.222179
117.9		0.222179
118		0.222179
118.1		0.227586
118.2		0.227586
118.3		0.227586
118.4		0.227586
118.5		0.227586
118.6		0.227586
118.7		0.227586
118.8		0.227586
118.9		0.227586
119		0.227586
119.1		0.229609
119.2		0.229609
119.3		0.229609
119.4		0.229609
119.5		0.229609
119.6		0.229609
119.7		0.229609
119.8		0.229609
119.9		0.229609
120		0.229609
120.1		0.230034
120.2		0.230034
120.3		0.230034
120.4		0.230034
120.5		0.230034
120.6		0.230034
120.7		0.230034
120.8		0.230034
120.9		0.230034
121		0.230034
121.1		0.231241
121.2		0.231241
121.3		0.231241
121.4		0.231241
121.5		0.231241
121.6		0.231241
121.7		0.231241
121.8		0.231241
121.9		0.231241
122		0.231241
122.1		0.235985
122.2		0.235985
122.3		0.235985
122.4		0.235985
122.5		0.235985
122.6		0.235985
122.7		0.235985
122.8		0.235985
122.9		0.235985
123		0.235985
123.1		0.236104
123.2		0.236104
123.3		0.236104
123.4		0.236104
123.5		0.236104
123.6		0.236104
123.7		0.236104
123.8		0.236104
123.9		0.236104
124		0.236104
124.1		0.23753
124.2		0.23753
124.3		0.23753
124.4		0.23753
124.5		0.23753
124.6		0.23753
124.7		0.23753
124.8		0.23753
124.9		0.23753
125		0.23753
125.1		0.240282
125.2		0.240282
125.3		0.240282
125.4		0.240282
125.5		0.240282
125.6		0.240282
125.7		0.240282
125.8		0.240282
125.9		0.240282
126		0.240282
126.1		0.242414
126.2		0.242414
126.3		0.242414
126.4		0.242414
126.5		0.242414
126.6		0.242414
126.7		0.242414
126.8		0.242414
126.9		0.242414
127		0.242414
127.1		0.243535
127.2		0.243535
127.3		0.243535
127.4		0.243535
127.5		0.243535
127.6		0.243535
127.7		0.243535
127.8		0.243535
127.9		0.243535
128		0.243535
128.1		0.244623
128.2		0.244623
128.3		0.244623
128.4		0.244623
128.5		0.244623
128.6		0.244623
128.7		0.244623
128.8		0.244623
128.9		0.244623
129		0.244623
129.1		0.248594
129.2		0.248594
129.3		0.248594
129.4		0.248594
129.5		0.248594
129.6		0.248594
129.7		0.248594
129.8		0.248594
129.9		0.248594
130		0.248594
130.1		0.250008
130.2		0.250008
130.3		0.250008
130.4		0.250008
130.5		0.250008
130.6		0.250008
130.7		0.250008
130.8		0.250008
130.9		0.250008
131		0.250008
131.1		0.253163
131.2		0.253163
131.3		0.253163
131.4		0.253163
131.5		0.253163
131.6		0.253163
131.7		0.253163
131.8		0.253163
131.9		0.253163
132		0.253163
132.1		0.253403
132.2		0.253403
132.3		0.253403
132.4		0.253403
132.5		0.253403
132.6		0.253403
132.7		0.253403
132.8		0.253403
132.9		0.253403
133		0.253403
133.1		0.254654
133.2		0.254654
133.3		0.254654
133.4		0.254654
133.5		0.254654
133.6		0.254654
133.7		0.254654
133.8		0.254654
133.9		0.254654
134		0.254654
134.1		0.257907
134.2		0.257907
134.3		0.257907
134.4		0.257907
134.5		0.257907
134.6		0.257907
134.7		0.257907
134.8		0.257907
134.9		0.257907
135		0.257907
135.1		0.260354
135.2		0.260354
135.3		0.260354
135.4		0.260354
135.5		0.260354
135.6		0.260354
135.7		0.260354
135.8		0.260354
135.9		0.260354
136		0.260354
136.1		0.262759
136.2		0.262759
136.3		0.262759
136.4		0.262759
136.5		0.262759
136.6		0.262759
136.7		0.262759
136.8		0.262759
136.9		0.262759
137		0.262759
137.1		0.264521
137.2		0.264521
137.3		0.264521
137.4		0.264521
137.5		0.264521
137.6		0.264521
137.7		0.264521
137.8		0.264521
137.9		0.264521
138		0.264521
138.1		0.26574
138.2		0.26574
138.3		0.26574
138.4		0.26574
138.5		0.26574
138.6		0.26574
138.7		0.26574
138.8		0.26574
138.9		0.26574
139		0.26574
139.1		0.270157
139.2		0.270157
139.3		0.270157
139.4		0.270157
139.5		0.270157
139.6		0.270157
139.7		0.270157
139.8		0.270157
139.9		0.270157
140		0.270157
140.1		0.274019
140.2		0.274019
140.3		0.274019
140.4		0.274019
140.5		0.274019
140.6		0.274019
140.7		0.274019
140.8		0.274019
140.9		0.274019
141		0.274019
141.1		0.274182
141.2		0.274182
141.3		0.274182
141.4		0.274182
141.5		0.274182
141.6		0.274182
141.7		0.274182
141.8		0.274182
141.9		0.274182
142		0.274182
142.1		0.275107
142.2		0.275107
142.3		0.275107
142.4		0.275107
142.5		0.275107
142.6		0.275107
142.7		0.275107
142.8		0.275107
142.9		0.275107
143		0.275107
143.1		0.276151
143.2		0.276151
143.3		0.276151
143.4		0.276151
143.5		0.276151
143.6		0.276151
143.7		0.276151
143.8		0.276151
143.9		0.276151
144		0.276151
144.1		0.282973
144.2		0.282973
144.3		0.282973
144.4		0.282973
144.5		0.282973
144.6		0.282973
144.7		0.282973
144.8		0.282973
144.9		0.282973
145		0.282973
145.1		0.283179
145.2		0.283179
145.3		0.283179
145.4		0.283179
145.5		0.283179
145.6		0.283179
145.7		0.283179
145.8		0.283179
145.9		0.283179
146		0.283179
146.1		0.284409
146.2		0.284409
146.3		0.284409
146.4		0.284409
146.5		0.284409
146.6		0.284409
146.7		0.284409
146.8		0.284409
146.9		0.284409
147		0.284409
147.1		0.284692
147.2		0.284692
147.3		0.284692
147.4		0.284692
147.5		0.284692
147.6		0.284692
147.7		0.284692
147.8		0.284692
147.9		0.284692
148		0.284692
148.1		0.290316
148.2		0.290316
148.3		0.290316
148.4		0.290316
148.5		0.290316
148.6		0.290316
148.7		0.290316
148.8		0.290316
148.9		0.290316
149		0.290316
149.1		0.292351
149.2		0.292351
149.3		0.292351
149.4		0.292351
149.5		0.292351
149.6		0.292351
149.7		0.292351
149.8		0.292351
149.9		0.292351
150		0.292351
150.1		0.293373
150.2		0.293373
150.3		0.293373
150.4		0.293373
150.5		0.293373
150.6		0.293373
150.7		0.293373
150.8		0.293373
150.9		0.293373
151		0.293373
151.1		0.294168
151.2		0.294168
151.3		0.294168
151.4		0.294168
151.5		0.294168
151.6		0.294168
151.7		0.294168
151.8		0.294168
151.9		0.294168
152		0.294168
152.1		0.298813
152.2		0.298813
152.3		0.298813
152.4		0.298813
152.5		0.298813
152.6		0.298813
152.7		0.298813
152.8		0.298813
152.9		0.298813
153		0.298813
153.1		0.30063
153.2		0.30063
153.3		0.30063
153.4		0.30063
153.5		0.30063
153.6		0.30063
153.7		0.30063
153.8		0.30063
153.9		0.30063
154		0.30063
154.1		0.301685
154.2		0.301685
154.3		0.301685
154.4		0.301685
154.5		0.301685
154.6		0.301685
154.7		0.301685
154.8		0.301685
154.9		0.301685
155		0.301685
155.1		0.303731
155.2		0.303731
155.3		0.303731
155.4		0.303731
155.5		0.303731
155.6		0.303731
155.7		0.303731
155.8		0.303731
155.9		0.303731
156		0.303731
156.1		0.304949
156.2		0.304949
156.3		0.304949
156.4		0.304949
156.5		0.304949
156.6		0.304949
156.7		0.304949
156.8		0.304949
156.9		0.304949
157		0.304949
157.1		0.309605
157.2		0.309605
157.3		0.309605
157.4		0.309605
157.5		0.309605
157.6		0.309605
157.7		0.309605
157.8		0.309605
157.9		0.309605
158		0.309605
158.1		0.310443
158.2		0.310443
158.3		0.310443
158.4		0.310443
158.5		0.310443
158.6		0.310443
158.7		0.310443
158.8		0.310443
158.9		0.310443
159		0.310443
159.1		0.312336
159.2		0.312336
159.3		0.312336
159.4		0.312336
159.5		0.312336
159.6		0.312336
159.7		0.312336
159.8		0.312336
159.9		0.312336
160		0.312336
160.1		0.314653
160.2		0.314653
160.3		0.314653
160.4		0.314653
160.5		0.314653
160.6		0.314653
160.7		0.314653
160.8		0.314653
160.9		0.314653
161		0.314653
161.1		0.316427
161.2		0.316427
161.3		0.316427
161.4		0.316427
161.5		0.316427
161.6		0.316427
161.7		0.316427
161.8		0.316427
161.9		0.316427
162		0.316427
162.1		0.317863
162.2		0.317863
162.3		0.317863
162.4		0.317863
162.5		0.317863
162.6		0.317863
162.7		0.317863
162.8		0.317863
162.9		0.317863
163		0.317863
163.1		0.321083
163.2		0.321083
163.3		0.321083
163.4		0.321083
163.5		0.321083
163.6		0.321083
163.7		0.321083
163.8		0.321083
163.9		0.321083
164		0.321083
164.1		0.324467
164.2		0.324467
164.3		0.324467
164.4		0.324467
164.5		0.324467
164.6		0.324467
164.7		0.324467
164.8		0.324467
164.9		0.324467
165		0.324467
165.1		0.326991
165.2		0.326991
165.3		0.326991
165.4		0.326991
165.5		0.326991
165.6		0.326991
165.7		0.326991
165.8		0.326991
165.9		0.326991
166		0.326991
166.1		0.327208
166.2		0.327208
166.3		0.327208
166.4		0.327208
166.5		0.327208
166.6		0.327208
166.7		0.327208
166.8		0.327208
166.9		0.327208
167		0.327208
167.1		0.329428
167.2		0.329428
167.3		0.329428
167.4		0.329428
167.5		0.329428
167.6		0.329428
167.7		0.329428
167.8		0.329428
167.9		0.329428
168		0.329428
168.1		0.332572
168.2		0.332572
168.3		0.332572
168.4		0.332572
168.5		0.332572
168.6		0.332572
168.7		0.332572
168.8		0.332572
168.9		0.332572
169		0.332572
169.1		0.334421
169.2		0.334421
169.3		0.334421
169.4		0.334421
169.5		0.334421
169.6		0.334421
169.7		0.334421
169.8		0.334421
169.9		0.334421
170		0.334421
170.1		0.335716
170.2		0.335716
170.3		0.335716
170.4		0.335716
170.5		0.335716
170.6		0.335716
170.7		0.335716
170.8		0.335716
170.9		0.335716
171		0.335716
171.1		0.3375
171.2		0.3375
171.3		0.3375
171.4		0.3375
171.5		0.3375
171.6		0.3375
171.7		0.3375
171.8		0.3375
171.9		0.3375
172		0.3375
172.1		0.341123
172.2		0.341123
172.3		0.341123
172.4		0.341123
172.5		0.341123
172.6		0.341123
172.7		0.341123
172.8		0.341123
172.9		0.341123
173		0.341123
173.1		0.343647
173.2		0.343647
173.3		0.343647
173.4		0.343647
173.5		0.343647
173.6		0.343647
173.7		0.343647
173.8		0.343647
173.9		0.343647
174		0.343647
174.1		0.343984
174.2		0.343984
174.3		0.343984
174.4		0.343984
174.5		0.343984
174.6		0.343984
174.7		0.343984
174.8		0.343984
174.9		0.343984
175		0.343984
175.1		0.348532
175.2		0.348532
175.3		0.348532
175.4		0.348532
175.5		0.348532
175.6		0.348532
175.7		0.348532
175.8		0.348532
175.9		0.348532
176		0.348532
176.1		0.34925
176.2		0.34925
176.3		0.34925
176.4		0.34925
176.5		0.34925
176.6		0.34925
176.7		0.34925
176.8		0.34925
176.9		0.34925
177		0.34925
177.1		0.352525
177.2		0.352525
177.3		0.352525
177.4		0.352525
177.5		0.352525
177.6		0.352525
177.7		0.352525
177.8		0.352525
177.9		0.352525
178		0.352525
178.1		0.353504
178.2		0.353504
178.3		0.353504
178.4		0.353504
178.5		0.353504
178.6		0.353504
178.7		0.353504
178.8		0.353504
178.9		0.353504
179		0.353504
179.1		0.35544
179.2		0.35544
179.3		0.35544
179.4		0.35544
179.5		0.35544
179.6		0.35544
179.7		0.35544
179.8		0.35544
179.9		0.35544
180		0.35544
180.1		0.355821
180.2		0.355821
180.3		0.355821
180.4		0.355821
180.5		0.355821
180.6		0.355821
180.7		0.355821
180.8		0.355821
180.9		0.355821
181		0.355821
181.1		0.359487
181.2		0.359487
181.3		0.359487
181.4		0.359487
181.5		0.359487
181.6		0.359487
181.7		0.359487
181.8		0.359487
181.9		0.359487
182		0.359487
182.1		0.364775
182.2		0.364775
182.3		0.364775
182.4		0.364775
182.5		0.364775
182.6		0.364775
182.7		0.364775
182.8		0.364775
182.9		0.364775
183		0.364775
183.1		0.365068
183.2		0.365068
183.3		0.365068
183.4		0.365068
183.5		0.365068
183.6		0.365068
183.7		0.365068
183.8		0.365068
183.9		0.365068
184		0.365068
184.1		0.366146
184.2		0.366146
184.3		0.366146
184.4		0.366146
184.5		0.366146
184.6		0.366146
184.7		0.366146
184.8		0.366146
184.9		0.366146
185		0.366146
185.1		0.366363
185.2		0.366363
185.3		0.366363
185.4		0.366363
185.5		0.366363
185.6		0.366363
185.7		0.366363
185.8		0.366363
185.9		0.366363
186		0.366363
186.1		0.372118
186.2		0.372118
186.3		0.372118
186.4		0.372118
186.5		0.372118
186.6		0.372118
186.7		0.372118
186.8		0.372118
186.9		0.372118
187		0.372118
187.1		0.372597
187.2		0.372597
187.3		0.372597
187.4		0.372597
187.5		0.372597
187.6		0.372597
187.7		0.372597
187.8		0.372597
187.9		0.372597
188		0.372597
188.1		0.37486
188.2		0.37486
188.3		0.37486
188.4		0.37486
188.5		0.37486
188.6		0.37486
188.7		0.37486
188.8		0.37486
188.9		0.37486
189		0.37486
189.1		0.378352
189.2		0.378352
189.3		0.378352
189.4		0.378352
189.5		0.378352
189.6		0.378352
189.7		0.378352
189.8		0.378352
189.9		0.378352
190		0.378352
190.1		0.381453
190.2		0.381453
190.3		0.381453
190.4		0.381453
190.5		0.381453
190.6		0.381453
190.7		0.381453
190.8		0.381453
190.9		0.381453
191		0.381453
191.1		0.381649
191.2		0.381649
191.3		0.381649
191.4		0.381649
191.5		0.381649
191.6		0.381649
191.7		0.381649
191.8		0.381649
191.9		0.381649
192		0.381649
192.1		0.383531
192.2		0.383531
192.3		0.383531
192.4		0.383531
192.5		0.383531
192.6		0.383531
192.7		0.383531
192.8		0.383531
192.9		0.383531
193		0.383531
193.1		0.384151
193.2		0.384151
193.3		0.384151
193.4		0.384151
193.5		0.384151
193.6		0.384151
193.7		0.384151
193.8		0.384151
193.9		0.384151
194		0.384151
194.1		0.386664
194.2		0.386664
194.3		0.386664
194.4		0.386664
194.5		0.386664
194.6		0.386664
194.7		0.386664
194.8		0.386664
194.9		0.386664
195		0.386664
195.1		0.389754
195.2		0.389754
195.3		0.389754
195.4		0.389754
195.5		0.389754
195.6		0.389754
195.7		0.389754
195.8		0.389754
195.9		0.389754
196		0.389754
196.1		0.392593
196.2		0.392593
196.3		0.392593
196.4		0.392593
196.5		0.392593
196.6		0.392593
196.7		0.392593
196.8		0.392593
196.9		0.392593
197		0.392593
197.1		0.392811
197.2		0.392811
197.3		0.392811
197.4		0.392811
197.5		0.392811
197.6		0.392811
197.7		0.392811
197.8		0.392811
197.9		0.392811
198		0.392811
198.1		0.394834
198.2		0.394834
198.3		0.394834
198.4		0.394834
198.5		0.394834
198.6		0.394834
198.7		0.394834
198.8		0.394834
198.9		0.394834
199		0.394834
199.1		0.39824
199.2		0.39824
199.3		0.39824
199.4		0.39824
199.5		0.39824
199.6		0.39824
199.7		0.39824
199.8		0.39824
199.9		0.39824
200		0.39824
200.1		0.400764
200.2		0.400764
200.3		0.400764
200.4		0.400764
200.5		0.400764
200.6		0.400764
200.7		0.400764
200.8		0.400764
200.9		0.400764
201		0.400764
201.1		0.401841
201.2		0.401841
201.3		0.401841
201.4		0.401841
201.5		0.401841
201.6		0.401841
201.7		0.401841
201.8		0.401841
201.9		0.401841
202		0.401841
202.1		0.403222
202.2		0.403222
202.3		0.403222
202.4		0.403222
202.5		0.403222
202.6		0.403222
202.7		0.403222
202.8		0.403222
202.9		0.403222
203		0.403222
203.1		0.407629
203.2		0.407629
203.3		0.407629
203.4		0.407629
203.5		0.407629
203.6		0.407629
203.7		0.407629
203.8		0.407629
203.9		0.407629
204		0.407629
204.1		0.408477
204.2		0.408477
204.3		0.408477
204.4		0.408477
204.5		0.408477
204.6		0.408477
204.7		0.408477
204.8		0.408477
204.9		0.408477
205		0.408477
205.1		0.412459
205.2		0.412459
205.3		0.412459
205.4		0.412459
205.5		0.412459
205.6		0.412459
205.7		0.412459
205.8		0.412459
205.9		0.412459
206		0.412459
206.1		0.415843
206.2		0.415843
206.3		0.415843
206.4		0.415843
206.5		0.415843
206.6		0.415843
206.7		0.415843
206.8		0.415843
206.9		0.415843
207		0.415843
207.1		0.416256
207.2		0.416256
207.3		0.416256
207.4		0.416256
207.5		0.416256
207.6		0.416256
207.7		0.416256
207.8		0.416256
207.9		0.416256
208		0.416256
208.1		0.419411
208.2		0.419411
208.3		0.419411
208.4		0.419411
208.5		0.419411
208.6		0.419411
208.7		0.419411
208.8		0.419411
208.9		0.419411
209		0.419411
209.1		0.42162
209.2		0.42162
209.3		0.42162
209.4		0.42162
209.5		0.42162
209.6		0.42162
209.7		0.42162
209.8		0.42162
209.9		0.42162
210		0.42162
210.1		0.422446
210.2		0.422446
210.3		0.422446
210.4		0.422446
210.5		0.422446
210.6		0.422446
210.7		0.422446
210.8		0.422446
210.9		0.422446
211		0.422446
211.1		0.427614
211.2		0.427614
211.3		0.427614
211.4		0.427614
211.5		0.427614
211.6		0.427614
211.7		0.427614
211.8		0.427614
211.9		0.427614
212		0.427614
212.1		0.4288
212.2		0.4288
212.3		0.4288
212.4		0.4288
212.5		0.4288
212.6		0.4288
212.7		0.4288
212.8		0.4288
212.9		0.4288
213		0.4288
213.1		0.431509
213.2		0.431509
213.3		0.431509
213.4		0.431509
213.5		0.431509
213.6		0.431509
213.7		0.431509
213.8		0.431509
213.9		0.431509
214		0.431509
214.1		0.431813
214.2		0.431813
214.3		0.431813
214.4		0.431813
214.5		0.431813
214.6		0.431813
214.7		0.431813
214.8		0.431813
214.9		0.431813
215		0.431813
215.1		0.433032
215.2		0.433032
215.3		0.433032
215.4		0.433032
215.5		0.433032
215.6		0.433032
215.7		0.433032
215.8		0.433032
215.9		0.433032
216		0.433032
216.1		0.43672
216.2		0.43672
216.3		0.43672
216.4		0.43672
216.5		0.43672
216.6		0.43672
216.7		0.43672
216.8		0.43672
216.9		0.43672
217		0.43672
217.1		0.438994
217.2		0.438994
217.3		0.438994
217.4		0.438994
217.5		0.438994
217.6		0.438994
217.7		0.438994
217.8		0.438994
217.9		0.438994
218		0.438994
218.1		0.439625
218.2		0.439625
218.3		0.439625
218.4		0.439625
218.5		0.439625
218.6		0.439625
218.7		0.439625
218.8		0.439625
218.9		0.439625
219		0.439625
219.1		0.443476
219.2		0.443476
219.3		0.443476
219.4		0.443476
219.5		0.443476
219.6		0.443476
219.7		0.443476
219.8		0.443476
219.9		0.443476
220		0.443476
220.1		0.446512
220.2		0.446512
220.3		0.446512
220.4		0.446512
220.5		0.446512
220.6		0.446512
220.7		0.446512
220.8		0.446512
220.9		0.446512
221		0.446512
221.1		0.447034
221.2		0.447034
221.3		0.447034
221.4		0.447034
221.5		0.447034
221.6		0.447034
221.7		0.447034
221.8		0.447034
221.9		0.447034
222		0.447034
222.1		0.447817
222.2		0.447817
222.3		0.447817
222.4		0.447817
222.5		0.447817
222.6		0.447817
222.7		0.447817
222.8		0.447817
222.9		0.447817
223		0.447817
223.1		0.449699
223.2		0.449699
223.3		0.449699
223.4		0.449699
223.5		0.449699
223.6		0.449699
223.7		0.449699
223.8		0.449699
223.9		0.449699
224		0.449699
224.1		0.455987
224.2		0.455987
224.3		0.455987
224.4		0.455987
224.5		0.455987
224.6		0.455987
224.7		0.455987
224.8		0.455987
224.9		0.455987
225		0.455987
225.1		0.456564
225.2		0.456564
225.3		0.456564
225.4		0.456564
225.5		0.456564
225.6		0.456564
225.7		0.456564
225.8		0.456564
225.9		0.456564
226		0.456564
226.1		0.456684
226.2		0.456684
226.3		0.456684
226.4		0.456684
226.5		0.456684
226.6		0.456684
226.7		0.456684
226.8		0.456684
226.9		0.456684
227		0.456684
227.1		0.457271
227.2		0.457271
227.3		0.457271
227.4		0.457271
227.5		0.457271
227.6		0.457271
227.7		0.457271
227.8		0.457271
227.9		0.457271
228		0.457271
228.1		0.463396
228.2		0.463396
228.3		0.463396
228.4		0.463396
228.5		0.463396
228.6		0.463396
228.7		0.463396
228.8		0.463396
228.9		0.463396
229		0.463396
229.1		0.464756
229.2		0.464756
229.3		0.464756
229.4		0.464756
229.5		0.464756
229.6		0.464756
229.7		0.464756
229.8		0.464756
229.9		0.464756
230		0.464756
230.1		0.46728
230.2		0.46728
230.3		0.46728
230.4		0.46728
230.5		0.46728
230.6		0.46728
230.7		0.46728
230.8		0.46728
230.9		0.46728
231		0.46728
231.1		0.467781
231.2		0.467781
231.3		0.467781
231.4		0.467781
231.5		0.467781
231.6		0.467781
231.7		0.467781
231.8		0.467781
231.9		0.467781
232		0.467781
232.1		0.469826
232.2		0.469826
232.3		0.469826
232.4		0.469826
232.5		0.469826
232.6		0.469826
232.7		0.469826
232.8		0.469826
232.9		0.469826
233		0.469826
233.1		0.470229
233.2		0.470229
233.3		0.470229
233.4		0.470229
233.5		0.470229
233.6		0.470229
233.7		0.470229
233.8		0.470229
233.9		0.470229
234		0.470229
234.1		0.474461
234.2		0.474461
234.3		0.474461
234.4		0.474461
234.5		0.474461
234.6		0.474461
234.7		0.474461
234.8		0.474461
234.9		0.474461
235		0.474461
235.1		0.475244
235.2		0.475244
235.3		0.475244
235.4		0.475244
235.5		0.475244
235.6		0.475244
235.7		0.475244
235.8		0.475244
235.9		0.475244
236		0.475244
236.1		0.479813
236.2		0.479813
236.3		0.479813
236.4		0.479813
236.5		0.479813
236.6		0.479813
236.7		0.479813
236.8		0.479813
236.9		0.479813
237		0.479813
237.1		0.48039
237.2		0.48039
237.3		0.48039
237.4		0.48039
237.5		0.48039
237.6		0.48039
237.7		0.48039
237.8		0.48039
237.9		0.48039
238		0.48039
238.1		0.481097
238.2		0.481097
238.3		0.481097
238.4		0.481097
238.5		0.481097
238.6		0.481097
238.7		0.481097
238.8		0.481097
238.9		0.481097
239		0.481097
239.1		0.483708
239.2		0.483708
239.3		0.483708
239.4		0.483708
239.5		0.483708
239.6		0.483708
239.7		0.483708
239.8		0.483708
239.9		0.483708
240		0.483708
240.1		0.486711
240.2		0.486711
240.3		0.486711
240.4		0.486711
240.5		0.486711
240.6		0.486711
240.7		0.486711
240.8		0.486711
240.9		0.486711
241		0.486711
241.1		0.490649
241.2		0.490649
241.3		0.490649
241.4		0.490649
241.5		0.490649
241.6		0.490649
241.7		0.490649
241.8		0.490649
241.9		0.490649
242		0.490649
242.1		0.49128
242.2		0.49128
242.3		0.49128
242.4		0.49128
242.5		0.49128
242.6		0.49128
242.7		0.49128
242.8		0.49128
242.9		0.49128
243		0.49128
243.1		0.493336
243.2		0.493336
243.3		0.493336
243.4		0.493336
243.5		0.493336
243.6		0.493336
243.7		0.493336
243.8		0.493336
243.9		0.493336
244		0.493336
244.1		0.495958
244.2		0.495958
244.3		0.495958
244.4		0.495958
244.5		0.495958
244.6		0.495958
244.7		0.495958
244.8		0.495958
244.9		0.495958
245		0.495958
245.1		0.498678
245.2		0.498678
245.3		0.498678
245.4		0.498678
245.5		0.498678
245.6		0.498678
245.7		0.498678
245.8		0.498678
245.9		0.498678
246		0.498678
246.1		0.498961
246.2		0.498961
246.3		0.498961
246.4		0.498961
246.5		0.498961
246.6		0.498961
246.7		0.498961
246.8		0.498961
246.9		0.498961
247		0.498961
247.1		0.503324
247.2		0.503324
247.3		0.503324
247.4		0.503324
247.5		0.503324
247.6		0.503324
247.7		0.503324
247.8		0.503324
247.9		0.503324
248		0.503324
248.1		0.505195
248.2		0.505195
248.3		0.505195
248.4		0.505195
248.5		0.505195
248.6		0.505195
248.7		0.505195
248.8		0.505195
248.9		0.505195
249		0.505195
249.1		0.506033
249.2		0.506033
249.3		0.506033
249.4		0.506033
249.5		0.506033
249.6		0.506033
249.7		0.506033
249.8		0.506033
249.9		0.506033
250		0.506033
250.1		0.511189
250.2		0.511189
250.3		0.511189
250.4		0.511189
250.5		0.511189
250.6		0.511189
250.7		0.511189
250.8		0.511189
250.9		0.511189
251		0.511189
251.1		0.513072
251.2		0.513072
251.3		0.513072
251.4		0.513072
251.5		0.513072
251.6		0.513072
251.7		0.513072
251.8		0.513072
251.9		0.513072
252		0.513072
252.1		0.513724
252.2		0.513724
252.3		0.513724
252.4		0.513724
252.5		0.513724
252.6		0.513724
252.7		0.513724
252.8		0.513724
252.9		0.513724
253		0.513724
253.1		0.515987
253.2		0.515987
253.3		0.515987
253.4		0.515987
253.5		0.515987
253.6		0.515987
253.7		0.515987
253.8		0.515987
253.9		0.515987
254		0.515987
254.1		0.520644
254.2		0.520644
254.3		0.520644
254.4		0.520644
254.5		0.520644
254.6		0.520644
254.7		0.520644
254.8		0.520644
254.9		0.520644
255		0.520644
255.1		0.520905
255.2		0.520905
255.3		0.520905
255.4		0.520905
255.5		0.520905
255.6		0.520905
255.7		0.520905
255.8		0.520905
255.9		0.520905
256		0.520905
256.1		0.524256
256.2		0.524256
256.3		0.524256
256.4		0.524256
256.5		0.524256
256.6		0.524256
256.7		0.524256
256.8		0.524256
256.9		0.524256
257		0.524256
257.1		0.524582
257.2		0.524582
257.3		0.524582
257.4		0.524582
257.5		0.524582
257.6		0.524582
257.7		0.524582
257.8		0.524582
257.9		0.524582
258		0.524582
258.1		0.528629
258.2		0.528629
258.3		0.528629
258.4		0.528629
258.5		0.528629
258.6		0.528629
258.7		0.528629
258.8		0.528629
258.9		0.528629
259		0.528629
259.1		0.529467
259.2		0.529467
259.3		0.529467
259.4		0.529467
259.5		0.529467
259.6		0.529467
259.7		0.529467
259.8		0.529467
259.9		0.529467
260		0.529467
260.1		0.531012
260.2		0.531012
260.3		0.531012
260.4		0.531012
260.5		0.531012
260.6		0.531012
260.7		0.531012
260.8		0.531012
260.9		0.531012
261		0.531012
261.1		0.532121
261.2		0.532121
261.3		0.532121
261.4		0.532121
261.5		0.532121
261.6		0.532121
261.7		0.532121
261.8		0.532121
261.9		0.532121
262		0.532121
262.1		0.536669
262.2		0.536669
262.3		0.536669
262.4		0.536669
262.5		0.536669
262.6		0.536669
262.7		0.536669
262.8		0.536669
262.9		0.536669
263		0.536669
263.1		0.538192
263.2		0.538192
263.3		0.538192
263.4		0.538192
263.5		0.538192
263.6		0.538192
263.7		0.538192
263.8		0.538192
263.9		0.538192
264		0.538192
264.1		0.540433
264.2		0.540433
264.3		0.540433
264.4		0.540433
264.5		0.540433
264.6		0.540433
264.7		0.540433
264.8		0.540433
264.9		0.540433
265		0.540433
265.1		0.54324
265.2		0.54324
265.3		0.54324
265.4		0.54324
265.5		0.54324
265.6		0.54324
265.7		0.54324
265.8		0.54324
265.9		0.54324
266		0.54324
266.1		0.544089
266.2		0.544089
266.3		0.544089
266.4		0.544089
266.5		0.544089
266.6		0.544089
266.7		0.544089
266.8		0.544089
266.9		0.544089
267		0.544089
267.1		0.548397
267.2		0.548397
267.3		0.548397
267.4		0.548397
267.5		0.548397
267.6		0.548397
267.7		0.548397
267.8		0.548397
267.9		0.548397
268		0.548397
268.1		0.550268
268.2		0.550268
268.3		0.550268
268.4		0.550268
268.5		0.550268
268.6		0.550268
268.7		0.550268
268.8		0.550268
268.9		0.550268
269		0.550268
269.1		0.551487
269.2		0.551487
269.3		0.551487
269.4		0.551487
269.5		0.551487
269.6		0.551487
269.7		0.551487
269.8		0.551487
269.9		0.551487
270		0.551487
270.1		0.553717
270.2		0.553717
270.3		0.553717
270.4		0.553717
270.5		0.553717
270.6		0.553717
270.7		0.553717
270.8		0.553717
270.9		0.553717
271		0.553717
271.1		0.554718
271.2		0.554718
271.3		0.554718
271.4		0.554718
271.5		0.554718
271.6		0.554718
271.7		0.554718
271.8		0.554718
271.9		0.554718
272		0.554718
272.1		0.559983
272.2		0.559983
272.3		0.559983
272.4		0.559983
272.5		0.559983
272.6		0.559983
272.7		0.559983
272.8		0.559983
272.9		0.559983
273		0.559983
273.1		0.56081
273.2		0.56081
273.3		0.56081
273.4		0.56081
273.5		0.56081
273.6		0.56081
273.7		0.56081
273.8		0.56081
273.9		0.56081
274		0.56081
274.1		0.561191
274.2		0.561191
274.3		0.561191
274.4		0.561191
274.5		0.561191
274.6		0.561191
274.7		0.561191
274.8		0.561191
274.9		0.561191
275		0.561191
275.1		0.563846
275.2		0.563846
275.3		0.563846
275.4		0.563846
275.5		0.563846
275.6		0.563846
275.7		0.563846
275.8		0.563846
275.9		0.563846
276		0.563846
276.1		0.569394
276.2		0.569394
276.3		0.569394
276.4		0.569394
276.5		0.569394
276.6		0.569394
276.7		0.569394
276.8		0.569394
276.9		0.569394
277		0.569394
277.1		0.569731
277.2		0.569731
277.3		0.569731
277.4		0.569731
277.5		0.569731
277.6		0.569731
277.7		0.569731
277.8		0.569731
277.9		0.569731
278		0.569731
278.1		0.571711
278.2		0.571711
278.3		0.571711
278.4		0.571711
278.5		0.571711
278.6		0.571711
278.7		0.571711
278.8		0.571711
278.9		0.571711
279		0.571711
279.1		0.572876
279.2		0.572876
279.3		0.572876
279.4		0.572876
279.5		0.572876
279.6		0.572876
279.7		0.572876
279.8		0.572876
279.9		0.572876
280		0.572876
280.1		0.574964
280.2		0.574964
280.3		0.574964
280.4		0.574964
280.5		0.574964
280.6		0.574964
280.7		0.574964
280.8		0.574964
280.9		0.574964
281		0.574964
281.1		0.577924
281.2		0.577924
281.3		0.577924
281.4		0.577924
281.5		0.577924
281.6		0.577924
281.7		0.577924
281.8		0.577924
281.9		0.577924
282		0.577924
282.1		0.578718
282.2		0.578718
282.3		0.578718
282.4		0.578718
282.5		0.578718
282.6		0.578718
282.7		0.578718
282.8		0.578718
282.9		0.578718
283		0.578718
283.1		0.579904
283.2		0.579904
283.3		0.579904
283.4		0.579904
283.5		0.579904
283.6		0.579904
283.7		0.579904
283.8		0.579904
283.9		0.579904
284		0.579904
284.1		0.585256
284.2		0.585256
284.3		0.585256
284.4		0.585256
284.5		0.585256
284.6		0.585256
284.7		0.585256
284.8		0.585256
284.9		0.585256
285		0.585256
285.1		0.585746
285.2		0.585746
285.3		0.585746
285.4		0.585746
285.5		0.585746
285.6		0.585746
285.7		0.585746
285.8		0.585746
285.9		0.585746
286		0.585746
286.1		0.588324
286.2		0.588324
286.3		0.588324
286.4		0.588324
286.5		0.588324
286.6		0.588324
286.7		0.588324
286.8		0.588324
286.9		0.588324
287		0.588324
287.1		0.594504
287.2		0.594504
287.3		0.594504
287.4		0.594504
287.5		0.594504
287.6		0.594504
287.7		0.594504
287.8		0.594504
287.9		0.594504
288		0.594504
288.1		0.596516
288.2		0.596516
288.3		0.596516
288.4		0.596516
288.5		0.596516
288.6		0.596516
288.7		0.596516
288.8		0.596516
288.9		0.596516
289		0.596516
289.1		0.597202
289.2		0.597202
289.3		0.597202
289.4		0.597202
289.5		0.597202
289.6		0.597202
289.7		0.597202
289.8		0.597202
289.9		0.597202
290		0.597202
290.1		0.60089
290.2		0.60089
290.3		0.60089
290.4		0.60089
290.5		0.60089
290.6		0.60089
290.7		0.60089
290.8		0.60089
290.9		0.60089
291		0.60089
291.1		0.605525
291.2		0.605525
291.3		0.605525
291.4		0.605525
291.5		0.605525
291.6		0.605525
291.7		0.605525
291.8		0.605525
291.9		0.605525
292		0.605525
292.1		0.607243
292.2		0.607243
292.3		0.607243
292.4		0.607243
292.5		0.607243
292.6		0.607243
292.7		0.607243
292.8		0.607243
292.9		0.607243
293		0.607243
293.1		0.607243
293.2		0.607243
293.3		0.607243
293.4		0.607243
293.5		0.607243
293.6		0.607243
293.7		0.607243
293.8		0.607243
293.9		0.607243
294		0.607243
294.1		0.607243
294.2		0.607243
294.3		0.607243
294.4		0.607243
294.5		0.607243
294.6		0.607243
294.7		0.607243
294.8		0.607243
294.9		0.607243
295		0.607243
295.1		0.607243
295.2		0.607243
295.3		0.607243
295.4		0.607243
295.5		0.607243
295.6		0.607243
295.7		0.607243
295.8		0.607243
295.9		0.607243
296		0.607243
296.1		0.607885
296.2		0.607885
296.3		0.607885
296.4		0.607885
296.5		0.607885
296.6		0.607885
296.7		0.607885
296.8		0.607885
296.9		0.607885
297		0.607885
297.1		0.613717
297.2		0.613717
297.3		0.613717
297.4		0.613717
297.5		0.613717
297.6		0.613717
297.7		0.613717
297.8		0.613717
297.9		0.613717
298		0.613717
298.1		0.614185
298.2		0.614185
298.3		0.614185
298.4		0.614185
298.5		0.614185
298.6		0.614185
298.7		0.614185
298.8		0.614185
298.9		0.614185
299		0.614185
299.1		0.614826
299.2		0.614826
299.3		0.614826
299.4		0.614826
299.5		0.614826
299.6		0.614826
299.7		0.614826
299.8		0.614826
299.9		0.614826
300		0.614826
300.1		0.615175
300.2		0.615175
300.3		0.615175
300.4		0.615175
300.5		0.615175
300.6		0.615175
300.7		0.615175
300.8		0.615175
300.9		0.615175
301		0.615175
301.1		0.616458
301.2		0.616458
301.3		0.616458
301.4		0.616458
301.5		0.616458
301.6		0.616458
301.7		0.616458
301.8		0.616458
301.9		0.616458
302		0.616458
302.1		0.622888
302.2		0.622888
302.3		0.622888
302.4		0.622888
302.5		0.622888
302.6		0.622888
302.7		0.622888
302.8		0.622888
302.9		0.622888
303		0.622888
303.1		0.623998
303.2		0.623998
303.3		0.623998
303.4		0.623998
303.5		0.623998
303.6		0.623998
303.7		0.623998
303.8		0.623998
303.9		0.623998
304		0.623998
304.1		0.624346
304.2		0.624346
304.3		0.624346
304.4		0.624346
304.5		0.624346
304.6		0.624346
304.7		0.624346
304.8		0.624346
304.9		0.624346
305		0.624346
305.1		0.628121
305.2		0.628121
305.3		0.628121
305.4		0.628121
305.5		0.628121
305.6		0.628121
305.7		0.628121
305.8		0.628121
305.9		0.628121
306		0.628121
306.1		0.6291
306.2		0.6291
306.3		0.6291
306.4		0.6291
306.5		0.6291
306.6		0.6291
306.7		0.6291
306.8		0.6291
306.9		0.6291
307		0.6291
307.1		0.631613
307.2		0.631613
307.3		0.631613
307.4		0.631613
307.5		0.631613
307.6		0.631613
307.7		0.631613
307.8		0.631613
307.9		0.631613
308		0.631613
308.1		0.631918
308.2		0.631918
308.3		0.631918
308.4		0.631918
308.5		0.631918
308.6		0.631918
308.7		0.631918
308.8		0.631918
308.9		0.631918
309		0.631918
309.1		0.634148
309.2		0.634148
309.3		0.634148
309.4		0.634148
309.5		0.634148
309.6		0.634148
309.7		0.634148
309.8		0.634148
309.9		0.634148
310		0.634148
310.1		0.637706
310.2		0.637706
310.3		0.637706
310.4		0.637706
310.5		0.637706
310.6		0.637706
310.7		0.637706
310.8		0.637706
310.9		0.637706
311		0.637706
311.1		0.641339
311.2		0.641339
311.3		0.641339
311.4		0.641339
311.5		0.641339
311.6		0.641339
311.7		0.641339
311.8		0.641339
311.9		0.641339
312		0.641339
312.1		0.641611
312.2		0.641611
312.3		0.641611
312.4		0.641611
312.5		0.641611
312.6		0.641611
312.7		0.641611
312.8		0.641611
312.9		0.641611
313		0.641611
313.1		0.64332
313.2		0.64332
313.3		0.64332
313.4		0.64332
313.5		0.64332
313.6		0.64332
313.7		0.64332
313.8		0.64332
313.9		0.64332
314		0.64332
314.1		0.644734
314.2		0.644734
314.3		0.644734
314.4		0.644734
314.5		0.644734
314.6		0.644734
314.7		0.644734
314.8		0.644734
314.9		0.644734
315		0.644734
315.1		0.650315
315.2		0.650315
315.3		0.650315
315.4		0.650315
315.5		0.650315
315.6		0.650315
315.7		0.650315
315.8		0.650315
315.9		0.650315
316		0.650315
316.1		0.650815
316.2		0.650815
316.3		0.650815
316.4		0.650815
316.5		0.650815
316.6		0.650815
316.7		0.650815
316.8		0.650815
316.9		0.650815
317		0.650815
317.1		0.652752
317.2		0.652752
317.3		0.652752
317.4		0.652752
317.5		0.652752
317.6		0.652752
317.7		0.652752
317.8		0.652752
317.9		0.652752
318		0.652752
318.1		0.654144
318.2		0.654144
318.3		0.654144
318.4		0.654144
318.5		0.654144
318.6		0.654144
318.7		0.654144
318.8		0.654144
318.9		0.654144
319		0.654144
319.1		0.655885
319.2		0.655885
319.3		0.655885
319.4		0.655885
319.5		0.655885
319.6		0.655885
319.7		0.655885
319.8		0.655885
319.9		0.655885
320		0.655885
320.1		0.659497
320.2		0.659497
320.3		0.659497
320.4		0.659497
320.5		0.659497
320.6		0.659497
320.7		0.659497
320.8		0.659497
320.9		0.659497
321		0.659497
321.1		0.661173
321.2		0.661173
321.3		0.661173
321.4		0.661173
321.5		0.661173
321.6		0.661173
321.7		0.661173
321.8		0.661173
321.9		0.661173
322		0.661173
322.1		0.662696
322.2		0.662696
322.3		0.662696
322.4		0.662696
322.5		0.662696
322.6		0.662696
322.7		0.662696
322.8		0.662696
322.9		0.662696
323		0.662696
323.1		0.665872
323.2		0.665872
323.3		0.665872
323.4		0.665872
323.5		0.665872
323.6		0.665872
323.7		0.665872
323.8		0.665872
323.9		0.665872
324		0.665872
324.1		0.668712
324.2		0.668712
324.3		0.668712
324.4		0.668712
324.5		0.668712
324.6		0.668712
324.7		0.668712
324.8		0.668712
324.9		0.668712
325		0.668712
325.1		0.671029
325.2		0.671029
325.3		0.671029
325.4		0.671029
325.5		0.671029
325.6		0.671029
325.7		0.671029
325.8		0.671029
325.9		0.671029
326		0.671029
326.1		0.672248
326.2		0.672248
326.3		0.672248
326.4		0.672248
326.5		0.672248
326.6		0.672248
326.7		0.672248
326.8		0.672248
326.9		0.672248
327		0.672248
327.1		0.673684
327.2		0.673684
327.3		0.673684
327.4		0.673684
327.5		0.673684
327.6		0.673684
327.7		0.673684
327.8		0.673684
327.9		0.673684
328		0.673684
328.1		0.678123
328.2		0.678123
328.3		0.678123
328.4		0.678123
328.5		0.678123
328.6		0.678123
328.7		0.678123
328.8		0.678123
328.9		0.678123
329		0.678123
329.1		0.679287
329.2		0.679287
329.3		0.679287
329.4		0.679287
329.5		0.679287
329.6		0.679287
329.7		0.679287
329.8		0.679287
329.9		0.679287
330		0.679287
330.1		0.681038
330.2		0.681038
330.3		0.681038
330.4		0.681038
330.5		0.681038
330.6		0.681038
330.7		0.681038
330.8		0.681038
330.9		0.681038
331		0.681038
331.1		0.682376
331.2		0.682376
331.3		0.682376
331.4		0.682376
331.5		0.682376
331.6		0.682376
331.7		0.682376
331.8		0.682376
331.9		0.682376
332		0.682376
332.1		0.686728
332.2		0.686728
332.3		0.686728
332.4		0.686728
332.5		0.686728
332.6		0.686728
332.7		0.686728
332.8		0.686728
332.9		0.686728
333		0.686728
333.1		0.687098
333.2		0.687098
333.3		0.687098
333.4		0.687098
333.5		0.687098
333.6		0.687098
333.7		0.687098
333.8		0.687098
333.9		0.687098
334		0.687098
334.1		0.689165
334.2		0.689165
334.3		0.689165
334.4		0.689165
334.5		0.689165
334.6		0.689165
334.7		0.689165
334.8		0.689165
334.9		0.689165
335		0.689165
335.1		0.69059
335.2		0.69059
335.3		0.69059
335.4		0.69059
335.5		0.69059
335.6		0.69059
335.7		0.69059
335.8		0.69059
335.9		0.69059
336		0.69059
336.1		0.694779
336.2		0.694779
336.3		0.694779
336.4		0.694779
336.5		0.694779
336.6		0.694779
336.7		0.694779
336.8		0.694779
336.9		0.694779
337		0.694779
337.1		0.695443
337.2		0.695443
337.3		0.695443
337.4		0.695443
337.5		0.695443
337.6		0.695443
337.7		0.695443
337.8		0.695443
337.9		0.695443
338		0.695443
338.1		0.697738
338.2		0.697738
338.3		0.697738
338.4		0.697738
338.5		0.697738
338.6		0.697738
338.7		0.697738
338.8		0.697738
338.9		0.697738
339		0.697738
339.1		0.69826
339.2		0.69826
339.3		0.69826
339.4		0.69826
339.5		0.69826
339.6		0.69826
339.7		0.69826
339.8		0.69826
339.9		0.69826
340		0.69826
340.1		0.703754
340.2		0.703754
340.3		0.703754
340.4		0.703754
340.5		0.703754
340.6		0.703754
340.7		0.703754
340.8		0.703754
340.9		0.703754
341		0.703754
341.1		0.706866
341.2		0.706866
341.3		0.706866
341.4		0.706866
341.5		0.706866
341.6		0.706866
341.7		0.706866
341.8		0.706866
341.9		0.706866
342		0.706866
342.1		0.708531
342.2		0.708531
342.3		0.708531
342.4		0.708531
342.5		0.708531
342.6		0.708531
342.7		0.708531
342.8		0.708531
342.9		0.708531
343		0.708531
343.1		0.710728
343.2		0.710728
343.3		0.710728
343.4		0.710728
343.5		0.710728
343.6		0.710728
343.7		0.710728
343.8		0.710728
343.9		0.710728
344		0.710728
344.1		0.714427
344.2		0.714427
344.3		0.714427
344.4		0.714427
344.5		0.714427
344.6		0.714427
344.7		0.714427
344.8		0.714427
344.9		0.714427
345		0.714427
345.1		0.716995
345.2		0.716995
345.3		0.716995
345.4		0.716995
345.5		0.716995
345.6		0.716995
345.7		0.716995
345.8		0.716995
345.9		0.716995
346		0.716995
346.1		0.718942
346.2		0.718942
346.3		0.718942
346.4		0.718942
346.5		0.718942
346.6		0.718942
346.7		0.718942
346.8		0.718942
346.9		0.718942
347		0.718942
347.1		0.721803
347.2		0.721803
347.3		0.721803
347.4		0.721803
347.5		0.721803
347.6		0.721803
347.7		0.721803
347.8		0.721803
347.9		0.721803
348		0.721803
348.1		0.723218
348.2		0.723218
348.3		0.723218
348.4		0.723218
348.5		0.723218
348.6		0.723218
348.7		0.723218
348.8		0.723218
348.9		0.723218
349		0.723218
349.1		0.726764
349.2		0.726764
349.3		0.726764
349.4		0.726764
349.5		0.726764
349.6		0.726764
349.7		0.726764
349.8		0.726764
349.9		0.726764
350		0.726764
350.1		0.729375
350.2		0.729375
350.3		0.729375
350.4		0.729375
350.5		0.729375
350.6		0.729375
350.7		0.729375
350.8		0.729375
350.9		0.729375
351		0.729375
351.1		0.730964
351.2		0.730964
351.3		0.730964
351.4		0.730964
351.5		0.730964
351.6		0.730964
351.7		0.730964
351.8		0.730964
351.9		0.730964
352		0.730964
352.1		0.730964
352.2		0.730964
352.3		0.730964
352.4		0.730964
352.5		0.730964
352.6		0.730964
352.7		0.730964
352.8		0.730964
352.9		0.730964
353		0.730964
353.1		0.730964
353.2		0.730964
353.3		0.730964
353.4		0.730964
353.5		0.730964
353.6		0.730964
353.7		0.730964
353.8		0.730964
353.9		0.730964
354		0.730964
354.1		0.730964
354.2		0.730964
354.3		0.730964
354.4		0.730964
354.5		0.730964
354.6		0.730964
354.7		0.730964
354.8		0.730964
354.9		0.730964
355		0.730964
355.1		0.733336
355.2		0.733336
355.3		0.733336
355.4		0.733336
355.5		0.733336
355.6		0.733336
355.7		0.733336
355.8		0.733336
355.9		0.733336
356		0.733336
356.1		0.738394
356.2		0.738394
356.3		0.738394
356.4		0.738394
356.5		0.738394
356.6		0.738394
356.7		0.738394
356.8		0.738394
356.9		0.738394
357		0.738394
357.1		0.739025
357.2		0.739025
357.3		0.739025
357.4		0.739025
357.5		0.739025
357.6		0.739025
357.7		0.739025
357.8		0.739025
357.9		0.739025
358		0.739025
358.1		0.739025
358.2		0.739025
358.3		0.739025
358.4		0.739025
358.5		0.739025
358.6		0.739025
358.7		0.739025
358.8		0.739025
358.9		0.739025
359		0.739025
359.1		0.741462
359.2		0.741462
359.3		0.741462
359.4		0.741462
359.5		0.741462
359.6		0.741462
359.7		0.741462
359.8		0.741462
359.9		0.741462
360		0.741462
360.1		0.741767
360.2		0.741767
360.3		0.741767
360.4		0.741767
360.5		0.741767
360.6		0.741767
360.7		0.741767
360.8		0.741767
360.9		0.741767
361		0.741767
361.1		0.743823
361.2		0.743823
361.3		0.743823
361.4		0.743823
361.5		0.743823
361.6		0.743823
361.7		0.743823
361.8		0.743823
361.9		0.743823
362		0.743823
362.1		0.749524
362.2		0.749524
362.3		0.749524
362.4		0.749524
362.5		0.749524
362.6		0.749524
362.7		0.749524
362.8		0.749524
362.9		0.749524
363		0.749524
363.1		0.750481
363.2		0.750481
363.3		0.750481
363.4		0.750481
363.5		0.750481
363.6		0.750481
363.7		0.750481
363.8		0.750481
363.9		0.750481
364		0.750481
364.1		0.751917
364.2		0.751917
364.3		0.751917
364.4		0.751917
364.5		0.751917
364.6		0.751917
364.7		0.751917
364.8		0.751917
364.9		0.751917
365		0.751917
365.1		0.75232
365.2		0.75232
365.3		0.75232
365.4		0.75232
365.5		0.75232
365.6		0.75232
365.7		0.75232
365.8		0.75232
365.9		0.75232
366		0.75232
366.1		0.759076
366.2		0.759076
366.3		0.759076
366.4		0.759076
366.5		0.759076
366.6		0.759076
366.7		0.759076
366.8		0.759076
366.9		0.759076
367		0.759076
367.1		0.759359
367.2		0.759359
367.3		0.759359
367.4		0.759359
367.5		0.759359
367.6		0.759359
367.7		0.759359
367.8		0.759359
367.9		0.759359
368		0.759359
368.1		0.759674
368.2		0.759674
368.3		0.759674
368.4		0.759674
368.5		0.759674
368.6		0.759674
368.7		0.759674
368.8		0.759674
368.9		0.759674
369		0.759674
369.1		0.762982
369.2		0.762982
369.3		0.762982
369.4		0.762982
369.5		0.762982
369.6		0.762982
369.7		0.762982
369.8		0.762982
369.9		0.762982
370		0.762982
370.1		0.766169
370.2		0.766169
370.3		0.766169
370.4		0.766169
370.5		0.766169
370.6		0.766169
370.7		0.766169
370.8		0.766169
370.9		0.766169
371		0.766169
371.1		0.768367
371.2		0.768367
371.3		0.768367
371.4		0.768367
371.5		0.768367
371.6		0.768367
371.7		0.768367
371.8		0.768367
371.9		0.768367
372		0.768367
372.1		0.769836
372.2		0.769836
372.3		0.769836
372.4		0.769836
372.5		0.769836
372.6		0.769836
372.7		0.769836
372.8		0.769836
372.9		0.769836
373		0.769836
373.1		0.770162
373.2		0.770162
373.3		0.770162
373.4		0.770162
373.5		0.770162
373.6		0.770162
373.7		0.770162
373.8		0.770162
373.9		0.770162
374		0.770162
374.1		0.773992
374.2		0.773992
374.3		0.773992
374.4		0.773992
374.5		0.773992
374.6		0.773992
374.7		0.773992
374.8		0.773992
374.9		0.773992
375		0.773992
375.1		0.774405
375.2		0.774405
375.3		0.774405
375.4		0.774405
375.5		0.774405
375.6		0.774405
375.7		0.774405
375.8		0.774405
375.9		0.774405
376		0.774405
376.1		0.775341
376.2		0.775341
376.3		0.775341
376.4		0.775341
376.5		0.775341
376.6		0.775341
376.7		0.775341
376.8		0.775341
376.9		0.775341
377		0.775341
377.1		0.778605
377.2		0.778605
377.3		0.778605
377.4		0.778605
377.5		0.778605
377.6		0.778605
377.7		0.778605
377.8		0.778605
377.9		0.778605
378		0.778605
378.1		0.780628
378.2		0.780628
378.3		0.780628
378.4		0.780628
378.5		0.780628
378.6		0.780628
378.7		0.780628
378.8		0.780628
378.9		0.780628
379		0.780628
379.1		0.783457
379.2		0.783457
379.3		0.783457
379.4		0.783457
379.5		0.783457
379.6		0.783457
379.7		0.783457
379.8		0.783457
379.9		0.783457
380		0.783457
380.1		0.786188
380.2		0.786188
380.3		0.786188
380.4		0.786188
380.5		0.786188
380.6		0.786188
380.7		0.786188
380.8		0.786188
380.9		0.786188
381		0.786188
381.1		0.787047
381.2		0.787047
381.3		0.787047
381.4		0.787047
381.5		0.787047
381.6		0.787047
381.7		0.787047
381.8		0.787047
381.9		0.787047
382		0.787047
382.1		0.790235
382.2		0.790235
382.3		0.790235
382.4		0.790235
382.5		0.790235
382.6		0.790235
382.7		0.790235
382.8		0.790235
382.9		0.790235
383		0.790235
383.1		0.792748
383.2		0.792748
383.3		0.792748
383.4		0.792748
383.5		0.792748
383.6		0.792748
383.7		0.792748
383.8		0.792748
383.9		0.792748
384		0.792748
384.1		0.79352
384.2		0.79352
384.3		0.79352
384.4		0.79352
384.5		0.79352
384.6		0.79352
384.7		0.79352
384.8		0.79352
384.9		0.79352
385		0.79352
385.1		0.796904
385.2		0.796904
385.3		0.796904
385.4		0.796904
385.5		0.796904
385.6		0.796904
385.7		0.796904
385.8		0.796904
385.9		0.796904
386		0.796904
386.1		0.797382
386.2		0.797382
386.3		0.797382
386.4		0.797382
386.5		0.797382
386.6		0.797382
386.7		0.797382
386.8		0.797382
386.9		0.797382
387		0.797382
387.1		0.799482
387.2		0.799482
387.3		0.799482
387.4		0.799482
387.5		0.799482
387.6		0.799482
387.7		0.799482
387.8		0.799482
387.9		0.799482
388		0.799482
388.1		0.804443
388.2		0.804443
388.3		0.804443
388.4		0.804443
388.5		0.804443
388.6		0.804443
388.7		0.804443
388.8		0.804443
388.9		0.804443
389		0.804443
389.1		0.805335
389.2		0.805335
389.3		0.805335
389.4		0.805335
389.5		0.805335
389.6		0.805335
389.7		0.805335
389.8		0.805335
389.9		0.805335
390		0.805335
390.1		0.805542
390.2		0.805542
390.3		0.805542
390.4		0.805542
390.5		0.805542
390.6		0.805542
390.7		0.805542
390.8		0.805542
390.9		0.805542
391		0.805542
391.1		0.808109
391.2		0.808109
391.3		0.808109
391.4		0.808109
391.5		0.808109
391.6		0.808109
391.7		0.808109
391.8		0.808109
391.9		0.808109
392		0.808109
392.1		0.813734
392.2		0.813734
392.3		0.813734
392.4		0.813734
392.5		0.813734
392.6		0.813734
392.7		0.813734
392.8		0.813734
392.9		0.813734
393		0.813734
393.1		0.814235
393.2		0.814235
393.3		0.814235
393.4		0.814235
393.5		0.814235
393.6		0.814235
393.7		0.814235
393.8		0.814235
393.9		0.814235
394		0.814235
394.1		0.814463
394.2		0.814463
394.3		0.814463
394.4		0.814463
394.5		0.814463
394.6		0.814463
394.7		0.814463
394.8		0.814463
394.9		0.814463
395		0.814463
395.1		0.815779
395.2		0.815779
395.3		0.815779
395.4		0.815779
395.5		0.815779
395.6		0.815779
395.7		0.815779
395.8		0.815779
395.9		0.815779
396		0.815779
396.1		0.822449
396.2		0.822449
396.3		0.822449
396.4		0.822449
396.5		0.822449
396.6		0.822449
396.7		0.822449
396.8		0.822449
396.9		0.822449
397		0.822449
397.1		0.822938
397.2		0.822938
397.3		0.822938
397.4		0.822938
397.5		0.822938
397.6		0.822938
397.7		0.822938
397.8		0.822938
397.9		0.822938
398		0.822938
398.1		0.825691
398.2		0.825691
398.3		0.825691
398.4		0.825691
398.5		0.825691
398.6		0.825691
398.7		0.825691
398.8		0.825691
398.9		0.825691
399		0.825691
399.1		0.825984
399.2		0.825984
399.3		0.825984
399.4		0.825984
399.5		0.825984
399.6		0.825984
399.7		0.825984
399.8		0.825984
399.9		0.825984
400		0.825984
400.1		0.827888
400.2		0.827888
400.3		0.827888
400.4		0.827888
400.5		0.827888
400.6		0.827888
400.7		0.827888
400.8		0.827888
400.9		0.827888
401		0.827888
401.1		0.830097
401.2		0.830097
401.3		0.830097
401.4		0.830097
401.5		0.830097
401.6		0.830097
401.7		0.830097
401.8		0.830097
401.9		0.830097
402		0.830097
402.1		0.831794
402.2		0.831794
402.3		0.831794
402.4		0.831794
402.5		0.831794
402.6		0.831794
402.7		0.831794
402.8		0.831794
402.9		0.831794
403		0.831794
403.1		0.833208
403.2		0.833208
403.3		0.833208
403.4		0.833208
403.5		0.833208
403.6		0.833208
403.7		0.833208
403.8		0.833208
403.9		0.833208
404		0.833208
404.1		0.837429
404.2		0.837429
404.3		0.837429
404.4		0.837429
404.5		0.837429
404.6		0.837429
404.7		0.837429
404.8		0.837429
404.9		0.837429
405		0.837429
405.1		0.837723
405.2		0.837723
405.3		0.837723
405.4		0.837723
405.5		0.837723
405.6		0.837723
405.7		0.837723
405.8		0.837723
405.9		0.837723
406		0.837723
406.1		0.841063
406.2		0.841063
406.3		0.841063
406.4		0.841063
406.5		0.841063
406.6		0.841063
406.7		0.841063
406.8		0.841063
406.9		0.841063
407		0.841063
407.1		0.841553
407.2		0.841553
407.3		0.841553
407.4		0.841553
407.5		0.841553
407.6		0.841553
407.7		0.841553
407.8		0.841553
407.9		0.841553
408		0.841553
408.1		0.84436
408.2		0.84436
408.3		0.84436
408.4		0.84436
408.5		0.84436
408.6		0.84436
408.7		0.84436
408.8		0.84436
408.9		0.84436
409		0.84436
409.1		0.847819
409.2		0.847819
409.3		0.847819
409.4		0.847819
409.5		0.847819
409.6		0.847819
409.7		0.847819
409.8		0.847819
409.9		0.847819
410		0.847819
410.1		0.850202
410.2		0.850202
410.3		0.850202
410.4		0.850202
410.5		0.850202
410.6		0.850202
410.7		0.850202
410.8		0.850202
410.9		0.850202
411		0.850202
411.1		0.851409
411.2		0.851409
411.3		0.851409
411.4		0.851409
411.5		0.851409
411.6		0.851409
411.7		0.851409
411.8		0.851409
411.9		0.851409
412		0.851409
412.1		0.851681
412.2		0.851681
412.3		0.851681
412.4		0.851681
412.5		0.851681
412.6		0.851681
412.7		0.851681
412.8		0.851681
412.9		0.851681
413		0.851681
413.1		0.854695
413.2		0.854695
413.3		0.854695
413.4		0.854695
413.5		0.854695
413.6		0.854695
413.7		0.854695
413.8		0.854695
413.9		0.854695
414		0.854695
414.1		0.857796
414.2		0.857796
414.3		0.857796
414.4		0.857796
414.5		0.857796
414.6		0.857796
414.7		0.857796
414.8		0.857796
414.9		0.857796
415		0.857796
415.1		0.859515
415.2		0.859515
415.3		0.859515
415.4		0.859515
415.5		0.859515
415.6		0.859515
415.7		0.859515
415.8		0.859515
415.9		0.859515
416		0.859515
416.1		0.860015
416.2		0.860015
416.3		0.860015
416.4		0.860015
416.5		0.860015
416.6		0.860015
416.7		0.860015
416.8		0.860015
416.9		0.860015
417		0.860015
417.1		0.861277
417.2		0.861277
417.3		0.861277
417.4		0.861277
417.5		0.861277
417.6		0.861277
417.7		0.861277
417.8		0.861277
417.9		0.861277
418		0.861277
418.1		0.866945
418.2		0.866945
418.3		0.866945
418.4		0.866945
418.5		0.866945
418.6		0.866945
418.7		0.866945
418.8		0.866945
418.9		0.866945
419		0.866945
419.1		0.867576
419.2		0.867576
419.3		0.867576
419.4		0.867576
419.5		0.867576
419.6		0.867576
419.7		0.867576
419.8		0.867576
419.9		0.867576
420		0.867576
420.1		0.868425
420.2		0.868425
420.3		0.868425
420.4		0.868425
420.5		0.868425
420.6		0.868425
420.7		0.868425
420.8		0.868425
420.9		0.868425
421		0.868425
421.1		0.870394
421.2		0.870394
421.3		0.870394
421.4		0.870394
421.5		0.870394
421.6		0.870394
421.7		0.870394
421.8		0.870394
421.9		0.870394
422		0.870394
422.1		0.873277
422.2		0.873277
422.3		0.873277
422.4		0.873277
422.5		0.873277
422.6		0.873277
422.7		0.873277
422.8		0.873277
422.9		0.873277
423		0.873277
423.1		0.876312
423.2		0.876312
423.3		0.876312
423.4		0.876312
423.5		0.876312
423.6		0.876312
423.7		0.876312
423.8		0.876312
423.9		0.876312
424		0.876312
424.1		0.876889
424.2		0.876889
424.3		0.876889
424.4		0.876889
424.5		0.876889
424.6		0.876889
424.7		0.876889
424.8		0.876889
424.9		0.876889
425		0.876889
425.1		0.879097
425.2		0.879097
425.3		0.879097
425.4		0.879097
425.5		0.879097
425.6		0.879097
425.7		0.879097
425.8		0.879097
425.9		0.879097
426		0.879097
426.1		0.882764
426.2		0.882764
426.3		0.882764
426.4		0.882764
426.5		0.882764
426.6		0.882764
426.7		0.882764
426.8		0.882764
426.9		0.882764
427		0.882764
427.1		0.884624
427.2		0.884624
427.3		0.884624
427.4		0.884624
427.5		0.884624
427.6		0.884624
427.7		0.884624
427.8		0.884624
427.9		0.884624
428		0.884624
428.1		0.886441
428.2		0.886441
428.3		0.886441
428.4		0.886441
428.5		0.886441
428.6		0.886441
428.7		0.886441
428.8		0.886441
428.9		0.886441
429		0.886441
429.1		0.887975
429.2		0.887975
429.3		0.887975
429.4		0.887975
429.5		0.887975
429.6		0.887975
429.7		0.887975
429.8		0.887975
429.9		0.887975
430		0.887975
430.1		0.89286
430.2		0.89286
430.3		0.89286
430.4		0.89286
430.5		0.89286
430.6		0.89286
430.7		0.89286
430.8		0.89286
430.9		0.89286
431		0.89286
431.1		0.893241
431.2		0.893241
431.3		0.893241
431.4		0.893241
431.5		0.893241
431.6		0.893241
431.7		0.893241
431.8		0.893241
431.9		0.893241
432		0.893241
432.1		0.893774
432.2		0.893774
432.3		0.893774
432.4		0.893774
432.5		0.893774
432.6		0.893774
432.7		0.893774
432.8		0.893774
432.9		0.893774
433		0.893774
433.1		0.894775
433.2		0.894775
433.3		0.894775
433.4		0.894775
433.5		0.894775
433.6		0.894775
433.7		0.894775
433.8		0.894775
433.9		0.894775
434		0.894775
434.1		0.900932
434.2		0.900932
434.3		0.900932
434.4		0.900932
434.5		0.900932
434.6		0.900932
434.7		0.900932
434.8		0.900932
434.9		0.900932
435		0.900932
435.1		0.901933
435.2		0.901933
435.3		0.901933
435.4		0.901933
435.5		0.901933
435.6		0.901933
435.7		0.901933
435.8		0.901933
435.9		0.901933
436		0.901933
436.1		0.903598
436.2		0.903598
436.3		0.903598
436.4		0.903598
436.5		0.903598
436.6		0.903598
436.7		0.903598
436.8		0.903598
436.9		0.903598
437		0.903598
437.1		0.904523
437.2		0.904523
437.3		0.904523
437.4		0.904523
437.5		0.904523
437.6		0.904523
437.7		0.904523
437.8		0.904523
437.9		0.904523
438		0.904523
438.1		0.908863
438.2		0.908863
438.3		0.908863
438.4		0.908863
438.5		0.908863
438.6		0.908863
438.7		0.908863
438.8		0.908863
438.9		0.908863
439		0.908863
439.1		0.91043
439.2		0.91043
439.3		0.91043
439.4		0.91043
439.5		0.91043
439.6		0.91043
439.7		0.91043
439.8		0.91043
439.9		0.91043
440		0.91043
440.1		0.912486
440.2		0.912486
440.3		0.912486
440.4		0.912486
440.5		0.912486
440.6		0.912486
440.7		0.912486
440.8		0.912486
440.9		0.912486
441		0.912486
441.1		0.913977
441.2		0.913977
441.3		0.913977
441.4		0.913977
441.5		0.913977
441.6		0.913977
441.7		0.913977
441.8		0.913977
441.9		0.913977
442		0.913977
442.1		0.917436
442.2		0.917436
442.3		0.917436
442.4		0.917436
442.5		0.917436
442.6		0.917436
442.7		0.917436
442.8		0.917436
442.9		0.917436
443		0.917436
443.1		0.920548
443.2		0.920548
443.3		0.920548
443.4		0.920548
443.5		0.920548
443.6		0.920548
443.7		0.920548
443.8		0.920548
443.9		0.920548
444		0.920548
444.1		0.920885
444.2		0.920885
444.3		0.920885
444.4		0.920885
444.5		0.920885
444.6		0.920885
444.7		0.920885
444.8		0.920885
444.9		0.920885
445		0.920885
445.1		0.921309
445.2		0.921309
445.3		0.921309
445.4		0.921309
445.5		0.921309
445.6		0.921309
445.7		0.921309
445.8		0.921309
445.9		0.921309
446		0.921309
446.1		0.924845
446.2		0.924845
446.3		0.924845
446.4		0.924845
446.5		0.924845
446.6		0.924845
446.7		0.924845
446.8		0.924845
446.9		0.924845
447		0.924845
447.1		0.928348
447.2		0.928348
447.3		0.928348
447.4		0.928348
447.5		0.928348
447.6		0.928348
447.7		0.928348
447.8		0.928348
447.9		0.928348
448		0.928348
448.1		0.929317
448.2		0.929317
448.3		0.929317
448.4		0.929317
448.5		0.929317
448.6		0.929317
448.7		0.929317
448.8		0.929317
448.9		0.929317
449		0.929317
449.1		0.932145
449.2		0.932145
449.3		0.932145
449.4		0.932145
449.5		0.932145
449.6		0.932145
449.7		0.932145
449.8		0.932145
449.9		0.932145
450		0.932145
450.1		0.932809
450.2		0.932809
450.3		0.932809
450.4		0.932809
450.5		0.932809
450.6		0.932809
450.7		0.932809
450.8		0.932809
450.9		0.932809
451		0.932809
451.1		0.935703
451.2		0.935703
451.3		0.935703
451.4		0.935703
451.5		0.935703
451.6		0.935703
451.7		0.935703
451.8		0.935703
451.9		0.935703
452		0.935703
452.1		0.939228
452.2		0.939228
452.3		0.939228
452.4		0.939228
452.5		0.939228
452.6		0.939228
452.7		0.939228
452.8		0.939228
452.9		0.939228
453		0.939228
453.1		0.93975
453.2		0.93975
453.3		0.93975
453.4		0.93975
453.5		0.93975
453.6		0.93975
453.7		0.93975
453.8		0.93975
453.9		0.93975
454		0.93975
454.1		0.942274
454.2		0.942274
454.3		0.942274
454.4		0.942274
454.5		0.942274
454.6		0.942274
454.7		0.942274
454.8		0.942274
454.9		0.942274
455		0.942274
455.1		0.943645
455.2		0.943645
455.3		0.943645
455.4		0.943645
455.5		0.943645
455.6		0.943645
455.7		0.943645
455.8		0.943645
455.9		0.943645
456		0.943645
456.1		0.947213
456.2		0.947213
456.3		0.947213
456.4		0.947213
456.5		0.947213
456.6		0.947213
456.7		0.947213
456.8		0.947213
456.9		0.947213
457		0.947213
457.1		0.950499
457.2		0.950499
457.3		0.950499
457.4		0.950499
457.5		0.950499
457.6		0.950499
457.7		0.950499
457.8		0.950499
457.9		0.950499
458		0.950499
458.1		0.951609
458.2		0.951609
458.3		0.951609
458.4		0.951609
458.5		0.951609
458.6		0.951609
458.7		0.951609
458.8		0.951609
458.9		0.951609
459		0.951609
459.1		0.951913
459.2		0.951913
459.3		0.951913
459.4		0.951913
459.5		0.951913
459.6		0.951913
459.7		0.951913
459.8		0.951913
459.9		0.951913
460		0.951913
460.1		0.957255
460.2		0.957255
460.3		0.957255
460.4		0.957255
460.5		0.957255
460.6		0.957255
460.7		0.957255
460.8		0.957255
460.9		0.957255
461		0.957255
461.1		0.958669
461.2		0.958669
461.3		0.958669
461.4		0.958669
461.5		0.958669
461.6		0.958669
461.7		0.958669
461.8		0.958669
461.9		0.958669
462		0.958669
462.1		0.959714
462.2		0.959714
462.3		0.959714
462.4		0.959714
462.5		0.959714
462.6		0.959714
462.7		0.959714
462.8		0.959714
462.9		0.959714
463		0.959714
463.1		0.961487
463.2		0.961487
463.3		0.961487
463.4		0.961487
463.5		0.961487
463.6		0.961487
463.7		0.961487
463.8		0.961487
463.9		0.961487
464		0.961487
464.1		0.965066
464.2		0.965066
464.3		0.965066
464.4		0.965066
464.5		0.965066
464.6		0.965066
464.7		0.965066
464.8		0.965066
464.9		0.965066
465		0.965066
465.1		0.968624
465.2		0.968624
465.3		0.968624
465.4		0.968624
465.5		0.968624
465.6		0.968624
465.7		0.968624
465.8		0.968624
465.9		0.968624
466		0.968624
466.1		0.969081
466.2		0.969081
466.3		0.969081
466.4		0.969081
466.5		0.969081
466.6		0.969081
466.7		0.969081
466.8		0.969081
466.9		0.969081
467		0.969081
467.1		0.970278
467.2		0.970278
467.3		0.970278
467.4		0.970278
467.5		0.970278
467.6		0.970278
467.7		0.970278
467.8		0.970278
467.9		0.970278
468		0.970278
468.1		0.97464
468.2		0.97464
468.3		0.97464
468.4		0.97464
468.5		0.97464
468.6		0.97464
468.7		0.97464
468.8		0.97464
468.9		0.97464
469		0.97464
469.1		0.976446
469.2		0.976446
469.3		0.976446
469.4		0.976446
469.5		0.976446
469.6		0.976446
469.7		0.976446
469.8		0.976446
469.9		0.976446
470		0.976446
470.1		0.977458
470.2		0.977458
470.3		0.977458
470.4		0.977458
470.5		0.977458
470.6		0.977458
470.7		0.977458
470.8		0.977458
470.9		0.977458
471		0.977458
471.1		0.979721
471.2		0.979721
471.3		0.979721
471.4		0.979721
471.5		0.979721
471.6		0.979721
471.7		0.979721
471.8		0.979721
471.9		0.979721
472		0.979721
472.1		0.982821
472.2		0.982821
472.3		0.982821
472.4		0.982821
472.5		0.982821
472.6		0.982821
472.7		0.982821
472.8		0.982821
472.9		0.982821
473		0.982821
473.1		0.983811
473.2		0.983811
473.3		0.983811
473.4		0.983811
473.5		0.983811
473.6		0.983811
473.7		0.983811
473.8		0.983811
473.9		0.983811
474		0.983811
474.1		0.984345
474.2		0.984345
474.3		0.984345
474.4		0.984345
474.5		0.984345
474.6		0.984345
474.7		0.984345
474.8		0.984345
474.9		0.984345
475		0.984345
475.1		0.988316
475.2		0.988316
475.3		0.988316
475.4		0.988316
475.5		0.988316
475.6		0.988316
475.7		0.988316
475.8		0.988316
475.9		0.988316
476		0.988316
476.1		0.991416
476.2		0.991416
476.3		0.991416
476.4		0.991416
476.5		0.991416
476.6		0.991416
476.7		0.991416
476.8		0.991416
476.9		0.991416
477		0.991416
477.1		0.994234
477.2		0.994234
477.3		0.994234
477.4		0.994234
477.5		0.994234
477.6		0.994234
477.7		0.994234
477.8		0.994234
477.9		0.994234
478		0.994234
478.1		0.995822
478.2		0.995822
478.3		0.995822
478.4		0.995822
478.5		0.995822
478.6		0.995822
478.7		0.995822
478.8		0.995822
478.9		0.995822
479		0.995822
479.1		0.996997
479.2		0.996997
479.3		0.996997
479.4		0.996997
479.5		0.996997
479.6		0.996997
479.7		0.996997
479.8		0.996997
479.9		0.996997
480		0.996997
480.1		0.9995
480.2		0.9995
480.3		0.9995
480.4		0.9995
480.5		0.9995
480.6		0.9995
480.7		0.9995
480.8		0.9995
480.9		0.9995
481		0.9995
481.1		1
481.2		1
481.3		1
481.4		1
481.5		1
481.6		1
481.7		1
481.8		1
481.9		1
482		1
482.1		1
482.2		1
482.3		1
482.4		1
482.5		1
482.6		1
482.7		1
482.8		1
482.9		1
483		1
483.1		1
483.2		1
483.3		1
483.4		1
483.5		1
483.6		1
483.7		1
483.8		1
483.9		1
484		1
484.1		1
484.2		1
484.3		1
484.4		1
484.5		1
484.6		1
484.7		1
484.8		1
484.9		1
485		1
485.1		1
485.2		1
485.3		1
485.4		1
485.5		1
485.6		1
485.7		1
485.8		1
485.9		1
486		1
486.1		1
486.2		1
486.3		1
486.4		1
486.5		1
486.6		1
486.7		1
486.8		1
486.9		1
487		1
487.1		1
487.2		1
487.3		1
487.4		1
487.5		1
487.6		1
487.7		1
487.8		1
487.9		1
488		1
488.1		1
488.2		1
488.3		1
488.4		1
488.5		1
488.6		1
488.7		1
488.8		1
488.9		1
489		1
489.1		1
489.2		1
489.3		1
489.4		1
489.5		1
489.6		1
489.7		1
489.8		1
489.9		1
490		1
490.1		1
490.2		1
490.3		1
490.4		1
490.5		1
490.6		1
490.7		1
490.8		1
490.9		1
491		1
491.1		1
491.2		1
491.3		1
491.4		1
491.5		1
491.6		1
491.7		1
491.8		1
491.9		1
492		1
492.1		1
492.2		1
492.3		1
492.4		1
492.5		1
492.6		1
492.7		1
492.8		1
492.9		1
493		1
493.1		1
493.2		1
493.3		1
493.4		1
493.5		1
493.6		1
493.7		1
493.8		1
493.9		1
494		1
494.1		1
494.2		1
494.3		1
494.4		1
494.5		1
494.6		1
494.7		1
494.8		1
494.9		1
495		1
495.1		1
495.2		1
495.3		1
495.4		1
495.5		1
495.6		1
495.7		1
495.8		1
495.9		1
496		1
496.1		1
496.2		1
496.3		1
496.4		1
496.5		1
496.6		1
496.7		1
496.8		1
496.9		1
497		1
497.1		1
497.2		1
497.3		1
497.4		1
497.5		1
497.6		1
497.7		1
497.8		1
497.9		1
498		1
498.1		1
498.2		1
498.3		1
498.4		1
498.5		1
498.6		1
498.7		1
498.8		1
498.9		1
499		1
499.1		1
499.2		1
499.3		1
499.4		1
499.5		1
499.6		1
499.7		1
499.8		1
499.9		1
500		1
500.1		1
500.2		1
500.3		1
500.4		1
500.5		1
500.6		1
500.7		1
500.8		1
500.9		1
501		1
501.1		1
501.2		1
501.3		1
501.4		1
501.5		1
501.6		1
501.7		1
501.8		1
501.9		1
502		1
502.1		1
502.2		1
502.3		1
502.4		1
502.5		1
502.6		1
502.7		1
502.8		1
502.9		1
503		1
503.1		1
503.2		1
503.3		1
503.4		1
503.5		1
503.6		1
503.7		1
503.8		1
503.9		1
504		1
504.1		1
504.2		1
504.3		1
504.4		1
504.5		1
504.6		1
504.7		1
504.8		1
504.9		1
505		1
505.1		1
505.2		1
505.3		1
505.4		1
505.5		1
505.6		1
505.7		1
505.8		1
505.9		1
506		1
506.1		1
506.2		1
506.3		1
506.4		1
506.5		1
506.6		1
506.7		1
506.8		1
506.9		1
507		1
507.1		1
507.2		1
507.3		1
507.4		1
507.5		1
507.6		1
507.7		1
507.8		1
507.9		1
508		1
508.1		1
508.2		1
508.3		1
508.4		1
508.5		1
508.6		1
508.7		1
508.8		1
508.9		1
509		1
509.1		1
509.2		1
509.3		1
509.4		1
509.5		1
509.6		1
509.7		1
509.8		1
509.9		1
510		1
510.1		1
510.2		1
510.3		1
510.4		1
510.5		1
510.6		1
510.7		1
510.8		1
510.9		1
511		1
511.1		1
511.2		1
511.3		1
511.4		1
511.5		1
511.6		1
511.7		1
511.8		1
511.9		1
512		1
512.1		1
512.2		1
512.3		1
512.4		1
512.5		1
512.6		1
512.7		1
512.8		1
512.9		1
513		1
513.1		1
513.2		1
513.3		1
513.4		1
513.5		1
513.6		1
513.7		1
513.8		1
513.9		1
514		1
514.1		1
514.2		1
514.3		1
514.4		1
514.5		1
514.6		1
514.7		1
514.8		1
514.9		1
515		1
515.1		1
515.2		1
515.3		1
515.4		1
515.5		1
515.6		1
515.7		1
515.8		1
515.9		1
516		1
516.1		1
516.2		1
516.3		1
516.4		1
516.5		1
516.6		1
516.7		1
516.8		1
516.9		1
517		1
517.1		1
517.2		1
517.3		1
517.4		1
517.5		1
517.6		1
517.7		1
517.8		1
517.9		1
518		1
518.1		1
518.2		1
518.3		1
518.4		1
518.5		1
518.6		1
518.7		1
518.8		1
518.9		1
519		1
519.1		1
519.2		1
519.3		1
519.4		1
519.5		1
519.6		1
519.7		1
519.8		1
519.9		1
520		1
520.1		1
520.2		1
520.3		1
520.4		1
520.5		1
520.6		1
520.7		1
520.8		1
520.9		1
521		1
521.1		1
521.2		1
521.3		1
521.4		1
521.5		1
521.6		1
521.7		1
521.8		1
521.9		1
522		1
522.1		1
522.2		1
522.3		1
522.4		1
522.5		1
522.6		1
522.7		1
522.8		1
522.9		1
523		1
523.1		1
523.2		1
523.3		1
523.4		1
523.5		1
523.6		1
523.7		1
523.8		1
523.9		1
524		1
524.1		1
524.2		1
524.3		1
524.4		1
524.5		1
524.6		1
524.7		1
524.8		1
524.9		1
525		1
525.1		1
525.2		1
525.3		1
525.4		1
525.5		1
525.6		1
525.7		1
525.8		1
525.9		1
526		1
526.1		1
526.2		1
526.3		1
526.4		1
526.5		1
526.6		1
526.7		1
526.8		1
526.9		1
527		1
527.1		1
527.2		1
527.3		1
527.4		1
527.5		1
527.6		1
527.7		1
527.8		1
527.9		1
528		1
528.1		1
528.2		1
528.3		1
528.4		1
528.5		1
528.6		1
528.7		1
528.8		1
528.9		1
529		1
529.1		1
529.2		1
529.3		1
529.4		1
529.5		1
529.6		1
529.7		1
529.8		1
529.9		1
530		1
530.1		1
530.2		1
530.3		1
530.4		1
530.5		1
530.6		1
530.7		1
530.8		1
530.9		1
531		1
531.1		1
531.2		1
531.3		1
531.4		1
531.5		1
531.6		1
531.7		1
531.8		1
531.9		1
532		1
532.1		1
532.2		1
532.3		1
532.4		1
532.5		1
532.6		1
532.7		1
532.8		1
532.9		1
533		1
533.1		1
533.2		1
533.3		1
533.4		1
533.5		1
533.6		1
533.7		1
533.8		1
533.9		1
534		1
534.1		1
534.2		1
534.3		1
534.4		1
534.5		1
534.6		1
534.7		1
534.8		1
534.9		1
535		1
535.1		1
535.2		1
535.3		1
535.4		1
535.5		1
535.6		1
535.7		1
535.8		1
535.9		1
536		1
536.1		1
536.2		1
536.3		1
536.4		1
536.5		1
536.6		1
536.7		1
536.8		1
536.9		1
537		1
537.1		1
537.2		1
537.3		1
537.4		1
537.5		1
537.6		1
537.7		1
537.8		1
537.9		1
538		1
538.1		1
538.2		1
538.3		1
538.4		1
538.5		1
538.6		1
538.7		1
538.8		1
538.9		1
539		1
539.1		1
539.2		1
539.3		1
539.4		1
539.5		1
539.6		1
539.7		1
539.8		1
539.9		1
540		1
540.1		1
540.2		1
540.3		1
540.4		1
540.5		1
540.6		1
540.7		1
540.8		1
540.9		1
541		1
541.1		1
541.2		1
541.3		1
541.4		1
541.5		1
541.6		1
541.7		1
541.8		1
541.9		1
542		1
542.1		1
542.2		1
542.3		1
542.4		1
542.5		1
542.6		1
542.7		1
542.8		1
542.9		1
543		1
543.1		1
543.2		1
543.3		1
543.4		1
543.5		1
543.6		1
543.7		1
543.8		1
543.9		1
544		1
544.1		1
544.2		1
544.3		1
544.4		1
544.5		1
544.6		1
544.7		1
544.8		1
544.9		1
545		1
545.1		1
545.2		1
545.3		1
545.4		1
545.5		1
545.6		1
545.7		1
545.8		1
545.9		1
546		1
546.1		1
546.2		1
546.3		1
546.4		1
546.5		1
546.6		1
546.7		1
546.8		1
546.9		1
547		1
547.1		1
547.2		1
547.3		1
547.4		1
547.5		1
547.6		1
547.7		1
547.8		1
547.9		1
548		1
548.1		1
548.2		1
548.3		1
548.4		1
548.5		1
548.6		1
548.7		1
548.8		1
548.9		1
549		1
549.1		1
549.2		1
549.3		1
549.4		1
549.5		1
549.6		1
549.7		1
549.8		1
549.9		1
550		1
550.1		1
550.2		1
550.3		1
550.4		1
550.5		1
550.6		1
550.7		1
550.8		1
550.9		1
551		1
551.1		1
551.2		1
551.3		1
551.4		1
551.5		1
551.6		1
551.7		1
551.8		1
551.9		1
552		1
552.1		1
552.2		1
552.3		1
552.4		1
552.5		1
552.6		1
552.7		1
552.8		1
552.9		1
553		1
553.1		1
553.2		1
553.3		1
553.4		1
553.5		1
553.6		1
553.7		1
553.8		1
553.9		1
554		1
554.1		1
554.2		1
554.3		1
554.4		1
554.5		1
554.6		1
554.7		1
554.8		1
554.9		1
555		1
555.1		1
555.2		1
555.3		1
555.4		1
555.5		1
555.6		1
555.7		1
555.8		1
555.9		1
556		1
556.1		1
556.2		1
556.3		1
556.4		1
556.5		1
556.6		1
556.7		1
556.8		1
556.9		1
557		1
557.1		1
557.2		1
557.3		1
557.4		1
557.5		1
557.6		1
557.7		1
557.8		1
557.9		1
558		1
558.1		1
558.2		1
558.3		1
558.4		1
558.5		1
558.6		1
558.7		1
558.8		1
558.9		1
559		1
559.1		1
559.2		1
559.3		1
559.4		1
559.5		1
559.6		1
559.7		1
559.8		1
559.9		1
560		1
560.1		1
560.2		1
560.3		1
560.4		1
560.5		1
560.6		1
560.7		1
560.8		1
560.9		1
561		1
561.1		1
561.2		1
561.3		1
561.4		1
561.5		1
561.6		1
561.7		1
561.8		1
561.9		1
562		1
562.1		1
562.2		1
562.3		1
562.4		1
562.5		1
562.6		1
562.7		1
562.8		1
562.9		1
563		1
563.1		1
563.2		1
563.3		1
563.4		1
563.5		1
563.6		1
563.7		1
563.8		1
563.9		1
564		1
564.1		1
564.2		1
564.3		1
564.4		1
564.5		1
564.6		1
564.7		1
564.8		1
564.9		1
565		1
565.1		1
565.2		1
565.3		1
565.4		1
565.5		1
565.6		1
565.7		1
565.8		1
565.9		1
566		1
566.1		1
566.2		1
566.3		1
566.4		1
566.5		1
566.6		1
566.7		1
566.8		1
566.9		1
567		1
567.1		1
567.2		1
567.3		1
567.4		1
567.5		1
567.6		1
567.7		1
567.8		1
567.9		1
568		1
568.1		1
568.2		1
568.3		1
568.4		1
568.5		1
568.6		1
568.7		1
568.8		1
568.9		1
569		1
569.1		1
569.2		1
569.3		1
569.4		1
569.5		1
569.6		1
569.7		1
569.8		1
569.9		1
570		1
570.1		1
570.2		1
570.3		1
570.4		1
570.5		1
570.6		1
570.7		1
570.8		1
570.9		1
571		1
571.1		1
571.2		1
571.3		1
571.4		1
571.5		1
571.6		1
571.7		1
571.8		1
571.9		1
572		1
572.1		1
572.2		1
572.3		1
572.4		1
572.5		1
572.6		1
572.7		1
572.8		1
572.9		1
573		1
573.1		1
573.2		1
573.3		1
573.4		1
573.5		1
573.6		1
573.7		1
573.8		1
573.9		1
574		1
574.1		1
574.2		1
574.3		1
574.4		1
574.5		1
574.6		1
574.7		1
574.8		1
574.9		1
575		1
575.1		1
575.2		1
575.3		1
575.4		1
575.5		1
575.6		1
575.7		1
575.8		1
575.9		1
576		1
576.1		1
576.2		1
576.3		1
576.4		1
576.5		1
576.6		1
576.7		1
576.8		1
576.9		1
577		1
577.1		1
577.2		1
577.3		1
577.4		1
577.5		1
577.6		1
577.7		1
577.8		1
577.9		1
578		1
578.1		1
578.2		1
578.3		1
578.4		1
578.5		1
578.6		1
578.7		1
578.8		1
578.9		1
579		1
579.1		1
579.2		1
579.3		1
579.4		1
579.5		1
579.6		1
579.7		1
579.8		1
579.9		1
580		1
580.1		1
580.2		1
580.3		1
580.4		1
580.5		1
580.6		1
580.7		1
580.8		1
580.9		1
581		1
581.1		1
581.2		1
581.3		1
581.4		1
581.5		1
581.6		1
581.7		1
581.8		1
581.9		1
582		1
582.1		1
582.2		1
582.3		1
582.4		1
582.5		1
582.6		1
582.7		1
582.8		1
582.9		1
583		1
583.1		1
583.2		1
583.3		1
583.4		1
583.5		1
583.6		1
583.7		1
583.8		1
583.9		1
584		1
584.1		1
584.2		1
584.3		1
584.4		1
584.5		1
584.6		1
584.7		1
584.8		1
584.9		1
585		1
585.1		1
585.2		1
585.3		1
585.4		1
585.5		1
585.6		1
585.7		1
585.8		1
585.9		1
586		1
586.1		1
586.2		1
586.3		1
586.4		1
586.5		1
586.6		1
586.7		1
586.8		1
586.9		1
587		1
587.1		1
587.2		1
587.3		1
587.4		1
587.5		1
587.6		1
587.7		1
587.8		1
587.9		1
588		1
588.1		1
588.2		1
588.3		1
588.4		1
588.5		1
588.6		1
588.7		1
588.8		1
588.9		1
589		1
589.1		1
589.2		1
589.3		1
589.4		1
589.5		1
589.6		1
589.7		1
589.8		1
589.9		1
590		1
590.1		1
590.2		1
590.3		1
590.4		1
590.5		1
590.6		1
590.7		1
590.8		1
590.9		1
591		1
591.1		1
591.2		1
591.3		1
591.4		1
591.5		1
591.6		1
591.7		1
591.8		1
591.9		1
592		1
592.1		1
592.2		1
592.3		1
592.4		1
592.5		1
592.6		1
592.7		1
592.8		1
592.9		1
593		1
593.1		1
593.2		1
593.3		1
593.4		1
593.5		1
593.6		1
593.7		1
593.8		1
593.9		1
594		1
594.1		1
594.2		1
594.3		1
594.4		1
594.5		1
594.6		1
594.7		1
594.8		1
594.9		1
595		1
595.1		1
595.2		1
595.3		1
595.4		1
595.5		1
595.6		1
595.7		1
595.8		1
595.9		1
596		1
596.1		1
596.2		1
596.3		1
596.4		1
596.5		1
596.6		1
596.7		1
596.8		1
596.9		1
597		1
597.1		1
597.2		1
597.3		1
597.4		1
597.5		1
597.6		1
597.7		1
597.8		1
597.9		1
598		1
598.1		1
598.2		1
598.3		1
598.4		1
598.5		1
598.6		1
598.7		1
598.8		1
598.9		1
599		1
599.1		1
599.2		1
599.3		1
599.4		1
599.5		1
599.6		1
599.7		1
599.8		1
599.9		1
600		1
