# Calibration file of tamex_id 0 @ channel 53
# fine_T bin		 Calibration value
0.1		0
0.2		0
0.3		0
0.4		0
0.5		0
0.6		0
0.7		0
0.8		0
0.9		0
1		0
1.1		0
1.2		0
1.3		0
1.4		0
1.5		0
1.6		0
1.7		0
1.8		0
1.9		0
2		0
2.1		0
2.2		0
2.3		0
2.4		0
2.5		0
2.6		0
2.7		0
2.8		0
2.9		0
3		0
3.1		0
3.2		0
3.3		0
3.4		0
3.5		0
3.6		0
3.7		0
3.8		0
3.9		0
4		0
4.1		0
4.2		0
4.3		0
4.4		0
4.5		0
4.6		0
4.7		0
4.8		0
4.9		0
5		0
5.1		0
5.2		0
5.3		0
5.4		0
5.5		0
5.6		0
5.7		0
5.8		0
5.9		0
6		0
6.1		0
6.2		0
6.3		0
6.4		0
6.5		0
6.6		0
6.7		0
6.8		0
6.9		0
7		0
7.1		0
7.2		0
7.3		0
7.4		0
7.5		0
7.6		0
7.7		0
7.8		0
7.9		0
8		0
8.1		0
8.2		0
8.3		0
8.4		0
8.5		0
8.6		0
8.7		0
8.8		0
8.9		0
9		0
9.1		0
9.2		0
9.3		0
9.4		0
9.5		0
9.6		0
9.7		0
9.8		0
9.9		0
10		0
10.1		0
10.2		0
10.3		0
10.4		0
10.5		0
10.6		0
10.7		0
10.8		0
10.9		0
11		0
11.1		0
11.2		0
11.3		0
11.4		0
11.5		0
11.6		0
11.7		0
11.8		0
11.9		0
12		0
12.1		0
12.2		0
12.3		0
12.4		0
12.5		0
12.6		0
12.7		0
12.8		0
12.9		0
13		0
13.1		0
13.2		0
13.3		0
13.4		0
13.5		0
13.6		0
13.7		0
13.8		0
13.9		0
14		0
14.1		0
14.2		0
14.3		0
14.4		0
14.5		0
14.6		0
14.7		0
14.8		0
14.9		0
15		0
15.1		0
15.2		0
15.3		0
15.4		0
15.5		0
15.6		0
15.7		0
15.8		0
15.9		0
16		0
16.1		0.00836784
16.2		0.00836784
16.3		0.00836784
16.4		0.00836784
16.5		0.00836784
16.6		0.00836784
16.7		0.00836784
16.8		0.00836784
16.9		0.00836784
17		0.00836784
17.1		0.00877488
17.2		0.00877488
17.3		0.00877488
17.4		0.00877488
17.5		0.00877488
17.6		0.00877488
17.7		0.00877488
17.8		0.00877488
17.9		0.00877488
18		0.00877488
18.1		0.0110841
18.2		0.0110841
18.3		0.0110841
18.4		0.0110841
18.5		0.0110841
18.6		0.0110841
18.7		0.0110841
18.8		0.0110841
18.9		0.0110841
19		0.0110841
19.1		0.0113659
19.2		0.0113659
19.3		0.0113659
19.4		0.0113659
19.5		0.0113659
19.6		0.0113659
19.7		0.0113659
19.8		0.0113659
19.9		0.0113659
20		0.0113659
20.1		0.0182308
20.2		0.0182308
20.3		0.0182308
20.4		0.0182308
20.5		0.0182308
20.6		0.0182308
20.7		0.0182308
20.8		0.0182308
20.9		0.0182308
21		0.0182308
21.1		0.0196163
21.2		0.0196163
21.3		0.0196163
21.4		0.0196163
21.5		0.0196163
21.6		0.0196163
21.7		0.0196163
21.8		0.0196163
21.9		0.0196163
22		0.0196163
22.1		0.0198589
22.2		0.0198589
22.3		0.0198589
22.4		0.0198589
22.5		0.0198589
22.6		0.0198589
22.7		0.0198589
22.8		0.0198589
22.9		0.0198589
23		0.0198589
23.1		0.0217846
23.2		0.0217846
23.3		0.0217846
23.4		0.0217846
23.5		0.0217846
23.6		0.0217846
23.7		0.0217846
23.8		0.0217846
23.9		0.0217846
24		0.0217846
24.1		0.027037
24.2		0.027037
24.3		0.027037
24.4		0.027037
24.5		0.027037
24.6		0.027037
24.7		0.027037
24.8		0.027037
24.9		0.027037
25		0.027037
25.1		0.0283833
25.2		0.0283833
25.3		0.0283833
25.4		0.0283833
25.5		0.0283833
25.6		0.0283833
25.7		0.0283833
25.8		0.0283833
25.9		0.0283833
26		0.0283833
26.1		0.0294009
26.2		0.0294009
26.3		0.0294009
26.4		0.0294009
26.5		0.0294009
26.6		0.0294009
26.7		0.0294009
26.8		0.0294009
26.9		0.0294009
27		0.0294009
27.1		0.0310291
27.2		0.0310291
27.3		0.0310291
27.4		0.0310291
27.5		0.0310291
27.6		0.0310291
27.7		0.0310291
27.8		0.0310291
27.9		0.0310291
28		0.0310291
28.1		0.0339489
28.2		0.0339489
28.3		0.0339489
28.4		0.0339489
28.5		0.0339489
28.6		0.0339489
28.7		0.0339489
28.8		0.0339489
28.9		0.0339489
29		0.0339489
29.1		0.0341759
29.2		0.0341759
29.3		0.0341759
29.4		0.0341759
29.5		0.0341759
29.6		0.0341759
29.7		0.0341759
29.8		0.0341759
29.9		0.0341759
30		0.0341759
30.1		0.0381758
30.2		0.0381758
30.3		0.0381758
30.4		0.0381758
30.5		0.0381758
30.6		0.0381758
30.7		0.0381758
30.8		0.0381758
30.9		0.0381758
31		0.0381758
31.1		0.0385594
31.2		0.0385594
31.3		0.0385594
31.4		0.0385594
31.5		0.0385594
31.6		0.0385594
31.7		0.0385594
31.8		0.0385594
31.9		0.0385594
32		0.0385594
32.1		0.0407511
32.2		0.0407511
32.3		0.0407511
32.4		0.0407511
32.5		0.0407511
32.6		0.0407511
32.7		0.0407511
32.8		0.0407511
32.9		0.0407511
33		0.0407511
33.1		0.0452677
33.2		0.0452677
33.3		0.0452677
33.4		0.0452677
33.5		0.0452677
33.6		0.0452677
33.7		0.0452677
33.8		0.0452677
33.9		0.0452677
34		0.0452677
34.1		0.045667
34.2		0.045667
34.3		0.045667
34.4		0.045667
34.5		0.045667
34.6		0.045667
34.7		0.045667
34.8		0.045667
34.9		0.045667
35		0.045667
35.1		0.0461914
35.2		0.0461914
35.3		0.0461914
35.4		0.0461914
35.5		0.0461914
35.6		0.0461914
35.7		0.0461914
35.8		0.0461914
35.9		0.0461914
36		0.0461914
36.1		0.0500427
36.2		0.0500427
36.3		0.0500427
36.4		0.0500427
36.5		0.0500427
36.6		0.0500427
36.7		0.0500427
36.8		0.0500427
36.9		0.0500427
37		0.0500427
37.1		0.0523127
37.2		0.0523127
37.3		0.0523127
37.4		0.0523127
37.5		0.0523127
37.6		0.0523127
37.7		0.0523127
37.8		0.0523127
37.9		0.0523127
38		0.0523127
38.1		0.0524223
38.2		0.0524223
38.3		0.0524223
38.4		0.0524223
38.5		0.0524223
38.6		0.0524223
38.7		0.0524223
38.8		0.0524223
38.9		0.0524223
39		0.0524223
39.1		0.0570798
39.2		0.0570798
39.3		0.0570798
39.4		0.0570798
39.5		0.0570798
39.6		0.0570798
39.7		0.0570798
39.8		0.0570798
39.9		0.0570798
40		0.0570798
40.1		0.0572442
40.2		0.0572442
40.3		0.0572442
40.4		0.0572442
40.5		0.0572442
40.6		0.0572442
40.7		0.0572442
40.8		0.0572442
40.9		0.0572442
41		0.0572442
41.1		0.0587549
41.2		0.0587549
41.3		0.0587549
41.4		0.0587549
41.5		0.0587549
41.6		0.0587549
41.7		0.0587549
41.8		0.0587549
41.9		0.0587549
42		0.0587549
42.1		0.060798
42.2		0.060798
42.3		0.060798
42.4		0.060798
42.5		0.060798
42.6		0.060798
42.7		0.060798
42.8		0.060798
42.9		0.060798
43		0.060798
43.1		0.0612598
43.2		0.0612598
43.3		0.0612598
43.4		0.0612598
43.5		0.0612598
43.6		0.0612598
43.7		0.0612598
43.8		0.0612598
43.9		0.0612598
44		0.0612598
44.1		0.0643596
44.2		0.0643596
44.3		0.0643596
44.4		0.0643596
44.5		0.0643596
44.6		0.0643596
44.7		0.0643596
44.8		0.0643596
44.9		0.0643596
45		0.0643596
45.1		0.0675689
45.2		0.0675689
45.3		0.0675689
45.4		0.0675689
45.5		0.0675689
45.6		0.0675689
45.7		0.0675689
45.8		0.0675689
45.9		0.0675689
46		0.0675689
46.1		0.07052
46.2		0.07052
46.3		0.07052
46.4		0.07052
46.5		0.07052
46.6		0.07052
46.7		0.07052
46.8		0.07052
46.9		0.07052
47		0.07052
47.1		0.0718272
47.2		0.0718272
47.3		0.0718272
47.4		0.0718272
47.5		0.0718272
47.6		0.0718272
47.7		0.0718272
47.8		0.0718272
47.9		0.0718272
48		0.0718272
48.1		0.0727666
48.2		0.0727666
48.3		0.0727666
48.4		0.0727666
48.5		0.0727666
48.6		0.0727666
48.7		0.0727666
48.8		0.0727666
48.9		0.0727666
49		0.0727666
49.1		0.072884
49.2		0.072884
49.3		0.072884
49.4		0.072884
49.5		0.072884
49.6		0.072884
49.7		0.072884
49.8		0.072884
49.9		0.072884
50		0.072884
50.1		0.0773379
50.2		0.0773379
50.3		0.0773379
50.4		0.0773379
50.5		0.0773379
50.6		0.0773379
50.7		0.0773379
50.8		0.0773379
50.9		0.0773379
51		0.0773379
51.1		0.0775493
51.2		0.0775493
51.3		0.0775493
51.4		0.0775493
51.5		0.0775493
51.6		0.0775493
51.7		0.0775493
51.8		0.0775493
51.9		0.0775493
52		0.0775493
52.1		0.0811579
52.2		0.0811579
52.3		0.0811579
52.4		0.0811579
52.5		0.0811579
52.6		0.0811579
52.7		0.0811579
52.8		0.0811579
52.9		0.0811579
53		0.0811579
53.1		0.0843281
53.2		0.0843281
53.3		0.0843281
53.4		0.0843281
53.5		0.0843281
53.6		0.0843281
53.7		0.0843281
53.8		0.0843281
53.9		0.0843281
54		0.0843281
54.1		0.0852048
54.2		0.0852048
54.3		0.0852048
54.4		0.0852048
54.5		0.0852048
54.6		0.0852048
54.7		0.0852048
54.8		0.0852048
54.9		0.0852048
55		0.0852048
55.1		0.0871852
55.2		0.0871852
55.3		0.0871852
55.4		0.0871852
55.5		0.0871852
55.6		0.0871852
55.7		0.0871852
55.8		0.0871852
55.9		0.0871852
56		0.0871852
56.1		0.0874435
56.2		0.0874435
56.3		0.0874435
56.4		0.0874435
56.5		0.0874435
56.6		0.0874435
56.7		0.0874435
56.8		0.0874435
56.9		0.0874435
57		0.0874435
57.1		0.0878976
57.2		0.0878976
57.3		0.0878976
57.4		0.0878976
57.5		0.0878976
57.6		0.0878976
57.7		0.0878976
57.8		0.0878976
57.9		0.0878976
58		0.0878976
58.1		0.093964
58.2		0.093964
58.3		0.093964
58.4		0.093964
58.5		0.093964
58.6		0.093964
58.7		0.093964
58.8		0.093964
58.9		0.093964
59		0.093964
59.1		0.0950912
59.2		0.0950912
59.3		0.0950912
59.4		0.0950912
59.5		0.0950912
59.6		0.0950912
59.7		0.0950912
59.8		0.0950912
59.9		0.0950912
60		0.0950912
60.1		0.0964767
60.2		0.0964767
60.3		0.0964767
60.4		0.0964767
60.5		0.0964767
60.6		0.0964767
60.7		0.0964767
60.8		0.0964767
60.9		0.0964767
61		0.0964767
61.1		0.0971656
61.2		0.0971656
61.3		0.0971656
61.4		0.0971656
61.5		0.0971656
61.6		0.0971656
61.7		0.0971656
61.8		0.0971656
61.9		0.0971656
62		0.0971656
62.1		0.101393
62.2		0.101393
62.3		0.101393
62.4		0.101393
62.5		0.101393
62.6		0.101393
62.7		0.101393
62.8		0.101393
62.9		0.101393
63		0.101393
63.1		0.103122
63.2		0.103122
63.3		0.103122
63.4		0.103122
63.5		0.103122
63.6		0.103122
63.7		0.103122
63.8		0.103122
63.9		0.103122
64		0.103122
64.1		0.104046
64.2		0.104046
64.3		0.104046
64.4		0.104046
64.5		0.104046
64.6		0.104046
64.7		0.104046
64.8		0.104046
64.9		0.104046
65		0.104046
65.1		0.104453
65.2		0.104453
65.3		0.104453
65.4		0.104453
65.5		0.104453
65.6		0.104453
65.7		0.104453
65.8		0.104453
65.9		0.104453
66		0.104453
66.1		0.10796
66.2		0.10796
66.3		0.10796
66.4		0.10796
66.5		0.10796
66.6		0.10796
66.7		0.10796
66.8		0.10796
66.9		0.10796
67		0.10796
67.1		0.108179
67.2		0.108179
67.3		0.108179
67.4		0.108179
67.5		0.108179
67.6		0.108179
67.7		0.108179
67.8		0.108179
67.9		0.108179
68		0.108179
68.1		0.111858
68.2		0.111858
68.3		0.111858
68.4		0.111858
68.5		0.111858
68.6		0.111858
68.7		0.111858
68.8		0.111858
68.9		0.111858
69		0.111858
69.1		0.114073
69.2		0.114073
69.3		0.114073
69.4		0.114073
69.5		0.114073
69.6		0.114073
69.7		0.114073
69.8		0.114073
69.9		0.114073
70		0.114073
70.1		0.115271
70.2		0.115271
70.3		0.115271
70.4		0.115271
70.5		0.115271
70.6		0.115271
70.7		0.115271
70.8		0.115271
70.9		0.115271
71		0.115271
71.1		0.11603
71.2		0.11603
71.3		0.11603
71.4		0.11603
71.5		0.11603
71.6		0.11603
71.7		0.11603
71.8		0.11603
71.9		0.11603
72		0.11603
72.1		0.120328
72.2		0.120328
72.3		0.120328
72.4		0.120328
72.5		0.120328
72.6		0.120328
72.7		0.120328
72.8		0.120328
72.9		0.120328
73		0.120328
73.1		0.12104
73.2		0.12104
73.3		0.12104
73.4		0.12104
73.5		0.12104
73.6		0.12104
73.7		0.12104
73.8		0.12104
73.9		0.12104
74		0.12104
74.1		0.122559
74.2		0.122559
74.3		0.122559
74.4		0.122559
74.5		0.122559
74.6		0.122559
74.7		0.122559
74.8		0.122559
74.9		0.122559
75		0.122559
75.1		0.126449
75.2		0.126449
75.3		0.126449
75.4		0.126449
75.5		0.126449
75.6		0.126449
75.7		0.126449
75.8		0.126449
75.9		0.126449
76		0.126449
76.1		0.127929
76.2		0.127929
76.3		0.127929
76.4		0.127929
76.5		0.127929
76.6		0.127929
76.7		0.127929
76.8		0.127929
76.9		0.127929
77		0.127929
77.1		0.129158
77.2		0.129158
77.3		0.129158
77.4		0.129158
77.5		0.129158
77.6		0.129158
77.7		0.129158
77.8		0.129158
77.9		0.129158
78		0.129158
78.1		0.133338
78.2		0.133338
78.3		0.133338
78.4		0.133338
78.5		0.133338
78.6		0.133338
78.7		0.133338
78.8		0.133338
78.9		0.133338
79		0.133338
79.1		0.133666
79.2		0.133666
79.3		0.133666
79.4		0.133666
79.5		0.133666
79.6		0.133666
79.7		0.133666
79.8		0.133666
79.9		0.133666
80		0.133666
80.1		0.135568
80.2		0.135568
80.3		0.135568
80.4		0.135568
80.5		0.135568
80.6		0.135568
80.7		0.135568
80.8		0.135568
80.9		0.135568
81		0.135568
81.1		0.137878
81.2		0.137878
81.3		0.137878
81.4		0.137878
81.5		0.137878
81.6		0.137878
81.7		0.137878
81.8		0.137878
81.9		0.137878
82		0.137878
82.1		0.139631
82.2		0.139631
82.3		0.139631
82.4		0.139631
82.5		0.139631
82.6		0.139631
82.7		0.139631
82.8		0.139631
82.9		0.139631
83		0.139631
83.1		0.139944
83.2		0.139944
83.3		0.139944
83.4		0.139944
83.5		0.139944
83.6		0.139944
83.7		0.139944
83.8		0.139944
83.9		0.139944
84		0.139944
84.1		0.146222
84.2		0.146222
84.3		0.146222
84.4		0.146222
84.5		0.146222
84.6		0.146222
84.7		0.146222
84.8		0.146222
84.9		0.146222
85		0.146222
85.1		0.147146
85.2		0.147146
85.3		0.147146
85.4		0.147146
85.5		0.147146
85.6		0.147146
85.7		0.147146
85.8		0.147146
85.9		0.147146
86		0.147146
86.1		0.147498
86.2		0.147498
86.3		0.147498
86.4		0.147498
86.5		0.147498
86.6		0.147498
86.7		0.147498
86.8		0.147498
86.9		0.147498
87		0.147498
87.1		0.149103
87.2		0.149103
87.3		0.149103
87.4		0.149103
87.5		0.149103
87.6		0.149103
87.7		0.149103
87.8		0.149103
87.9		0.149103
88		0.149103
88.1		0.152085
88.2		0.152085
88.3		0.152085
88.4		0.152085
88.5		0.152085
88.6		0.152085
88.7		0.152085
88.8		0.152085
88.9		0.152085
89		0.152085
89.1		0.154198
89.2		0.154198
89.3		0.154198
89.4		0.154198
89.5		0.154198
89.6		0.154198
89.7		0.154198
89.8		0.154198
89.9		0.154198
90		0.154198
90.1		0.154645
90.2		0.154645
90.3		0.154645
90.4		0.154645
90.5		0.154645
90.6		0.154645
90.7		0.154645
90.8		0.154645
90.9		0.154645
91		0.154645
91.1		0.157924
91.2		0.157924
91.3		0.157924
91.4		0.157924
91.5		0.157924
91.6		0.157924
91.7		0.157924
91.8		0.157924
91.9		0.157924
92		0.157924
92.1		0.158973
92.2		0.158973
92.3		0.158973
92.4		0.158973
92.5		0.158973
92.6		0.158973
92.7		0.158973
92.8		0.158973
92.9		0.158973
93		0.158973
93.1		0.160828
93.2		0.160828
93.3		0.160828
93.4		0.160828
93.5		0.160828
93.6		0.160828
93.7		0.160828
93.8		0.160828
93.9		0.160828
94		0.160828
94.1		0.161095
94.2		0.161095
94.3		0.161095
94.4		0.161095
94.5		0.161095
94.6		0.161095
94.7		0.161095
94.8		0.161095
94.9		0.161095
95		0.161095
95.1		0.165024
95.2		0.165024
95.3		0.165024
95.4		0.165024
95.5		0.165024
95.6		0.165024
95.7		0.165024
95.8		0.165024
95.9		0.165024
96		0.165024
96.1		0.167083
96.2		0.167083
96.3		0.167083
96.4		0.167083
96.5		0.167083
96.6		0.167083
96.7		0.167083
96.8		0.167083
96.9		0.167083
97		0.167083
97.1		0.17113
97.2		0.17113
97.3		0.17113
97.4		0.17113
97.5		0.17113
97.6		0.17113
97.7		0.17113
97.8		0.17113
97.9		0.17113
98		0.17113
98.1		0.172742
98.2		0.172742
98.3		0.172742
98.4		0.172742
98.5		0.172742
98.6		0.172742
98.7		0.172742
98.8		0.172742
98.9		0.172742
99		0.172742
99.1		0.172938
99.2		0.172938
99.3		0.172938
99.4		0.172938
99.5		0.172938
99.6		0.172938
99.7		0.172938
99.8		0.172938
99.9		0.172938
100		0.172938
100.1		0.172977
100.2		0.172977
100.3		0.172977
100.4		0.172977
100.5		0.172977
100.6		0.172977
100.7		0.172977
100.8		0.172977
100.9		0.172977
101		0.172977
101.1		0.17603
101.2		0.17603
101.3		0.17603
101.4		0.17603
101.5		0.17603
101.6		0.17603
101.7		0.17603
101.8		0.17603
101.9		0.17603
102		0.17603
102.1		0.179717
102.2		0.179717
102.3		0.179717
102.4		0.179717
102.5		0.179717
102.6		0.179717
102.7		0.179717
102.8		0.179717
102.9		0.179717
103		0.179717
103.1		0.182762
103.2		0.182762
103.3		0.182762
103.4		0.182762
103.5		0.182762
103.6		0.182762
103.7		0.182762
103.8		0.182762
103.9		0.182762
104		0.182762
104.1		0.183365
104.2		0.183365
104.3		0.183365
104.4		0.183365
104.5		0.183365
104.6		0.183365
104.7		0.183365
104.8		0.183365
104.9		0.183365
105		0.183365
105.1		0.183482
105.2		0.183482
105.3		0.183482
105.4		0.183482
105.5		0.183482
105.6		0.183482
105.7		0.183482
105.8		0.183482
105.9		0.183482
106		0.183482
106.1		0.187607
106.2		0.187607
106.3		0.187607
106.4		0.187607
106.5		0.187607
106.6		0.187607
106.7		0.187607
106.8		0.187607
106.9		0.187607
107		0.187607
107.1		0.190895
107.2		0.190895
107.3		0.190895
107.4		0.190895
107.5		0.190895
107.6		0.190895
107.7		0.190895
107.8		0.190895
107.9		0.190895
108		0.190895
108.1		0.192719
108.2		0.192719
108.3		0.192719
108.4		0.192719
108.5		0.192719
108.6		0.192719
108.7		0.192719
108.8		0.192719
108.9		0.192719
109		0.192719
109.1		0.194065
109.2		0.194065
109.3		0.194065
109.4		0.194065
109.5		0.194065
109.6		0.194065
109.7		0.194065
109.8		0.194065
109.9		0.194065
110		0.194065
110.1		0.194112
110.2		0.194112
110.3		0.194112
110.4		0.194112
110.5		0.194112
110.6		0.194112
110.7		0.194112
110.8		0.194112
110.9		0.194112
111		0.194112
111.1		0.198284
111.2		0.198284
111.3		0.198284
111.4		0.198284
111.5		0.198284
111.6		0.198284
111.7		0.198284
111.8		0.198284
111.9		0.198284
112		0.198284
112.1		0.199842
112.2		0.199842
112.3		0.199842
112.4		0.199842
112.5		0.199842
112.6		0.199842
112.7		0.199842
112.8		0.199842
112.9		0.199842
113		0.199842
113.1		0.201415
113.2		0.201415
113.3		0.201415
113.4		0.201415
113.5		0.201415
113.6		0.201415
113.7		0.201415
113.8		0.201415
113.9		0.201415
114		0.201415
114.1		0.205102
114.2		0.205102
114.3		0.205102
114.4		0.205102
114.5		0.205102
114.6		0.205102
114.7		0.205102
114.8		0.205102
114.9		0.205102
115		0.205102
115.1		0.20637
115.2		0.20637
115.3		0.20637
115.4		0.20637
115.5		0.20637
115.6		0.20637
115.7		0.20637
115.8		0.20637
115.9		0.20637
116		0.20637
116.1		0.206801
116.2		0.206801
116.3		0.206801
116.4		0.206801
116.5		0.206801
116.6		0.206801
116.7		0.206801
116.8		0.206801
116.9		0.206801
117		0.206801
117.1		0.209885
117.2		0.209885
117.3		0.209885
117.4		0.209885
117.5		0.209885
117.6		0.209885
117.7		0.209885
117.8		0.209885
117.9		0.209885
118		0.209885
118.1		0.214308
118.2		0.214308
118.3		0.214308
118.4		0.214308
118.5		0.214308
118.6		0.214308
118.7		0.214308
118.8		0.214308
118.9		0.214308
119		0.214308
119.1		0.214816
119.2		0.214816
119.3		0.214816
119.4		0.214816
119.5		0.214816
119.6		0.214816
119.7		0.214816
119.8		0.214816
119.9		0.214816
120		0.214816
120.1		0.216875
120.2		0.216875
120.3		0.216875
120.4		0.216875
120.5		0.216875
120.6		0.216875
120.7		0.216875
120.8		0.216875
120.9		0.216875
121		0.216875
121.1		0.217313
121.2		0.217313
121.3		0.217313
121.4		0.217313
121.5		0.217313
121.6		0.217313
121.7		0.217313
121.8		0.217313
121.9		0.217313
122		0.217313
122.1		0.220648
122.2		0.220648
122.3		0.220648
122.4		0.220648
122.5		0.220648
122.6		0.220648
122.7		0.220648
122.8		0.220648
122.9		0.220648
123		0.220648
123.1		0.224624
123.2		0.224624
123.3		0.224624
123.4		0.224624
123.5		0.224624
123.6		0.224624
123.7		0.224624
123.8		0.224624
123.9		0.224624
124		0.224624
124.1		0.225548
124.2		0.225548
124.3		0.225548
124.4		0.225548
124.5		0.225548
124.6		0.225548
124.7		0.225548
124.8		0.225548
124.9		0.225548
125		0.225548
125.1		0.225705
125.2		0.225705
125.3		0.225705
125.4		0.225705
125.5		0.225705
125.6		0.225705
125.7		0.225705
125.8		0.225705
125.9		0.225705
126		0.225705
126.1		0.228437
126.2		0.228437
126.3		0.228437
126.4		0.228437
126.5		0.228437
126.6		0.228437
126.7		0.228437
126.8		0.228437
126.9		0.228437
127		0.228437
127.1		0.230213
127.2		0.230213
127.3		0.230213
127.4		0.230213
127.5		0.230213
127.6		0.230213
127.7		0.230213
127.8		0.230213
127.9		0.230213
128		0.230213
128.1		0.232092
128.2		0.232092
128.3		0.232092
128.4		0.232092
128.5		0.232092
128.6		0.232092
128.7		0.232092
128.8		0.232092
128.9		0.232092
129		0.232092
129.1		0.236499
129.2		0.236499
129.3		0.236499
129.4		0.236499
129.5		0.236499
129.6		0.236499
129.7		0.236499
129.8		0.236499
129.9		0.236499
130		0.236499
130.1		0.237008
130.2		0.237008
130.3		0.237008
130.4		0.237008
130.5		0.237008
130.6		0.237008
130.7		0.237008
130.8		0.237008
130.9		0.237008
131		0.237008
131.1		0.239474
131.2		0.239474
131.3		0.239474
131.4		0.239474
131.5		0.239474
131.6		0.239474
131.7		0.239474
131.8		0.239474
131.9		0.239474
132		0.239474
132.1		0.239724
132.2		0.239724
132.3		0.239724
132.4		0.239724
132.5		0.239724
132.6		0.239724
132.7		0.239724
132.8		0.239724
132.9		0.239724
133		0.239724
133.1		0.241564
133.2		0.241564
133.3		0.241564
133.4		0.241564
133.5		0.241564
133.6		0.241564
133.7		0.241564
133.8		0.241564
133.9		0.241564
134		0.241564
134.1		0.241791
134.2		0.241791
134.3		0.241791
134.4		0.241791
134.5		0.241791
134.6		0.241791
134.7		0.241791
134.8		0.241791
134.9		0.241791
135		0.241791
135.1		0.248742
135.2		0.248742
135.3		0.248742
135.4		0.248742
135.5		0.248742
135.6		0.248742
135.7		0.248742
135.8		0.248742
135.9		0.248742
136		0.248742
136.1		0.249861
136.2		0.249861
136.3		0.249861
136.4		0.249861
136.5		0.249861
136.6		0.249861
136.7		0.249861
136.8		0.249861
136.9		0.249861
137		0.249861
137.1		0.252139
137.2		0.252139
137.3		0.252139
137.4		0.252139
137.5		0.252139
137.6		0.252139
137.7		0.252139
137.8		0.252139
137.9		0.252139
138		0.252139
138.1		0.252898
138.2		0.252898
138.3		0.252898
138.4		0.252898
138.5		0.252898
138.6		0.252898
138.7		0.252898
138.8		0.252898
138.9		0.252898
139		0.252898
139.1		0.25354
139.2		0.25354
139.3		0.25354
139.4		0.25354
139.5		0.25354
139.6		0.25354
139.7		0.25354
139.8		0.25354
139.9		0.25354
140		0.25354
140.1		0.258542
140.2		0.258542
140.3		0.258542
140.4		0.258542
140.5		0.258542
140.6		0.258542
140.7		0.258542
140.8		0.258542
140.9		0.258542
141		0.258542
141.1		0.260843
141.2		0.260843
141.3		0.260843
141.4		0.260843
141.5		0.260843
141.6		0.260843
141.7		0.260843
141.8		0.260843
141.9		0.260843
142		0.260843
142.1		0.263693
142.2		0.263693
142.3		0.263693
142.4		0.263693
142.5		0.263693
142.6		0.263693
142.7		0.263693
142.8		0.263693
142.9		0.263693
143		0.263693
143.1		0.264327
143.2		0.264327
143.3		0.264327
143.4		0.264327
143.5		0.264327
143.6		0.264327
143.7		0.264327
143.8		0.264327
143.9		0.264327
144		0.264327
144.1		0.265211
144.2		0.265211
144.3		0.265211
144.4		0.265211
144.5		0.265211
144.6		0.265211
144.7		0.265211
144.8		0.265211
144.9		0.265211
145		0.265211
145.1		0.265454
145.2		0.265454
145.3		0.265454
145.4		0.265454
145.5		0.265454
145.6		0.265454
145.7		0.265454
145.8		0.265454
145.9		0.265454
146		0.265454
146.1		0.269235
146.2		0.269235
146.3		0.269235
146.4		0.269235
146.5		0.269235
146.6		0.269235
146.7		0.269235
146.8		0.269235
146.9		0.269235
147		0.269235
147.1		0.269994
147.2		0.269994
147.3		0.269994
147.4		0.269994
147.5		0.269994
147.6		0.269994
147.7		0.269994
147.8		0.269994
147.9		0.269994
148		0.269994
148.1		0.273133
148.2		0.273133
148.3		0.273133
148.4		0.273133
148.5		0.273133
148.6		0.273133
148.7		0.273133
148.8		0.273133
148.9		0.273133
149		0.273133
149.1		0.274064
149.2		0.274064
149.3		0.274064
149.4		0.274064
149.5		0.274064
149.6		0.274064
149.7		0.274064
149.8		0.274064
149.9		0.274064
150		0.274064
150.1		0.276491
150.2		0.276491
150.3		0.276491
150.4		0.276491
150.5		0.276491
150.6		0.276491
150.7		0.276491
150.8		0.276491
150.9		0.276491
151		0.276491
151.1		0.277297
151.2		0.277297
151.3		0.277297
151.4		0.277297
151.5		0.277297
151.6		0.277297
151.7		0.277297
151.8		0.277297
151.9		0.277297
152		0.277297
152.1		0.280225
152.2		0.280225
152.3		0.280225
152.4		0.280225
152.5		0.280225
152.6		0.280225
152.7		0.280225
152.8		0.280225
152.9		0.280225
153		0.280225
153.1		0.285305
153.2		0.285305
153.3		0.285305
153.4		0.285305
153.5		0.285305
153.6		0.285305
153.7		0.285305
153.8		0.285305
153.9		0.285305
154		0.285305
154.1		0.28554
154.2		0.28554
154.3		0.28554
154.4		0.28554
154.5		0.28554
154.6		0.28554
154.7		0.28554
154.8		0.28554
154.9		0.28554
155		0.28554
155.1		0.28651
155.2		0.28651
155.3		0.28651
155.4		0.28651
155.5		0.28651
155.6		0.28651
155.7		0.28651
155.8		0.28651
155.9		0.28651
156		0.28651
156.1		0.288131
156.2		0.288131
156.3		0.288131
156.4		0.288131
156.5		0.288131
156.6		0.288131
156.7		0.288131
156.8		0.288131
156.9		0.288131
157		0.288131
157.1		0.292843
157.2		0.292843
157.3		0.292843
157.4		0.292843
157.5		0.292843
157.6		0.292843
157.7		0.292843
157.8		0.292843
157.9		0.292843
158		0.292843
158.1		0.295027
158.2		0.295027
158.3		0.295027
158.4		0.295027
158.5		0.295027
158.6		0.295027
158.7		0.295027
158.8		0.295027
158.9		0.295027
159		0.295027
159.1		0.297281
159.2		0.297281
159.3		0.297281
159.4		0.297281
159.5		0.297281
159.6		0.297281
159.7		0.297281
159.8		0.297281
159.9		0.297281
160		0.297281
160.1		0.297485
160.2		0.297485
160.3		0.297485
160.4		0.297485
160.5		0.297485
160.6		0.297485
160.7		0.297485
160.8		0.297485
160.9		0.297485
161		0.297485
161.1		0.299168
161.2		0.299168
161.3		0.299168
161.4		0.299168
161.5		0.299168
161.6		0.299168
161.7		0.299168
161.8		0.299168
161.9		0.299168
162		0.299168
162.1		0.305571
162.2		0.305571
162.3		0.305571
162.4		0.305571
162.5		0.305571
162.6		0.305571
162.7		0.305571
162.8		0.305571
162.9		0.305571
163		0.305571
163.1		0.305751
163.2		0.305751
163.3		0.305751
163.4		0.305751
163.5		0.305751
163.6		0.305751
163.7		0.305751
163.8		0.305751
163.9		0.305751
164		0.305751
164.1		0.305892
164.2		0.305892
164.3		0.305892
164.4		0.305892
164.5		0.305892
164.6		0.305892
164.7		0.305892
164.8		0.305892
164.9		0.305892
165		0.305892
165.1		0.3099
165.2		0.3099
165.3		0.3099
165.4		0.3099
165.5		0.3099
165.6		0.3099
165.7		0.3099
165.8		0.3099
165.9		0.3099
166		0.3099
166.1		0.310628
166.2		0.310628
166.3		0.310628
166.4		0.310628
166.5		0.310628
166.6		0.310628
166.7		0.310628
166.8		0.310628
166.9		0.310628
167		0.310628
167.1		0.312154
167.2		0.312154
167.3		0.312154
167.4		0.312154
167.5		0.312154
167.6		0.312154
167.7		0.312154
167.8		0.312154
167.9		0.312154
168		0.312154
168.1		0.316091
168.2		0.316091
168.3		0.316091
168.4		0.316091
168.5		0.316091
168.6		0.316091
168.7		0.316091
168.8		0.316091
168.9		0.316091
169		0.316091
169.1		0.316937
169.2		0.316937
169.3		0.316937
169.4		0.316937
169.5		0.316937
169.6		0.316937
169.7		0.316937
169.8		0.316937
169.9		0.316937
170		0.316937
170.1		0.319575
170.2		0.319575
170.3		0.319575
170.4		0.319575
170.5		0.319575
170.6		0.319575
170.7		0.319575
170.8		0.319575
170.9		0.319575
171		0.319575
171.1		0.321273
171.2		0.321273
171.3		0.321273
171.4		0.321273
171.5		0.321273
171.6		0.321273
171.7		0.321273
171.8		0.321273
171.9		0.321273
172		0.321273
172.1		0.32161
172.2		0.32161
172.3		0.32161
172.4		0.32161
172.5		0.32161
172.6		0.32161
172.7		0.32161
172.8		0.32161
172.9		0.32161
173		0.32161
173.1		0.323042
173.2		0.323042
173.3		0.323042
173.4		0.323042
173.5		0.323042
173.6		0.323042
173.7		0.323042
173.8		0.323042
173.9		0.323042
174		0.323042
174.1		0.326174
174.2		0.326174
174.3		0.326174
174.4		0.326174
174.5		0.326174
174.6		0.326174
174.7		0.326174
174.8		0.326174
174.9		0.326174
175		0.326174
175.1		0.330103
175.2		0.330103
175.3		0.330103
175.4		0.330103
175.5		0.330103
175.6		0.330103
175.7		0.330103
175.8		0.330103
175.9		0.330103
176		0.330103
176.1		0.33098
176.2		0.33098
176.3		0.33098
176.4		0.33098
176.5		0.33098
176.6		0.33098
176.7		0.33098
176.8		0.33098
176.9		0.33098
177		0.33098
177.1		0.331739
177.2		0.331739
177.3		0.331739
177.4		0.331739
177.5		0.331739
177.6		0.331739
177.7		0.331739
177.8		0.331739
177.9		0.331739
178		0.331739
178.1		0.335817
178.2		0.335817
178.3		0.335817
178.4		0.335817
178.5		0.335817
178.6		0.335817
178.7		0.335817
178.8		0.335817
178.9		0.335817
179		0.335817
179.1		0.337132
179.2		0.337132
179.3		0.337132
179.4		0.337132
179.5		0.337132
179.6		0.337132
179.7		0.337132
179.8		0.337132
179.9		0.337132
180		0.337132
180.1		0.338197
180.2		0.338197
180.3		0.338197
180.4		0.338197
180.5		0.338197
180.6		0.338197
180.7		0.338197
180.8		0.338197
180.9		0.338197
181		0.338197
181.1		0.343285
181.2		0.343285
181.3		0.343285
181.4		0.343285
181.5		0.343285
181.6		0.343285
181.7		0.343285
181.8		0.343285
181.9		0.343285
182		0.343285
182.1		0.344624
182.2		0.344624
182.3		0.344624
182.4		0.344624
182.5		0.344624
182.6		0.344624
182.7		0.344624
182.8		0.344624
182.9		0.344624
183		0.344624
183.1		0.345179
183.2		0.345179
183.3		0.345179
183.4		0.345179
183.5		0.345179
183.6		0.345179
183.7		0.345179
183.8		0.345179
183.9		0.345179
184		0.345179
184.1		0.346353
184.2		0.346353
184.3		0.346353
184.4		0.346353
184.5		0.346353
184.6		0.346353
184.7		0.346353
184.8		0.346353
184.9		0.346353
185		0.346353
185.1		0.349187
185.2		0.349187
185.3		0.349187
185.4		0.349187
185.5		0.349187
185.6		0.349187
185.7		0.349187
185.8		0.349187
185.9		0.349187
186		0.349187
186.1		0.35062
186.2		0.35062
186.3		0.35062
186.4		0.35062
186.5		0.35062
186.6		0.35062
186.7		0.35062
186.8		0.35062
186.9		0.35062
187		0.35062
187.1		0.354674
187.2		0.354674
187.3		0.354674
187.4		0.354674
187.5		0.354674
187.6		0.354674
187.7		0.354674
187.8		0.354674
187.9		0.354674
188		0.354674
188.1		0.355903
188.2		0.355903
188.3		0.355903
188.4		0.355903
188.5		0.355903
188.6		0.355903
188.7		0.355903
188.8		0.355903
188.9		0.355903
189		0.355903
189.1		0.356459
189.2		0.356459
189.3		0.356459
189.4		0.356459
189.5		0.356459
189.6		0.356459
189.7		0.356459
189.8		0.356459
189.9		0.356459
190		0.356459
190.1		0.356686
190.2		0.356686
190.3		0.356686
190.4		0.356686
190.5		0.356686
190.6		0.356686
190.7		0.356686
190.8		0.356686
190.9		0.356686
191		0.356686
191.1		0.360882
191.2		0.360882
191.3		0.360882
191.4		0.360882
191.5		0.360882
191.6		0.360882
191.7		0.360882
191.8		0.360882
191.9		0.360882
192		0.360882
192.1		0.362948
192.2		0.362948
192.3		0.362948
192.4		0.362948
192.5		0.362948
192.6		0.362948
192.7		0.362948
192.8		0.362948
192.9		0.362948
193		0.362948
193.1		0.365203
193.2		0.365203
193.3		0.365203
193.4		0.365203
193.5		0.365203
193.6		0.365203
193.7		0.365203
193.8		0.365203
193.9		0.365203
194		0.365203
194.1		0.365766
194.2		0.365766
194.3		0.365766
194.4		0.365766
194.5		0.365766
194.6		0.365766
194.7		0.365766
194.8		0.365766
194.9		0.365766
195		0.365766
195.1		0.368083
195.2		0.368083
195.3		0.368083
195.4		0.368083
195.5		0.368083
195.6		0.368083
195.7		0.368083
195.8		0.368083
195.9		0.368083
196		0.368083
196.1		0.370064
196.2		0.370064
196.3		0.370064
196.4		0.370064
196.5		0.370064
196.6		0.370064
196.7		0.370064
196.8		0.370064
196.9		0.370064
197		0.370064
197.1		0.371903
197.2		0.371903
197.3		0.371903
197.4		0.371903
197.5		0.371903
197.6		0.371903
197.7		0.371903
197.8		0.371903
197.9		0.371903
198		0.371903
198.1		0.373915
198.2		0.373915
198.3		0.373915
198.4		0.373915
198.5		0.373915
198.6		0.373915
198.7		0.373915
198.8		0.373915
198.9		0.373915
199		0.373915
199.1		0.375347
199.2		0.375347
199.3		0.375347
199.4		0.375347
199.5		0.375347
199.6		0.375347
199.7		0.375347
199.8		0.375347
199.9		0.375347
200		0.375347
200.1		0.378596
200.2		0.378596
200.3		0.378596
200.4		0.378596
200.5		0.378596
200.6		0.378596
200.7		0.378596
200.8		0.378596
200.9		0.378596
201		0.378596
201.1		0.381422
201.2		0.381422
201.3		0.381422
201.4		0.381422
201.5		0.381422
201.6		0.381422
201.7		0.381422
201.8		0.381422
201.9		0.381422
202		0.381422
202.1		0.382713
202.2		0.382713
202.3		0.382713
202.4		0.382713
202.5		0.382713
202.6		0.382713
202.7		0.382713
202.8		0.382713
202.9		0.382713
203		0.382713
203.1		0.383386
203.2		0.383386
203.3		0.383386
203.4		0.383386
203.5		0.383386
203.6		0.383386
203.7		0.383386
203.8		0.383386
203.9		0.383386
204		0.383386
204.1		0.387441
204.2		0.387441
204.3		0.387441
204.4		0.387441
204.5		0.387441
204.6		0.387441
204.7		0.387441
204.8		0.387441
204.9		0.387441
205		0.387441
205.1		0.391613
205.2		0.391613
205.3		0.391613
205.4		0.391613
205.5		0.391613
205.6		0.391613
205.7		0.391613
205.8		0.391613
205.9		0.391613
206		0.391613
206.1		0.392451
206.2		0.392451
206.3		0.392451
206.4		0.392451
206.5		0.392451
206.6		0.392451
206.7		0.392451
206.8		0.392451
206.9		0.392451
207		0.392451
207.1		0.395183
207.2		0.395183
207.3		0.395183
207.4		0.395183
207.5		0.395183
207.6		0.395183
207.7		0.395183
207.8		0.395183
207.9		0.395183
208		0.395183
208.1		0.395582
208.2		0.395582
208.3		0.395582
208.4		0.395582
208.5		0.395582
208.6		0.395582
208.7		0.395582
208.8		0.395582
208.9		0.395582
209		0.395582
209.1		0.396827
209.2		0.396827
209.3		0.396827
209.4		0.396827
209.5		0.396827
209.6		0.396827
209.7		0.396827
209.8		0.396827
209.9		0.396827
210		0.396827
210.1		0.402423
210.2		0.402423
210.3		0.402423
210.4		0.402423
210.5		0.402423
210.6		0.402423
210.7		0.402423
210.8		0.402423
210.9		0.402423
211		0.402423
211.1		0.402854
211.2		0.402854
211.3		0.402854
211.4		0.402854
211.5		0.402854
211.6		0.402854
211.7		0.402854
211.8		0.402854
211.9		0.402854
212		0.402854
212.1		0.403363
212.2		0.403363
212.3		0.403363
212.4		0.403363
212.5		0.403363
212.6		0.403363
212.7		0.403363
212.8		0.403363
212.9		0.403363
213		0.403363
213.1		0.406314
213.2		0.406314
213.3		0.406314
213.4		0.406314
213.5		0.406314
213.6		0.406314
213.7		0.406314
213.8		0.406314
213.9		0.406314
214		0.406314
214.1		0.406705
214.2		0.406705
214.3		0.406705
214.4		0.406705
214.5		0.406705
214.6		0.406705
214.7		0.406705
214.8		0.406705
214.9		0.406705
215		0.406705
215.1		0.408975
215.2		0.408975
215.3		0.408975
215.4		0.408975
215.5		0.408975
215.6		0.408975
215.7		0.408975
215.8		0.408975
215.9		0.408975
216		0.408975
216.1		0.413515
216.2		0.413515
216.3		0.413515
216.4		0.413515
216.5		0.413515
216.6		0.413515
216.7		0.413515
216.8		0.413515
216.9		0.413515
217		0.413515
217.1		0.414384
217.2		0.414384
217.3		0.414384
217.4		0.414384
217.5		0.414384
217.6		0.414384
217.7		0.414384
217.8		0.414384
217.9		0.414384
218		0.414384
218.1		0.415175
218.2		0.415175
218.3		0.415175
218.4		0.415175
218.5		0.415175
218.6		0.415175
218.7		0.415175
218.8		0.415175
218.9		0.415175
219		0.415175
219.1		0.419472
219.2		0.419472
219.3		0.419472
219.4		0.419472
219.5		0.419472
219.6		0.419472
219.7		0.419472
219.8		0.419472
219.9		0.419472
220		0.419472
220.1		0.419809
220.2		0.419809
220.3		0.419809
220.4		0.419809
220.5		0.419809
220.6		0.419809
220.7		0.419809
220.8		0.419809
220.9		0.419809
221		0.419809
221.1		0.424114
221.2		0.424114
221.3		0.424114
221.4		0.424114
221.5		0.424114
221.6		0.424114
221.7		0.424114
221.8		0.424114
221.9		0.424114
222		0.424114
222.1		0.424819
222.2		0.424819
222.3		0.424819
222.4		0.424819
222.5		0.424819
222.6		0.424819
222.7		0.424819
222.8		0.424819
222.9		0.424819
223		0.424819
223.1		0.426478
223.2		0.426478
223.3		0.426478
223.4		0.426478
223.5		0.426478
223.6		0.426478
223.7		0.426478
223.8		0.426478
223.9		0.426478
224		0.426478
224.1		0.426705
224.2		0.426705
224.3		0.426705
224.4		0.426705
224.5		0.426705
224.6		0.426705
224.7		0.426705
224.8		0.426705
224.9		0.426705
225		0.426705
225.1		0.429656
225.2		0.429656
225.3		0.429656
225.4		0.429656
225.5		0.429656
225.6		0.429656
225.7		0.429656
225.8		0.429656
225.9		0.429656
226		0.429656
226.1		0.435777
226.2		0.435777
226.3		0.435777
226.4		0.435777
226.5		0.435777
226.6		0.435777
226.7		0.435777
226.8		0.435777
226.9		0.435777
227		0.435777
227.1		0.436028
227.2		0.436028
227.3		0.436028
227.4		0.436028
227.5		0.436028
227.6		0.436028
227.7		0.436028
227.8		0.436028
227.9		0.436028
228		0.436028
228.1		0.437085
228.2		0.437085
228.3		0.437085
228.4		0.437085
228.5		0.437085
228.6		0.437085
228.7		0.437085
228.8		0.437085
228.9		0.437085
229		0.437085
229.1		0.43728
229.2		0.43728
229.3		0.43728
229.4		0.43728
229.5		0.43728
229.6		0.43728
229.7		0.43728
229.8		0.43728
229.9		0.43728
230		0.43728
230.1		0.442447
230.2		0.442447
230.3		0.442447
230.4		0.442447
230.5		0.442447
230.6		0.442447
230.7		0.442447
230.8		0.442447
230.9		0.442447
231		0.442447
231.1		0.443511
231.2		0.443511
231.3		0.443511
231.4		0.443511
231.5		0.443511
231.6		0.443511
231.7		0.443511
231.8		0.443511
231.9		0.443511
232		0.443511
232.1		0.445852
232.2		0.445852
232.3		0.445852
232.4		0.445852
232.5		0.445852
232.6		0.445852
232.7		0.445852
232.8		0.445852
232.9		0.445852
233		0.445852
233.1		0.447715
233.2		0.447715
233.3		0.447715
233.4		0.447715
233.5		0.447715
233.6		0.447715
233.7		0.447715
233.8		0.447715
233.9		0.447715
234		0.447715
234.1		0.450368
234.2		0.450368
234.3		0.450368
234.4		0.450368
234.5		0.450368
234.6		0.450368
234.7		0.450368
234.8		0.450368
234.9		0.450368
235		0.450368
235.1		0.450587
235.2		0.450587
235.3		0.450587
235.4		0.450587
235.5		0.450587
235.6		0.450587
235.7		0.450587
235.8		0.450587
235.9		0.450587
236		0.450587
236.1		0.453272
236.2		0.453272
236.3		0.453272
236.4		0.453272
236.5		0.453272
236.6		0.453272
236.7		0.453272
236.8		0.453272
236.9		0.453272
237		0.453272
237.1		0.456255
237.2		0.456255
237.3		0.456255
237.4		0.456255
237.5		0.456255
237.6		0.456255
237.7		0.456255
237.8		0.456255
237.9		0.456255
238		0.456255
238.1		0.457507
238.2		0.457507
238.3		0.457507
238.4		0.457507
238.5		0.457507
238.6		0.457507
238.7		0.457507
238.8		0.457507
238.9		0.457507
239		0.457507
239.1		0.462141
239.2		0.462141
239.3		0.462141
239.4		0.462141
239.5		0.462141
239.6		0.462141
239.7		0.462141
239.8		0.462141
239.9		0.462141
240		0.462141
240.1		0.462353
240.2		0.462353
240.3		0.462353
240.4		0.462353
240.5		0.462353
240.6		0.462353
240.7		0.462353
240.8		0.462353
240.9		0.462353
241		0.462353
241.1		0.46301
241.2		0.46301
241.3		0.46301
241.4		0.46301
241.5		0.46301
241.6		0.46301
241.7		0.46301
241.8		0.46301
241.9		0.46301
242		0.46301
242.1		0.463292
242.2		0.463292
242.3		0.463292
242.4		0.463292
242.5		0.463292
242.6		0.463292
242.7		0.463292
242.8		0.463292
242.9		0.463292
243		0.463292
243.1		0.468881
243.2		0.468881
243.3		0.468881
243.4		0.468881
243.5		0.468881
243.6		0.468881
243.7		0.468881
243.8		0.468881
243.9		0.468881
244		0.468881
244.1		0.469045
244.2		0.469045
244.3		0.469045
244.4		0.469045
244.5		0.469045
244.6		0.469045
244.7		0.469045
244.8		0.469045
244.9		0.469045
245		0.469045
245.1		0.47011
245.2		0.47011
245.3		0.47011
245.4		0.47011
245.5		0.47011
245.6		0.47011
245.7		0.47011
245.8		0.47011
245.9		0.47011
246		0.47011
246.1		0.473123
246.2		0.473123
246.3		0.473123
246.4		0.473123
246.5		0.473123
246.6		0.473123
246.7		0.473123
246.8		0.473123
246.9		0.473123
247		0.473123
247.1		0.474125
247.2		0.474125
247.3		0.474125
247.4		0.474125
247.5		0.474125
247.6		0.474125
247.7		0.474125
247.8		0.474125
247.9		0.474125
248		0.474125
248.1		0.475307
248.2		0.475307
248.3		0.475307
248.4		0.475307
248.5		0.475307
248.6		0.475307
248.7		0.475307
248.8		0.475307
248.9		0.475307
249		0.475307
249.1		0.481319
249.2		0.481319
249.3		0.481319
249.4		0.481319
249.5		0.481319
249.6		0.481319
249.7		0.481319
249.8		0.481319
249.9		0.481319
250		0.481319
250.1		0.481499
250.2		0.481499
250.3		0.481499
250.4		0.481499
250.5		0.481499
250.6		0.481499
250.7		0.481499
250.8		0.481499
250.9		0.481499
251		0.481499
251.1		0.482133
251.2		0.482133
251.3		0.482133
251.4		0.482133
251.5		0.482133
251.6		0.482133
251.7		0.482133
251.8		0.482133
251.9		0.482133
252		0.482133
252.1		0.486689
252.2		0.486689
252.3		0.486689
252.4		0.486689
252.5		0.486689
252.6		0.486689
252.7		0.486689
252.8		0.486689
252.9		0.486689
253		0.486689
253.1		0.487026
253.2		0.487026
253.3		0.487026
253.4		0.487026
253.5		0.487026
253.6		0.487026
253.7		0.487026
253.8		0.487026
253.9		0.487026
254		0.487026
254.1		0.491832
254.2		0.491832
254.3		0.491832
254.4		0.491832
254.5		0.491832
254.6		0.491832
254.7		0.491832
254.8		0.491832
254.9		0.491832
255		0.491832
255.1		0.492732
255.2		0.492732
255.3		0.492732
255.4		0.492732
255.5		0.492732
255.6		0.492732
255.7		0.492732
255.8		0.492732
255.9		0.492732
256		0.492732
256.1		0.493491
256.2		0.493491
256.3		0.493491
256.4		0.493491
256.5		0.493491
256.6		0.493491
256.7		0.493491
256.8		0.493491
256.9		0.493491
257		0.493491
257.1		0.496732
257.2		0.496732
257.3		0.496732
257.4		0.496732
257.5		0.496732
257.6		0.496732
257.7		0.496732
257.8		0.496732
257.9		0.496732
258		0.496732
258.1		0.497804
258.2		0.497804
258.3		0.497804
258.4		0.497804
258.5		0.497804
258.6		0.497804
258.7		0.497804
258.8		0.497804
258.9		0.497804
259		0.497804
259.1		0.504082
259.2		0.504082
259.3		0.504082
259.4		0.504082
259.5		0.504082
259.6		0.504082
259.7		0.504082
259.8		0.504082
259.9		0.504082
260		0.504082
260.1		0.504301
260.2		0.504301
260.3		0.504301
260.4		0.504301
260.5		0.504301
260.6		0.504301
260.7		0.504301
260.8		0.504301
260.9		0.504301
261		0.504301
261.1		0.504935
261.2		0.504935
261.3		0.504935
261.4		0.504935
261.5		0.504935
261.6		0.504935
261.7		0.504935
261.8		0.504935
261.9		0.504935
262		0.504935
262.1		0.506133
262.2		0.506133
262.3		0.506133
262.4		0.506133
262.5		0.506133
262.6		0.506133
262.7		0.506133
262.8		0.506133
262.9		0.506133
263		0.506133
263.1		0.508528
263.2		0.508528
263.3		0.508528
263.4		0.508528
263.5		0.508528
263.6		0.508528
263.7		0.508528
263.8		0.508528
263.9		0.508528
264		0.508528
264.1		0.5091
264.2		0.5091
264.3		0.5091
264.4		0.5091
264.5		0.5091
264.6		0.5091
264.7		0.5091
264.8		0.5091
264.9		0.5091
265		0.5091
265.1		0.514125
265.2		0.514125
265.3		0.514125
265.4		0.514125
265.5		0.514125
265.6		0.514125
265.7		0.514125
265.8		0.514125
265.9		0.514125
266		0.514125
266.1		0.517835
266.2		0.517835
266.3		0.517835
266.4		0.517835
266.5		0.517835
266.6		0.517835
266.7		0.517835
266.8		0.517835
266.9		0.517835
267		0.517835
267.1		0.518102
267.2		0.518102
267.3		0.518102
267.4		0.518102
267.5		0.518102
267.6		0.518102
267.7		0.518102
267.8		0.518102
267.9		0.518102
268		0.518102
268.1		0.518845
268.2		0.518845
268.3		0.518845
268.4		0.518845
268.5		0.518845
268.6		0.518845
268.7		0.518845
268.8		0.518845
268.9		0.518845
269		0.518845
269.1		0.521389
269.2		0.521389
269.3		0.521389
269.4		0.521389
269.5		0.521389
269.6		0.521389
269.7		0.521389
269.8		0.521389
269.9		0.521389
270		0.521389
270.1		0.525984
270.2		0.525984
270.3		0.525984
270.4		0.525984
270.5		0.525984
270.6		0.525984
270.7		0.525984
270.8		0.525984
270.9		0.525984
271		0.525984
271.1		0.526712
271.2		0.526712
271.3		0.526712
271.4		0.526712
271.5		0.526712
271.6		0.526712
271.7		0.526712
271.8		0.526712
271.9		0.526712
272		0.526712
272.1		0.528951
272.2		0.528951
272.3		0.528951
272.4		0.528951
272.5		0.528951
272.6		0.528951
272.7		0.528951
272.8		0.528951
272.9		0.528951
273		0.528951
273.1		0.529663
273.2		0.529663
273.3		0.529663
273.4		0.529663
273.5		0.529663
273.6		0.529663
273.7		0.529663
273.8		0.529663
273.9		0.529663
274		0.529663
274.1		0.534626
274.2		0.534626
274.3		0.534626
274.4		0.534626
274.5		0.534626
274.6		0.534626
274.7		0.534626
274.8		0.534626
274.9		0.534626
275		0.534626
275.1		0.534853
275.2		0.534853
275.3		0.534853
275.4		0.534853
275.5		0.534853
275.6		0.534853
275.7		0.534853
275.8		0.534853
275.9		0.534853
276		0.534853
276.1		0.536536
276.2		0.536536
276.3		0.536536
276.4		0.536536
276.5		0.536536
276.6		0.536536
276.7		0.536536
276.8		0.536536
276.9		0.536536
277		0.536536
277.1		0.538344
277.2		0.538344
277.3		0.538344
277.4		0.538344
277.5		0.538344
277.6		0.538344
277.7		0.538344
277.8		0.538344
277.9		0.538344
278		0.538344
278.1		0.538454
278.2		0.538454
278.3		0.538454
278.4		0.538454
278.5		0.538454
278.6		0.538454
278.7		0.538454
278.8		0.538454
278.9		0.538454
279		0.538454
279.1		0.543589
279.2		0.543589
279.3		0.543589
279.4		0.543589
279.5		0.543589
279.6		0.543589
279.7		0.543589
279.8		0.543589
279.9		0.543589
280		0.543589
280.1		0.544904
280.2		0.544904
280.3		0.544904
280.4		0.544904
280.5		0.544904
280.6		0.544904
280.7		0.544904
280.8		0.544904
280.9		0.544904
281		0.544904
281.1		0.545773
281.2		0.545773
281.3		0.545773
281.4		0.545773
281.5		0.545773
281.6		0.545773
281.7		0.545773
281.8		0.545773
281.9		0.545773
282		0.545773
282.1		0.549467
282.2		0.549467
282.3		0.549467
282.4		0.549467
282.5		0.549467
282.6		0.549467
282.7		0.549467
282.8		0.549467
282.9		0.549467
283		0.549467
283.1		0.551565
283.2		0.551565
283.3		0.551565
283.4		0.551565
283.5		0.551565
283.6		0.551565
283.7		0.551565
283.8		0.551565
283.9		0.551565
284		0.551565
284.1		0.555166
284.2		0.555166
284.3		0.555166
284.4		0.555166
284.5		0.555166
284.6		0.555166
284.7		0.555166
284.8		0.555166
284.9		0.555166
285		0.555166
285.1		0.559816
285.2		0.559816
285.3		0.559816
285.4		0.559816
285.5		0.559816
285.6		0.559816
285.7		0.559816
285.8		0.559816
285.9		0.559816
286		0.559816
286.1		0.560872
286.2		0.560872
286.3		0.560872
286.4		0.560872
286.5		0.560872
286.6		0.560872
286.7		0.560872
286.8		0.560872
286.9		0.560872
287		0.560872
287.1		0.561365
287.2		0.561365
287.3		0.561365
287.4		0.561365
287.5		0.561365
287.6		0.561365
287.7		0.561365
287.8		0.561365
287.9		0.561365
288		0.561365
288.1		0.562422
288.2		0.562422
288.3		0.562422
288.4		0.562422
288.5		0.562422
288.6		0.562422
288.7		0.562422
288.8		0.562422
288.9		0.562422
289		0.562422
289.1		0.568316
289.2		0.568316
289.3		0.568316
289.4		0.568316
289.5		0.568316
289.6		0.568316
289.7		0.568316
289.8		0.568316
289.9		0.568316
290		0.568316
290.1		0.568316
290.2		0.568316
290.3		0.568316
290.4		0.568316
290.5		0.568316
290.6		0.568316
290.7		0.568316
290.8		0.568316
290.9		0.568316
291		0.568316
291.1		0.568567
291.2		0.568567
291.3		0.568567
291.4		0.568567
291.5		0.568567
291.6		0.568567
291.7		0.568567
291.8		0.568567
291.9		0.568567
292		0.568567
292.1		0.568567
292.2		0.568567
292.3		0.568567
292.4		0.568567
292.5		0.568567
292.6		0.568567
292.7		0.568567
292.8		0.568567
292.9		0.568567
293		0.568567
293.1		0.569326
293.2		0.569326
293.3		0.569326
293.4		0.569326
293.5		0.569326
293.6		0.569326
293.7		0.569326
293.8		0.569326
293.9		0.569326
294		0.569326
294.1		0.57072
294.2		0.57072
294.3		0.57072
294.4		0.57072
294.5		0.57072
294.6		0.57072
294.7		0.57072
294.8		0.57072
294.9		0.57072
295		0.57072
295.1		0.576003
295.2		0.576003
295.3		0.576003
295.4		0.576003
295.5		0.576003
295.6		0.576003
295.7		0.576003
295.8		0.576003
295.9		0.576003
296		0.576003
296.1		0.57663
296.2		0.57663
296.3		0.57663
296.4		0.57663
296.5		0.57663
296.6		0.57663
296.7		0.57663
296.8		0.57663
296.9		0.57663
297		0.57663
297.1		0.578657
297.2		0.578657
297.3		0.578657
297.4		0.578657
297.5		0.578657
297.6		0.578657
297.7		0.578657
297.8		0.578657
297.9		0.578657
298		0.578657
298.1		0.57962
298.2		0.57962
298.3		0.57962
298.4		0.57962
298.5		0.57962
298.6		0.57962
298.7		0.57962
298.8		0.57962
298.9		0.57962
299		0.57962
299.1		0.580152
299.2		0.580152
299.3		0.580152
299.4		0.580152
299.5		0.580152
299.6		0.580152
299.7		0.580152
299.8		0.580152
299.9		0.580152
300		0.580152
300.1		0.583487
300.2		0.583487
300.3		0.583487
300.4		0.583487
300.5		0.583487
300.6		0.583487
300.7		0.583487
300.8		0.583487
300.9		0.583487
301		0.583487
301.1		0.583729
301.2		0.583729
301.3		0.583729
301.4		0.583729
301.5		0.583729
301.6		0.583729
301.7		0.583729
301.8		0.583729
301.9		0.583729
302		0.583729
302.1		0.586344
302.2		0.586344
302.3		0.586344
302.4		0.586344
302.5		0.586344
302.6		0.586344
302.7		0.586344
302.8		0.586344
302.9		0.586344
303		0.586344
303.1		0.588207
303.2		0.588207
303.3		0.588207
303.4		0.588207
303.5		0.588207
303.6		0.588207
303.7		0.588207
303.8		0.588207
303.9		0.588207
304		0.588207
304.1		0.592395
304.2		0.592395
304.3		0.592395
304.4		0.592395
304.5		0.592395
304.6		0.592395
304.7		0.592395
304.8		0.592395
304.9		0.592395
305		0.592395
305.1		0.59367
305.2		0.59367
305.3		0.59367
305.4		0.59367
305.5		0.59367
305.6		0.59367
305.7		0.59367
305.8		0.59367
305.9		0.59367
306		0.59367
306.1		0.595111
306.2		0.595111
306.3		0.595111
306.4		0.595111
306.5		0.595111
306.6		0.595111
306.7		0.595111
306.8		0.595111
306.9		0.595111
307		0.595111
307.1		0.595878
307.2		0.595878
307.3		0.595878
307.4		0.595878
307.5		0.595878
307.6		0.595878
307.7		0.595878
307.8		0.595878
307.9		0.595878
308		0.595878
308.1		0.599526
308.2		0.599526
308.3		0.599526
308.4		0.599526
308.5		0.599526
308.6		0.599526
308.7		0.599526
308.8		0.599526
308.9		0.599526
309		0.599526
309.1		0.60268
309.2		0.60268
309.3		0.60268
309.4		0.60268
309.5		0.60268
309.6		0.60268
309.7		0.60268
309.8		0.60268
309.9		0.60268
310		0.60268
310.1		0.603017
310.2		0.603017
310.3		0.603017
310.4		0.603017
310.5		0.603017
310.6		0.603017
310.7		0.603017
310.8		0.603017
310.9		0.603017
311		0.603017
311.1		0.60751
311.2		0.60751
311.3		0.60751
311.4		0.60751
311.5		0.60751
311.6		0.60751
311.7		0.60751
311.8		0.60751
311.9		0.60751
312		0.60751
312.1		0.607823
312.2		0.607823
312.3		0.607823
312.4		0.607823
312.5		0.607823
312.6		0.607823
312.7		0.607823
312.8		0.607823
312.9		0.607823
313		0.607823
313.1		0.610046
313.2		0.610046
313.3		0.610046
313.4		0.610046
313.5		0.610046
313.6		0.610046
313.7		0.610046
313.8		0.610046
313.9		0.610046
314		0.610046
314.1		0.610312
314.2		0.610312
314.3		0.610312
314.4		0.610312
314.5		0.610312
314.6		0.610312
314.7		0.610312
314.8		0.610312
314.9		0.610312
315		0.610312
315.1		0.61443
315.2		0.61443
315.3		0.61443
315.4		0.61443
315.5		0.61443
315.6		0.61443
315.7		0.61443
315.8		0.61443
315.9		0.61443
316		0.61443
316.1		0.614664
316.2		0.614664
316.3		0.614664
316.4		0.614664
316.5		0.614664
316.6		0.614664
316.7		0.614664
316.8		0.614664
316.9		0.614664
317		0.614664
317.1		0.617827
317.2		0.617827
317.3		0.617827
317.4		0.617827
317.5		0.617827
317.6		0.617827
317.7		0.617827
317.8		0.617827
317.9		0.617827
318		0.617827
318.1		0.619933
318.2		0.619933
318.3		0.619933
318.4		0.619933
318.5		0.619933
318.6		0.619933
318.7		0.619933
318.8		0.619933
318.9		0.619933
319		0.619933
319.1		0.622594
319.2		0.622594
319.3		0.622594
319.4		0.622594
319.5		0.622594
319.6		0.622594
319.7		0.622594
319.8		0.622594
319.9		0.622594
320		0.622594
320.1		0.623698
320.2		0.623698
320.3		0.623698
320.4		0.623698
320.5		0.623698
320.6		0.623698
320.7		0.623698
320.8		0.623698
320.9		0.623698
321		0.623698
321.1		0.626038
321.2		0.626038
321.3		0.626038
321.4		0.626038
321.5		0.626038
321.6		0.626038
321.7		0.626038
321.8		0.626038
321.9		0.626038
322		0.626038
322.1		0.628418
322.2		0.628418
322.3		0.628418
322.4		0.628418
322.5		0.628418
322.6		0.628418
322.7		0.628418
322.8		0.628418
322.9		0.628418
323		0.628418
323.1		0.628606
323.2		0.628606
323.3		0.628606
323.4		0.628606
323.5		0.628606
323.6		0.628606
323.7		0.628606
323.8		0.628606
323.9		0.628606
324		0.628606
324.1		0.630289
324.2		0.630289
324.3		0.630289
324.4		0.630289
324.5		0.630289
324.6		0.630289
324.7		0.630289
324.8		0.630289
324.9		0.630289
325		0.630289
325.1		0.633506
325.2		0.633506
325.3		0.633506
325.4		0.633506
325.5		0.633506
325.6		0.633506
325.7		0.633506
325.8		0.633506
325.9		0.633506
326		0.633506
326.1		0.636903
326.2		0.636903
326.3		0.636903
326.4		0.636903
326.5		0.636903
326.6		0.636903
326.7		0.636903
326.8		0.636903
326.9		0.636903
327		0.636903
327.1		0.638281
327.2		0.638281
327.3		0.638281
327.4		0.638281
327.5		0.638281
327.6		0.638281
327.7		0.638281
327.8		0.638281
327.9		0.638281
328		0.638281
328.1		0.638484
328.2		0.638484
328.3		0.638484
328.4		0.638484
328.5		0.638484
328.6		0.638484
328.7		0.638484
328.8		0.638484
328.9		0.638484
329		0.638484
329.1		0.641208
329.2		0.641208
329.3		0.641208
329.4		0.641208
329.5		0.641208
329.6		0.641208
329.7		0.641208
329.8		0.641208
329.9		0.641208
330		0.641208
330.1		0.642375
330.2		0.642375
330.3		0.642375
330.4		0.642375
330.5		0.642375
330.6		0.642375
330.7		0.642375
330.8		0.642375
330.9		0.642375
331		0.642375
331.1		0.646727
331.2		0.646727
331.3		0.646727
331.4		0.646727
331.5		0.646727
331.6		0.646727
331.7		0.646727
331.8		0.646727
331.9		0.646727
332		0.646727
332.1		0.646954
332.2		0.646954
332.3		0.646954
332.4		0.646954
332.5		0.646954
332.6		0.646954
332.7		0.646954
332.8		0.646954
332.9		0.646954
333		0.646954
333.1		0.64729
333.2		0.64729
333.3		0.64729
333.4		0.64729
333.5		0.64729
333.6		0.64729
333.7		0.64729
333.8		0.64729
333.9		0.64729
334		0.64729
334.1		0.647322
334.2		0.647322
334.3		0.647322
334.4		0.647322
334.5		0.647322
334.6		0.647322
334.7		0.647322
334.8		0.647322
334.9		0.647322
335		0.647322
335.1		0.653803
335.2		0.653803
335.3		0.653803
335.4		0.653803
335.5		0.653803
335.6		0.653803
335.7		0.653803
335.8		0.653803
335.9		0.653803
336		0.653803
336.1		0.654273
336.2		0.654273
336.3		0.654273
336.4		0.654273
336.5		0.654273
336.6		0.654273
336.7		0.654273
336.8		0.654273
336.9		0.654273
337		0.654273
337.1		0.659157
337.2		0.659157
337.3		0.659157
337.4		0.659157
337.5		0.659157
337.6		0.659157
337.7		0.659157
337.8		0.659157
337.9		0.659157
338		0.659157
338.1		0.65994
338.2		0.65994
338.3		0.65994
338.4		0.65994
338.5		0.65994
338.6		0.65994
338.7		0.65994
338.8		0.65994
338.9		0.65994
339		0.65994
339.1		0.660128
339.2		0.660128
339.3		0.660128
339.4		0.660128
339.5		0.660128
339.6		0.660128
339.7		0.660128
339.8		0.660128
339.9		0.660128
340		0.660128
340.1		0.662014
340.2		0.662014
340.3		0.662014
340.4		0.662014
340.5		0.662014
340.6		0.662014
340.7		0.662014
340.8		0.662014
340.9		0.662014
341		0.662014
341.1		0.665059
341.2		0.665059
341.3		0.665059
341.4		0.665059
341.5		0.665059
341.6		0.665059
341.7		0.665059
341.8		0.665059
341.9		0.665059
342		0.665059
342.1		0.66675
342.2		0.66675
342.3		0.66675
342.4		0.66675
342.5		0.66675
342.6		0.66675
342.7		0.66675
342.8		0.66675
342.9		0.66675
343		0.66675
343.1		0.671212
343.2		0.671212
343.3		0.671212
343.4		0.671212
343.5		0.671212
343.6		0.671212
343.7		0.671212
343.8		0.671212
343.9		0.671212
344		0.671212
344.1		0.673271
344.2		0.673271
344.3		0.673271
344.4		0.673271
344.5		0.673271
344.6		0.673271
344.7		0.673271
344.8		0.673271
344.9		0.673271
345		0.673271
345.1		0.673693
345.2		0.673693
345.3		0.673693
345.4		0.673693
345.5		0.673693
345.6		0.673693
345.7		0.673693
345.8		0.673693
345.9		0.673693
346		0.673693
346.1		0.678656
346.2		0.678656
346.3		0.678656
346.4		0.678656
346.5		0.678656
346.6		0.678656
346.7		0.678656
346.8		0.678656
346.9		0.678656
347		0.678656
347.1		0.682946
347.2		0.682946
347.3		0.682946
347.4		0.682946
347.5		0.682946
347.6		0.682946
347.7		0.682946
347.8		0.682946
347.9		0.682946
348		0.682946
348.1		0.683588
348.2		0.683588
348.3		0.683588
348.4		0.683588
348.5		0.683588
348.6		0.683588
348.7		0.683588
348.8		0.683588
348.9		0.683588
349		0.683588
349.1		0.684081
349.2		0.684081
349.3		0.684081
349.4		0.684081
349.5		0.684081
349.6		0.684081
349.7		0.684081
349.8		0.684081
349.9		0.684081
350		0.684081
350.1		0.687274
350.2		0.687274
350.3		0.687274
350.4		0.687274
350.5		0.687274
350.6		0.687274
350.7		0.687274
350.8		0.687274
350.9		0.687274
351		0.687274
351.1		0.690539
351.2		0.690539
351.3		0.690539
351.4		0.690539
351.5		0.690539
351.6		0.690539
351.7		0.690539
351.8		0.690539
351.9		0.690539
352		0.690539
352.1		0.692409
352.2		0.692409
352.3		0.692409
352.4		0.692409
352.5		0.692409
352.6		0.692409
352.7		0.692409
352.8		0.692409
352.9		0.692409
353		0.692409
353.1		0.693936
353.2		0.693936
353.3		0.693936
353.4		0.693936
353.5		0.693936
353.6		0.693936
353.7		0.693936
353.8		0.693936
353.9		0.693936
354		0.693936
354.1		0.693936
354.2		0.693936
354.3		0.693936
354.4		0.693936
354.5		0.693936
354.6		0.693936
354.7		0.693936
354.8		0.693936
354.9		0.693936
355		0.693936
355.1		0.696769
355.2		0.696769
355.3		0.696769
355.4		0.696769
355.5		0.696769
355.6		0.696769
355.7		0.696769
355.8		0.696769
355.9		0.696769
356		0.696769
356.1		0.696793
356.2		0.696793
356.3		0.696793
356.4		0.696793
356.5		0.696793
356.6		0.696793
356.7		0.696793
356.8		0.696793
356.9		0.696793
357		0.696793
357.1		0.699126
357.2		0.699126
357.3		0.699126
357.4		0.699126
357.5		0.699126
357.6		0.699126
357.7		0.699126
357.8		0.699126
357.9		0.699126
358		0.699126
358.1		0.701662
358.2		0.701662
358.3		0.701662
358.4		0.701662
358.5		0.701662
358.6		0.701662
358.7		0.701662
358.8		0.701662
358.9		0.701662
359		0.701662
359.1		0.702445
359.2		0.702445
359.3		0.702445
359.4		0.702445
359.5		0.702445
359.6		0.702445
359.7		0.702445
359.8		0.702445
359.9		0.702445
360		0.702445
360.1		0.702445
360.2		0.702445
360.3		0.702445
360.4		0.702445
360.5		0.702445
360.6		0.702445
360.7		0.702445
360.8		0.702445
360.9		0.702445
361		0.702445
361.1		0.706969
361.2		0.706969
361.3		0.706969
361.4		0.706969
361.5		0.706969
361.6		0.706969
361.7		0.706969
361.8		0.706969
361.9		0.706969
362		0.706969
362.1		0.707807
362.2		0.707807
362.3		0.707807
362.4		0.707807
362.5		0.707807
362.6		0.707807
362.7		0.707807
362.8		0.707807
362.9		0.707807
363		0.707807
363.1		0.708128
363.2		0.708128
363.3		0.708128
363.4		0.708128
363.5		0.708128
363.6		0.708128
363.7		0.708128
363.8		0.708128
363.9		0.708128
364		0.708128
364.1		0.710883
364.2		0.710883
364.3		0.710883
364.4		0.710883
364.5		0.710883
364.6		0.710883
364.7		0.710883
364.8		0.710883
364.9		0.710883
365		0.710883
365.1		0.713067
365.2		0.713067
365.3		0.713067
365.4		0.713067
365.5		0.713067
365.6		0.713067
365.7		0.713067
365.8		0.713067
365.9		0.713067
366		0.713067
366.1		0.714914
366.2		0.714914
366.3		0.714914
366.4		0.714914
366.5		0.714914
366.6		0.714914
366.7		0.714914
366.8		0.714914
366.9		0.714914
367		0.714914
367.1		0.718969
367.2		0.718969
367.3		0.718969
367.4		0.718969
367.5		0.718969
367.6		0.718969
367.7		0.718969
367.8		0.718969
367.9		0.718969
368		0.718969
368.1		0.719024
368.2		0.719024
368.3		0.719024
368.4		0.719024
368.5		0.719024
368.6		0.719024
368.7		0.719024
368.8		0.719024
368.9		0.719024
369		0.719024
369.1		0.72109
369.2		0.72109
369.3		0.72109
369.4		0.72109
369.5		0.72109
369.6		0.72109
369.7		0.72109
369.8		0.72109
369.9		0.72109
370		0.72109
370.1		0.723251
370.2		0.723251
370.3		0.723251
370.4		0.723251
370.5		0.723251
370.6		0.723251
370.7		0.723251
370.8		0.723251
370.9		0.723251
371		0.723251
371.1		0.723752
371.2		0.723752
371.3		0.723752
371.4		0.723752
371.5		0.723752
371.6		0.723752
371.7		0.723752
371.8		0.723752
371.9		0.723752
372		0.723752
372.1		0.728793
372.2		0.728793
372.3		0.728793
372.4		0.728793
372.5		0.728793
372.6		0.728793
372.7		0.728793
372.8		0.728793
372.9		0.728793
373		0.728793
373.1		0.730155
373.2		0.730155
373.3		0.730155
373.4		0.730155
373.5		0.730155
373.6		0.730155
373.7		0.730155
373.8		0.730155
373.9		0.730155
374		0.730155
374.1		0.731321
374.2		0.731321
374.3		0.731321
374.4		0.731321
374.5		0.731321
374.6		0.731321
374.7		0.731321
374.8		0.731321
374.9		0.731321
375		0.731321
375.1		0.735885
375.2		0.735885
375.3		0.735885
375.4		0.735885
375.5		0.735885
375.6		0.735885
375.7		0.735885
375.8		0.735885
375.9		0.735885
376		0.735885
376.1		0.73738
376.2		0.73738
376.3		0.73738
376.4		0.73738
376.5		0.73738
376.6		0.73738
376.7		0.73738
376.8		0.73738
376.9		0.73738
377		0.73738
377.1		0.740409
377.2		0.740409
377.3		0.740409
377.4		0.740409
377.5		0.740409
377.6		0.740409
377.7		0.740409
377.8		0.740409
377.9		0.740409
378		0.740409
378.1		0.740409
378.2		0.740409
378.3		0.740409
378.4		0.740409
378.5		0.740409
378.6		0.740409
378.7		0.740409
378.8		0.740409
378.9		0.740409
379		0.740409
379.1		0.741137
379.2		0.741137
379.3		0.741137
379.4		0.741137
379.5		0.741137
379.6		0.741137
379.7		0.741137
379.8		0.741137
379.9		0.741137
380		0.741137
380.1		0.744871
380.2		0.744871
380.3		0.744871
380.4		0.744871
380.5		0.744871
380.6		0.744871
380.7		0.744871
380.8		0.744871
380.9		0.744871
381		0.744871
381.1		0.747932
381.2		0.747932
381.3		0.747932
381.4		0.747932
381.5		0.747932
381.6		0.747932
381.7		0.747932
381.8		0.747932
381.9		0.747932
382		0.747932
382.1		0.749763
382.2		0.749763
382.3		0.749763
382.4		0.749763
382.5		0.749763
382.6		0.749763
382.7		0.749763
382.8		0.749763
382.9		0.749763
383		0.749763
383.1		0.750663
383.2		0.750663
383.3		0.750663
383.4		0.750663
383.5		0.750663
383.6		0.750663
383.7		0.750663
383.8		0.750663
383.9		0.750663
384		0.750663
384.1		0.750883
384.2		0.750883
384.3		0.750883
384.4		0.750883
384.5		0.750883
384.6		0.750883
384.7		0.750883
384.8		0.750883
384.9		0.750883
385		0.750883
385.1		0.753513
385.2		0.753513
385.3		0.753513
385.4		0.753513
385.5		0.753513
385.6		0.753513
385.7		0.753513
385.8		0.753513
385.9		0.753513
386		0.753513
386.1		0.755438
386.2		0.755438
386.3		0.755438
386.4		0.755438
386.5		0.755438
386.6		0.755438
386.7		0.755438
386.8		0.755438
386.9		0.755438
387		0.755438
387.1		0.758241
387.2		0.758241
387.3		0.758241
387.4		0.758241
387.5		0.758241
387.6		0.758241
387.7		0.758241
387.8		0.758241
387.9		0.758241
388		0.758241
388.1		0.758937
388.2		0.758937
388.3		0.758937
388.4		0.758937
388.5		0.758937
388.6		0.758937
388.7		0.758937
388.8		0.758937
388.9		0.758937
389		0.758937
389.1		0.763368
389.2		0.763368
389.3		0.763368
389.4		0.763368
389.5		0.763368
389.6		0.763368
389.7		0.763368
389.8		0.763368
389.9		0.763368
390		0.763368
390.1		0.764933
390.2		0.764933
390.3		0.764933
390.4		0.764933
390.5		0.764933
390.6		0.764933
390.7		0.764933
390.8		0.764933
390.9		0.764933
391		0.764933
391.1		0.765896
391.2		0.765896
391.3		0.765896
391.4		0.765896
391.5		0.765896
391.6		0.765896
391.7		0.765896
391.8		0.765896
391.9		0.765896
392		0.765896
392.1		0.766452
392.2		0.766452
392.3		0.766452
392.4		0.766452
392.5		0.766452
392.6		0.766452
392.7		0.766452
392.8		0.766452
392.9		0.766452
393		0.766452
393.1		0.769732
393.2		0.769732
393.3		0.769732
393.4		0.769732
393.5		0.769732
393.6		0.769732
393.7		0.769732
393.8		0.769732
393.9		0.769732
394		0.769732
394.1		0.774554
394.2		0.774554
394.3		0.774554
394.4		0.774554
394.5		0.774554
394.6		0.774554
394.7		0.774554
394.8		0.774554
394.9		0.774554
395		0.774554
395.1		0.775469
395.2		0.775469
395.3		0.775469
395.4		0.775469
395.5		0.775469
395.6		0.775469
395.7		0.775469
395.8		0.775469
395.9		0.775469
396		0.775469
396.1		0.775603
396.2		0.775603
396.3		0.775603
396.4		0.775603
396.5		0.775603
396.6		0.775603
396.7		0.775603
396.8		0.775603
396.9		0.775603
397		0.775603
397.1		0.775775
397.2		0.775775
397.3		0.775775
397.4		0.775775
397.5		0.775775
397.6		0.775775
397.7		0.775775
397.8		0.775775
397.9		0.775775
398		0.775775
398.1		0.7817
398.2		0.7817
398.3		0.7817
398.4		0.7817
398.5		0.7817
398.6		0.7817
398.7		0.7817
398.8		0.7817
398.9		0.7817
399		0.7817
399.1		0.782029
399.2		0.782029
399.3		0.782029
399.4		0.782029
399.5		0.782029
399.6		0.782029
399.7		0.782029
399.8		0.782029
399.9		0.782029
400		0.782029
400.1		0.785786
400.2		0.785786
400.3		0.785786
400.4		0.785786
400.5		0.785786
400.6		0.785786
400.7		0.785786
400.8		0.785786
400.9		0.785786
401		0.785786
401.1		0.787736
401.2		0.787736
401.3		0.787736
401.4		0.787736
401.5		0.787736
401.6		0.787736
401.7		0.787736
401.8		0.787736
401.9		0.787736
402		0.787736
402.1		0.787736
402.2		0.787736
402.3		0.787736
402.4		0.787736
402.5		0.787736
402.6		0.787736
402.7		0.787736
402.8		0.787736
402.9		0.787736
403		0.787736
403.1		0.788448
403.2		0.788448
403.3		0.788448
403.4		0.788448
403.5		0.788448
403.6		0.788448
403.7		0.788448
403.8		0.788448
403.9		0.788448
404		0.788448
404.1		0.789786
404.2		0.789786
404.3		0.789786
404.4		0.789786
404.5		0.789786
404.6		0.789786
404.7		0.789786
404.8		0.789786
404.9		0.789786
405		0.789786
405.1		0.793606
405.2		0.793606
405.3		0.793606
405.4		0.793606
405.5		0.793606
405.6		0.793606
405.7		0.793606
405.8		0.793606
405.9		0.793606
406		0.793606
406.1		0.797732
406.2		0.797732
406.3		0.797732
406.4		0.797732
406.5		0.797732
406.6		0.797732
406.7		0.797732
406.8		0.797732
406.9		0.797732
407		0.797732
407.1		0.798491
407.2		0.798491
407.3		0.798491
407.4		0.798491
407.5		0.798491
407.6		0.798491
407.7		0.798491
407.8		0.798491
407.9		0.798491
408		0.798491
408.1		0.798765
408.2		0.798765
408.3		0.798765
408.4		0.798765
408.5		0.798765
408.6		0.798765
408.7		0.798765
408.8		0.798765
408.9		0.798765
409		0.798765
409.1		0.803227
409.2		0.803227
409.3		0.803227
409.4		0.803227
409.5		0.803227
409.6		0.803227
409.7		0.803227
409.8		0.803227
409.9		0.803227
410		0.803227
410.1		0.806334
410.2		0.806334
410.3		0.806334
410.4		0.806334
410.5		0.806334
410.6		0.806334
410.7		0.806334
410.8		0.806334
410.9		0.806334
411		0.806334
411.1		0.807023
411.2		0.807023
411.3		0.807023
411.4		0.807023
411.5		0.807023
411.6		0.807023
411.7		0.807023
411.8		0.807023
411.9		0.807023
412		0.807023
412.1		0.809418
412.2		0.809418
412.3		0.809418
412.4		0.809418
412.5		0.809418
412.6		0.809418
412.7		0.809418
412.8		0.809418
412.9		0.809418
413		0.809418
413.1		0.809896
413.2		0.809896
413.3		0.809896
413.4		0.809896
413.5		0.809896
413.6		0.809896
413.7		0.809896
413.8		0.809896
413.9		0.809896
414		0.809896
414.1		0.814866
414.2		0.814866
414.3		0.814866
414.4		0.814866
414.5		0.814866
414.6		0.814866
414.7		0.814866
414.8		0.814866
414.9		0.814866
415		0.814866
415.1		0.815258
415.2		0.815258
415.3		0.815258
415.4		0.815258
415.5		0.815258
415.6		0.815258
415.7		0.815258
415.8		0.815258
415.9		0.815258
416		0.815258
416.1		0.817551
416.2		0.817551
416.3		0.817551
416.4		0.817551
416.5		0.817551
416.6		0.817551
416.7		0.817551
416.8		0.817551
416.9		0.817551
417		0.817551
417.1		0.818452
417.2		0.818452
417.3		0.818452
417.4		0.818452
417.5		0.818452
417.6		0.818452
417.7		0.818452
417.8		0.818452
417.9		0.818452
418		0.818452
418.1		0.820236
418.2		0.820236
418.3		0.820236
418.4		0.820236
418.5		0.820236
418.6		0.820236
418.7		0.820236
418.8		0.820236
418.9		0.820236
419		0.820236
419.1		0.822999
419.2		0.822999
419.3		0.822999
419.4		0.822999
419.5		0.822999
419.6		0.822999
419.7		0.822999
419.8		0.822999
419.9		0.822999
420		0.822999
420.1		0.826608
420.2		0.826608
420.3		0.826608
420.4		0.826608
420.5		0.826608
420.6		0.826608
420.7		0.826608
420.8		0.826608
420.9		0.826608
421		0.826608
421.1		0.826772
421.2		0.826772
421.3		0.826772
421.4		0.826772
421.5		0.826772
421.6		0.826772
421.7		0.826772
421.8		0.826772
421.9		0.826772
422		0.826772
422.1		0.8275
422.2		0.8275
422.3		0.8275
422.4		0.8275
422.5		0.8275
422.6		0.8275
422.7		0.8275
422.8		0.8275
422.9		0.8275
423		0.8275
423.1		0.83053
423.2		0.83053
423.3		0.83053
423.4		0.83053
423.5		0.83053
423.6		0.83053
423.7		0.83053
423.8		0.83053
423.9		0.83053
424		0.83053
424.1		0.832494
424.2		0.832494
424.3		0.832494
424.4		0.832494
424.5		0.832494
424.6		0.832494
424.7		0.832494
424.8		0.832494
424.9		0.832494
425		0.832494
425.1		0.833598
425.2		0.833598
425.3		0.833598
425.4		0.833598
425.5		0.833598
425.6		0.833598
425.7		0.833598
425.8		0.833598
425.9		0.833598
426		0.833598
426.1		0.837708
426.2		0.837708
426.3		0.837708
426.4		0.837708
426.5		0.837708
426.6		0.837708
426.7		0.837708
426.8		0.837708
426.9		0.837708
427		0.837708
427.1		0.837958
427.2		0.837958
427.3		0.837958
427.4		0.837958
427.5		0.837958
427.6		0.837958
427.7		0.837958
427.8		0.837958
427.9		0.837958
428		0.837958
428.1		0.841582
428.2		0.841582
428.3		0.841582
428.4		0.841582
428.5		0.841582
428.6		0.841582
428.7		0.841582
428.8		0.841582
428.9		0.841582
429		0.841582
429.1		0.843218
429.2		0.843218
429.3		0.843218
429.4		0.843218
429.5		0.843218
429.6		0.843218
429.7		0.843218
429.8		0.843218
429.9		0.843218
430		0.843218
430.1		0.846616
430.2		0.846616
430.3		0.846616
430.4		0.846616
430.5		0.846616
430.6		0.846616
430.7		0.846616
430.8		0.846616
430.9		0.846616
431		0.846616
431.1		0.846827
431.2		0.846827
431.3		0.846827
431.4		0.846827
431.5		0.846827
431.6		0.846827
431.7		0.846827
431.8		0.846827
431.9		0.846827
432		0.846827
432.1		0.851351
432.2		0.851351
432.3		0.851351
432.4		0.851351
432.5		0.851351
432.6		0.851351
432.7		0.851351
432.8		0.851351
432.9		0.851351
433		0.851351
433.1		0.855391
433.2		0.855391
433.3		0.855391
433.4		0.855391
433.5		0.855391
433.6		0.855391
433.7		0.855391
433.8		0.855391
433.9		0.855391
434		0.855391
434.1		0.855492
434.2		0.855492
434.3		0.855492
434.4		0.855492
434.5		0.855492
434.6		0.855492
434.7		0.855492
434.8		0.855492
434.9		0.855492
435		0.855492
435.1		0.857543
435.2		0.857543
435.3		0.857543
435.4		0.857543
435.5		0.857543
435.6		0.857543
435.7		0.857543
435.8		0.857543
435.9		0.857543
436		0.857543
436.1		0.857895
436.2		0.857895
436.3		0.857895
436.4		0.857895
436.5		0.857895
436.6		0.857895
436.7		0.857895
436.8		0.857895
436.9		0.857895
437		0.857895
437.1		0.860643
437.2		0.860643
437.3		0.860643
437.4		0.860643
437.5		0.860643
437.6		0.860643
437.7		0.860643
437.8		0.860643
437.9		0.860643
438		0.860643
438.1		0.862482
438.2		0.862482
438.3		0.862482
438.4		0.862482
438.5		0.862482
438.6		0.862482
438.7		0.862482
438.8		0.862482
438.9		0.862482
439		0.862482
439.1		0.866435
439.2		0.866435
439.3		0.866435
439.4		0.866435
439.5		0.866435
439.6		0.866435
439.7		0.866435
439.8		0.866435
439.9		0.866435
440		0.866435
440.1		0.866435
440.2		0.866435
440.3		0.866435
440.4		0.866435
440.5		0.866435
440.6		0.866435
440.7		0.866435
440.8		0.866435
440.9		0.866435
441		0.866435
441.1		0.869778
441.2		0.869778
441.3		0.869778
441.4		0.869778
441.5		0.869778
441.6		0.869778
441.7		0.869778
441.8		0.869778
441.9		0.869778
442		0.869778
442.1		0.870193
442.2		0.870193
442.3		0.870193
442.4		0.870193
442.5		0.870193
442.6		0.870193
442.7		0.870193
442.8		0.870193
442.9		0.870193
443		0.870193
443.1		0.872236
443.2		0.872236
443.3		0.872236
443.4		0.872236
443.5		0.872236
443.6		0.872236
443.7		0.872236
443.8		0.872236
443.9		0.872236
444		0.872236
444.1		0.873856
444.2		0.873856
444.3		0.873856
444.4		0.873856
444.5		0.873856
444.6		0.873856
444.7		0.873856
444.8		0.873856
444.9		0.873856
445		0.873856
445.1		0.878545
445.2		0.878545
445.3		0.878545
445.4		0.878545
445.5		0.878545
445.6		0.878545
445.7		0.878545
445.8		0.878545
445.9		0.878545
446		0.878545
446.1		0.878756
446.2		0.878756
446.3		0.878756
446.4		0.878756
446.5		0.878756
446.6		0.878756
446.7		0.878756
446.8		0.878756
446.9		0.878756
447		0.878756
447.1		0.879062
447.2		0.879062
447.3		0.879062
447.4		0.879062
447.5		0.879062
447.6		0.879062
447.7		0.879062
447.8		0.879062
447.9		0.879062
448		0.879062
448.1		0.880768
448.2		0.880768
448.3		0.880768
448.4		0.880768
448.5		0.880768
448.6		0.880768
448.7		0.880768
448.8		0.880768
448.9		0.880768
449		0.880768
449.1		0.883625
449.2		0.883625
449.3		0.883625
449.4		0.883625
449.5		0.883625
449.6		0.883625
449.7		0.883625
449.8		0.883625
449.9		0.883625
450		0.883625
450.1		0.887015
450.2		0.887015
450.3		0.887015
450.4		0.887015
450.5		0.887015
450.6		0.887015
450.7		0.887015
450.8		0.887015
450.9		0.887015
451		0.887015
451.1		0.889637
451.2		0.889637
451.3		0.889637
451.4		0.889637
451.5		0.889637
451.6		0.889637
451.7		0.889637
451.8		0.889637
451.9		0.889637
452		0.889637
452.1		0.890279
452.2		0.890279
452.3		0.890279
452.4		0.890279
452.5		0.890279
452.6		0.890279
452.7		0.890279
452.8		0.890279
452.9		0.890279
453		0.890279
453.1		0.890968
453.2		0.890968
453.3		0.890968
453.4		0.890968
453.5		0.890968
453.6		0.890968
453.7		0.890968
453.8		0.890968
453.9		0.890968
454		0.890968
454.1		0.892165
454.2		0.892165
454.3		0.892165
454.4		0.892165
454.5		0.892165
454.6		0.892165
454.7		0.892165
454.8		0.892165
454.9		0.892165
455		0.892165
455.1		0.895742
455.2		0.895742
455.3		0.895742
455.4		0.895742
455.5		0.895742
455.6		0.895742
455.7		0.895742
455.8		0.895742
455.9		0.895742
456		0.895742
456.1		0.897958
456.2		0.897958
456.3		0.897958
456.4		0.897958
456.5		0.897958
456.6		0.897958
456.7		0.897958
456.8		0.897958
456.9		0.897958
457		0.897958
457.1		0.899171
457.2		0.899171
457.3		0.899171
457.4		0.899171
457.5		0.899171
457.6		0.899171
457.7		0.899171
457.8		0.899171
457.9		0.899171
458		0.899171
458.1		0.901801
458.2		0.901801
458.3		0.901801
458.4		0.901801
458.5		0.901801
458.6		0.901801
458.7		0.901801
458.8		0.901801
458.9		0.901801
459		0.901801
459.1		0.903617
459.2		0.903617
459.3		0.903617
459.4		0.903617
459.5		0.903617
459.6		0.903617
459.7		0.903617
459.8		0.903617
459.9		0.903617
460		0.903617
460.1		0.90584
460.2		0.90584
460.3		0.90584
460.4		0.90584
460.5		0.90584
460.6		0.90584
460.7		0.90584
460.8		0.90584
460.9		0.90584
461		0.90584
461.1		0.906161
461.2		0.906161
461.3		0.906161
461.4		0.906161
461.5		0.906161
461.6		0.906161
461.7		0.906161
461.8		0.906161
461.9		0.906161
462		0.906161
462.1		0.910936
462.2		0.910936
462.3		0.910936
462.4		0.910936
462.5		0.910936
462.6		0.910936
462.7		0.910936
462.8		0.910936
462.9		0.910936
463		0.910936
463.1		0.912142
463.2		0.912142
463.3		0.912142
463.4		0.912142
463.5		0.912142
463.6		0.912142
463.7		0.912142
463.8		0.912142
463.9		0.912142
464		0.912142
464.1		0.913911
464.2		0.913911
464.3		0.913911
464.4		0.913911
464.5		0.913911
464.6		0.913911
464.7		0.913911
464.8		0.913911
464.9		0.913911
465		0.913911
465.1		0.91831
465.2		0.91831
465.3		0.91831
465.4		0.91831
465.5		0.91831
465.6		0.91831
465.7		0.91831
465.8		0.91831
465.9		0.91831
466		0.91831
466.1		0.920979
466.2		0.920979
466.3		0.920979
466.4		0.920979
466.5		0.920979
466.6		0.920979
466.7		0.920979
466.8		0.920979
466.9		0.920979
467		0.920979
467.1		0.921167
467.2		0.921167
467.3		0.921167
467.4		0.921167
467.5		0.921167
467.6		0.921167
467.7		0.921167
467.8		0.921167
467.9		0.921167
468		0.921167
468.1		0.921527
468.2		0.921527
468.3		0.921527
468.4		0.921527
468.5		0.921527
468.6		0.921527
468.7		0.921527
468.8		0.921527
468.9		0.921527
469		0.921527
469.1		0.9235
469.2		0.9235
469.3		0.9235
469.4		0.9235
469.5		0.9235
469.6		0.9235
469.7		0.9235
469.8		0.9235
469.9		0.9235
470		0.9235
470.1		0.924963
470.2		0.924963
470.3		0.924963
470.4		0.924963
470.5		0.924963
470.6		0.924963
470.7		0.924963
470.8		0.924963
470.9		0.924963
471		0.924963
471.1		0.929621
471.2		0.929621
471.3		0.929621
471.4		0.929621
471.5		0.929621
471.6		0.929621
471.7		0.929621
471.8		0.929621
471.9		0.929621
472		0.929621
472.1		0.930678
472.2		0.930678
472.3		0.930678
472.4		0.930678
472.5		0.930678
472.6		0.930678
472.7		0.930678
472.8		0.930678
472.9		0.930678
473		0.930678
473.1		0.931366
473.2		0.931366
473.3		0.931366
473.4		0.931366
473.5		0.931366
473.6		0.931366
473.7		0.931366
473.8		0.931366
473.9		0.931366
474		0.931366
474.1		0.934333
474.2		0.934333
474.3		0.934333
474.4		0.934333
474.5		0.934333
474.6		0.934333
474.7		0.934333
474.8		0.934333
474.9		0.934333
475		0.934333
475.1		0.936979
475.2		0.936979
475.3		0.936979
475.4		0.936979
475.5		0.936979
475.6		0.936979
475.7		0.936979
475.8		0.936979
475.9		0.936979
476		0.936979
476.1		0.937605
476.2		0.937605
476.3		0.937605
476.4		0.937605
476.5		0.937605
476.6		0.937605
476.7		0.937605
476.8		0.937605
476.9		0.937605
477		0.937605
477.1		0.942631
477.2		0.942631
477.3		0.942631
477.4		0.942631
477.5		0.942631
477.6		0.942631
477.7		0.942631
477.8		0.942631
477.9		0.942631
478		0.942631
478.1		0.944274
478.2		0.944274
478.3		0.944274
478.4		0.944274
478.5		0.944274
478.6		0.944274
478.7		0.944274
478.8		0.944274
478.9		0.944274
479		0.944274
479.1		0.946998
479.2		0.946998
479.3		0.946998
479.4		0.946998
479.5		0.946998
479.6		0.946998
479.7		0.946998
479.8		0.946998
479.9		0.946998
480		0.946998
480.1		0.948407
480.2		0.948407
480.3		0.948407
480.4		0.948407
480.5		0.948407
480.6		0.948407
480.7		0.948407
480.8		0.948407
480.9		0.948407
481		0.948407
481.1		0.948838
481.2		0.948838
481.3		0.948838
481.4		0.948838
481.5		0.948838
481.6		0.948838
481.7		0.948838
481.8		0.948838
481.9		0.948838
482		0.948838
482.1		0.950584
482.2		0.950584
482.3		0.950584
482.4		0.950584
482.5		0.950584
482.6		0.950584
482.7		0.950584
482.8		0.950584
482.9		0.950584
483		0.950584
483.1		0.953574
483.2		0.953574
483.3		0.953574
483.4		0.953574
483.5		0.953574
483.6		0.953574
483.7		0.953574
483.8		0.953574
483.9		0.953574
484		0.953574
484.1		0.95647
484.2		0.95647
484.3		0.95647
484.4		0.95647
484.5		0.95647
484.6		0.95647
484.7		0.95647
484.8		0.95647
484.9		0.95647
485		0.95647
485.1		0.956587
485.2		0.956587
485.3		0.956587
485.4		0.956587
485.5		0.956587
485.6		0.956587
485.7		0.956587
485.8		0.956587
485.9		0.956587
486		0.956587
486.1		0.959656
486.2		0.959656
486.3		0.959656
486.4		0.959656
486.5		0.959656
486.6		0.959656
486.7		0.959656
486.8		0.959656
486.9		0.959656
487		0.959656
487.1		0.960407
487.2		0.960407
487.3		0.960407
487.4		0.960407
487.5		0.960407
487.6		0.960407
487.7		0.960407
487.8		0.960407
487.9		0.960407
488		0.960407
488.1		0.964767
488.2		0.964767
488.3		0.964767
488.4		0.964767
488.5		0.964767
488.6		0.964767
488.7		0.964767
488.8		0.964767
488.9		0.964767
489		0.964767
489.1		0.965401
489.2		0.965401
489.3		0.965401
489.4		0.965401
489.5		0.965401
489.6		0.965401
489.7		0.965401
489.8		0.965401
489.9		0.965401
490		0.965401
490.1		0.969002
490.2		0.969002
490.3		0.969002
490.4		0.969002
490.5		0.969002
490.6		0.969002
490.7		0.969002
490.8		0.969002
490.9		0.969002
491		0.969002
491.1		0.971405
491.2		0.971405
491.3		0.971405
491.4		0.971405
491.5		0.971405
491.6		0.971405
491.7		0.971405
491.8		0.971405
491.9		0.971405
492		0.971405
492.1		0.971781
492.2		0.971781
492.3		0.971781
492.4		0.971781
492.5		0.971781
492.6		0.971781
492.7		0.971781
492.8		0.971781
492.9		0.971781
493		0.971781
493.1		0.972102
493.2		0.972102
493.3		0.972102
493.4		0.972102
493.5		0.972102
493.6		0.972102
493.7		0.972102
493.8		0.972102
493.9		0.972102
494		0.972102
494.1		0.976791
494.2		0.976791
494.3		0.976791
494.4		0.976791
494.5		0.976791
494.6		0.976791
494.7		0.976791
494.8		0.976791
494.9		0.976791
495		0.976791
495.1		0.977174
495.2		0.977174
495.3		0.977174
495.4		0.977174
495.5		0.977174
495.6		0.977174
495.7		0.977174
495.8		0.977174
495.9		0.977174
496		0.977174
496.1		0.981433
496.2		0.981433
496.3		0.981433
496.4		0.981433
496.5		0.981433
496.6		0.981433
496.7		0.981433
496.8		0.981433
496.9		0.981433
497		0.981433
497.1		0.982646
497.2		0.982646
497.3		0.982646
497.4		0.982646
497.5		0.982646
497.6		0.982646
497.7		0.982646
497.8		0.982646
497.9		0.982646
498		0.982646
498.1		0.982834
498.2		0.982834
498.3		0.982834
498.4		0.982834
498.5		0.982834
498.6		0.982834
498.7		0.982834
498.8		0.982834
498.9		0.982834
499		0.982834
499.1		0.983562
499.2		0.983562
499.3		0.983562
499.4		0.983562
499.5		0.983562
499.6		0.983562
499.7		0.983562
499.8		0.983562
499.9		0.983562
500		0.983562
500.1		0.989472
500.2		0.989472
500.3		0.989472
500.4		0.989472
500.5		0.989472
500.6		0.989472
500.7		0.989472
500.8		0.989472
500.9		0.989472
501		0.989472
501.1		0.990802
501.2		0.990802
501.3		0.990802
501.4		0.990802
501.5		0.990802
501.6		0.990802
501.7		0.990802
501.8		0.990802
501.9		0.990802
502		0.990802
502.1		0.993018
502.2		0.993018
502.3		0.993018
502.4		0.993018
502.5		0.993018
502.6		0.993018
502.7		0.993018
502.8		0.993018
502.9		0.993018
503		0.993018
503.1		0.993433
503.2		0.993433
503.3		0.993433
503.4		0.993433
503.5		0.993433
503.6		0.993433
503.7		0.993433
503.8		0.993433
503.9		0.993433
504		0.993433
504.1		0.993957
504.2		0.993957
504.3		0.993957
504.4		0.993957
504.5		0.993957
504.6		0.993957
504.7		0.993957
504.8		0.993957
504.9		0.993957
505		0.993957
505.1		0.996932
505.2		0.996932
505.3		0.996932
505.4		0.996932
505.5		0.996932
505.6		0.996932
505.7		0.996932
505.8		0.996932
505.9		0.996932
506		0.996932
506.1		0.999922
506.2		0.999922
506.3		0.999922
506.4		0.999922
506.5		0.999922
506.6		0.999922
506.7		0.999922
506.8		0.999922
506.9		0.999922
507		0.999922
507.1		0.999977
507.2		0.999977
507.3		0.999977
507.4		0.999977
507.5		0.999977
507.6		0.999977
507.7		0.999977
507.8		0.999977
507.9		0.999977
508		0.999977
508.1		1
508.2		1
508.3		1
508.4		1
508.5		1
508.6		1
508.7		1
508.8		1
508.9		1
509		1
509.1		1
509.2		1
509.3		1
509.4		1
509.5		1
509.6		1
509.7		1
509.8		1
509.9		1
510		1
510.1		1
510.2		1
510.3		1
510.4		1
510.5		1
510.6		1
510.7		1
510.8		1
510.9		1
511		1
511.1		1
511.2		1
511.3		1
511.4		1
511.5		1
511.6		1
511.7		1
511.8		1
511.9		1
512		1
512.1		1
512.2		1
512.3		1
512.4		1
512.5		1
512.6		1
512.7		1
512.8		1
512.9		1
513		1
513.1		1
513.2		1
513.3		1
513.4		1
513.5		1
513.6		1
513.7		1
513.8		1
513.9		1
514		1
514.1		1
514.2		1
514.3		1
514.4		1
514.5		1
514.6		1
514.7		1
514.8		1
514.9		1
515		1
515.1		1
515.2		1
515.3		1
515.4		1
515.5		1
515.6		1
515.7		1
515.8		1
515.9		1
516		1
516.1		1
516.2		1
516.3		1
516.4		1
516.5		1
516.6		1
516.7		1
516.8		1
516.9		1
517		1
517.1		1
517.2		1
517.3		1
517.4		1
517.5		1
517.6		1
517.7		1
517.8		1
517.9		1
518		1
518.1		1
518.2		1
518.3		1
518.4		1
518.5		1
518.6		1
518.7		1
518.8		1
518.9		1
519		1
519.1		1
519.2		1
519.3		1
519.4		1
519.5		1
519.6		1
519.7		1
519.8		1
519.9		1
520		1
520.1		1
520.2		1
520.3		1
520.4		1
520.5		1
520.6		1
520.7		1
520.8		1
520.9		1
521		1
521.1		1
521.2		1
521.3		1
521.4		1
521.5		1
521.6		1
521.7		1
521.8		1
521.9		1
522		1
522.1		1
522.2		1
522.3		1
522.4		1
522.5		1
522.6		1
522.7		1
522.8		1
522.9		1
523		1
523.1		1
523.2		1
523.3		1
523.4		1
523.5		1
523.6		1
523.7		1
523.8		1
523.9		1
524		1
524.1		1
524.2		1
524.3		1
524.4		1
524.5		1
524.6		1
524.7		1
524.8		1
524.9		1
525		1
525.1		1
525.2		1
525.3		1
525.4		1
525.5		1
525.6		1
525.7		1
525.8		1
525.9		1
526		1
526.1		1
526.2		1
526.3		1
526.4		1
526.5		1
526.6		1
526.7		1
526.8		1
526.9		1
527		1
527.1		1
527.2		1
527.3		1
527.4		1
527.5		1
527.6		1
527.7		1
527.8		1
527.9		1
528		1
528.1		1
528.2		1
528.3		1
528.4		1
528.5		1
528.6		1
528.7		1
528.8		1
528.9		1
529		1
529.1		1
529.2		1
529.3		1
529.4		1
529.5		1
529.6		1
529.7		1
529.8		1
529.9		1
530		1
530.1		1
530.2		1
530.3		1
530.4		1
530.5		1
530.6		1
530.7		1
530.8		1
530.9		1
531		1
531.1		1
531.2		1
531.3		1
531.4		1
531.5		1
531.6		1
531.7		1
531.8		1
531.9		1
532		1
532.1		1
532.2		1
532.3		1
532.4		1
532.5		1
532.6		1
532.7		1
532.8		1
532.9		1
533		1
533.1		1
533.2		1
533.3		1
533.4		1
533.5		1
533.6		1
533.7		1
533.8		1
533.9		1
534		1
534.1		1
534.2		1
534.3		1
534.4		1
534.5		1
534.6		1
534.7		1
534.8		1
534.9		1
535		1
535.1		1
535.2		1
535.3		1
535.4		1
535.5		1
535.6		1
535.7		1
535.8		1
535.9		1
536		1
536.1		1
536.2		1
536.3		1
536.4		1
536.5		1
536.6		1
536.7		1
536.8		1
536.9		1
537		1
537.1		1
537.2		1
537.3		1
537.4		1
537.5		1
537.6		1
537.7		1
537.8		1
537.9		1
538		1
538.1		1
538.2		1
538.3		1
538.4		1
538.5		1
538.6		1
538.7		1
538.8		1
538.9		1
539		1
539.1		1
539.2		1
539.3		1
539.4		1
539.5		1
539.6		1
539.7		1
539.8		1
539.9		1
540		1
540.1		1
540.2		1
540.3		1
540.4		1
540.5		1
540.6		1
540.7		1
540.8		1
540.9		1
541		1
541.1		1
541.2		1
541.3		1
541.4		1
541.5		1
541.6		1
541.7		1
541.8		1
541.9		1
542		1
542.1		1
542.2		1
542.3		1
542.4		1
542.5		1
542.6		1
542.7		1
542.8		1
542.9		1
543		1
543.1		1
543.2		1
543.3		1
543.4		1
543.5		1
543.6		1
543.7		1
543.8		1
543.9		1
544		1
544.1		1
544.2		1
544.3		1
544.4		1
544.5		1
544.6		1
544.7		1
544.8		1
544.9		1
545		1
545.1		1
545.2		1
545.3		1
545.4		1
545.5		1
545.6		1
545.7		1
545.8		1
545.9		1
546		1
546.1		1
546.2		1
546.3		1
546.4		1
546.5		1
546.6		1
546.7		1
546.8		1
546.9		1
547		1
547.1		1
547.2		1
547.3		1
547.4		1
547.5		1
547.6		1
547.7		1
547.8		1
547.9		1
548		1
548.1		1
548.2		1
548.3		1
548.4		1
548.5		1
548.6		1
548.7		1
548.8		1
548.9		1
549		1
549.1		1
549.2		1
549.3		1
549.4		1
549.5		1
549.6		1
549.7		1
549.8		1
549.9		1
550		1
550.1		1
550.2		1
550.3		1
550.4		1
550.5		1
550.6		1
550.7		1
550.8		1
550.9		1
551		1
551.1		1
551.2		1
551.3		1
551.4		1
551.5		1
551.6		1
551.7		1
551.8		1
551.9		1
552		1
552.1		1
552.2		1
552.3		1
552.4		1
552.5		1
552.6		1
552.7		1
552.8		1
552.9		1
553		1
553.1		1
553.2		1
553.3		1
553.4		1
553.5		1
553.6		1
553.7		1
553.8		1
553.9		1
554		1
554.1		1
554.2		1
554.3		1
554.4		1
554.5		1
554.6		1
554.7		1
554.8		1
554.9		1
555		1
555.1		1
555.2		1
555.3		1
555.4		1
555.5		1
555.6		1
555.7		1
555.8		1
555.9		1
556		1
556.1		1
556.2		1
556.3		1
556.4		1
556.5		1
556.6		1
556.7		1
556.8		1
556.9		1
557		1
557.1		1
557.2		1
557.3		1
557.4		1
557.5		1
557.6		1
557.7		1
557.8		1
557.9		1
558		1
558.1		1
558.2		1
558.3		1
558.4		1
558.5		1
558.6		1
558.7		1
558.8		1
558.9		1
559		1
559.1		1
559.2		1
559.3		1
559.4		1
559.5		1
559.6		1
559.7		1
559.8		1
559.9		1
560		1
560.1		1
560.2		1
560.3		1
560.4		1
560.5		1
560.6		1
560.7		1
560.8		1
560.9		1
561		1
561.1		1
561.2		1
561.3		1
561.4		1
561.5		1
561.6		1
561.7		1
561.8		1
561.9		1
562		1
562.1		1
562.2		1
562.3		1
562.4		1
562.5		1
562.6		1
562.7		1
562.8		1
562.9		1
563		1
563.1		1
563.2		1
563.3		1
563.4		1
563.5		1
563.6		1
563.7		1
563.8		1
563.9		1
564		1
564.1		1
564.2		1
564.3		1
564.4		1
564.5		1
564.6		1
564.7		1
564.8		1
564.9		1
565		1
565.1		1
565.2		1
565.3		1
565.4		1
565.5		1
565.6		1
565.7		1
565.8		1
565.9		1
566		1
566.1		1
566.2		1
566.3		1
566.4		1
566.5		1
566.6		1
566.7		1
566.8		1
566.9		1
567		1
567.1		1
567.2		1
567.3		1
567.4		1
567.5		1
567.6		1
567.7		1
567.8		1
567.9		1
568		1
568.1		1
568.2		1
568.3		1
568.4		1
568.5		1
568.6		1
568.7		1
568.8		1
568.9		1
569		1
569.1		1
569.2		1
569.3		1
569.4		1
569.5		1
569.6		1
569.7		1
569.8		1
569.9		1
570		1
570.1		1
570.2		1
570.3		1
570.4		1
570.5		1
570.6		1
570.7		1
570.8		1
570.9		1
571		1
571.1		1
571.2		1
571.3		1
571.4		1
571.5		1
571.6		1
571.7		1
571.8		1
571.9		1
572		1
572.1		1
572.2		1
572.3		1
572.4		1
572.5		1
572.6		1
572.7		1
572.8		1
572.9		1
573		1
573.1		1
573.2		1
573.3		1
573.4		1
573.5		1
573.6		1
573.7		1
573.8		1
573.9		1
574		1
574.1		1
574.2		1
574.3		1
574.4		1
574.5		1
574.6		1
574.7		1
574.8		1
574.9		1
575		1
575.1		1
575.2		1
575.3		1
575.4		1
575.5		1
575.6		1
575.7		1
575.8		1
575.9		1
576		1
576.1		1
576.2		1
576.3		1
576.4		1
576.5		1
576.6		1
576.7		1
576.8		1
576.9		1
577		1
577.1		1
577.2		1
577.3		1
577.4		1
577.5		1
577.6		1
577.7		1
577.8		1
577.9		1
578		1
578.1		1
578.2		1
578.3		1
578.4		1
578.5		1
578.6		1
578.7		1
578.8		1
578.9		1
579		1
579.1		1
579.2		1
579.3		1
579.4		1
579.5		1
579.6		1
579.7		1
579.8		1
579.9		1
580		1
580.1		1
580.2		1
580.3		1
580.4		1
580.5		1
580.6		1
580.7		1
580.8		1
580.9		1
581		1
581.1		1
581.2		1
581.3		1
581.4		1
581.5		1
581.6		1
581.7		1
581.8		1
581.9		1
582		1
582.1		1
582.2		1
582.3		1
582.4		1
582.5		1
582.6		1
582.7		1
582.8		1
582.9		1
583		1
583.1		1
583.2		1
583.3		1
583.4		1
583.5		1
583.6		1
583.7		1
583.8		1
583.9		1
584		1
584.1		1
584.2		1
584.3		1
584.4		1
584.5		1
584.6		1
584.7		1
584.8		1
584.9		1
585		1
585.1		1
585.2		1
585.3		1
585.4		1
585.5		1
585.6		1
585.7		1
585.8		1
585.9		1
586		1
586.1		1
586.2		1
586.3		1
586.4		1
586.5		1
586.6		1
586.7		1
586.8		1
586.9		1
587		1
587.1		1
587.2		1
587.3		1
587.4		1
587.5		1
587.6		1
587.7		1
587.8		1
587.9		1
588		1
588.1		1
588.2		1
588.3		1
588.4		1
588.5		1
588.6		1
588.7		1
588.8		1
588.9		1
589		1
589.1		1
589.2		1
589.3		1
589.4		1
589.5		1
589.6		1
589.7		1
589.8		1
589.9		1
590		1
590.1		1
590.2		1
590.3		1
590.4		1
590.5		1
590.6		1
590.7		1
590.8		1
590.9		1
591		1
591.1		1
591.2		1
591.3		1
591.4		1
591.5		1
591.6		1
591.7		1
591.8		1
591.9		1
592		1
592.1		1
592.2		1
592.3		1
592.4		1
592.5		1
592.6		1
592.7		1
592.8		1
592.9		1
593		1
593.1		1
593.2		1
593.3		1
593.4		1
593.5		1
593.6		1
593.7		1
593.8		1
593.9		1
594		1
594.1		1
594.2		1
594.3		1
594.4		1
594.5		1
594.6		1
594.7		1
594.8		1
594.9		1
595		1
595.1		1
595.2		1
595.3		1
595.4		1
595.5		1
595.6		1
595.7		1
595.8		1
595.9		1
596		1
596.1		1
596.2		1
596.3		1
596.4		1
596.5		1
596.6		1
596.7		1
596.8		1
596.9		1
597		1
597.1		1
597.2		1
597.3		1
597.4		1
597.5		1
597.6		1
597.7		1
597.8		1
597.9		1
598		1
598.1		1
598.2		1
598.3		1
598.4		1
598.5		1
598.6		1
598.7		1
598.8		1
598.9		1
599		1
599.1		1
599.2		1
599.3		1
599.4		1
599.5		1
599.6		1
599.7		1
599.8		1
599.9		1
600		1
