# Calibration file of tamex_id 1 @ channel 28
# fine_T bin		 Calibration value
0.1		0
0.2		0
0.3		0
0.4		0
0.5		0
0.6		0
0.7		0
0.8		0
0.9		0
1		0
1.1		0
1.2		0
1.3		0
1.4		0
1.5		0
1.6		0
1.7		0
1.8		0
1.9		0
2		0
2.1		0
2.2		0
2.3		0
2.4		0
2.5		0
2.6		0
2.7		0
2.8		0
2.9		0
3		0
3.1		0
3.2		0
3.3		0
3.4		0
3.5		0
3.6		0
3.7		0
3.8		0
3.9		0
4		0
4.1		0
4.2		0
4.3		0
4.4		0
4.5		0
4.6		0
4.7		0
4.8		0
4.9		0
5		0
5.1		0
5.2		0
5.3		0
5.4		0
5.5		0
5.6		0
5.7		0
5.8		0
5.9		0
6		0
6.1		0
6.2		0
6.3		0
6.4		0
6.5		0
6.6		0
6.7		0
6.8		0
6.9		0
7		0
7.1		0
7.2		0
7.3		0
7.4		0
7.5		0
7.6		0
7.7		0
7.8		0
7.9		0
8		0
8.1		0
8.2		0
8.3		0
8.4		0
8.5		0
8.6		0
8.7		0
8.8		0
8.9		0
9		0
9.1		0
9.2		0
9.3		0
9.4		0
9.5		0
9.6		0
9.7		0
9.8		0
9.9		0
10		0
10.1		0
10.2		0
10.3		0
10.4		0
10.5		0
10.6		0
10.7		0
10.8		0
10.9		0
11		0
11.1		0
11.2		0
11.3		0
11.4		0
11.5		0
11.6		0
11.7		0
11.8		0
11.9		0
12		0
12.1		0
12.2		0
12.3		0
12.4		0
12.5		0
12.6		0
12.7		0
12.8		0
12.9		0
13		0
13.1		0
13.2		0
13.3		0
13.4		0
13.5		0
13.6		0
13.7		0
13.8		0
13.9		0
14		0
14.1		0
14.2		0
14.3		0
14.4		0
14.5		0
14.6		0
14.7		0
14.8		0
14.9		0
15		0
15.1		0
15.2		0
15.3		0
15.4		0
15.5		0
15.6		0
15.7		0
15.8		0
15.9		0
16		0
16.1		0.00438978
16.2		0.00438978
16.3		0.00438978
16.4		0.00438978
16.5		0.00438978
16.6		0.00438978
16.7		0.00438978
16.8		0.00438978
16.9		0.00438978
17		0.00438978
17.1		0.00795647
17.2		0.00795647
17.3		0.00795647
17.4		0.00795647
17.5		0.00795647
17.6		0.00795647
17.7		0.00795647
17.8		0.00795647
17.9		0.00795647
18		0.00795647
18.1		0.00950063
18.2		0.00950063
18.3		0.00950063
18.4		0.00950063
18.5		0.00950063
18.6		0.00950063
18.7		0.00950063
18.8		0.00950063
18.9		0.00950063
19		0.00950063
19.1		0.0121598
19.2		0.0121598
19.3		0.0121598
19.4		0.0121598
19.5		0.0121598
19.6		0.0121598
19.7		0.0121598
19.8		0.0121598
19.9		0.0121598
20		0.0121598
20.1		0.0163808
20.2		0.0163808
20.3		0.0163808
20.4		0.0163808
20.5		0.0163808
20.6		0.0163808
20.7		0.0163808
20.8		0.0163808
20.9		0.0163808
21		0.0163808
21.1		0.0191666
21.2		0.0191666
21.3		0.0191666
21.4		0.0191666
21.5		0.0191666
21.6		0.0191666
21.7		0.0191666
21.8		0.0191666
21.9		0.0191666
22		0.0191666
22.1		0.0199756
22.2		0.0199756
22.3		0.0199756
22.4		0.0199756
22.5		0.0199756
22.6		0.0199756
22.7		0.0199756
22.8		0.0199756
22.9		0.0199756
23		0.0199756
23.1		0.0214916
23.2		0.0214916
23.3		0.0214916
23.4		0.0214916
23.5		0.0214916
23.6		0.0214916
23.7		0.0214916
23.8		0.0214916
23.9		0.0214916
24		0.0214916
24.1		0.0255789
24.2		0.0255789
24.3		0.0255789
24.4		0.0255789
24.5		0.0255789
24.6		0.0255789
24.7		0.0255789
24.8		0.0255789
24.9		0.0255789
25		0.0255789
25.1		0.0257512
25.2		0.0257512
25.3		0.0257512
25.4		0.0257512
25.5		0.0257512
25.6		0.0257512
25.7		0.0257512
25.8		0.0257512
25.9		0.0257512
26		0.0257512
26.1		0.0274009
26.2		0.0274009
26.3		0.0274009
26.4		0.0274009
26.5		0.0274009
26.6		0.0274009
26.7		0.0274009
26.8		0.0274009
26.9		0.0274009
27		0.0274009
27.1		0.0299511
27.2		0.0299511
27.3		0.0299511
27.4		0.0299511
27.5		0.0299511
27.6		0.0299511
27.7		0.0299511
27.8		0.0299511
27.9		0.0299511
28		0.0299511
28.1		0.0323078
28.2		0.0323078
28.3		0.0323078
28.4		0.0323078
28.5		0.0323078
28.6		0.0323078
28.7		0.0323078
28.8		0.0323078
28.9		0.0323078
29		0.0323078
29.1		0.0336092
29.2		0.0336092
29.3		0.0336092
29.4		0.0336092
29.5		0.0336092
29.6		0.0336092
29.7		0.0336092
29.8		0.0336092
29.9		0.0336092
30		0.0336092
30.1		0.0362473
30.2		0.0362473
30.3		0.0362473
30.4		0.0362473
30.5		0.0362473
30.6		0.0362473
30.7		0.0362473
30.8		0.0362473
30.9		0.0362473
31		0.0362473
31.1		0.0375945
31.2		0.0375945
31.3		0.0375945
31.4		0.0375945
31.5		0.0375945
31.6		0.0375945
31.7		0.0375945
31.8		0.0375945
31.9		0.0375945
32		0.0375945
32.1		0.0396944
32.2		0.0396944
32.3		0.0396944
32.4		0.0396944
32.5		0.0396944
32.6		0.0396944
32.7		0.0396944
32.8		0.0396944
32.9		0.0396944
33		0.0396944
33.1		0.0441475
33.2		0.0441475
33.3		0.0441475
33.4		0.0441475
33.5		0.0441475
33.6		0.0441475
33.7		0.0441475
33.8		0.0441475
33.9		0.0441475
34		0.0441475
34.1		0.045252
34.2		0.045252
34.3		0.045252
34.4		0.045252
34.5		0.045252
34.6		0.045252
34.7		0.045252
34.8		0.045252
34.9		0.045252
35		0.045252
35.1		0.0463705
35.2		0.0463705
35.3		0.0463705
35.4		0.0463705
35.5		0.0463705
35.6		0.0463705
35.7		0.0463705
35.8		0.0463705
35.9		0.0463705
36		0.0463705
36.1		0.0476263
36.2		0.0476263
36.3		0.0476263
36.4		0.0476263
36.5		0.0476263
36.6		0.0476263
36.7		0.0476263
36.8		0.0476263
36.9		0.0476263
37		0.0476263
37.1		0.0492619
37.2		0.0492619
37.3		0.0492619
37.4		0.0492619
37.5		0.0492619
37.6		0.0492619
37.7		0.0492619
37.8		0.0492619
37.9		0.0492619
38		0.0492619
38.1		0.0504332
38.2		0.0504332
38.3		0.0504332
38.4		0.0504332
38.5		0.0504332
38.6		0.0504332
38.7		0.0504332
38.8		0.0504332
38.9		0.0504332
39		0.0504332
39.1		0.0542602
39.2		0.0542602
39.3		0.0542602
39.4		0.0542602
39.5		0.0542602
39.6		0.0542602
39.7		0.0542602
39.8		0.0542602
39.9		0.0542602
40		0.0542602
40.1		0.0556284
40.2		0.0556284
40.3		0.0556284
40.4		0.0556284
40.5		0.0556284
40.6		0.0556284
40.7		0.0556284
40.8		0.0556284
40.9		0.0556284
41		0.0556284
41.1		0.0577987
41.2		0.0577987
41.3		0.0577987
41.4		0.0577987
41.5		0.0577987
41.6		0.0577987
41.7		0.0577987
41.8		0.0577987
41.9		0.0577987
42		0.0577987
42.1		0.0593886
42.2		0.0593886
42.3		0.0593886
42.4		0.0593886
42.5		0.0593886
42.6		0.0593886
42.7		0.0593886
42.8		0.0593886
42.9		0.0593886
43		0.0593886
43.1		0.0620443
43.2		0.0620443
43.3		0.0620443
43.4		0.0620443
43.5		0.0620443
43.6		0.0620443
43.7		0.0620443
43.8		0.0620443
43.9		0.0620443
44		0.0620443
44.1		0.0630116
44.2		0.0630116
44.3		0.0630116
44.4		0.0630116
44.5		0.0630116
44.6		0.0630116
44.7		0.0630116
44.8		0.0630116
44.9		0.0630116
45		0.0630116
45.1		0.0646226
45.2		0.0646226
45.3		0.0646226
45.4		0.0646226
45.5		0.0646226
45.6		0.0646226
45.7		0.0646226
45.8		0.0646226
45.9		0.0646226
46		0.0646226
46.1		0.0699972
46.2		0.0699972
46.3		0.0699972
46.4		0.0699972
46.5		0.0699972
46.6		0.0699972
46.7		0.0699972
46.8		0.0699972
46.9		0.0699972
47		0.0699972
47.1		0.0715977
47.2		0.0715977
47.3		0.0715977
47.4		0.0715977
47.5		0.0715977
47.6		0.0715977
47.7		0.0715977
47.8		0.0715977
47.9		0.0715977
48		0.0715977
48.1		0.0721112
48.2		0.0721112
48.3		0.0721112
48.4		0.0721112
48.5		0.0721112
48.6		0.0721112
48.7		0.0721112
48.8		0.0721112
48.9		0.0721112
49		0.0721112
49.1		0.0740388
49.2		0.0740388
49.3		0.0740388
49.4		0.0740388
49.5		0.0740388
49.6		0.0740388
49.7		0.0740388
49.8		0.0740388
49.9		0.0740388
50		0.0740388
50.1		0.077711
50.2		0.077711
50.3		0.077711
50.4		0.077711
50.5		0.077711
50.6		0.077711
50.7		0.077711
50.8		0.077711
50.9		0.077711
51		0.077711
51.1		0.0778763
51.2		0.0778763
51.3		0.0778763
51.4		0.0778763
51.5		0.0778763
51.6		0.0778763
51.7		0.0778763
51.8		0.0778763
51.9		0.0778763
52		0.0778763
52.1		0.0830329
52.2		0.0830329
52.3		0.0830329
52.4		0.0830329
52.5		0.0830329
52.6		0.0830329
52.7		0.0830329
52.8		0.0830329
52.9		0.0830329
53		0.0830329
53.1		0.0830329
53.2		0.0830329
53.3		0.0830329
53.4		0.0830329
53.5		0.0830329
53.6		0.0830329
53.7		0.0830329
53.8		0.0830329
53.9		0.0830329
54		0.0830329
54.1		0.0838102
54.2		0.0838102
54.3		0.0838102
54.4		0.0838102
54.5		0.0838102
54.6		0.0838102
54.7		0.0838102
54.8		0.0838102
54.9		0.0838102
55		0.0838102
55.1		0.0844856
55.2		0.0844856
55.3		0.0844856
55.4		0.0844856
55.5		0.0844856
55.6		0.0844856
55.7		0.0844856
55.8		0.0844856
55.9		0.0844856
56		0.0844856
56.1		0.0882598
56.2		0.0882598
56.3		0.0882598
56.4		0.0882598
56.5		0.0882598
56.6		0.0882598
56.7		0.0882598
56.8		0.0882598
56.9		0.0882598
57		0.0882598
57.1		0.0903246
57.2		0.0903246
57.3		0.0903246
57.4		0.0903246
57.5		0.0903246
57.6		0.0903246
57.7		0.0903246
57.8		0.0903246
57.9		0.0903246
58		0.0903246
58.1		0.0936063
58.2		0.0936063
58.3		0.0936063
58.4		0.0936063
58.5		0.0936063
58.6		0.0936063
58.7		0.0936063
58.8		0.0936063
58.9		0.0936063
59		0.0936063
59.1		0.0952525
59.2		0.0952525
59.3		0.0952525
59.4		0.0952525
59.5		0.0952525
59.6		0.0952525
59.7		0.0952525
59.8		0.0952525
59.9		0.0952525
60		0.0952525
60.1		0.096065
60.2		0.096065
60.3		0.096065
60.4		0.096065
60.5		0.096065
60.6		0.096065
60.7		0.096065
60.8		0.096065
60.9		0.096065
61		0.096065
61.1		0.0967509
61.2		0.0967509
61.3		0.0967509
61.4		0.0967509
61.5		0.0967509
61.6		0.0967509
61.7		0.0967509
61.8		0.0967509
61.9		0.0967509
62		0.0967509
62.1		0.10081
62.2		0.10081
62.3		0.10081
62.4		0.10081
62.5		0.10081
62.6		0.10081
62.7		0.10081
62.8		0.10081
62.9		0.10081
63		0.10081
63.1		0.102358
63.2		0.102358
63.3		0.102358
63.4		0.102358
63.5		0.102358
63.6		0.102358
63.7		0.102358
63.8		0.102358
63.9		0.102358
64		0.102358
64.1		0.105745
64.2		0.105745
64.3		0.105745
64.4		0.105745
64.5		0.105745
64.6		0.105745
64.7		0.105745
64.8		0.105745
64.9		0.105745
65		0.105745
65.1		0.10647
65.2		0.10647
65.3		0.10647
65.4		0.10647
65.5		0.10647
65.6		0.10647
65.7		0.10647
65.8		0.10647
65.9		0.10647
66		0.10647
66.1		0.108404
66.2		0.108404
66.3		0.108404
66.4		0.108404
66.5		0.108404
66.6		0.108404
66.7		0.108404
66.8		0.108404
66.9		0.108404
67		0.108404
67.1		0.110592
67.2		0.110592
67.3		0.110592
67.4		0.110592
67.5		0.110592
67.6		0.110592
67.7		0.110592
67.8		0.110592
67.9		0.110592
68		0.110592
68.1		0.11279
68.2		0.11279
68.3		0.11279
68.4		0.11279
68.5		0.11279
68.6		0.11279
68.7		0.11279
68.8		0.11279
68.9		0.11279
69		0.11279
69.1		0.115415
69.2		0.115415
69.3		0.115415
69.4		0.115415
69.5		0.115415
69.6		0.115415
69.7		0.115415
69.8		0.115415
69.9		0.115415
70		0.115415
70.1		0.119491
70.2		0.119491
70.3		0.119491
70.4		0.119491
70.5		0.119491
70.6		0.119491
70.7		0.119491
70.8		0.119491
70.9		0.119491
71		0.119491
71.1		0.119903
71.2		0.119903
71.3		0.119903
71.4		0.119903
71.5		0.119903
71.6		0.119903
71.7		0.119903
71.8		0.119903
71.9		0.119903
72		0.119903
72.1		0.122245
72.2		0.122245
72.3		0.122245
72.4		0.122245
72.5		0.122245
72.6		0.122245
72.7		0.122245
72.8		0.122245
72.9		0.122245
73		0.122245
73.1		0.125147
73.2		0.125147
73.3		0.125147
73.4		0.125147
73.5		0.125147
73.6		0.125147
73.7		0.125147
73.8		0.125147
73.9		0.125147
74		0.125147
74.1		0.126959
74.2		0.126959
74.3		0.126959
74.4		0.126959
74.5		0.126959
74.6		0.126959
74.7		0.126959
74.8		0.126959
74.9		0.126959
75		0.126959
75.1		0.128672
75.2		0.128672
75.3		0.128672
75.4		0.128672
75.5		0.128672
75.6		0.128672
75.7		0.128672
75.8		0.128672
75.9		0.128672
76		0.128672
76.1		0.129727
76.2		0.129727
76.3		0.129727
76.4		0.129727
76.5		0.129727
76.6		0.129727
76.7		0.129727
76.8		0.129727
76.9		0.129727
77		0.129727
77.1		0.130867
77.2		0.130867
77.3		0.130867
77.4		0.130867
77.5		0.130867
77.6		0.130867
77.7		0.130867
77.8		0.130867
77.9		0.130867
78		0.130867
78.1		0.135587
78.2		0.135587
78.3		0.135587
78.4		0.135587
78.5		0.135587
78.6		0.135587
78.7		0.135587
78.8		0.135587
78.9		0.135587
79		0.135587
79.1		0.136758
79.2		0.136758
79.3		0.136758
79.4		0.136758
79.5		0.136758
79.6		0.136758
79.7		0.136758
79.8		0.136758
79.9		0.136758
80		0.136758
80.1		0.136966
80.2		0.136966
80.3		0.136966
80.4		0.136966
80.5		0.136966
80.6		0.136966
80.7		0.136966
80.8		0.136966
80.9		0.136966
81		0.136966
81.1		0.140958
81.2		0.140958
81.3		0.140958
81.4		0.140958
81.5		0.140958
81.6		0.140958
81.7		0.140958
81.8		0.140958
81.9		0.140958
82		0.140958
82.1		0.142246
82.2		0.142246
82.3		0.142246
82.4		0.142246
82.5		0.142246
82.6		0.142246
82.7		0.142246
82.8		0.142246
82.9		0.142246
83		0.142246
83.1		0.1424
83.2		0.1424
83.3		0.1424
83.4		0.1424
83.5		0.1424
83.6		0.1424
83.7		0.1424
83.8		0.1424
83.9		0.1424
84		0.1424
84.1		0.148011
84.2		0.148011
84.3		0.148011
84.4		0.148011
84.5		0.148011
84.6		0.148011
84.7		0.148011
84.8		0.148011
84.9		0.148011
85		0.148011
85.1		0.149098
85.2		0.149098
85.3		0.149098
85.4		0.149098
85.5		0.149098
85.6		0.149098
85.7		0.149098
85.8		0.149098
85.9		0.149098
86		0.149098
86.1		0.149991
86.2		0.149991
86.3		0.149991
86.4		0.149991
86.5		0.149991
86.6		0.149991
86.7		0.149991
86.8		0.149991
86.9		0.149991
87		0.149991
87.1		0.152847
87.2		0.152847
87.3		0.152847
87.4		0.152847
87.5		0.152847
87.6		0.152847
87.7		0.152847
87.8		0.152847
87.9		0.152847
88		0.152847
88.1		0.153948
88.2		0.153948
88.3		0.153948
88.4		0.153948
88.5		0.153948
88.6		0.153948
88.7		0.153948
88.8		0.153948
88.9		0.153948
89		0.153948
89.1		0.156372
89.2		0.156372
89.3		0.156372
89.4		0.156372
89.5		0.156372
89.6		0.156372
89.7		0.156372
89.8		0.156372
89.9		0.156372
90		0.156372
90.1		0.157613
90.2		0.157613
90.3		0.157613
90.4		0.157613
90.5		0.157613
90.6		0.157613
90.7		0.157613
90.8		0.157613
90.9		0.157613
91		0.157613
91.1		0.160607
91.2		0.160607
91.3		0.160607
91.4		0.160607
91.5		0.160607
91.6		0.160607
91.7		0.160607
91.8		0.160607
91.9		0.160607
92		0.160607
92.1		0.164736
92.2		0.164736
92.3		0.164736
92.4		0.164736
92.5		0.164736
92.6		0.164736
92.7		0.164736
92.8		0.164736
92.9		0.164736
93		0.164736
93.1		0.166625
93.2		0.166625
93.3		0.166625
93.4		0.166625
93.5		0.166625
93.6		0.166625
93.7		0.166625
93.8		0.166625
93.9		0.166625
94		0.166625
94.1		0.166738
94.2		0.166738
94.3		0.166738
94.4		0.166738
94.5		0.166738
94.6		0.166738
94.7		0.166738
94.8		0.166738
94.9		0.166738
95		0.166738
95.1		0.168011
95.2		0.168011
95.3		0.168011
95.4		0.168011
95.5		0.168011
95.6		0.168011
95.7		0.168011
95.8		0.168011
95.9		0.168011
96		0.168011
96.1		0.172418
96.2		0.172418
96.3		0.172418
96.4		0.172418
96.5		0.172418
96.6		0.172418
96.7		0.172418
96.8		0.172418
96.9		0.172418
97		0.172418
97.1		0.175187
97.2		0.175187
97.3		0.175187
97.4		0.175187
97.5		0.175187
97.6		0.175187
97.7		0.175187
97.8		0.175187
97.9		0.175187
98		0.175187
98.1		0.175591
98.2		0.175591
98.3		0.175591
98.4		0.175591
98.5		0.175591
98.6		0.175591
98.7		0.175591
98.8		0.175591
98.9		0.175591
99		0.175591
99.1		0.176727
99.2		0.176727
99.3		0.176727
99.4		0.176727
99.5		0.176727
99.6		0.176727
99.7		0.176727
99.8		0.176727
99.9		0.176727
100		0.176727
100.1		0.177248
100.2		0.177248
100.3		0.177248
100.4		0.177248
100.5		0.177248
100.6		0.177248
100.7		0.177248
100.8		0.177248
100.9		0.177248
101		0.177248
101.1		0.180695
101.2		0.180695
101.3		0.180695
101.4		0.180695
101.5		0.180695
101.6		0.180695
101.7		0.180695
101.8		0.180695
101.9		0.180695
102		0.180695
102.1		0.184047
102.2		0.184047
102.3		0.184047
102.4		0.184047
102.5		0.184047
102.6		0.184047
102.7		0.184047
102.8		0.184047
102.9		0.184047
103		0.184047
103.1		0.187962
103.2		0.187962
103.3		0.187962
103.4		0.187962
103.5		0.187962
103.6		0.187962
103.7		0.187962
103.8		0.187962
103.9		0.187962
104		0.187962
104.1		0.188845
104.2		0.188845
104.3		0.188845
104.4		0.188845
104.5		0.188845
104.6		0.188845
104.7		0.188845
104.8		0.188845
104.9		0.188845
105		0.188845
105.1		0.189541
105.2		0.189541
105.3		0.189541
105.4		0.189541
105.5		0.189541
105.6		0.189541
105.7		0.189541
105.8		0.189541
105.9		0.189541
106		0.189541
106.1		0.190319
106.2		0.190319
106.3		0.190319
106.4		0.190319
106.5		0.190319
106.6		0.190319
106.7		0.190319
106.8		0.190319
106.9		0.190319
107		0.190319
107.1		0.192929
107.2		0.192929
107.3		0.192929
107.4		0.192929
107.5		0.192929
107.6		0.192929
107.7		0.192929
107.8		0.192929
107.9		0.192929
108		0.192929
108.1		0.195852
108.2		0.195852
108.3		0.195852
108.4		0.195852
108.5		0.195852
108.6		0.195852
108.7		0.195852
108.8		0.195852
108.9		0.195852
109		0.195852
109.1		0.199299
109.2		0.199299
109.3		0.199299
109.4		0.199299
109.5		0.199299
109.6		0.199299
109.7		0.199299
109.8		0.199299
109.9		0.199299
110		0.199299
110.1		0.201314
110.2		0.201314
110.3		0.201314
110.4		0.201314
110.5		0.201314
110.6		0.201314
110.7		0.201314
110.8		0.201314
110.9		0.201314
111		0.201314
111.1		0.202485
111.2		0.202485
111.3		0.202485
111.4		0.202485
111.5		0.202485
111.6		0.202485
111.7		0.202485
111.8		0.202485
111.9		0.202485
112		0.202485
112.1		0.20328
112.2		0.20328
112.3		0.20328
112.4		0.20328
112.5		0.20328
112.6		0.20328
112.7		0.20328
112.8		0.20328
112.9		0.20328
113		0.20328
113.1		0.204311
113.2		0.204311
113.3		0.204311
113.4		0.204311
113.5		0.204311
113.6		0.204311
113.7		0.204311
113.8		0.204311
113.9		0.204311
114		0.204311
114.1		0.210572
114.2		0.210572
114.3		0.210572
114.4		0.210572
114.5		0.210572
114.6		0.210572
114.7		0.210572
114.8		0.210572
114.9		0.210572
115		0.210572
115.1		0.212113
115.2		0.212113
115.3		0.212113
115.4		0.212113
115.5		0.212113
115.6		0.212113
115.7		0.212113
115.8		0.212113
115.9		0.212113
116		0.212113
116.1		0.212426
116.2		0.212426
116.3		0.212426
116.4		0.212426
116.5		0.212426
116.6		0.212426
116.7		0.212426
116.8		0.212426
116.9		0.212426
117		0.212426
117.1		0.214723
117.2		0.214723
117.3		0.214723
117.4		0.214723
117.5		0.214723
117.6		0.214723
117.7		0.214723
117.8		0.214723
117.9		0.214723
118		0.214723
118.1		0.217635
118.2		0.217635
118.3		0.217635
118.4		0.217635
118.5		0.217635
118.6		0.217635
118.7		0.217635
118.8		0.217635
118.9		0.217635
119		0.217635
119.1		0.219179
119.2		0.219179
119.3		0.219179
119.4		0.219179
119.5		0.219179
119.6		0.219179
119.7		0.219179
119.8		0.219179
119.9		0.219179
120		0.219179
120.1		0.222306
120.2		0.222306
120.3		0.222306
120.4		0.222306
120.5		0.222306
120.6		0.222306
120.7		0.222306
120.8		0.222306
120.9		0.222306
121		0.222306
121.1		0.222686
121.2		0.222686
121.3		0.222686
121.4		0.222686
121.5		0.222686
121.6		0.222686
121.7		0.222686
121.8		0.222686
121.9		0.222686
122		0.222686
122.1		0.22339
122.2		0.22339
122.3		0.22339
122.4		0.22339
122.5		0.22339
122.6		0.22339
122.7		0.22339
122.8		0.22339
122.9		0.22339
123		0.22339
123.1		0.228873
123.2		0.228873
123.3		0.228873
123.4		0.228873
123.5		0.228873
123.6		0.228873
123.7		0.228873
123.8		0.228873
123.9		0.228873
124		0.228873
124.1		0.229992
124.2		0.229992
124.3		0.229992
124.4		0.229992
124.5		0.229992
124.6		0.229992
124.7		0.229992
124.8		0.229992
124.9		0.229992
125		0.229992
125.1		0.232437
125.2		0.232437
125.3		0.232437
125.4		0.232437
125.5		0.232437
125.6		0.232437
125.7		0.232437
125.8		0.232437
125.9		0.232437
126		0.232437
126.1		0.234065
126.2		0.234065
126.3		0.234065
126.4		0.234065
126.5		0.234065
126.6		0.234065
126.7		0.234065
126.8		0.234065
126.9		0.234065
127		0.234065
127.1		0.235658
127.2		0.235658
127.3		0.235658
127.4		0.235658
127.5		0.235658
127.6		0.235658
127.7		0.235658
127.8		0.235658
127.9		0.235658
128		0.235658
128.1		0.238444
128.2		0.238444
128.3		0.238444
128.4		0.238444
128.5		0.238444
128.6		0.238444
128.7		0.238444
128.8		0.238444
128.9		0.238444
129		0.238444
129.1		0.242788
129.2		0.242788
129.3		0.242788
129.4		0.242788
129.5		0.242788
129.6		0.242788
129.7		0.242788
129.8		0.242788
129.9		0.242788
130		0.242788
130.1		0.242989
130.2		0.242989
130.3		0.242989
130.4		0.242989
130.5		0.242989
130.6		0.242989
130.7		0.242989
130.8		0.242989
130.9		0.242989
131		0.242989
131.1		0.244617
131.2		0.244617
131.3		0.244617
131.4		0.244617
131.5		0.244617
131.6		0.244617
131.7		0.244617
131.8		0.244617
131.9		0.244617
132		0.244617
132.1		0.24805
132.2		0.24805
132.3		0.24805
132.4		0.24805
132.5		0.24805
132.6		0.24805
132.7		0.24805
132.8		0.24805
132.9		0.24805
133		0.24805
133.1		0.248666
133.2		0.248666
133.3		0.248666
133.4		0.248666
133.5		0.248666
133.6		0.248666
133.7		0.248666
133.8		0.248666
133.9		0.248666
134		0.248666
134.1		0.249844
134.2		0.249844
134.3		0.249844
134.4		0.249844
134.5		0.249844
134.6		0.249844
134.7		0.249844
134.8		0.249844
134.9		0.249844
135		0.249844
135.1		0.254456
135.2		0.254456
135.3		0.254456
135.4		0.254456
135.5		0.254456
135.6		0.254456
135.7		0.254456
135.8		0.254456
135.9		0.254456
136		0.254456
136.1		0.256063
136.2		0.256063
136.3		0.256063
136.4		0.256063
136.5		0.256063
136.6		0.256063
136.7		0.256063
136.8		0.256063
136.9		0.256063
137		0.256063
137.1		0.258817
137.2		0.258817
137.3		0.258817
137.4		0.258817
137.5		0.258817
137.6		0.258817
137.7		0.258817
137.8		0.258817
137.9		0.258817
138		0.258817
138.1		0.259479
138.2		0.259479
138.3		0.259479
138.4		0.259479
138.5		0.259479
138.6		0.259479
138.7		0.259479
138.8		0.259479
138.9		0.259479
139		0.259479
139.1		0.260214
139.2		0.260214
139.3		0.260214
139.4		0.260214
139.5		0.260214
139.6		0.260214
139.7		0.260214
139.8		0.260214
139.9		0.260214
140		0.260214
140.1		0.263728
140.2		0.263728
140.3		0.263728
140.4		0.263728
140.5		0.263728
140.6		0.263728
140.7		0.263728
140.8		0.263728
140.9		0.263728
141		0.263728
141.1		0.267301
141.2		0.267301
141.3		0.267301
141.4		0.267301
141.5		0.267301
141.6		0.267301
141.7		0.267301
141.8		0.267301
141.9		0.267301
142		0.267301
142.1		0.268895
142.2		0.268895
142.3		0.268895
142.4		0.268895
142.5		0.268895
142.6		0.268895
142.7		0.268895
142.8		0.268895
142.9		0.268895
143		0.268895
143.1		0.271417
143.2		0.271417
143.3		0.271417
143.4		0.271417
143.5		0.271417
143.6		0.271417
143.7		0.271417
143.8		0.271417
143.9		0.271417
144		0.271417
144.1		0.272518
144.2		0.272518
144.3		0.272518
144.4		0.272518
144.5		0.272518
144.6		0.272518
144.7		0.272518
144.8		0.272518
144.9		0.272518
145		0.272518
145.1		0.274452
145.2		0.274452
145.3		0.274452
145.4		0.274452
145.5		0.274452
145.6		0.274452
145.7		0.274452
145.8		0.274452
145.9		0.274452
146		0.274452
146.1		0.275064
146.2		0.275064
146.3		0.275064
146.4		0.275064
146.5		0.275064
146.6		0.275064
146.7		0.275064
146.8		0.275064
146.9		0.275064
147		0.275064
147.1		0.278512
147.2		0.278512
147.3		0.278512
147.4		0.278512
147.5		0.278512
147.6		0.278512
147.7		0.278512
147.8		0.278512
147.9		0.278512
148		0.278512
148.1		0.281688
148.2		0.281688
148.3		0.281688
148.4		0.281688
148.5		0.281688
148.6		0.281688
148.7		0.281688
148.8		0.281688
148.9		0.281688
149		0.281688
149.1		0.2825
149.2		0.2825
149.3		0.2825
149.4		0.2825
149.5		0.2825
149.6		0.2825
149.7		0.2825
149.8		0.2825
149.9		0.2825
150		0.2825
150.1		0.283921
150.2		0.283921
150.3		0.283921
150.4		0.283921
150.5		0.283921
150.6		0.283921
150.7		0.283921
150.8		0.283921
150.9		0.283921
151		0.283921
151.1		0.28785
151.2		0.28785
151.3		0.28785
151.4		0.28785
151.5		0.28785
151.6		0.28785
151.7		0.28785
151.8		0.28785
151.9		0.28785
152		0.28785
152.1		0.290154
152.2		0.290154
152.3		0.290154
152.4		0.290154
152.5		0.290154
152.6		0.290154
152.7		0.290154
152.8		0.290154
152.9		0.290154
153		0.290154
153.1		0.293271
153.2		0.293271
153.3		0.293271
153.4		0.293271
153.5		0.293271
153.6		0.293271
153.7		0.293271
153.8		0.293271
153.9		0.293271
154		0.293271
154.1		0.294308
154.2		0.294308
154.3		0.294308
154.4		0.294308
154.5		0.294308
154.6		0.294308
154.7		0.294308
154.8		0.294308
154.9		0.294308
155		0.294308
155.1		0.294586
155.2		0.294586
155.3		0.294586
155.4		0.294586
155.5		0.294586
155.6		0.294586
155.7		0.294586
155.8		0.294586
155.9		0.294586
156		0.294586
156.1		0.2981
156.2		0.2981
156.3		0.2981
156.4		0.2981
156.5		0.2981
156.6		0.2981
156.7		0.2981
156.8		0.2981
156.9		0.2981
157		0.2981
157.1		0.299286
157.2		0.299286
157.3		0.299286
157.4		0.299286
157.5		0.299286
157.6		0.299286
157.7		0.299286
157.8		0.299286
157.9		0.299286
158		0.299286
158.1		0.302409
158.2		0.302409
158.3		0.302409
158.4		0.302409
158.5		0.302409
158.6		0.302409
158.7		0.302409
158.8		0.302409
158.9		0.302409
159		0.302409
159.1		0.305307
159.2		0.305307
159.3		0.305307
159.4		0.305307
159.5		0.305307
159.6		0.305307
159.7		0.305307
159.8		0.305307
159.9		0.305307
160		0.305307
160.1		0.305578
160.2		0.305578
160.3		0.305578
160.4		0.305578
160.5		0.305578
160.6		0.305578
160.7		0.305578
160.8		0.305578
160.9		0.305578
161		0.305578
161.1		0.3081
161.2		0.3081
161.3		0.3081
161.4		0.3081
161.5		0.3081
161.6		0.3081
161.7		0.3081
161.8		0.3081
161.9		0.3081
162		0.3081
162.1		0.311076
162.2		0.311076
162.3		0.311076
162.4		0.311076
162.5		0.311076
162.6		0.311076
162.7		0.311076
162.8		0.311076
162.9		0.311076
163		0.311076
163.1		0.312881
163.2		0.312881
163.3		0.312881
163.4		0.312881
163.5		0.312881
163.6		0.312881
163.7		0.312881
163.8		0.312881
163.9		0.312881
164		0.312881
164.1		0.31318
164.2		0.31318
164.3		0.31318
164.4		0.31318
164.5		0.31318
164.6		0.31318
164.7		0.31318
164.8		0.31318
164.9		0.31318
165		0.31318
165.1		0.318656
165.2		0.318656
165.3		0.318656
165.4		0.318656
165.5		0.318656
165.6		0.318656
165.7		0.318656
165.8		0.318656
165.9		0.318656
166		0.318656
166.1		0.319152
166.2		0.319152
166.3		0.319152
166.4		0.319152
166.5		0.319152
166.6		0.319152
166.7		0.319152
166.8		0.319152
166.9		0.319152
167		0.319152
167.1		0.319993
167.2		0.319993
167.3		0.319993
167.4		0.319993
167.5		0.319993
167.6		0.319993
167.7		0.319993
167.8		0.319993
167.9		0.319993
168		0.319993
168.1		0.323577
168.2		0.323577
168.3		0.323577
168.4		0.323577
168.5		0.323577
168.6		0.323577
168.7		0.323577
168.8		0.323577
168.9		0.323577
169		0.323577
169.1		0.323985
169.2		0.323985
169.3		0.323985
169.4		0.323985
169.5		0.323985
169.6		0.323985
169.7		0.323985
169.8		0.323985
169.9		0.323985
170		0.323985
170.1		0.32528
170.2		0.32528
170.3		0.32528
170.4		0.32528
170.5		0.32528
170.6		0.32528
170.7		0.32528
170.8		0.32528
170.9		0.32528
171		0.32528
171.1		0.330014
171.2		0.330014
171.3		0.330014
171.4		0.330014
171.5		0.330014
171.6		0.330014
171.7		0.330014
171.8		0.330014
171.9		0.330014
172		0.330014
172.1		0.330264
172.2		0.330264
172.3		0.330264
172.4		0.330264
172.5		0.330264
172.6		0.330264
172.7		0.330264
172.8		0.330264
172.9		0.330264
173		0.330264
173.1		0.330756
173.2		0.330756
173.3		0.330756
173.4		0.330756
173.5		0.330756
173.6		0.330756
173.7		0.330756
173.8		0.330756
173.9		0.330756
174		0.330756
174.1		0.337756
174.2		0.337756
174.3		0.337756
174.4		0.337756
174.5		0.337756
174.6		0.337756
174.7		0.337756
174.8		0.337756
174.9		0.337756
175		0.337756
175.1		0.338189
175.2		0.338189
175.3		0.338189
175.4		0.338189
175.5		0.338189
175.6		0.338189
175.7		0.338189
175.8		0.338189
175.9		0.338189
176		0.338189
176.1		0.338329
176.2		0.338329
176.3		0.338329
176.4		0.338329
176.5		0.338329
176.6		0.338329
176.7		0.338329
176.8		0.338329
176.9		0.338329
177		0.338329
177.1		0.343567
177.2		0.343567
177.3		0.343567
177.4		0.343567
177.5		0.343567
177.6		0.343567
177.7		0.343567
177.8		0.343567
177.9		0.343567
178		0.343567
178.1		0.345223
178.2		0.345223
178.3		0.345223
178.4		0.345223
178.5		0.345223
178.6		0.345223
178.7		0.345223
178.8		0.345223
178.9		0.345223
179		0.345223
179.1		0.347464
179.2		0.347464
179.3		0.347464
179.4		0.347464
179.5		0.347464
179.6		0.347464
179.7		0.347464
179.8		0.347464
179.9		0.347464
180		0.347464
180.1		0.348417
180.2		0.348417
180.3		0.348417
180.4		0.348417
180.5		0.348417
180.6		0.348417
180.7		0.348417
180.8		0.348417
180.9		0.348417
181		0.348417
181.1		0.350633
181.2		0.350633
181.3		0.350633
181.4		0.350633
181.5		0.350633
181.6		0.350633
181.7		0.350633
181.8		0.350633
181.9		0.350633
182		0.350633
182.1		0.354263
182.2		0.354263
182.3		0.354263
182.4		0.354263
182.5		0.354263
182.6		0.354263
182.7		0.354263
182.8		0.354263
182.9		0.354263
183		0.354263
183.1		0.355329
183.2		0.355329
183.3		0.355329
183.4		0.355329
183.5		0.355329
183.6		0.355329
183.7		0.355329
183.8		0.355329
183.9		0.355329
184		0.355329
184.1		0.356458
184.2		0.356458
184.3		0.356458
184.4		0.356458
184.5		0.356458
184.6		0.356458
184.7		0.356458
184.8		0.356458
184.9		0.356458
185		0.356458
185.1		0.358836
185.2		0.358836
185.3		0.358836
185.4		0.358836
185.5		0.358836
185.6		0.358836
185.7		0.358836
185.8		0.358836
185.9		0.358836
186		0.358836
186.1		0.359367
186.2		0.359367
186.3		0.359367
186.4		0.359367
186.5		0.359367
186.6		0.359367
186.7		0.359367
186.8		0.359367
186.9		0.359367
187		0.359367
187.1		0.363011
187.2		0.363011
187.3		0.363011
187.4		0.363011
187.5		0.363011
187.6		0.363011
187.7		0.363011
187.8		0.363011
187.9		0.363011
188		0.363011
188.1		0.36458
188.2		0.36458
188.3		0.36458
188.4		0.36458
188.5		0.36458
188.6		0.36458
188.7		0.36458
188.8		0.36458
188.9		0.36458
189		0.36458
189.1		0.36521
189.2		0.36521
189.3		0.36521
189.4		0.36521
189.5		0.36521
189.6		0.36521
189.7		0.36521
189.8		0.36521
189.9		0.36521
190		0.36521
190.1		0.366905
190.2		0.366905
190.3		0.366905
190.4		0.366905
190.5		0.366905
190.6		0.366905
190.7		0.366905
190.8		0.366905
190.9		0.366905
191		0.366905
191.1		0.371362
191.2		0.371362
191.3		0.371362
191.4		0.371362
191.5		0.371362
191.6		0.371362
191.7		0.371362
191.8		0.371362
191.9		0.371362
192		0.371362
192.1		0.373089
192.2		0.373089
192.3		0.373089
192.4		0.373089
192.5		0.373089
192.6		0.373089
192.7		0.373089
192.8		0.373089
192.9		0.373089
193		0.373089
193.1		0.37592
193.2		0.37592
193.3		0.37592
193.4		0.37592
193.5		0.37592
193.6		0.37592
193.7		0.37592
193.8		0.37592
193.9		0.37592
194		0.37592
194.1		0.376983
194.2		0.376983
194.3		0.376983
194.4		0.376983
194.5		0.376983
194.6		0.376983
194.7		0.376983
194.8		0.376983
194.9		0.376983
195		0.376983
195.1		0.377179
195.2		0.377179
195.3		0.377179
195.4		0.377179
195.5		0.377179
195.6		0.377179
195.7		0.377179
195.8		0.377179
195.9		0.377179
196		0.377179
196.1		0.378808
196.2		0.378808
196.3		0.378808
196.4		0.378808
196.5		0.378808
196.6		0.378808
196.7		0.378808
196.8		0.378808
196.9		0.378808
197		0.378808
197.1		0.381474
197.2		0.381474
197.3		0.381474
197.4		0.381474
197.5		0.381474
197.6		0.381474
197.7		0.381474
197.8		0.381474
197.9		0.381474
198		0.381474
198.1		0.384443
198.2		0.384443
198.3		0.384443
198.4		0.384443
198.5		0.384443
198.6		0.384443
198.7		0.384443
198.8		0.384443
198.9		0.384443
199		0.384443
199.1		0.388819
199.2		0.388819
199.3		0.388819
199.4		0.388819
199.5		0.388819
199.6		0.388819
199.7		0.388819
199.8		0.388819
199.9		0.388819
200		0.388819
200.1		0.389382
200.2		0.389382
200.3		0.389382
200.4		0.389382
200.5		0.389382
200.6		0.389382
200.7		0.389382
200.8		0.389382
200.9		0.389382
201		0.389382
201.1		0.391506
201.2		0.391506
201.3		0.391506
201.4		0.391506
201.5		0.391506
201.6		0.391506
201.7		0.391506
201.8		0.391506
201.9		0.391506
202		0.391506
202.1		0.394267
202.2		0.394267
202.3		0.394267
202.4		0.394267
202.5		0.394267
202.6		0.394267
202.7		0.394267
202.8		0.394267
202.9		0.394267
203		0.394267
203.1		0.396093
203.2		0.396093
203.3		0.396093
203.4		0.396093
203.5		0.396093
203.6		0.396093
203.7		0.396093
203.8		0.396093
203.9		0.396093
204		0.396093
204.1		0.399674
204.2		0.399674
204.3		0.399674
204.4		0.399674
204.5		0.399674
204.6		0.399674
204.7		0.399674
204.8		0.399674
204.9		0.399674
205		0.399674
205.1		0.39998
205.2		0.39998
205.3		0.39998
205.4		0.39998
205.5		0.39998
205.6		0.39998
205.7		0.39998
205.8		0.39998
205.9		0.39998
206		0.39998
206.1		0.404299
206.2		0.404299
206.3		0.404299
206.4		0.404299
206.5		0.404299
206.6		0.404299
206.7		0.404299
206.8		0.404299
206.9		0.404299
207		0.404299
207.1		0.407219
207.2		0.407219
207.3		0.407219
207.4		0.407219
207.5		0.407219
207.6		0.407219
207.7		0.407219
207.8		0.407219
207.9		0.407219
208		0.407219
208.1		0.40801
208.2		0.40801
208.3		0.40801
208.4		0.40801
208.5		0.40801
208.6		0.40801
208.7		0.40801
208.8		0.40801
208.9		0.40801
209		0.40801
209.1		0.408801
209.2		0.408801
209.3		0.408801
209.4		0.408801
209.5		0.408801
209.6		0.408801
209.7		0.408801
209.8		0.408801
209.9		0.408801
210		0.408801
210.1		0.411415
210.2		0.411415
210.3		0.411415
210.4		0.411415
210.5		0.411415
210.6		0.411415
210.7		0.411415
210.8		0.411415
210.9		0.411415
211		0.411415
211.1		0.414039
211.2		0.414039
211.3		0.414039
211.4		0.414039
211.5		0.414039
211.6		0.414039
211.7		0.414039
211.8		0.414039
211.9		0.414039
212		0.414039
212.1		0.4154
212.2		0.4154
212.3		0.4154
212.4		0.4154
212.5		0.4154
212.6		0.4154
212.7		0.4154
212.8		0.4154
212.9		0.4154
213		0.4154
213.1		0.418875
213.2		0.418875
213.3		0.418875
213.4		0.418875
213.5		0.418875
213.6		0.418875
213.7		0.418875
213.8		0.418875
213.9		0.418875
214		0.418875
214.1		0.419181
214.2		0.419181
214.3		0.419181
214.4		0.419181
214.5		0.419181
214.6		0.419181
214.7		0.419181
214.8		0.419181
214.9		0.419181
215		0.419181
215.1		0.420314
215.2		0.420314
215.3		0.420314
215.4		0.420314
215.5		0.420314
215.6		0.420314
215.7		0.420314
215.8		0.420314
215.9		0.420314
216		0.420314
216.1		0.426153
216.2		0.426153
216.3		0.426153
216.4		0.426153
216.5		0.426153
216.6		0.426153
216.7		0.426153
216.8		0.426153
216.9		0.426153
217		0.426153
217.1		0.426561
217.2		0.426561
217.3		0.426561
217.4		0.426561
217.5		0.426561
217.6		0.426561
217.7		0.426561
217.8		0.426561
217.9		0.426561
218		0.426561
218.1		0.427852
218.2		0.427852
218.3		0.427852
218.4		0.427852
218.5		0.427852
218.6		0.427852
218.7		0.427852
218.8		0.427852
218.9		0.427852
219		0.427852
219.1		0.433033
219.2		0.433033
219.3		0.433033
219.4		0.433033
219.5		0.433033
219.6		0.433033
219.7		0.433033
219.8		0.433033
219.9		0.433033
220		0.433033
220.1		0.433283
220.2		0.433283
220.3		0.433283
220.4		0.433283
220.5		0.433283
220.6		0.433283
220.7		0.433283
220.8		0.433283
220.9		0.433283
221		0.433283
221.1		0.435467
221.2		0.435467
221.3		0.435467
221.4		0.435467
221.5		0.435467
221.6		0.435467
221.7		0.435467
221.8		0.435467
221.9		0.435467
222		0.435467
222.1		0.437289
222.2		0.437289
222.3		0.437289
222.4		0.437289
222.5		0.437289
222.6		0.437289
222.7		0.437289
222.8		0.437289
222.9		0.437289
223		0.437289
223.1		0.44017
223.2		0.44017
223.3		0.44017
223.4		0.44017
223.5		0.44017
223.6		0.44017
223.7		0.44017
223.8		0.44017
223.9		0.44017
224		0.44017
224.1		0.440416
224.2		0.440416
224.3		0.440416
224.4		0.440416
224.5		0.440416
224.6		0.440416
224.7		0.440416
224.8		0.440416
224.9		0.440416
225		0.440416
225.1		0.444996
225.2		0.444996
225.3		0.444996
225.4		0.444996
225.5		0.444996
225.6		0.444996
225.7		0.444996
225.8		0.444996
225.9		0.444996
226		0.444996
226.1		0.448862
226.2		0.448862
226.3		0.448862
226.4		0.448862
226.5		0.448862
226.6		0.448862
226.7		0.448862
226.8		0.448862
226.9		0.448862
227		0.448862
227.1		0.450226
227.2		0.450226
227.3		0.450226
227.4		0.450226
227.5		0.450226
227.6		0.450226
227.7		0.450226
227.8		0.450226
227.9		0.450226
228		0.450226
228.1		0.450437
228.2		0.450437
228.3		0.450437
228.4		0.450437
228.5		0.450437
228.6		0.450437
228.7		0.450437
228.8		0.450437
228.9		0.450437
229		0.450437
229.1		0.451373
229.2		0.451373
229.3		0.451373
229.4		0.451373
229.5		0.451373
229.6		0.451373
229.7		0.451373
229.8		0.451373
229.9		0.451373
230		0.451373
230.1		0.454567
230.2		0.454567
230.3		0.454567
230.4		0.454567
230.5		0.454567
230.6		0.454567
230.7		0.454567
230.8		0.454567
230.9		0.454567
231		0.454567
231.1		0.45475
231.2		0.45475
231.3		0.45475
231.4		0.45475
231.5		0.45475
231.6		0.45475
231.7		0.45475
231.8		0.45475
231.9		0.45475
232		0.45475
232.1		0.459868
232.2		0.459868
232.3		0.459868
232.4		0.459868
232.5		0.459868
232.6		0.459868
232.7		0.459868
232.8		0.459868
232.9		0.459868
233		0.459868
233.1		0.459889
233.2		0.459889
233.3		0.459889
233.4		0.459889
233.5		0.459889
233.6		0.459889
233.7		0.459889
233.8		0.459889
233.9		0.459889
234		0.459889
234.1		0.460156
234.2		0.460156
234.3		0.460156
234.4		0.460156
234.5		0.460156
234.6		0.460156
234.7		0.460156
234.8		0.460156
234.9		0.460156
235		0.460156
235.1		0.462875
235.2		0.462875
235.3		0.462875
235.4		0.462875
235.5		0.462875
235.6		0.462875
235.7		0.462875
235.8		0.462875
235.9		0.462875
236		0.462875
236.1		0.464996
236.2		0.464996
236.3		0.464996
236.4		0.464996
236.5		0.464996
236.6		0.464996
236.7		0.464996
236.8		0.464996
236.9		0.464996
237		0.464996
237.1		0.465633
237.2		0.465633
237.3		0.465633
237.4		0.465633
237.5		0.465633
237.6		0.465633
237.7		0.465633
237.8		0.465633
237.9		0.465633
238		0.465633
238.1		0.471043
238.2		0.471043
238.3		0.471043
238.4		0.471043
238.5		0.471043
238.6		0.471043
238.7		0.471043
238.8		0.471043
238.9		0.471043
239		0.471043
239.1		0.472115
239.2		0.472115
239.3		0.472115
239.4		0.472115
239.5		0.472115
239.6		0.472115
239.7		0.472115
239.8		0.472115
239.9		0.472115
240		0.472115
240.1		0.472326
240.2		0.472326
240.3		0.472326
240.4		0.472326
240.5		0.472326
240.6		0.472326
240.7		0.472326
240.8		0.472326
240.9		0.472326
241		0.472326
241.1		0.474542
241.2		0.474542
241.3		0.474542
241.4		0.474542
241.5		0.474542
241.6		0.474542
241.7		0.474542
241.8		0.474542
241.9		0.474542
242		0.474542
242.1		0.478718
242.2		0.478718
242.3		0.478718
242.4		0.478718
242.5		0.478718
242.6		0.478718
242.7		0.478718
242.8		0.478718
242.9		0.478718
243		0.478718
243.1		0.479523
243.2		0.479523
243.3		0.479523
243.4		0.479523
243.5		0.479523
243.6		0.479523
243.7		0.479523
243.8		0.479523
243.9		0.479523
244		0.479523
244.1		0.483132
244.2		0.483132
244.3		0.483132
244.4		0.483132
244.5		0.483132
244.6		0.483132
244.7		0.483132
244.8		0.483132
244.9		0.483132
245		0.483132
245.1		0.483132
245.2		0.483132
245.3		0.483132
245.4		0.483132
245.5		0.483132
245.6		0.483132
245.7		0.483132
245.8		0.483132
245.9		0.483132
246		0.483132
246.1		0.485039
246.2		0.485039
246.3		0.485039
246.4		0.485039
246.5		0.485039
246.6		0.485039
246.7		0.485039
246.8		0.485039
246.9		0.485039
247		0.485039
247.1		0.487314
247.2		0.487314
247.3		0.487314
247.4		0.487314
247.5		0.487314
247.6		0.487314
247.7		0.487314
247.8		0.487314
247.9		0.487314
248		0.487314
248.1		0.487487
248.2		0.487487
248.3		0.487487
248.4		0.487487
248.5		0.487487
248.6		0.487487
248.7		0.487487
248.8		0.487487
248.9		0.487487
249		0.487487
249.1		0.489231
249.2		0.489231
249.3		0.489231
249.4		0.489231
249.5		0.489231
249.6		0.489231
249.7		0.489231
249.8		0.489231
249.9		0.489231
250		0.489231
250.1		0.495475
250.2		0.495475
250.3		0.495475
250.4		0.495475
250.5		0.495475
250.6		0.495475
250.7		0.495475
250.8		0.495475
250.9		0.495475
251		0.495475
251.1		0.495805
251.2		0.495805
251.3		0.495805
251.4		0.495805
251.5		0.495805
251.6		0.495805
251.7		0.495805
251.8		0.495805
251.9		0.495805
252		0.495805
252.1		0.497385
252.2		0.497385
252.3		0.497385
252.4		0.497385
252.5		0.497385
252.6		0.497385
252.7		0.497385
252.8		0.497385
252.9		0.497385
253		0.497385
253.1		0.501374
253.2		0.501374
253.3		0.501374
253.4		0.501374
253.5		0.501374
253.6		0.501374
253.7		0.501374
253.8		0.501374
253.9		0.501374
254		0.501374
254.1		0.503843
254.2		0.503843
254.3		0.503843
254.4		0.503843
254.5		0.503843
254.6		0.503843
254.7		0.503843
254.8		0.503843
254.9		0.503843
255		0.503843
255.1		0.508204
255.2		0.508204
255.3		0.508204
255.4		0.508204
255.5		0.508204
255.6		0.508204
255.7		0.508204
255.8		0.508204
255.9		0.508204
256		0.508204
256.1		0.508342
256.2		0.508342
256.3		0.508342
256.4		0.508342
256.5		0.508342
256.6		0.508342
256.7		0.508342
256.8		0.508342
256.9		0.508342
257		0.508342
257.1		0.510593
257.2		0.510593
257.3		0.510593
257.4		0.510593
257.5		0.510593
257.6		0.510593
257.7		0.510593
257.8		0.510593
257.9		0.510593
258		0.510593
258.1		0.51277
258.2		0.51277
258.3		0.51277
258.4		0.51277
258.5		0.51277
258.6		0.51277
258.7		0.51277
258.8		0.51277
258.9		0.51277
259		0.51277
259.1		0.515672
259.2		0.515672
259.3		0.515672
259.4		0.515672
259.5		0.515672
259.6		0.515672
259.7		0.515672
259.8		0.515672
259.9		0.515672
260		0.515672
260.1		0.517684
260.2		0.517684
260.3		0.517684
260.4		0.517684
260.5		0.517684
260.6		0.517684
260.7		0.517684
260.8		0.517684
260.9		0.517684
261		0.517684
261.1		0.518729
261.2		0.518729
261.3		0.518729
261.4		0.518729
261.5		0.518729
261.6		0.518729
261.7		0.518729
261.8		0.518729
261.9		0.518729
262		0.518729
262.1		0.518985
262.2		0.518985
262.3		0.518985
262.4		0.518985
262.5		0.518985
262.6		0.518985
262.7		0.518985
262.8		0.518985
262.9		0.518985
263		0.518985
263.1		0.519629
263.2		0.519629
263.3		0.519629
263.4		0.519629
263.5		0.519629
263.6		0.519629
263.7		0.519629
263.8		0.519629
263.9		0.519629
264		0.519629
264.1		0.524645
264.2		0.524645
264.3		0.524645
264.4		0.524645
264.5		0.524645
264.6		0.524645
264.7		0.524645
264.8		0.524645
264.9		0.524645
265		0.524645
265.1		0.527983
265.2		0.527983
265.3		0.527983
265.4		0.527983
265.5		0.527983
265.6		0.527983
265.7		0.527983
265.8		0.527983
265.9		0.527983
266		0.527983
266.1		0.528461
266.2		0.528461
266.3		0.528461
266.4		0.528461
266.5		0.528461
266.6		0.528461
266.7		0.528461
266.8		0.528461
266.9		0.528461
267		0.528461
267.1		0.530656
267.2		0.530656
267.3		0.530656
267.4		0.530656
267.5		0.530656
267.6		0.530656
267.7		0.530656
267.8		0.530656
267.9		0.530656
268		0.530656
268.1		0.530846
268.2		0.530846
268.3		0.530846
268.4		0.530846
268.5		0.530846
268.6		0.530846
268.7		0.530846
268.8		0.530846
268.9		0.530846
269		0.530846
269.1		0.534976
269.2		0.534976
269.3		0.534976
269.4		0.534976
269.5		0.534976
269.6		0.534976
269.7		0.534976
269.8		0.534976
269.9		0.534976
270		0.534976
270.1		0.537512
270.2		0.537512
270.3		0.537512
270.4		0.537512
270.5		0.537512
270.6		0.537512
270.7		0.537512
270.8		0.537512
270.9		0.537512
271		0.537512
271.1		0.539928
271.2		0.539928
271.3		0.539928
271.4		0.539928
271.5		0.539928
271.6		0.539928
271.7		0.539928
271.8		0.539928
271.9		0.539928
272		0.539928
272.1		0.541166
272.2		0.541166
272.3		0.541166
272.4		0.541166
272.5		0.541166
272.6		0.541166
272.7		0.541166
272.8		0.541166
272.9		0.541166
273		0.541166
273.1		0.541719
273.2		0.541719
273.3		0.541719
273.4		0.541719
273.5		0.541719
273.6		0.541719
273.7		0.541719
273.8		0.541719
273.9		0.541719
274		0.541719
274.1		0.547146
274.2		0.547146
274.3		0.547146
274.4		0.547146
274.5		0.547146
274.6		0.547146
274.7		0.547146
274.8		0.547146
274.9		0.547146
275		0.547146
275.1		0.547895
275.2		0.547895
275.3		0.547895
275.4		0.547895
275.5		0.547895
275.6		0.547895
275.7		0.547895
275.8		0.547895
275.9		0.547895
276		0.547895
276.1		0.548497
276.2		0.548497
276.3		0.548497
276.4		0.548497
276.5		0.548497
276.6		0.548497
276.7		0.548497
276.8		0.548497
276.9		0.548497
277		0.548497
277.1		0.553397
277.2		0.553397
277.3		0.553397
277.4		0.553397
277.5		0.553397
277.6		0.553397
277.7		0.553397
277.8		0.553397
277.9		0.553397
278		0.553397
278.1		0.55487
278.2		0.55487
278.3		0.55487
278.4		0.55487
278.5		0.55487
278.6		0.55487
278.7		0.55487
278.8		0.55487
278.9		0.55487
279		0.55487
279.1		0.557808
279.2		0.557808
279.3		0.557808
279.4		0.557808
279.5		0.557808
279.6		0.557808
279.7		0.557808
279.8		0.557808
279.9		0.557808
280		0.557808
280.1		0.558216
280.2		0.558216
280.3		0.558216
280.4		0.558216
280.5		0.558216
280.6		0.558216
280.7		0.558216
280.8		0.558216
280.9		0.558216
281		0.558216
281.1		0.558778
281.2		0.558778
281.3		0.558778
281.4		0.558778
281.5		0.558778
281.6		0.558778
281.7		0.558778
281.8		0.558778
281.9		0.558778
282		0.558778
282.1		0.562159
282.2		0.562159
282.3		0.562159
282.4		0.562159
282.5		0.562159
282.6		0.562159
282.7		0.562159
282.8		0.562159
282.9		0.562159
283		0.562159
283.1		0.564216
283.2		0.564216
283.3		0.564216
283.4		0.564216
283.5		0.564216
283.6		0.564216
283.7		0.564216
283.8		0.564216
283.9		0.564216
284		0.564216
284.1		0.568993
284.2		0.568993
284.3		0.568993
284.4		0.568993
284.5		0.568993
284.6		0.568993
284.7		0.568993
284.8		0.568993
284.9		0.568993
285		0.568993
285.1		0.570899
285.2		0.570899
285.3		0.570899
285.4		0.570899
285.5		0.570899
285.6		0.570899
285.7		0.570899
285.8		0.570899
285.9		0.570899
286		0.570899
286.1		0.574019
286.2		0.574019
286.3		0.574019
286.4		0.574019
286.5		0.574019
286.6		0.574019
286.7		0.574019
286.8		0.574019
286.9		0.574019
287		0.574019
287.1		0.57429
287.2		0.57429
287.3		0.57429
287.4		0.57429
287.5		0.57429
287.6		0.57429
287.7		0.57429
287.8		0.57429
287.9		0.57429
288		0.57429
288.1		0.576823
288.2		0.576823
288.3		0.576823
288.4		0.576823
288.5		0.576823
288.6		0.576823
288.7		0.576823
288.8		0.576823
288.9		0.576823
289		0.576823
289.1		0.582018
289.2		0.582018
289.3		0.582018
289.4		0.582018
289.5		0.582018
289.6		0.582018
289.7		0.582018
289.8		0.582018
289.9		0.582018
290		0.582018
290.1		0.582018
290.2		0.582018
290.3		0.582018
290.4		0.582018
290.5		0.582018
290.6		0.582018
290.7		0.582018
290.8		0.582018
290.9		0.582018
291		0.582018
291.1		0.582757
291.2		0.582757
291.3		0.582757
291.4		0.582757
291.5		0.582757
291.6		0.582757
291.7		0.582757
291.8		0.582757
291.9		0.582757
292		0.582757
292.1		0.584058
292.2		0.584058
292.3		0.584058
292.4		0.584058
292.5		0.584058
292.6		0.584058
292.7		0.584058
292.8		0.584058
292.9		0.584058
293		0.584058
293.1		0.584938
293.2		0.584938
293.3		0.584938
293.4		0.584938
293.5		0.584938
293.6		0.584938
293.7		0.584938
293.8		0.584938
293.9		0.584938
294		0.584938
294.1		0.584938
294.2		0.584938
294.3		0.584938
294.4		0.584938
294.5		0.584938
294.6		0.584938
294.7		0.584938
294.8		0.584938
294.9		0.584938
295		0.584938
295.1		0.58779
295.2		0.58779
295.3		0.58779
295.4		0.58779
295.5		0.58779
295.6		0.58779
295.7		0.58779
295.8		0.58779
295.9		0.58779
296		0.58779
296.1		0.591248
296.2		0.591248
296.3		0.591248
296.4		0.591248
296.5		0.591248
296.6		0.591248
296.7		0.591248
296.8		0.591248
296.9		0.591248
297		0.591248
297.1		0.593531
297.2		0.593531
297.3		0.593531
297.4		0.593531
297.5		0.593531
297.6		0.593531
297.7		0.593531
297.8		0.593531
297.9		0.593531
298		0.593531
298.1		0.594283
298.2		0.594283
298.3		0.594283
298.4		0.594283
298.5		0.594283
298.6		0.594283
298.7		0.594283
298.8		0.594283
298.9		0.594283
299		0.594283
299.1		0.595747
299.2		0.595747
299.3		0.595747
299.4		0.595747
299.5		0.595747
299.6		0.595747
299.7		0.595747
299.8		0.595747
299.9		0.595747
300		0.595747
300.1		0.596591
300.2		0.596591
300.3		0.596591
300.4		0.596591
300.5		0.596591
300.6		0.596591
300.7		0.596591
300.8		0.596591
300.9		0.596591
301		0.596591
301.1		0.598406
301.2		0.598406
301.3		0.598406
301.4		0.598406
301.5		0.598406
301.6		0.598406
301.7		0.598406
301.8		0.598406
301.9		0.598406
302		0.598406
302.1		0.599014
302.2		0.599014
302.3		0.599014
302.4		0.599014
302.5		0.599014
302.6		0.599014
302.7		0.599014
302.8		0.599014
302.9		0.599014
303		0.599014
303.1		0.601698
303.2		0.601698
303.3		0.601698
303.4		0.601698
303.5		0.601698
303.6		0.601698
303.7		0.601698
303.8		0.601698
303.9		0.601698
304		0.601698
304.1		0.608107
304.2		0.608107
304.3		0.608107
304.4		0.608107
304.5		0.608107
304.6		0.608107
304.7		0.608107
304.8		0.608107
304.9		0.608107
305		0.608107
305.1		0.608248
305.2		0.608248
305.3		0.608248
305.4		0.608248
305.5		0.608248
305.6		0.608248
305.7		0.608248
305.8		0.608248
305.9		0.608248
306		0.608248
306.1		0.609753
306.2		0.609753
306.3		0.609753
306.4		0.609753
306.5		0.609753
306.6		0.609753
306.7		0.609753
306.8		0.609753
306.9		0.609753
307		0.609753
307.1		0.612683
307.2		0.612683
307.3		0.612683
307.4		0.612683
307.5		0.612683
307.6		0.612683
307.7		0.612683
307.8		0.612683
307.9		0.612683
308		0.612683
308.1		0.615269
308.2		0.615269
308.3		0.615269
308.4		0.615269
308.5		0.615269
308.6		0.615269
308.7		0.615269
308.8		0.615269
308.9		0.615269
309		0.615269
309.1		0.619117
309.2		0.619117
309.3		0.619117
309.4		0.619117
309.5		0.619117
309.6		0.619117
309.7		0.619117
309.8		0.619117
309.9		0.619117
310		0.619117
310.1		0.620045
310.2		0.620045
310.3		0.620045
310.4		0.620045
310.5		0.620045
310.6		0.620045
310.7		0.620045
310.8		0.620045
310.9		0.620045
311		0.620045
311.1		0.621779
311.2		0.621779
311.3		0.621779
311.4		0.621779
311.5		0.621779
311.6		0.621779
311.7		0.621779
311.8		0.621779
311.9		0.621779
312		0.621779
312.1		0.62376
312.2		0.62376
312.3		0.62376
312.4		0.62376
312.5		0.62376
312.6		0.62376
312.7		0.62376
312.8		0.62376
312.9		0.62376
313		0.62376
313.1		0.62568
313.2		0.62568
313.3		0.62568
313.4		0.62568
313.5		0.62568
313.6		0.62568
313.7		0.62568
313.8		0.62568
313.9		0.62568
314		0.62568
314.1		0.626595
314.2		0.626595
314.3		0.626595
314.4		0.626595
314.5		0.626595
314.6		0.626595
314.7		0.626595
314.8		0.626595
314.9		0.626595
315		0.626595
315.1		0.630436
315.2		0.630436
315.3		0.630436
315.4		0.630436
315.5		0.630436
315.6		0.630436
315.7		0.630436
315.8		0.630436
315.9		0.630436
316		0.630436
316.1		0.631224
316.2		0.631224
316.3		0.631224
316.4		0.631224
316.5		0.631224
316.6		0.631224
316.7		0.631224
316.8		0.631224
316.9		0.631224
317		0.631224
317.1		0.631357
317.2		0.631357
317.3		0.631357
317.4		0.631357
317.5		0.631357
317.6		0.631357
317.7		0.631357
317.8		0.631357
317.9		0.631357
318		0.631357
318.1		0.635518
318.2		0.635518
318.3		0.635518
318.4		0.635518
318.5		0.635518
318.6		0.635518
318.7		0.635518
318.8		0.635518
318.9		0.635518
319		0.635518
319.1		0.637703
319.2		0.637703
319.3		0.637703
319.4		0.637703
319.5		0.637703
319.6		0.637703
319.7		0.637703
319.8		0.637703
319.9		0.637703
320		0.637703
320.1		0.639036
320.2		0.639036
320.3		0.639036
320.4		0.639036
320.5		0.639036
320.6		0.639036
320.7		0.639036
320.8		0.639036
320.9		0.639036
321		0.639036
321.1		0.640281
321.2		0.640281
321.3		0.640281
321.4		0.640281
321.5		0.640281
321.6		0.640281
321.7		0.640281
321.8		0.640281
321.9		0.640281
322		0.640281
322.1		0.641607
322.2		0.641607
322.3		0.641607
322.4		0.641607
322.5		0.641607
322.6		0.641607
322.7		0.641607
322.8		0.641607
322.9		0.641607
323		0.641607
323.1		0.646011
323.2		0.646011
323.3		0.646011
323.4		0.646011
323.5		0.646011
323.6		0.646011
323.7		0.646011
323.8		0.646011
323.9		0.646011
324		0.646011
324.1		0.646669
324.2		0.646669
324.3		0.646669
324.4		0.646669
324.5		0.646669
324.6		0.646669
324.7		0.646669
324.8		0.646669
324.9		0.646669
325		0.646669
325.1		0.64911
325.2		0.64911
325.3		0.64911
325.4		0.64911
325.5		0.64911
325.6		0.64911
325.7		0.64911
325.8		0.64911
325.9		0.64911
326		0.64911
326.1		0.653749
326.2		0.653749
326.3		0.653749
326.4		0.653749
326.5		0.653749
326.6		0.653749
326.7		0.653749
326.8		0.653749
326.9		0.653749
327		0.653749
327.1		0.65415
327.2		0.65415
327.3		0.65415
327.4		0.65415
327.5		0.65415
327.6		0.65415
327.7		0.65415
327.8		0.65415
327.9		0.65415
328		0.65415
328.1		0.656416
328.2		0.656416
328.3		0.656416
328.4		0.656416
328.5		0.656416
328.6		0.656416
328.7		0.656416
328.8		0.656416
328.9		0.656416
329		0.656416
329.1		0.656915
329.2		0.656915
329.3		0.656915
329.4		0.656915
329.5		0.656915
329.6		0.656915
329.7		0.656915
329.8		0.656915
329.9		0.656915
330		0.656915
330.1		0.657999
330.2		0.657999
330.3		0.657999
330.4		0.657999
330.5		0.657999
330.6		0.657999
330.7		0.657999
330.8		0.657999
330.9		0.657999
331		0.657999
331.1		0.663778
331.2		0.663778
331.3		0.663778
331.4		0.663778
331.5		0.663778
331.6		0.663778
331.7		0.663778
331.8		0.663778
331.9		0.663778
332		0.663778
332.1		0.663982
332.2		0.663982
332.3		0.663982
332.4		0.663982
332.5		0.663982
332.6		0.663982
332.7		0.663982
332.8		0.663982
332.9		0.663982
333		0.663982
333.1		0.664182
333.2		0.664182
333.3		0.664182
333.4		0.664182
333.5		0.664182
333.6		0.664182
333.7		0.664182
333.8		0.664182
333.9		0.664182
334		0.664182
334.1		0.66631
334.2		0.66631
334.3		0.66631
334.4		0.66631
334.5		0.66631
334.6		0.66631
334.7		0.66631
334.8		0.66631
334.9		0.66631
335		0.66631
335.1		0.670007
335.2		0.670007
335.3		0.670007
335.4		0.670007
335.5		0.670007
335.6		0.670007
335.7		0.670007
335.8		0.670007
335.9		0.670007
336		0.670007
336.1		0.670303
336.2		0.670303
336.3		0.670303
336.4		0.670303
336.5		0.670303
336.6		0.670303
336.7		0.670303
336.8		0.670303
336.9		0.670303
337		0.670303
337.1		0.675751
337.2		0.675751
337.3		0.675751
337.4		0.675751
337.5		0.675751
337.6		0.675751
337.7		0.675751
337.8		0.675751
337.9		0.675751
338		0.675751
338.1		0.677144
338.2		0.677144
338.3		0.677144
338.4		0.677144
338.5		0.677144
338.6		0.677144
338.7		0.677144
338.8		0.677144
338.9		0.677144
339		0.677144
339.1		0.677682
339.2		0.677682
339.3		0.677682
339.4		0.677682
339.5		0.677682
339.6		0.677682
339.7		0.677682
339.8		0.677682
339.9		0.677682
340		0.677682
340.1		0.679905
340.2		0.679905
340.3		0.679905
340.4		0.679905
340.5		0.679905
340.6		0.679905
340.7		0.679905
340.8		0.679905
340.9		0.679905
341		0.679905
341.1		0.681386
341.2		0.681386
341.3		0.681386
341.4		0.681386
341.5		0.681386
341.6		0.681386
341.7		0.681386
341.8		0.681386
341.9		0.681386
342		0.681386
342.1		0.683936
342.2		0.683936
342.3		0.683936
342.4		0.683936
342.5		0.683936
342.6		0.683936
342.7		0.683936
342.8		0.683936
342.9		0.683936
343		0.683936
343.1		0.689585
343.2		0.689585
343.3		0.689585
343.4		0.689585
343.5		0.689585
343.6		0.689585
343.7		0.689585
343.8		0.689585
343.9		0.689585
344		0.689585
344.1		0.69
344.2		0.69
344.3		0.69
344.4		0.69
344.5		0.69
344.6		0.69
344.7		0.69
344.8		0.69
344.9		0.69
345		0.69
345.1		0.69013
345.2		0.69013
345.3		0.69013
345.4		0.69013
345.5		0.69013
345.6		0.69013
345.7		0.69013
345.8		0.69013
345.9		0.69013
346		0.69013
346.1		0.694559
346.2		0.694559
346.3		0.694559
346.4		0.694559
346.5		0.694559
346.6		0.694559
346.7		0.694559
346.8		0.694559
346.9		0.694559
347		0.694559
347.1		0.702336
347.2		0.702336
347.3		0.702336
347.4		0.702336
347.5		0.702336
347.6		0.702336
347.7		0.702336
347.8		0.702336
347.9		0.702336
348		0.702336
348.1		0.702621
348.2		0.702621
348.3		0.702621
348.4		0.702621
348.5		0.702621
348.6		0.702621
348.7		0.702621
348.8		0.702621
348.9		0.702621
349		0.702621
349.1		0.703732
349.2		0.703732
349.3		0.703732
349.4		0.703732
349.5		0.703732
349.6		0.703732
349.7		0.703732
349.8		0.703732
349.9		0.703732
350		0.703732
350.1		0.704805
350.2		0.704805
350.3		0.704805
350.4		0.704805
350.5		0.704805
350.6		0.704805
350.7		0.704805
350.8		0.704805
350.9		0.704805
351		0.704805
351.1		0.706198
351.2		0.706198
351.3		0.706198
351.4		0.706198
351.5		0.706198
351.6		0.706198
351.7		0.706198
351.8		0.706198
351.9		0.706198
352		0.706198
352.1		0.710897
352.2		0.710897
352.3		0.710897
352.4		0.710897
352.5		0.710897
352.6		0.710897
352.7		0.710897
352.8		0.710897
352.9		0.710897
353		0.710897
353.1		0.710897
353.2		0.710897
353.3		0.710897
353.4		0.710897
353.5		0.710897
353.6		0.710897
353.7		0.710897
353.8		0.710897
353.9		0.710897
354		0.710897
354.1		0.712512
354.2		0.712512
354.3		0.712512
354.4		0.712512
354.5		0.712512
354.6		0.712512
354.7		0.712512
354.8		0.712512
354.9		0.712512
355		0.712512
355.1		0.71515
355.2		0.71515
355.3		0.71515
355.4		0.71515
355.5		0.71515
355.6		0.71515
355.7		0.71515
355.8		0.71515
355.9		0.71515
356		0.71515
356.1		0.71515
356.2		0.71515
356.3		0.71515
356.4		0.71515
356.5		0.71515
356.6		0.71515
356.7		0.71515
356.8		0.71515
356.9		0.71515
357		0.71515
357.1		0.717102
357.2		0.717102
357.3		0.717102
357.4		0.717102
357.5		0.717102
357.6		0.717102
357.7		0.717102
357.8		0.717102
357.9		0.717102
358		0.717102
358.1		0.71827
358.2		0.71827
358.3		0.71827
358.4		0.71827
358.5		0.71827
358.6		0.71827
358.7		0.71827
358.8		0.71827
358.9		0.71827
359		0.71827
359.1		0.719427
359.2		0.719427
359.3		0.719427
359.4		0.719427
359.5		0.719427
359.6		0.719427
359.7		0.719427
359.8		0.719427
359.9		0.719427
360		0.719427
360.1		0.719427
360.2		0.719427
360.3		0.719427
360.4		0.719427
360.5		0.719427
360.6		0.719427
360.7		0.719427
360.8		0.719427
360.9		0.719427
361		0.719427
361.1		0.726033
361.2		0.726033
361.3		0.726033
361.4		0.726033
361.5		0.726033
361.6		0.726033
361.7		0.726033
361.8		0.726033
361.9		0.726033
362		0.726033
362.1		0.726708
362.2		0.726708
362.3		0.726708
362.4		0.726708
362.5		0.726708
362.6		0.726708
362.7		0.726708
362.8		0.726708
362.9		0.726708
363		0.726708
363.1		0.727057
363.2		0.727057
363.3		0.727057
363.4		0.727057
363.5		0.727057
363.6		0.727057
363.7		0.727057
363.8		0.727057
363.9		0.727057
364		0.727057
364.1		0.728833
364.2		0.728833
364.3		0.728833
364.4		0.728833
364.5		0.728833
364.6		0.728833
364.7		0.728833
364.8		0.728833
364.9		0.728833
365		0.728833
365.1		0.729969
365.2		0.729969
365.3		0.729969
365.4		0.729969
365.5		0.729969
365.6		0.729969
365.7		0.729969
365.8		0.729969
365.9		0.729969
366		0.729969
366.1		0.732058
366.2		0.732058
366.3		0.732058
366.4		0.732058
366.5		0.732058
366.6		0.732058
366.7		0.732058
366.8		0.732058
366.9		0.732058
367		0.732058
367.1		0.735945
367.2		0.735945
367.3		0.735945
367.4		0.735945
367.5		0.735945
367.6		0.735945
367.7		0.735945
367.8		0.735945
367.9		0.735945
368		0.735945
368.1		0.738457
368.2		0.738457
368.3		0.738457
368.4		0.738457
368.5		0.738457
368.6		0.738457
368.7		0.738457
368.8		0.738457
368.9		0.738457
369		0.738457
369.1		0.740025
369.2		0.740025
369.3		0.740025
369.4		0.740025
369.5		0.740025
369.6		0.740025
369.7		0.740025
369.8		0.740025
369.9		0.740025
370		0.740025
370.1		0.742245
370.2		0.742245
370.3		0.742245
370.4		0.742245
370.5		0.742245
370.6		0.742245
370.7		0.742245
370.8		0.742245
370.9		0.742245
371		0.742245
371.1		0.744123
371.2		0.744123
371.3		0.744123
371.4		0.744123
371.5		0.744123
371.6		0.744123
371.7		0.744123
371.8		0.744123
371.9		0.744123
372		0.744123
372.1		0.748281
372.2		0.748281
372.3		0.748281
372.4		0.748281
372.5		0.748281
372.6		0.748281
372.7		0.748281
372.8		0.748281
372.9		0.748281
373		0.748281
373.1		0.749501
373.2		0.749501
373.3		0.749501
373.4		0.749501
373.5		0.749501
373.6		0.749501
373.7		0.749501
373.8		0.749501
373.9		0.749501
374		0.749501
374.1		0.749744
374.2		0.749744
374.3		0.749744
374.4		0.749744
374.5		0.749744
374.6		0.749744
374.7		0.749744
374.8		0.749744
374.9		0.749744
375		0.749744
375.1		0.755266
375.2		0.755266
375.3		0.755266
375.4		0.755266
375.5		0.755266
375.6		0.755266
375.7		0.755266
375.8		0.755266
375.9		0.755266
376		0.755266
376.1		0.756072
376.2		0.756072
376.3		0.756072
376.4		0.756072
376.5		0.756072
376.6		0.756072
376.7		0.756072
376.8		0.756072
376.9		0.756072
377		0.756072
377.1		0.756737
377.2		0.756737
377.3		0.756737
377.4		0.756737
377.5		0.756737
377.6		0.756737
377.7		0.756737
377.8		0.756737
377.9		0.756737
378		0.756737
378.1		0.761422
378.2		0.761422
378.3		0.761422
378.4		0.761422
378.5		0.761422
378.6		0.761422
378.7		0.761422
378.8		0.761422
378.9		0.761422
379		0.761422
379.1		0.761763
379.2		0.761763
379.3		0.761763
379.4		0.761763
379.5		0.761763
379.6		0.761763
379.7		0.761763
379.8		0.761763
379.9		0.761763
380		0.761763
380.1		0.763515
380.2		0.763515
380.3		0.763515
380.4		0.763515
380.5		0.763515
380.6		0.763515
380.7		0.763515
380.8		0.763515
380.9		0.763515
381		0.763515
381.1		0.767845
381.2		0.767845
381.3		0.767845
381.4		0.767845
381.5		0.767845
381.6		0.767845
381.7		0.767845
381.8		0.767845
381.9		0.767845
382		0.767845
382.1		0.768429
382.2		0.768429
382.3		0.768429
382.4		0.768429
382.5		0.768429
382.6		0.768429
382.7		0.768429
382.8		0.768429
382.9		0.768429
383		0.768429
383.1		0.771172
383.2		0.771172
383.3		0.771172
383.4		0.771172
383.5		0.771172
383.6		0.771172
383.7		0.771172
383.8		0.771172
383.9		0.771172
384		0.771172
384.1		0.771978
384.2		0.771978
384.3		0.771978
384.4		0.771978
384.5		0.771978
384.6		0.771978
384.7		0.771978
384.8		0.771978
384.9		0.771978
385		0.771978
385.1		0.774943
385.2		0.774943
385.3		0.774943
385.4		0.774943
385.5		0.774943
385.6		0.774943
385.7		0.774943
385.8		0.774943
385.9		0.774943
386		0.774943
386.1		0.776178
386.2		0.776178
386.3		0.776178
386.4		0.776178
386.5		0.776178
386.6		0.776178
386.7		0.776178
386.8		0.776178
386.9		0.776178
387		0.776178
387.1		0.781243
387.2		0.781243
387.3		0.781243
387.4		0.781243
387.5		0.781243
387.6		0.781243
387.7		0.781243
387.8		0.781243
387.9		0.781243
388		0.781243
388.1		0.781781
388.2		0.781781
388.3		0.781781
388.4		0.781781
388.5		0.781781
388.6		0.781781
388.7		0.781781
388.8		0.781781
388.9		0.781781
389		0.781781
389.1		0.781788
389.2		0.781788
389.3		0.781788
389.4		0.781788
389.5		0.781788
389.6		0.781788
389.7		0.781788
389.8		0.781788
389.9		0.781788
390		0.781788
390.1		0.783494
390.2		0.783494
390.3		0.783494
390.4		0.783494
390.5		0.783494
390.6		0.783494
390.7		0.783494
390.8		0.783494
390.9		0.783494
391		0.783494
391.1		0.786055
391.2		0.786055
391.3		0.786055
391.4		0.786055
391.5		0.786055
391.6		0.786055
391.7		0.786055
391.8		0.786055
391.9		0.786055
392		0.786055
392.1		0.786487
392.2		0.786487
392.3		0.786487
392.4		0.786487
392.5		0.786487
392.6		0.786487
392.7		0.786487
392.8		0.786487
392.9		0.786487
393		0.786487
393.1		0.790687
393.2		0.790687
393.3		0.790687
393.4		0.790687
393.5		0.790687
393.6		0.790687
393.7		0.790687
393.8		0.790687
393.9		0.790687
394		0.790687
394.1		0.793941
394.2		0.793941
394.3		0.793941
394.4		0.793941
394.5		0.793941
394.6		0.793941
394.7		0.793941
394.8		0.793941
394.9		0.793941
395		0.793941
395.1		0.796139
395.2		0.796139
395.3		0.796139
395.4		0.796139
395.5		0.796139
395.6		0.796139
395.7		0.796139
395.8		0.796139
395.9		0.796139
396		0.796139
396.1		0.79648
396.2		0.79648
396.3		0.79648
396.4		0.79648
396.5		0.79648
396.6		0.79648
396.7		0.79648
396.8		0.79648
396.9		0.79648
397		0.79648
397.1		0.797909
397.2		0.797909
397.3		0.797909
397.4		0.797909
397.5		0.797909
397.6		0.797909
397.7		0.797909
397.8		0.797909
397.9		0.797909
398		0.797909
398.1		0.800726
398.2		0.800726
398.3		0.800726
398.4		0.800726
398.5		0.800726
398.6		0.800726
398.7		0.800726
398.8		0.800726
398.9		0.800726
399		0.800726
399.1		0.801574
399.2		0.801574
399.3		0.801574
399.4		0.801574
399.5		0.801574
399.6		0.801574
399.7		0.801574
399.8		0.801574
399.9		0.801574
400		0.801574
400.1		0.806772
400.2		0.806772
400.3		0.806772
400.4		0.806772
400.5		0.806772
400.6		0.806772
400.7		0.806772
400.8		0.806772
400.9		0.806772
401		0.806772
401.1		0.808482
401.2		0.808482
401.3		0.808482
401.4		0.808482
401.5		0.808482
401.6		0.808482
401.7		0.808482
401.8		0.808482
401.9		0.808482
402		0.808482
402.1		0.810867
402.2		0.810867
402.3		0.810867
402.4		0.810867
402.5		0.810867
402.6		0.810867
402.7		0.810867
402.8		0.810867
402.9		0.810867
403		0.810867
403.1		0.811124
403.2		0.811124
403.3		0.811124
403.4		0.811124
403.5		0.811124
403.6		0.811124
403.7		0.811124
403.8		0.811124
403.9		0.811124
404		0.811124
404.1		0.813276
404.2		0.813276
404.3		0.813276
404.4		0.813276
404.5		0.813276
404.6		0.813276
404.7		0.813276
404.8		0.813276
404.9		0.813276
405		0.813276
405.1		0.813797
405.2		0.813797
405.3		0.813797
405.4		0.813797
405.5		0.813797
405.6		0.813797
405.7		0.813797
405.8		0.813797
405.9		0.813797
406		0.813797
406.1		0.819509
406.2		0.819509
406.3		0.819509
406.4		0.819509
406.5		0.819509
406.6		0.819509
406.7		0.819509
406.8		0.819509
406.9		0.819509
407		0.819509
407.1		0.820607
407.2		0.820607
407.3		0.820607
407.4		0.820607
407.5		0.820607
407.6		0.820607
407.7		0.820607
407.8		0.820607
407.9		0.820607
408		0.820607
408.1		0.821085
408.2		0.821085
408.3		0.821085
408.4		0.821085
408.5		0.821085
408.6		0.821085
408.7		0.821085
408.8		0.821085
408.9		0.821085
409		0.821085
409.1		0.823086
409.2		0.823086
409.3		0.823086
409.4		0.823086
409.5		0.823086
409.6		0.823086
409.7		0.823086
409.8		0.823086
409.9		0.823086
410		0.823086
410.1		0.825331
410.2		0.825331
410.3		0.825331
410.4		0.825331
410.5		0.825331
410.6		0.825331
410.7		0.825331
410.8		0.825331
410.9		0.825331
411		0.825331
411.1		0.829277
411.2		0.829277
411.3		0.829277
411.4		0.829277
411.5		0.829277
411.6		0.829277
411.7		0.829277
411.8		0.829277
411.9		0.829277
412		0.829277
412.1		0.830565
412.2		0.830565
412.3		0.830565
412.4		0.830565
412.5		0.830565
412.6		0.830565
412.7		0.830565
412.8		0.830565
412.9		0.830565
413		0.830565
413.1		0.834205
413.2		0.834205
413.3		0.834205
413.4		0.834205
413.5		0.834205
413.6		0.834205
413.7		0.834205
413.8		0.834205
413.9		0.834205
414		0.834205
414.1		0.835689
414.2		0.835689
414.3		0.835689
414.4		0.835689
414.5		0.835689
414.6		0.835689
414.7		0.835689
414.8		0.835689
414.9		0.835689
415		0.835689
415.1		0.836041
415.2		0.836041
415.3		0.836041
415.4		0.836041
415.5		0.836041
415.6		0.836041
415.7		0.836041
415.8		0.836041
415.9		0.836041
416		0.836041
416.1		0.838078
416.2		0.838078
416.3		0.838078
416.4		0.838078
416.5		0.838078
416.6		0.838078
416.7		0.838078
416.8		0.838078
416.9		0.838078
417		0.838078
417.1		0.839573
417.2		0.839573
417.3		0.839573
417.4		0.839573
417.5		0.839573
417.6		0.839573
417.7		0.839573
417.8		0.839573
417.9		0.839573
418		0.839573
418.1		0.8443
418.2		0.8443
418.3		0.8443
418.4		0.8443
418.5		0.8443
418.6		0.8443
418.7		0.8443
418.8		0.8443
418.9		0.8443
419		0.8443
419.1		0.845257
419.2		0.845257
419.3		0.845257
419.4		0.845257
419.5		0.845257
419.6		0.845257
419.7		0.845257
419.8		0.845257
419.9		0.845257
420		0.845257
420.1		0.847452
420.2		0.847452
420.3		0.847452
420.4		0.847452
420.5		0.847452
420.6		0.847452
420.7		0.847452
420.8		0.847452
420.9		0.847452
421		0.847452
421.1		0.849151
421.2		0.849151
421.3		0.849151
421.4		0.849151
421.5		0.849151
421.6		0.849151
421.7		0.849151
421.8		0.849151
421.9		0.849151
422		0.849151
422.1		0.84971
422.2		0.84971
422.3		0.84971
422.4		0.84971
422.5		0.84971
422.6		0.84971
422.7		0.84971
422.8		0.84971
422.9		0.84971
423		0.84971
423.1		0.854666
423.2		0.854666
423.3		0.854666
423.4		0.854666
423.5		0.854666
423.6		0.854666
423.7		0.854666
423.8		0.854666
423.9		0.854666
424		0.854666
424.1		0.854758
424.2		0.854758
424.3		0.854758
424.4		0.854758
424.5		0.854758
424.6		0.854758
424.7		0.854758
424.8		0.854758
424.9		0.854758
425		0.854758
425.1		0.857424
425.2		0.857424
425.3		0.857424
425.4		0.857424
425.5		0.857424
425.6		0.857424
425.7		0.857424
425.8		0.857424
425.9		0.857424
426		0.857424
426.1		0.859517
426.2		0.859517
426.3		0.859517
426.4		0.859517
426.5		0.859517
426.6		0.859517
426.7		0.859517
426.8		0.859517
426.9		0.859517
427		0.859517
427.1		0.861947
427.2		0.861947
427.3		0.861947
427.4		0.861947
427.5		0.861947
427.6		0.861947
427.7		0.861947
427.8		0.861947
427.9		0.861947
428		0.861947
428.1		0.865978
428.2		0.865978
428.3		0.865978
428.4		0.865978
428.5		0.865978
428.6		0.865978
428.7		0.865978
428.8		0.865978
428.9		0.865978
429		0.865978
429.1		0.866808
429.2		0.866808
429.3		0.866808
429.4		0.866808
429.5		0.866808
429.6		0.866808
429.7		0.866808
429.8		0.866808
429.9		0.866808
430		0.866808
430.1		0.867909
430.2		0.867909
430.3		0.867909
430.4		0.867909
430.5		0.867909
430.6		0.867909
430.7		0.867909
430.8		0.867909
430.9		0.867909
431		0.867909
431.1		0.869742
431.2		0.869742
431.3		0.869742
431.4		0.869742
431.5		0.869742
431.6		0.869742
431.7		0.869742
431.8		0.869742
431.9		0.869742
432		0.869742
432.1		0.874645
432.2		0.874645
432.3		0.874645
432.4		0.874645
432.5		0.874645
432.6		0.874645
432.7		0.874645
432.8		0.874645
432.9		0.874645
433		0.874645
433.1		0.877058
433.2		0.877058
433.3		0.877058
433.4		0.877058
433.5		0.877058
433.6		0.877058
433.7		0.877058
433.8		0.877058
433.9		0.877058
434		0.877058
434.1		0.879914
434.2		0.879914
434.3		0.879914
434.4		0.879914
434.5		0.879914
434.6		0.879914
434.7		0.879914
434.8		0.879914
434.9		0.879914
435		0.879914
435.1		0.880681
435.2		0.880681
435.3		0.880681
435.4		0.880681
435.5		0.880681
435.6		0.880681
435.7		0.880681
435.8		0.880681
435.9		0.880681
436		0.880681
436.1		0.882574
436.2		0.882574
436.3		0.882574
436.4		0.882574
436.5		0.882574
436.6		0.882574
436.7		0.882574
436.8		0.882574
436.9		0.882574
437		0.882574
437.1		0.885015
437.2		0.885015
437.3		0.885015
437.4		0.885015
437.5		0.885015
437.6		0.885015
437.7		0.885015
437.8		0.885015
437.9		0.885015
438		0.885015
438.1		0.885278
438.2		0.885278
438.3		0.885278
438.4		0.885278
438.5		0.885278
438.6		0.885278
438.7		0.885278
438.8		0.885278
438.9		0.885278
439		0.885278
439.1		0.889285
439.2		0.889285
439.3		0.889285
439.4		0.889285
439.5		0.889285
439.6		0.889285
439.7		0.889285
439.8		0.889285
439.9		0.889285
440		0.889285
440.1		0.893112
440.2		0.893112
440.3		0.893112
440.4		0.893112
440.5		0.893112
440.6		0.893112
440.7		0.893112
440.8		0.893112
440.9		0.893112
441		0.893112
441.1		0.894505
441.2		0.894505
441.3		0.894505
441.4		0.894505
441.5		0.894505
441.6		0.894505
441.7		0.894505
441.8		0.894505
441.9		0.894505
442		0.894505
442.1		0.895173
442.2		0.895173
442.3		0.895173
442.4		0.895173
442.5		0.895173
442.6		0.895173
442.7		0.895173
442.8		0.895173
442.9		0.895173
443		0.895173
443.1		0.896404
443.2		0.896404
443.3		0.896404
443.4		0.896404
443.5		0.896404
443.6		0.896404
443.7		0.896404
443.8		0.896404
443.9		0.896404
444		0.896404
444.1		0.898075
444.2		0.898075
444.3		0.898075
444.4		0.898075
444.5		0.898075
444.6		0.898075
444.7		0.898075
444.8		0.898075
444.9		0.898075
445		0.898075
445.1		0.902099
445.2		0.902099
445.3		0.902099
445.4		0.902099
445.5		0.902099
445.6		0.902099
445.7		0.902099
445.8		0.902099
445.9		0.902099
446		0.902099
446.1		0.90391
446.2		0.90391
446.3		0.90391
446.4		0.90391
446.5		0.90391
446.6		0.90391
446.7		0.90391
446.8		0.90391
446.9		0.90391
447		0.90391
447.1		0.905057
447.2		0.905057
447.3		0.905057
447.4		0.905057
447.5		0.905057
447.6		0.905057
447.7		0.905057
447.8		0.905057
447.9		0.905057
448		0.905057
448.1		0.906077
448.2		0.906077
448.3		0.906077
448.4		0.906077
448.5		0.906077
448.6		0.906077
448.7		0.906077
448.8		0.906077
448.9		0.906077
449		0.906077
449.1		0.908244
449.2		0.908244
449.3		0.908244
449.4		0.908244
449.5		0.908244
449.6		0.908244
449.7		0.908244
449.8		0.908244
449.9		0.908244
450		0.908244
450.1		0.912366
450.2		0.912366
450.3		0.912366
450.4		0.912366
450.5		0.912366
450.6		0.912366
450.7		0.912366
450.8		0.912366
450.9		0.912366
451		0.912366
451.1		0.915782
451.2		0.915782
451.3		0.915782
451.4		0.915782
451.5		0.915782
451.6		0.915782
451.7		0.915782
451.8		0.915782
451.9		0.915782
452		0.915782
452.1		0.916158
452.2		0.916158
452.3		0.916158
452.4		0.916158
452.5		0.916158
452.6		0.916158
452.7		0.916158
452.8		0.916158
452.9		0.916158
453		0.916158
453.1		0.916429
453.2		0.916429
453.3		0.916429
453.4		0.916429
453.5		0.916429
453.6		0.916429
453.7		0.916429
453.8		0.916429
453.9		0.916429
454		0.916429
454.1		0.919971
454.2		0.919971
454.3		0.919971
454.4		0.919971
454.5		0.919971
454.6		0.919971
454.7		0.919971
454.8		0.919971
454.9		0.919971
455		0.919971
455.1		0.923348
455.2		0.923348
455.3		0.923348
455.4		0.923348
455.5		0.923348
455.6		0.923348
455.7		0.923348
455.8		0.923348
455.9		0.923348
456		0.923348
456.1		0.924902
456.2		0.924902
456.3		0.924902
456.4		0.924902
456.5		0.924902
456.6		0.924902
456.7		0.924902
456.8		0.924902
456.9		0.924902
457		0.924902
457.1		0.926992
457.2		0.926992
457.3		0.926992
457.4		0.926992
457.5		0.926992
457.6		0.926992
457.7		0.926992
457.8		0.926992
457.9		0.926992
458		0.926992
458.1		0.929718
458.2		0.929718
458.3		0.929718
458.4		0.929718
458.5		0.929718
458.6		0.929718
458.7		0.929718
458.8		0.929718
458.9		0.929718
459		0.929718
459.1		0.93148
459.2		0.93148
459.3		0.93148
459.4		0.93148
459.5		0.93148
459.6		0.93148
459.7		0.93148
459.8		0.93148
459.9		0.93148
460		0.93148
460.1		0.932465
460.2		0.932465
460.3		0.932465
460.4		0.932465
460.5		0.932465
460.6		0.932465
460.7		0.932465
460.8		0.932465
460.9		0.932465
461		0.932465
461.1		0.934129
461.2		0.934129
461.3		0.934129
461.4		0.934129
461.5		0.934129
461.6		0.934129
461.7		0.934129
461.8		0.934129
461.9		0.934129
462		0.934129
462.1		0.939338
462.2		0.939338
462.3		0.939338
462.4		0.939338
462.5		0.939338
462.6		0.939338
462.7		0.939338
462.8		0.939338
462.9		0.939338
463		0.939338
463.1		0.940801
463.2		0.940801
463.3		0.940801
463.4		0.940801
463.5		0.940801
463.6		0.940801
463.7		0.940801
463.8		0.940801
463.9		0.940801
464		0.940801
464.1		0.942293
464.2		0.942293
464.3		0.942293
464.4		0.942293
464.5		0.942293
464.6		0.942293
464.7		0.942293
464.8		0.942293
464.9		0.942293
465		0.942293
465.1		0.942887
465.2		0.942887
465.3		0.942887
465.4		0.942887
465.5		0.942887
465.6		0.942887
465.7		0.942887
465.8		0.942887
465.9		0.942887
466		0.942887
466.1		0.946823
466.2		0.946823
466.3		0.946823
466.4		0.946823
466.5		0.946823
466.6		0.946823
466.7		0.946823
466.8		0.946823
466.9		0.946823
467		0.946823
467.1		0.949644
467.2		0.949644
467.3		0.949644
467.4		0.949644
467.5		0.949644
467.6		0.949644
467.7		0.949644
467.8		0.949644
467.9		0.949644
468		0.949644
468.1		0.952222
468.2		0.952222
468.3		0.952222
468.4		0.952222
468.5		0.952222
468.6		0.952222
468.7		0.952222
468.8		0.952222
468.9		0.952222
469		0.952222
469.1		0.952222
469.2		0.952222
469.3		0.952222
469.4		0.952222
469.5		0.952222
469.6		0.952222
469.7		0.952222
469.8		0.952222
469.9		0.952222
470		0.952222
470.1		0.953679
470.2		0.953679
470.3		0.953679
470.4		0.953679
470.5		0.953679
470.6		0.953679
470.7		0.953679
470.8		0.953679
470.9		0.953679
471		0.953679
471.1		0.958382
471.2		0.958382
471.3		0.958382
471.4		0.958382
471.5		0.958382
471.6		0.958382
471.7		0.958382
471.8		0.958382
471.9		0.958382
472		0.958382
472.1		0.960932
472.2		0.960932
472.3		0.960932
472.4		0.960932
472.5		0.960932
472.6		0.960932
472.7		0.960932
472.8		0.960932
472.9		0.960932
473		0.960932
473.1		0.961378
473.2		0.961378
473.3		0.961378
473.4		0.961378
473.5		0.961378
473.6		0.961378
473.7		0.961378
473.8		0.961378
473.9		0.961378
474		0.961378
474.1		0.96382
474.2		0.96382
474.3		0.96382
474.4		0.96382
474.5		0.96382
474.6		0.96382
474.7		0.96382
474.8		0.96382
474.9		0.96382
475		0.96382
475.1		0.966531
475.2		0.966531
475.3		0.966531
475.4		0.966531
475.5		0.966531
475.6		0.966531
475.7		0.966531
475.8		0.966531
475.9		0.966531
476		0.966531
476.1		0.969673
476.2		0.969673
476.3		0.969673
476.4		0.969673
476.5		0.969673
476.6		0.969673
476.7		0.969673
476.8		0.969673
476.9		0.969673
477		0.969673
477.1		0.972564
477.2		0.972564
477.3		0.972564
477.4		0.972564
477.5		0.972564
477.6		0.972564
477.7		0.972564
477.8		0.972564
477.9		0.972564
478		0.972564
478.1		0.974017
478.2		0.974017
478.3		0.974017
478.4		0.974017
478.5		0.974017
478.6		0.974017
478.7		0.974017
478.8		0.974017
478.9		0.974017
479		0.974017
479.1		0.975768
479.2		0.975768
479.3		0.975768
479.4		0.975768
479.5		0.975768
479.6		0.975768
479.7		0.975768
479.8		0.975768
479.9		0.975768
480		0.975768
480.1		0.976145
480.2		0.976145
480.3		0.976145
480.4		0.976145
480.5		0.976145
480.6		0.976145
480.7		0.976145
480.8		0.976145
480.9		0.976145
481		0.976145
481.1		0.97675
481.2		0.97675
481.3		0.97675
481.4		0.97675
481.5		0.97675
481.6		0.97675
481.7		0.97675
481.8		0.97675
481.9		0.97675
482		0.97675
482.1		0.98146
482.2		0.98146
482.3		0.98146
482.4		0.98146
482.5		0.98146
482.6		0.98146
482.7		0.98146
482.8		0.98146
482.9		0.98146
483		0.98146
483.1		0.984249
483.2		0.984249
483.3		0.984249
483.4		0.984249
483.5		0.984249
483.6		0.984249
483.7		0.984249
483.8		0.984249
483.9		0.984249
484		0.984249
484.1		0.986901
484.2		0.986901
484.3		0.986901
484.4		0.986901
484.5		0.986901
484.6		0.986901
484.7		0.986901
484.8		0.986901
484.9		0.986901
485		0.986901
485.1		0.988336
485.2		0.988336
485.3		0.988336
485.4		0.988336
485.5		0.988336
485.6		0.988336
485.7		0.988336
485.8		0.988336
485.9		0.988336
486		0.988336
486.1		0.989286
486.2		0.989286
486.3		0.989286
486.4		0.989286
486.5		0.989286
486.6		0.989286
486.7		0.989286
486.8		0.989286
486.9		0.989286
487		0.989286
487.1		0.989666
487.2		0.989666
487.3		0.989666
487.4		0.989666
487.5		0.989666
487.6		0.989666
487.7		0.989666
487.8		0.989666
487.9		0.989666
488		0.989666
488.1		0.99528
488.2		0.99528
488.3		0.99528
488.4		0.99528
488.5		0.99528
488.6		0.99528
488.7		0.99528
488.8		0.99528
488.9		0.99528
489		0.99528
489.1		0.995568
489.2		0.995568
489.3		0.995568
489.4		0.995568
489.5		0.995568
489.6		0.995568
489.7		0.995568
489.8		0.995568
489.9		0.995568
490		0.995568
490.1		0.999842
490.2		0.999842
490.3		0.999842
490.4		0.999842
490.5		0.999842
490.6		0.999842
490.7		0.999842
490.8		0.999842
490.9		0.999842
491		0.999842
491.1		0.999951
491.2		0.999951
491.3		0.999951
491.4		0.999951
491.5		0.999951
491.6		0.999951
491.7		0.999951
491.8		0.999951
491.9		0.999951
492		0.999951
492.1		1
492.2		1
492.3		1
492.4		1
492.5		1
492.6		1
492.7		1
492.8		1
492.9		1
493		1
493.1		1
493.2		1
493.3		1
493.4		1
493.5		1
493.6		1
493.7		1
493.8		1
493.9		1
494		1
494.1		1
494.2		1
494.3		1
494.4		1
494.5		1
494.6		1
494.7		1
494.8		1
494.9		1
495		1
495.1		1
495.2		1
495.3		1
495.4		1
495.5		1
495.6		1
495.7		1
495.8		1
495.9		1
496		1
496.1		1
496.2		1
496.3		1
496.4		1
496.5		1
496.6		1
496.7		1
496.8		1
496.9		1
497		1
497.1		1
497.2		1
497.3		1
497.4		1
497.5		1
497.6		1
497.7		1
497.8		1
497.9		1
498		1
498.1		1
498.2		1
498.3		1
498.4		1
498.5		1
498.6		1
498.7		1
498.8		1
498.9		1
499		1
499.1		1
499.2		1
499.3		1
499.4		1
499.5		1
499.6		1
499.7		1
499.8		1
499.9		1
500		1
500.1		1
500.2		1
500.3		1
500.4		1
500.5		1
500.6		1
500.7		1
500.8		1
500.9		1
501		1
501.1		1
501.2		1
501.3		1
501.4		1
501.5		1
501.6		1
501.7		1
501.8		1
501.9		1
502		1
502.1		1
502.2		1
502.3		1
502.4		1
502.5		1
502.6		1
502.7		1
502.8		1
502.9		1
503		1
503.1		1
503.2		1
503.3		1
503.4		1
503.5		1
503.6		1
503.7		1
503.8		1
503.9		1
504		1
504.1		1
504.2		1
504.3		1
504.4		1
504.5		1
504.6		1
504.7		1
504.8		1
504.9		1
505		1
505.1		1
505.2		1
505.3		1
505.4		1
505.5		1
505.6		1
505.7		1
505.8		1
505.9		1
506		1
506.1		1
506.2		1
506.3		1
506.4		1
506.5		1
506.6		1
506.7		1
506.8		1
506.9		1
507		1
507.1		1
507.2		1
507.3		1
507.4		1
507.5		1
507.6		1
507.7		1
507.8		1
507.9		1
508		1
508.1		1
508.2		1
508.3		1
508.4		1
508.5		1
508.6		1
508.7		1
508.8		1
508.9		1
509		1
509.1		1
509.2		1
509.3		1
509.4		1
509.5		1
509.6		1
509.7		1
509.8		1
509.9		1
510		1
510.1		1
510.2		1
510.3		1
510.4		1
510.5		1
510.6		1
510.7		1
510.8		1
510.9		1
511		1
511.1		1
511.2		1
511.3		1
511.4		1
511.5		1
511.6		1
511.7		1
511.8		1
511.9		1
512		1
512.1		1
512.2		1
512.3		1
512.4		1
512.5		1
512.6		1
512.7		1
512.8		1
512.9		1
513		1
513.1		1
513.2		1
513.3		1
513.4		1
513.5		1
513.6		1
513.7		1
513.8		1
513.9		1
514		1
514.1		1
514.2		1
514.3		1
514.4		1
514.5		1
514.6		1
514.7		1
514.8		1
514.9		1
515		1
515.1		1
515.2		1
515.3		1
515.4		1
515.5		1
515.6		1
515.7		1
515.8		1
515.9		1
516		1
516.1		1
516.2		1
516.3		1
516.4		1
516.5		1
516.6		1
516.7		1
516.8		1
516.9		1
517		1
517.1		1
517.2		1
517.3		1
517.4		1
517.5		1
517.6		1
517.7		1
517.8		1
517.9		1
518		1
518.1		1
518.2		1
518.3		1
518.4		1
518.5		1
518.6		1
518.7		1
518.8		1
518.9		1
519		1
519.1		1
519.2		1
519.3		1
519.4		1
519.5		1
519.6		1
519.7		1
519.8		1
519.9		1
520		1
520.1		1
520.2		1
520.3		1
520.4		1
520.5		1
520.6		1
520.7		1
520.8		1
520.9		1
521		1
521.1		1
521.2		1
521.3		1
521.4		1
521.5		1
521.6		1
521.7		1
521.8		1
521.9		1
522		1
522.1		1
522.2		1
522.3		1
522.4		1
522.5		1
522.6		1
522.7		1
522.8		1
522.9		1
523		1
523.1		1
523.2		1
523.3		1
523.4		1
523.5		1
523.6		1
523.7		1
523.8		1
523.9		1
524		1
524.1		1
524.2		1
524.3		1
524.4		1
524.5		1
524.6		1
524.7		1
524.8		1
524.9		1
525		1
525.1		1
525.2		1
525.3		1
525.4		1
525.5		1
525.6		1
525.7		1
525.8		1
525.9		1
526		1
526.1		1
526.2		1
526.3		1
526.4		1
526.5		1
526.6		1
526.7		1
526.8		1
526.9		1
527		1
527.1		1
527.2		1
527.3		1
527.4		1
527.5		1
527.6		1
527.7		1
527.8		1
527.9		1
528		1
528.1		1
528.2		1
528.3		1
528.4		1
528.5		1
528.6		1
528.7		1
528.8		1
528.9		1
529		1
529.1		1
529.2		1
529.3		1
529.4		1
529.5		1
529.6		1
529.7		1
529.8		1
529.9		1
530		1
530.1		1
530.2		1
530.3		1
530.4		1
530.5		1
530.6		1
530.7		1
530.8		1
530.9		1
531		1
531.1		1
531.2		1
531.3		1
531.4		1
531.5		1
531.6		1
531.7		1
531.8		1
531.9		1
532		1
532.1		1
532.2		1
532.3		1
532.4		1
532.5		1
532.6		1
532.7		1
532.8		1
532.9		1
533		1
533.1		1
533.2		1
533.3		1
533.4		1
533.5		1
533.6		1
533.7		1
533.8		1
533.9		1
534		1
534.1		1
534.2		1
534.3		1
534.4		1
534.5		1
534.6		1
534.7		1
534.8		1
534.9		1
535		1
535.1		1
535.2		1
535.3		1
535.4		1
535.5		1
535.6		1
535.7		1
535.8		1
535.9		1
536		1
536.1		1
536.2		1
536.3		1
536.4		1
536.5		1
536.6		1
536.7		1
536.8		1
536.9		1
537		1
537.1		1
537.2		1
537.3		1
537.4		1
537.5		1
537.6		1
537.7		1
537.8		1
537.9		1
538		1
538.1		1
538.2		1
538.3		1
538.4		1
538.5		1
538.6		1
538.7		1
538.8		1
538.9		1
539		1
539.1		1
539.2		1
539.3		1
539.4		1
539.5		1
539.6		1
539.7		1
539.8		1
539.9		1
540		1
540.1		1
540.2		1
540.3		1
540.4		1
540.5		1
540.6		1
540.7		1
540.8		1
540.9		1
541		1
541.1		1
541.2		1
541.3		1
541.4		1
541.5		1
541.6		1
541.7		1
541.8		1
541.9		1
542		1
542.1		1
542.2		1
542.3		1
542.4		1
542.5		1
542.6		1
542.7		1
542.8		1
542.9		1
543		1
543.1		1
543.2		1
543.3		1
543.4		1
543.5		1
543.6		1
543.7		1
543.8		1
543.9		1
544		1
544.1		1
544.2		1
544.3		1
544.4		1
544.5		1
544.6		1
544.7		1
544.8		1
544.9		1
545		1
545.1		1
545.2		1
545.3		1
545.4		1
545.5		1
545.6		1
545.7		1
545.8		1
545.9		1
546		1
546.1		1
546.2		1
546.3		1
546.4		1
546.5		1
546.6		1
546.7		1
546.8		1
546.9		1
547		1
547.1		1
547.2		1
547.3		1
547.4		1
547.5		1
547.6		1
547.7		1
547.8		1
547.9		1
548		1
548.1		1
548.2		1
548.3		1
548.4		1
548.5		1
548.6		1
548.7		1
548.8		1
548.9		1
549		1
549.1		1
549.2		1
549.3		1
549.4		1
549.5		1
549.6		1
549.7		1
549.8		1
549.9		1
550		1
550.1		1
550.2		1
550.3		1
550.4		1
550.5		1
550.6		1
550.7		1
550.8		1
550.9		1
551		1
551.1		1
551.2		1
551.3		1
551.4		1
551.5		1
551.6		1
551.7		1
551.8		1
551.9		1
552		1
552.1		1
552.2		1
552.3		1
552.4		1
552.5		1
552.6		1
552.7		1
552.8		1
552.9		1
553		1
553.1		1
553.2		1
553.3		1
553.4		1
553.5		1
553.6		1
553.7		1
553.8		1
553.9		1
554		1
554.1		1
554.2		1
554.3		1
554.4		1
554.5		1
554.6		1
554.7		1
554.8		1
554.9		1
555		1
555.1		1
555.2		1
555.3		1
555.4		1
555.5		1
555.6		1
555.7		1
555.8		1
555.9		1
556		1
556.1		1
556.2		1
556.3		1
556.4		1
556.5		1
556.6		1
556.7		1
556.8		1
556.9		1
557		1
557.1		1
557.2		1
557.3		1
557.4		1
557.5		1
557.6		1
557.7		1
557.8		1
557.9		1
558		1
558.1		1
558.2		1
558.3		1
558.4		1
558.5		1
558.6		1
558.7		1
558.8		1
558.9		1
559		1
559.1		1
559.2		1
559.3		1
559.4		1
559.5		1
559.6		1
559.7		1
559.8		1
559.9		1
560		1
560.1		1
560.2		1
560.3		1
560.4		1
560.5		1
560.6		1
560.7		1
560.8		1
560.9		1
561		1
561.1		1
561.2		1
561.3		1
561.4		1
561.5		1
561.6		1
561.7		1
561.8		1
561.9		1
562		1
562.1		1
562.2		1
562.3		1
562.4		1
562.5		1
562.6		1
562.7		1
562.8		1
562.9		1
563		1
563.1		1
563.2		1
563.3		1
563.4		1
563.5		1
563.6		1
563.7		1
563.8		1
563.9		1
564		1
564.1		1
564.2		1
564.3		1
564.4		1
564.5		1
564.6		1
564.7		1
564.8		1
564.9		1
565		1
565.1		1
565.2		1
565.3		1
565.4		1
565.5		1
565.6		1
565.7		1
565.8		1
565.9		1
566		1
566.1		1
566.2		1
566.3		1
566.4		1
566.5		1
566.6		1
566.7		1
566.8		1
566.9		1
567		1
567.1		1
567.2		1
567.3		1
567.4		1
567.5		1
567.6		1
567.7		1
567.8		1
567.9		1
568		1
568.1		1
568.2		1
568.3		1
568.4		1
568.5		1
568.6		1
568.7		1
568.8		1
568.9		1
569		1
569.1		1
569.2		1
569.3		1
569.4		1
569.5		1
569.6		1
569.7		1
569.8		1
569.9		1
570		1
570.1		1
570.2		1
570.3		1
570.4		1
570.5		1
570.6		1
570.7		1
570.8		1
570.9		1
571		1
571.1		1
571.2		1
571.3		1
571.4		1
571.5		1
571.6		1
571.7		1
571.8		1
571.9		1
572		1
572.1		1
572.2		1
572.3		1
572.4		1
572.5		1
572.6		1
572.7		1
572.8		1
572.9		1
573		1
573.1		1
573.2		1
573.3		1
573.4		1
573.5		1
573.6		1
573.7		1
573.8		1
573.9		1
574		1
574.1		1
574.2		1
574.3		1
574.4		1
574.5		1
574.6		1
574.7		1
574.8		1
574.9		1
575		1
575.1		1
575.2		1
575.3		1
575.4		1
575.5		1
575.6		1
575.7		1
575.8		1
575.9		1
576		1
576.1		1
576.2		1
576.3		1
576.4		1
576.5		1
576.6		1
576.7		1
576.8		1
576.9		1
577		1
577.1		1
577.2		1
577.3		1
577.4		1
577.5		1
577.6		1
577.7		1
577.8		1
577.9		1
578		1
578.1		1
578.2		1
578.3		1
578.4		1
578.5		1
578.6		1
578.7		1
578.8		1
578.9		1
579		1
579.1		1
579.2		1
579.3		1
579.4		1
579.5		1
579.6		1
579.7		1
579.8		1
579.9		1
580		1
580.1		1
580.2		1
580.3		1
580.4		1
580.5		1
580.6		1
580.7		1
580.8		1
580.9		1
581		1
581.1		1
581.2		1
581.3		1
581.4		1
581.5		1
581.6		1
581.7		1
581.8		1
581.9		1
582		1
582.1		1
582.2		1
582.3		1
582.4		1
582.5		1
582.6		1
582.7		1
582.8		1
582.9		1
583		1
583.1		1
583.2		1
583.3		1
583.4		1
583.5		1
583.6		1
583.7		1
583.8		1
583.9		1
584		1
584.1		1
584.2		1
584.3		1
584.4		1
584.5		1
584.6		1
584.7		1
584.8		1
584.9		1
585		1
585.1		1
585.2		1
585.3		1
585.4		1
585.5		1
585.6		1
585.7		1
585.8		1
585.9		1
586		1
586.1		1
586.2		1
586.3		1
586.4		1
586.5		1
586.6		1
586.7		1
586.8		1
586.9		1
587		1
587.1		1
587.2		1
587.3		1
587.4		1
587.5		1
587.6		1
587.7		1
587.8		1
587.9		1
588		1
588.1		1
588.2		1
588.3		1
588.4		1
588.5		1
588.6		1
588.7		1
588.8		1
588.9		1
589		1
589.1		1
589.2		1
589.3		1
589.4		1
589.5		1
589.6		1
589.7		1
589.8		1
589.9		1
590		1
590.1		1
590.2		1
590.3		1
590.4		1
590.5		1
590.6		1
590.7		1
590.8		1
590.9		1
591		1
591.1		1
591.2		1
591.3		1
591.4		1
591.5		1
591.6		1
591.7		1
591.8		1
591.9		1
592		1
592.1		1
592.2		1
592.3		1
592.4		1
592.5		1
592.6		1
592.7		1
592.8		1
592.9		1
593		1
593.1		1
593.2		1
593.3		1
593.4		1
593.5		1
593.6		1
593.7		1
593.8		1
593.9		1
594		1
594.1		1
594.2		1
594.3		1
594.4		1
594.5		1
594.6		1
594.7		1
594.8		1
594.9		1
595		1
595.1		1
595.2		1
595.3		1
595.4		1
595.5		1
595.6		1
595.7		1
595.8		1
595.9		1
596		1
596.1		1
596.2		1
596.3		1
596.4		1
596.5		1
596.6		1
596.7		1
596.8		1
596.9		1
597		1
597.1		1
597.2		1
597.3		1
597.4		1
597.5		1
597.6		1
597.7		1
597.8		1
597.9		1
598		1
598.1		1
598.2		1
598.3		1
598.4		1
598.5		1
598.6		1
598.7		1
598.8		1
598.9		1
599		1
599.1		1
599.2		1
599.3		1
599.4		1
599.5		1
599.6		1
599.7		1
599.8		1
599.9		1
600		1
