# Calibration file of tamex_id 1 @ channel 13
# fine_T bin		 Calibration value
0.1		0
0.2		0
0.3		0
0.4		0
0.5		0
0.6		0
0.7		0
0.8		0
0.9		0
1		0
1.1		0
1.2		0
1.3		0
1.4		0
1.5		0
1.6		0
1.7		0
1.8		0
1.9		0
2		0
2.1		0
2.2		0
2.3		0
2.4		0
2.5		0
2.6		0
2.7		0
2.8		0
2.9		0
3		0
3.1		0
3.2		0
3.3		0
3.4		0
3.5		0
3.6		0
3.7		0
3.8		0
3.9		0
4		0
4.1		0
4.2		0
4.3		0
4.4		0
4.5		0
4.6		0
4.7		0
4.8		0
4.9		0
5		0
5.1		0
5.2		0
5.3		0
5.4		0
5.5		0
5.6		0
5.7		0
5.8		0
5.9		0
6		0
6.1		0
6.2		0
6.3		0
6.4		0
6.5		0
6.6		0
6.7		0
6.8		0
6.9		0
7		0
7.1		0
7.2		0
7.3		0
7.4		0
7.5		0
7.6		0
7.7		0
7.8		0
7.9		0
8		0
8.1		0
8.2		0
8.3		0
8.4		0
8.5		0
8.6		0
8.7		0
8.8		0
8.9		0
9		0
9.1		0
9.2		0
9.3		0
9.4		0
9.5		0
9.6		0
9.7		0
9.8		0
9.9		0
10		0
10.1		0
10.2		0
10.3		0
10.4		0
10.5		0
10.6		0
10.7		0
10.8		0
10.9		0
11		0
11.1		0
11.2		0
11.3		0
11.4		0
11.5		0
11.6		0
11.7		0
11.8		0
11.9		0
12		0
12.1		0
12.2		0
12.3		0
12.4		0
12.5		0
12.6		0
12.7		0
12.8		0
12.9		0
13		0
13.1		0
13.2		0
13.3		0
13.4		0
13.5		0
13.6		0
13.7		0
13.8		0
13.9		0
14		0
14.1		0
14.2		0
14.3		0
14.4		0
14.5		0
14.6		0
14.7		0
14.8		0
14.9		0
15		0
15.1		0
15.2		0
15.3		0
15.4		0
15.5		0
15.6		0
15.7		0
15.8		0
15.9		0
16		0
16.1		0.000140919
16.2		0.000140919
16.3		0.000140919
16.4		0.000140919
16.5		0.000140919
16.6		0.000140919
16.7		0.000140919
16.8		0.000140919
16.9		0.000140919
17		0.000140919
17.1		0.00689814
17.2		0.00689814
17.3		0.00689814
17.4		0.00689814
17.5		0.00689814
17.6		0.00689814
17.7		0.00689814
17.8		0.00689814
17.9		0.00689814
18		0.00689814
18.1		0.00799112
18.2		0.00799112
18.3		0.00799112
18.4		0.00799112
18.5		0.00799112
18.6		0.00799112
18.7		0.00799112
18.8		0.00799112
18.9		0.00799112
19		0.00799112
19.1		0.00846887
19.2		0.00846887
19.3		0.00846887
19.4		0.00846887
19.5		0.00846887
19.6		0.00846887
19.7		0.00846887
19.8		0.00846887
19.9		0.00846887
20		0.00846887
20.1		0.0137894
20.2		0.0137894
20.3		0.0137894
20.4		0.0137894
20.5		0.0137894
20.6		0.0137894
20.7		0.0137894
20.8		0.0137894
20.9		0.0137894
21		0.0137894
21.1		0.0180651
21.2		0.0180651
21.3		0.0180651
21.4		0.0180651
21.5		0.0180651
21.6		0.0180651
21.7		0.0180651
21.8		0.0180651
21.9		0.0180651
22		0.0180651
22.1		0.0182404
22.2		0.0182404
22.3		0.0182404
22.4		0.0182404
22.5		0.0182404
22.6		0.0182404
22.7		0.0182404
22.8		0.0182404
22.9		0.0182404
23		0.0182404
23.1		0.0192302
23.2		0.0192302
23.3		0.0192302
23.4		0.0192302
23.5		0.0192302
23.6		0.0192302
23.7		0.0192302
23.8		0.0192302
23.9		0.0192302
24		0.0192302
24.1		0.0208766
24.2		0.0208766
24.3		0.0208766
24.4		0.0208766
24.5		0.0208766
24.6		0.0208766
24.7		0.0208766
24.8		0.0208766
24.9		0.0208766
25		0.0208766
25.1		0.0251935
25.2		0.0251935
25.3		0.0251935
25.4		0.0251935
25.5		0.0251935
25.6		0.0251935
25.7		0.0251935
25.8		0.0251935
25.9		0.0251935
26		0.0251935
26.1		0.0272042
26.2		0.0272042
26.3		0.0272042
26.4		0.0272042
26.5		0.0272042
26.6		0.0272042
26.7		0.0272042
26.8		0.0272042
26.9		0.0272042
27		0.0272042
27.1		0.0274207
27.2		0.0274207
27.3		0.0274207
27.4		0.0274207
27.5		0.0274207
27.6		0.0274207
27.7		0.0274207
27.8		0.0274207
27.9		0.0274207
28		0.0274207
28.1		0.0298816
28.2		0.0298816
28.3		0.0298816
28.4		0.0298816
28.5		0.0298816
28.6		0.0298816
28.7		0.0298816
28.8		0.0298816
28.9		0.0298816
29		0.0298816
29.1		0.0311843
29.2		0.0311843
29.3		0.0311843
29.4		0.0311843
29.5		0.0311843
29.6		0.0311843
29.7		0.0311843
29.8		0.0311843
29.9		0.0311843
30		0.0311843
30.1		0.0329543
30.2		0.0329543
30.3		0.0329543
30.4		0.0329543
30.5		0.0329543
30.6		0.0329543
30.7		0.0329543
30.8		0.0329543
30.9		0.0329543
31		0.0329543
31.1		0.0352262
31.2		0.0352262
31.3		0.0352262
31.4		0.0352262
31.5		0.0352262
31.6		0.0352262
31.7		0.0352262
31.8		0.0352262
31.9		0.0352262
32		0.0352262
32.1		0.0358002
32.2		0.0358002
32.3		0.0358002
32.4		0.0358002
32.5		0.0358002
32.6		0.0358002
32.7		0.0358002
32.8		0.0358002
32.9		0.0358002
33		0.0358002
33.1		0.0371544
33.2		0.0371544
33.3		0.0371544
33.4		0.0371544
33.5		0.0371544
33.6		0.0371544
33.7		0.0371544
33.8		0.0371544
33.9		0.0371544
34		0.0371544
34.1		0.0408561
34.2		0.0408561
34.3		0.0408561
34.4		0.0408561
34.5		0.0408561
34.6		0.0408561
34.7		0.0408561
34.8		0.0408561
34.9		0.0408561
35		0.0408561
35.1		0.0424681
35.2		0.0424681
35.3		0.0424681
35.4		0.0424681
35.5		0.0424681
35.6		0.0424681
35.7		0.0424681
35.8		0.0424681
35.9		0.0424681
36		0.0424681
36.1		0.0452452
36.2		0.0452452
36.3		0.0452452
36.4		0.0452452
36.5		0.0452452
36.6		0.0452452
36.7		0.0452452
36.8		0.0452452
36.9		0.0452452
37		0.0452452
37.1		0.0468297
37.2		0.0468297
37.3		0.0468297
37.4		0.0468297
37.5		0.0468297
37.6		0.0468297
37.7		0.0468297
37.8		0.0468297
37.9		0.0468297
38		0.0468297
38.1		0.0482251
38.2		0.0482251
38.3		0.0482251
38.4		0.0482251
38.5		0.0482251
38.6		0.0482251
38.7		0.0482251
38.8		0.0482251
38.9		0.0482251
39		0.0482251
39.1		0.0510572
39.2		0.0510572
39.3		0.0510572
39.4		0.0510572
39.5		0.0510572
39.6		0.0510572
39.7		0.0510572
39.8		0.0510572
39.9		0.0510572
40		0.0510572
40.1		0.053391
40.2		0.053391
40.3		0.053391
40.4		0.053391
40.5		0.053391
40.6		0.053391
40.7		0.053391
40.8		0.053391
40.9		0.053391
41		0.053391
41.1		0.0548036
41.2		0.0548036
41.3		0.0548036
41.4		0.0548036
41.5		0.0548036
41.6		0.0548036
41.7		0.0548036
41.8		0.0548036
41.9		0.0548036
42		0.0548036
42.1		0.0580722
42.2		0.0580722
42.3		0.0580722
42.4		0.0580722
42.5		0.0580722
42.6		0.0580722
42.7		0.0580722
42.8		0.0580722
42.9		0.0580722
43		0.0580722
43.1		0.0591996
43.2		0.0591996
43.3		0.0591996
43.4		0.0591996
43.5		0.0591996
43.6		0.0591996
43.7		0.0591996
43.8		0.0591996
43.9		0.0591996
44		0.0591996
44.1		0.0597633
44.2		0.0597633
44.3		0.0597633
44.4		0.0597633
44.5		0.0597633
44.6		0.0597633
44.7		0.0597633
44.8		0.0597633
44.9		0.0597633
45		0.0597633
45.1		0.0615746
45.2		0.0615746
45.3		0.0615746
45.4		0.0615746
45.5		0.0615746
45.6		0.0615746
45.7		0.0615746
45.8		0.0615746
45.9		0.0615746
46		0.0615746
46.1		0.0679675
46.2		0.0679675
46.3		0.0679675
46.4		0.0679675
46.5		0.0679675
46.6		0.0679675
46.7		0.0679675
46.8		0.0679675
46.9		0.0679675
47		0.0679675
47.1		0.0681153
47.2		0.0681153
47.3		0.0681153
47.4		0.0681153
47.5		0.0681153
47.6		0.0681153
47.7		0.0681153
47.8		0.0681153
47.9		0.0681153
48		0.0681153
48.1		0.0697444
48.2		0.0697444
48.3		0.0697444
48.4		0.0697444
48.5		0.0697444
48.6		0.0697444
48.7		0.0697444
48.8		0.0697444
48.9		0.0697444
49		0.0697444
49.1		0.0717207
49.2		0.0717207
49.3		0.0717207
49.4		0.0717207
49.5		0.0717207
49.6		0.0717207
49.7		0.0717207
49.8		0.0717207
49.9		0.0717207
50		0.0717207
50.1		0.0729031
50.2		0.0729031
50.3		0.0729031
50.4		0.0729031
50.5		0.0729031
50.6		0.0729031
50.7		0.0729031
50.8		0.0729031
50.9		0.0729031
51		0.0729031
51.1		0.0742401
51.2		0.0742401
51.3		0.0742401
51.4		0.0742401
51.5		0.0742401
51.6		0.0742401
51.7		0.0742401
51.8		0.0742401
51.9		0.0742401
52		0.0742401
52.1		0.0785398
52.2		0.0785398
52.3		0.0785398
52.4		0.0785398
52.5		0.0785398
52.6		0.0785398
52.7		0.0785398
52.8		0.0785398
52.9		0.0785398
53		0.0785398
53.1		0.0791447
53.2		0.0791447
53.3		0.0791447
53.4		0.0791447
53.5		0.0791447
53.6		0.0791447
53.7		0.0791447
53.8		0.0791447
53.9		0.0791447
54		0.0791447
54.1		0.081475
54.2		0.081475
54.3		0.081475
54.4		0.081475
54.5		0.081475
54.6		0.081475
54.7		0.081475
54.8		0.081475
54.9		0.081475
55		0.081475
55.1		0.0841044
55.2		0.0841044
55.3		0.0841044
55.4		0.0841044
55.5		0.0841044
55.6		0.0841044
55.7		0.0841044
55.8		0.0841044
55.9		0.0841044
56		0.0841044
56.1		0.0843072
56.2		0.0843072
56.3		0.0843072
56.4		0.0843072
56.5		0.0843072
56.6		0.0843072
56.7		0.0843072
56.8		0.0843072
56.9		0.0843072
57		0.0843072
57.1		0.0864106
57.2		0.0864106
57.3		0.0864106
57.4		0.0864106
57.5		0.0864106
57.6		0.0864106
57.7		0.0864106
57.8		0.0864106
57.9		0.0864106
58		0.0864106
58.1		0.0905145
58.2		0.0905145
58.3		0.0905145
58.4		0.0905145
58.5		0.0905145
58.6		0.0905145
58.7		0.0905145
58.8		0.0905145
58.9		0.0905145
59		0.0905145
59.1		0.0919477
59.2		0.0919477
59.3		0.0919477
59.4		0.0919477
59.5		0.0919477
59.6		0.0919477
59.7		0.0919477
59.8		0.0919477
59.9		0.0919477
60		0.0919477
60.1		0.0934806
60.2		0.0934806
60.3		0.0934806
60.4		0.0934806
60.5		0.0934806
60.6		0.0934806
60.7		0.0934806
60.8		0.0934806
60.9		0.0934806
61		0.0934806
61.1		0.0949345
61.2		0.0949345
61.3		0.0949345
61.4		0.0949345
61.5		0.0949345
61.6		0.0949345
61.7		0.0949345
61.8		0.0949345
61.9		0.0949345
62		0.0949345
62.1		0.0977254
62.2		0.0977254
62.3		0.0977254
62.4		0.0977254
62.5		0.0977254
62.6		0.0977254
62.7		0.0977254
62.8		0.0977254
62.9		0.0977254
63		0.0977254
63.1		0.0997498
63.2		0.0997498
63.3		0.0997498
63.4		0.0997498
63.5		0.0997498
63.6		0.0997498
63.7		0.0997498
63.8		0.0997498
63.9		0.0997498
64		0.0997498
64.1		0.10108
64.2		0.10108
64.3		0.10108
64.4		0.10108
64.5		0.10108
64.6		0.10108
64.7		0.10108
64.8		0.10108
64.9		0.10108
65		0.10108
65.1		0.103984
65.2		0.103984
65.3		0.103984
65.4		0.103984
65.5		0.103984
65.6		0.103984
65.7		0.103984
65.8		0.103984
65.9		0.103984
66		0.103984
66.1		0.104723
66.2		0.104723
66.3		0.104723
66.4		0.104723
66.5		0.104723
66.6		0.104723
66.7		0.104723
66.8		0.104723
66.9		0.104723
67		0.104723
67.1		0.106816
67.2		0.106816
67.3		0.106816
67.4		0.106816
67.5		0.106816
67.6		0.106816
67.7		0.106816
67.8		0.106816
67.9		0.106816
68		0.106816
68.1		0.108662
68.2		0.108662
68.3		0.108662
68.4		0.108662
68.5		0.108662
68.6		0.108662
68.7		0.108662
68.8		0.108662
68.9		0.108662
69		0.108662
69.1		0.110229
69.2		0.110229
69.3		0.110229
69.4		0.110229
69.5		0.110229
69.6		0.110229
69.7		0.110229
69.8		0.110229
69.9		0.110229
70		0.110229
70.1		0.110769
70.2		0.110769
70.3		0.110769
70.4		0.110769
70.5		0.110769
70.6		0.110769
70.7		0.110769
70.8		0.110769
70.9		0.110769
71		0.110769
71.1		0.112096
71.2		0.112096
71.3		0.112096
71.4		0.112096
71.5		0.112096
71.6		0.112096
71.7		0.112096
71.8		0.112096
71.9		0.112096
72		0.112096
72.1		0.117028
72.2		0.117028
72.3		0.117028
72.4		0.117028
72.5		0.117028
72.6		0.117028
72.7		0.117028
72.8		0.117028
72.9		0.117028
73		0.117028
73.1		0.120138
73.2		0.120138
73.3		0.120138
73.4		0.120138
73.5		0.120138
73.6		0.120138
73.7		0.120138
73.8		0.120138
73.9		0.120138
74		0.120138
74.1		0.120723
74.2		0.120723
74.3		0.120723
74.4		0.120723
74.5		0.120723
74.6		0.120723
74.7		0.120723
74.8		0.120723
74.9		0.120723
75		0.120723
75.1		0.122104
75.2		0.122104
75.3		0.122104
75.4		0.122104
75.5		0.122104
75.6		0.122104
75.7		0.122104
75.8		0.122104
75.9		0.122104
76		0.122104
76.1		0.125029
76.2		0.125029
76.3		0.125029
76.4		0.125029
76.5		0.125029
76.6		0.125029
76.7		0.125029
76.8		0.125029
76.9		0.125029
77		0.125029
77.1		0.126693
77.2		0.126693
77.3		0.126693
77.4		0.126693
77.5		0.126693
77.6		0.126693
77.7		0.126693
77.8		0.126693
77.9		0.126693
78		0.126693
78.1		0.12739
78.2		0.12739
78.3		0.12739
78.4		0.12739
78.5		0.12739
78.6		0.12739
78.7		0.12739
78.8		0.12739
78.9		0.12739
79		0.12739
79.1		0.130986
79.2		0.130986
79.3		0.130986
79.4		0.130986
79.5		0.130986
79.6		0.130986
79.7		0.130986
79.8		0.130986
79.9		0.130986
80		0.130986
80.1		0.134839
80.2		0.134839
80.3		0.134839
80.4		0.134839
80.5		0.134839
80.6		0.134839
80.7		0.134839
80.8		0.134839
80.9		0.134839
81		0.134839
81.1		0.135004
81.2		0.135004
81.3		0.135004
81.4		0.135004
81.5		0.135004
81.6		0.135004
81.7		0.135004
81.8		0.135004
81.9		0.135004
82		0.135004
82.1		0.135113
82.2		0.135113
82.3		0.135113
82.4		0.135113
82.5		0.135113
82.6		0.135113
82.7		0.135113
82.8		0.135113
82.9		0.135113
83		0.135113
83.1		0.138155
83.2		0.138155
83.3		0.138155
83.4		0.138155
83.5		0.138155
83.6		0.138155
83.7		0.138155
83.8		0.138155
83.9		0.138155
84		0.138155
84.1		0.140606
84.2		0.140606
84.3		0.140606
84.4		0.140606
84.5		0.140606
84.6		0.140606
84.7		0.140606
84.8		0.140606
84.9		0.140606
85		0.140606
85.1		0.142816
85.2		0.142816
85.3		0.142816
85.4		0.142816
85.5		0.142816
85.6		0.142816
85.7		0.142816
85.8		0.142816
85.9		0.142816
86		0.142816
86.1		0.146727
86.2		0.146727
86.3		0.146727
86.4		0.146727
86.5		0.146727
86.6		0.146727
86.7		0.146727
86.8		0.146727
86.9		0.146727
87		0.146727
87.1		0.147016
87.2		0.147016
87.3		0.147016
87.4		0.147016
87.5		0.147016
87.6		0.147016
87.7		0.147016
87.8		0.147016
87.9		0.147016
88		0.147016
88.1		0.147188
88.2		0.147188
88.3		0.147188
88.4		0.147188
88.5		0.147188
88.6		0.147188
88.7		0.147188
88.8		0.147188
88.9		0.147188
89		0.147188
89.1		0.15145
89.2		0.15145
89.3		0.15145
89.4		0.15145
89.5		0.15145
89.6		0.15145
89.7		0.15145
89.8		0.15145
89.9		0.15145
90		0.15145
90.1		0.153454
90.2		0.153454
90.3		0.153454
90.4		0.153454
90.5		0.153454
90.6		0.153454
90.7		0.153454
90.8		0.153454
90.9		0.153454
91		0.153454
91.1		0.154773
91.2		0.154773
91.3		0.154773
91.4		0.154773
91.5		0.154773
91.6		0.154773
91.7		0.154773
91.8		0.154773
91.9		0.154773
92		0.154773
92.1		0.157454
92.2		0.157454
92.3		0.157454
92.4		0.157454
92.5		0.157454
92.6		0.157454
92.7		0.157454
92.8		0.157454
92.9		0.157454
93		0.157454
93.1		0.159259
93.2		0.159259
93.3		0.159259
93.4		0.159259
93.5		0.159259
93.6		0.159259
93.7		0.159259
93.8		0.159259
93.9		0.159259
94		0.159259
94.1		0.161689
94.2		0.161689
94.3		0.161689
94.4		0.161689
94.5		0.161689
94.6		0.161689
94.7		0.161689
94.8		0.161689
94.9		0.161689
95		0.161689
95.1		0.163909
95.2		0.163909
95.3		0.163909
95.4		0.163909
95.5		0.163909
95.6		0.163909
95.7		0.163909
95.8		0.163909
95.9		0.163909
96		0.163909
96.1		0.164751
96.2		0.164751
96.3		0.164751
96.4		0.164751
96.5		0.164751
96.6		0.164751
96.7		0.164751
96.8		0.164751
96.9		0.164751
97		0.164751
97.1		0.16492
97.2		0.16492
97.3		0.16492
97.4		0.16492
97.5		0.16492
97.6		0.16492
97.7		0.16492
97.8		0.16492
97.9		0.16492
98		0.16492
98.1		0.170756
98.2		0.170756
98.3		0.170756
98.4		0.170756
98.5		0.170756
98.6		0.170756
98.7		0.170756
98.8		0.170756
98.9		0.170756
99		0.170756
99.1		0.170924
99.2		0.170924
99.3		0.170924
99.4		0.170924
99.5		0.170924
99.6		0.170924
99.7		0.170924
99.8		0.170924
99.9		0.170924
100		0.170924
100.1		0.172055
100.2		0.172055
100.3		0.172055
100.4		0.172055
100.5		0.172055
100.6		0.172055
100.7		0.172055
100.8		0.172055
100.9		0.172055
101		0.172055
101.1		0.173973
101.2		0.173973
101.3		0.173973
101.4		0.173973
101.5		0.173973
101.6		0.173973
101.7		0.173973
101.8		0.173973
101.9		0.173973
102		0.173973
102.1		0.177795
102.2		0.177795
102.3		0.177795
102.4		0.177795
102.5		0.177795
102.6		0.177795
102.7		0.177795
102.8		0.177795
102.9		0.177795
103		0.177795
103.1		0.178829
103.2		0.178829
103.3		0.178829
103.4		0.178829
103.5		0.178829
103.6		0.178829
103.7		0.178829
103.8		0.178829
103.9		0.178829
104		0.178829
104.1		0.180995
104.2		0.180995
104.3		0.180995
104.4		0.180995
104.5		0.180995
104.6		0.180995
104.7		0.180995
104.8		0.180995
104.9		0.180995
105		0.180995
105.1		0.183036
105.2		0.183036
105.3		0.183036
105.4		0.183036
105.5		0.183036
105.6		0.183036
105.7		0.183036
105.8		0.183036
105.9		0.183036
106		0.183036
106.1		0.184373
106.2		0.184373
106.3		0.184373
106.4		0.184373
106.5		0.184373
106.6		0.184373
106.7		0.184373
106.8		0.184373
106.9		0.184373
107		0.184373
107.1		0.185177
107.2		0.185177
107.3		0.185177
107.4		0.185177
107.5		0.185177
107.6		0.185177
107.7		0.185177
107.8		0.185177
107.9		0.185177
108		0.185177
108.1		0.188013
108.2		0.188013
108.3		0.188013
108.4		0.188013
108.5		0.188013
108.6		0.188013
108.7		0.188013
108.8		0.188013
108.9		0.188013
109		0.188013
109.1		0.189347
109.2		0.189347
109.3		0.189347
109.4		0.189347
109.5		0.189347
109.6		0.189347
109.7		0.189347
109.8		0.189347
109.9		0.189347
110		0.189347
110.1		0.194994
110.2		0.194994
110.3		0.194994
110.4		0.194994
110.5		0.194994
110.6		0.194994
110.7		0.194994
110.8		0.194994
110.9		0.194994
111		0.194994
111.1		0.195396
111.2		0.195396
111.3		0.195396
111.4		0.195396
111.5		0.195396
111.6		0.195396
111.7		0.195396
111.8		0.195396
111.9		0.195396
112		0.195396
112.1		0.19575
112.2		0.19575
112.3		0.19575
112.4		0.19575
112.5		0.19575
112.6		0.19575
112.7		0.19575
112.8		0.19575
112.9		0.19575
113		0.19575
113.1		0.196317
113.2		0.196317
113.3		0.196317
113.4		0.196317
113.5		0.196317
113.6		0.196317
113.7		0.196317
113.8		0.196317
113.9		0.196317
114		0.196317
114.1		0.199115
114.2		0.199115
114.3		0.199115
114.4		0.199115
114.5		0.199115
114.6		0.199115
114.7		0.199115
114.8		0.199115
114.9		0.199115
115		0.199115
115.1		0.20405
115.2		0.20405
115.3		0.20405
115.4		0.20405
115.5		0.20405
115.6		0.20405
115.7		0.20405
115.8		0.20405
115.9		0.20405
116		0.20405
116.1		0.205769
116.2		0.205769
116.3		0.205769
116.4		0.205769
116.5		0.205769
116.6		0.205769
116.7		0.205769
116.8		0.205769
116.9		0.205769
117		0.205769
117.1		0.206576
117.2		0.206576
117.3		0.206576
117.4		0.206576
117.5		0.206576
117.6		0.206576
117.7		0.206576
117.8		0.206576
117.9		0.206576
118		0.206576
118.1		0.210082
118.2		0.210082
118.3		0.210082
118.4		0.210082
118.5		0.210082
118.6		0.210082
118.7		0.210082
118.8		0.210082
118.9		0.210082
119		0.210082
119.1		0.21057
119.2		0.21057
119.3		0.21057
119.4		0.21057
119.5		0.21057
119.6		0.21057
119.7		0.21057
119.8		0.21057
119.9		0.21057
120		0.21057
120.1		0.211615
120.2		0.211615
120.3		0.211615
120.4		0.211615
120.5		0.211615
120.6		0.211615
120.7		0.211615
120.8		0.211615
120.9		0.211615
121		0.211615
121.1		0.213643
121.2		0.213643
121.3		0.213643
121.4		0.213643
121.5		0.213643
121.6		0.213643
121.7		0.213643
121.8		0.213643
121.9		0.213643
122		0.213643
122.1		0.215516
122.2		0.215516
122.3		0.215516
122.4		0.215516
122.5		0.215516
122.6		0.215516
122.7		0.215516
122.8		0.215516
122.9		0.215516
123		0.215516
123.1		0.220184
123.2		0.220184
123.3		0.220184
123.4		0.220184
123.5		0.220184
123.6		0.220184
123.7		0.220184
123.8		0.220184
123.9		0.220184
124		0.220184
124.1		0.220448
124.2		0.220448
124.3		0.220448
124.4		0.220448
124.5		0.220448
124.6		0.220448
124.7		0.220448
124.8		0.220448
124.9		0.220448
125		0.220448
125.1		0.222511
125.2		0.222511
125.3		0.222511
125.4		0.222511
125.5		0.222511
125.6		0.222511
125.7		0.222511
125.8		0.222511
125.9		0.222511
126		0.222511
126.1		0.226968
126.2		0.226968
126.3		0.226968
126.4		0.226968
126.5		0.226968
126.6		0.226968
126.7		0.226968
126.8		0.226968
126.9		0.226968
127		0.226968
127.1		0.227199
127.2		0.227199
127.3		0.227199
127.4		0.227199
127.5		0.227199
127.6		0.227199
127.7		0.227199
127.8		0.227199
127.9		0.227199
128		0.227199
128.1		0.22924
128.2		0.22924
128.3		0.22924
128.4		0.22924
128.5		0.22924
128.6		0.22924
128.7		0.22924
128.8		0.22924
128.9		0.22924
129		0.22924
129.1		0.230519
129.2		0.230519
129.3		0.230519
129.4		0.230519
129.5		0.230519
129.6		0.230519
129.7		0.230519
129.8		0.230519
129.9		0.230519
130		0.230519
130.1		0.231839
130.2		0.231839
130.3		0.231839
130.4		0.231839
130.5		0.231839
130.6		0.231839
130.7		0.231839
130.8		0.231839
130.9		0.231839
131		0.231839
131.1		0.235877
131.2		0.235877
131.3		0.235877
131.4		0.235877
131.5		0.235877
131.6		0.235877
131.7		0.235877
131.8		0.235877
131.9		0.235877
132		0.235877
132.1		0.237376
132.2		0.237376
132.3		0.237376
132.4		0.237376
132.5		0.237376
132.6		0.237376
132.7		0.237376
132.8		0.237376
132.9		0.237376
133		0.237376
133.1		0.237568
133.2		0.237568
133.3		0.237568
133.4		0.237568
133.5		0.237568
133.6		0.237568
133.7		0.237568
133.8		0.237568
133.9		0.237568
134		0.237568
134.1		0.240187
134.2		0.240187
134.3		0.240187
134.4		0.240187
134.5		0.240187
134.6		0.240187
134.7		0.240187
134.8		0.240187
134.9		0.240187
135		0.240187
135.1		0.241772
135.2		0.241772
135.3		0.241772
135.4		0.241772
135.5		0.241772
135.6		0.241772
135.7		0.241772
135.8		0.241772
135.9		0.241772
136		0.241772
136.1		0.24691
136.2		0.24691
136.3		0.24691
136.4		0.24691
136.5		0.24691
136.6		0.24691
136.7		0.24691
136.8		0.24691
136.9		0.24691
137		0.24691
137.1		0.247848
137.2		0.247848
137.3		0.247848
137.4		0.247848
137.5		0.247848
137.6		0.247848
137.7		0.247848
137.8		0.247848
137.9		0.247848
138		0.247848
138.1		0.24879
138.2		0.24879
138.3		0.24879
138.4		0.24879
138.5		0.24879
138.6		0.24879
138.7		0.24879
138.8		0.24879
138.9		0.24879
139		0.24879
139.1		0.249512
139.2		0.249512
139.3		0.249512
139.4		0.249512
139.5		0.249512
139.6		0.249512
139.7		0.249512
139.8		0.249512
139.9		0.249512
140		0.249512
140.1		0.255121
140.2		0.255121
140.3		0.255121
140.4		0.255121
140.5		0.255121
140.6		0.255121
140.7		0.255121
140.8		0.255121
140.9		0.255121
141		0.255121
141.1		0.25529
141.2		0.25529
141.3		0.25529
141.4		0.25529
141.5		0.25529
141.6		0.25529
141.7		0.25529
141.8		0.25529
141.9		0.25529
142		0.25529
142.1		0.25917
142.2		0.25917
142.3		0.25917
142.4		0.25917
142.5		0.25917
142.6		0.25917
142.7		0.25917
142.8		0.25917
142.9		0.25917
143		0.25917
143.1		0.260225
143.2		0.260225
143.3		0.260225
143.4		0.260225
143.5		0.260225
143.6		0.260225
143.7		0.260225
143.8		0.260225
143.9		0.260225
144		0.260225
144.1		0.261669
144.2		0.261669
144.3		0.261669
144.4		0.261669
144.5		0.261669
144.6		0.261669
144.7		0.261669
144.8		0.261669
144.9		0.261669
145		0.261669
145.1		0.264845
145.2		0.264845
145.3		0.264845
145.4		0.264845
145.5		0.264845
145.6		0.264845
145.7		0.264845
145.8		0.264845
145.9		0.264845
146		0.264845
146.1		0.265168
146.2		0.265168
146.3		0.265168
146.4		0.265168
146.5		0.265168
146.6		0.265168
146.7		0.265168
146.8		0.265168
146.9		0.265168
147		0.265168
147.1		0.265298
147.2		0.265298
147.3		0.265298
147.4		0.265298
147.5		0.265298
147.6		0.265298
147.7		0.265298
147.8		0.265298
147.9		0.265298
148		0.265298
148.1		0.27243
148.2		0.27243
148.3		0.27243
148.4		0.27243
148.5		0.27243
148.6		0.27243
148.7		0.27243
148.8		0.27243
148.9		0.27243
149		0.27243
149.1		0.272609
149.2		0.272609
149.3		0.272609
149.4		0.272609
149.5		0.272609
149.6		0.272609
149.7		0.272609
149.8		0.272609
149.9		0.272609
150		0.272609
150.1		0.272798
150.2		0.272798
150.3		0.272798
150.4		0.272798
150.5		0.272798
150.6		0.272798
150.7		0.272798
150.8		0.272798
150.9		0.272798
151		0.272798
151.1		0.277156
151.2		0.277156
151.3		0.277156
151.4		0.277156
151.5		0.277156
151.6		0.277156
151.7		0.277156
151.8		0.277156
151.9		0.277156
152		0.277156
152.1		0.279627
152.2		0.279627
152.3		0.279627
152.4		0.279627
152.5		0.279627
152.6		0.279627
152.7		0.279627
152.8		0.279627
152.9		0.279627
153		0.279627
153.1		0.282563
153.2		0.282563
153.3		0.282563
153.4		0.282563
153.5		0.282563
153.6		0.282563
153.7		0.282563
153.8		0.282563
153.9		0.282563
154		0.282563
154.1		0.282734
154.2		0.282734
154.3		0.282734
154.4		0.282734
154.5		0.282734
154.6		0.282734
154.7		0.282734
154.8		0.282734
154.9		0.282734
155		0.282734
155.1		0.282961
155.2		0.282961
155.3		0.282961
155.4		0.282961
155.5		0.282961
155.6		0.282961
155.7		0.282961
155.8		0.282961
155.9		0.282961
156		0.282961
156.1		0.287309
156.2		0.287309
156.3		0.287309
156.4		0.287309
156.5		0.287309
156.6		0.287309
156.7		0.287309
156.8		0.287309
156.9		0.287309
157		0.287309
157.1		0.287704
157.2		0.287704
157.3		0.287704
157.4		0.287704
157.5		0.287704
157.6		0.287704
157.7		0.287704
157.8		0.287704
157.9		0.287704
158		0.287704
158.1		0.287938
158.2		0.287938
158.3		0.287938
158.4		0.287938
158.5		0.287938
158.6		0.287938
158.7		0.287938
158.8		0.287938
158.9		0.287938
159		0.287938
159.1		0.292647
159.2		0.292647
159.3		0.292647
159.4		0.292647
159.5		0.292647
159.6		0.292647
159.7		0.292647
159.8		0.292647
159.9		0.292647
160		0.292647
160.1		0.295647
160.2		0.295647
160.3		0.295647
160.4		0.295647
160.5		0.295647
160.6		0.295647
160.7		0.295647
160.8		0.295647
160.9		0.295647
161		0.295647
161.1		0.295823
161.2		0.295823
161.3		0.295823
161.4		0.295823
161.5		0.295823
161.6		0.295823
161.7		0.295823
161.8		0.295823
161.9		0.295823
162		0.295823
162.1		0.300738
162.2		0.300738
162.3		0.300738
162.4		0.300738
162.5		0.300738
162.6		0.300738
162.7		0.300738
162.8		0.300738
162.9		0.300738
163		0.300738
163.1		0.301593
163.2		0.301593
163.3		0.301593
163.4		0.301593
163.5		0.301593
163.6		0.301593
163.7		0.301593
163.8		0.301593
163.9		0.301593
164		0.301593
164.1		0.302002
164.2		0.302002
164.3		0.302002
164.4		0.302002
164.5		0.302002
164.6		0.302002
164.7		0.302002
164.8		0.302002
164.9		0.302002
165		0.302002
165.1		0.306955
165.2		0.306955
165.3		0.306955
165.4		0.306955
165.5		0.306955
165.6		0.306955
165.7		0.306955
165.8		0.306955
165.9		0.306955
166		0.306955
166.1		0.30766
166.2		0.30766
166.3		0.30766
166.4		0.30766
166.5		0.30766
166.6		0.30766
166.7		0.30766
166.8		0.30766
166.9		0.30766
167		0.30766
167.1		0.308
167.2		0.308
167.3		0.308
167.4		0.308
167.5		0.308
167.6		0.308
167.7		0.308
167.8		0.308
167.9		0.308
168		0.308
168.1		0.310052
168.2		0.310052
168.3		0.310052
168.4		0.310052
168.5		0.310052
168.6		0.310052
168.7		0.310052
168.8		0.310052
168.9		0.310052
169		0.310052
169.1		0.312272
169.2		0.312272
169.3		0.312272
169.4		0.312272
169.5		0.312272
169.6		0.312272
169.7		0.312272
169.8		0.312272
169.9		0.312272
170		0.312272
170.1		0.313403
170.2		0.313403
170.3		0.313403
170.4		0.313403
170.5		0.313403
170.6		0.313403
170.7		0.313403
170.8		0.313403
170.9		0.313403
171		0.313403
171.1		0.317796
171.2		0.317796
171.3		0.317796
171.4		0.317796
171.5		0.317796
171.6		0.317796
171.7		0.317796
171.8		0.317796
171.9		0.317796
172		0.317796
172.1		0.31871
172.2		0.31871
172.3		0.31871
172.4		0.31871
172.5		0.31871
172.6		0.31871
172.7		0.31871
172.8		0.31871
172.9		0.31871
173		0.31871
173.1		0.320267
173.2		0.320267
173.3		0.320267
173.4		0.320267
173.5		0.320267
173.6		0.320267
173.7		0.320267
173.8		0.320267
173.9		0.320267
174		0.320267
174.1		0.321968
174.2		0.321968
174.3		0.321968
174.4		0.321968
174.5		0.321968
174.6		0.321968
174.7		0.321968
174.8		0.321968
174.9		0.321968
175		0.321968
175.1		0.324017
175.2		0.324017
175.3		0.324017
175.4		0.324017
175.5		0.324017
175.6		0.324017
175.7		0.324017
175.8		0.324017
175.9		0.324017
176		0.324017
176.1		0.327244
176.2		0.327244
176.3		0.327244
176.4		0.327244
176.5		0.327244
176.6		0.327244
176.7		0.327244
176.8		0.327244
176.9		0.327244
177		0.327244
177.1		0.328285
177.2		0.328285
177.3		0.328285
177.4		0.328285
177.5		0.328285
177.6		0.328285
177.7		0.328285
177.8		0.328285
177.9		0.328285
178		0.328285
178.1		0.331815
178.2		0.331815
178.3		0.331815
178.4		0.331815
178.5		0.331815
178.6		0.331815
178.7		0.331815
178.8		0.331815
178.9		0.331815
179		0.331815
179.1		0.332235
179.2		0.332235
179.3		0.332235
179.4		0.332235
179.5		0.332235
179.6		0.332235
179.7		0.332235
179.8		0.332235
179.9		0.332235
180		0.332235
180.1		0.333644
180.2		0.333644
180.3		0.333644
180.4		0.333644
180.5		0.333644
180.6		0.333644
180.7		0.333644
180.8		0.333644
180.9		0.333644
181		0.333644
181.1		0.337201
181.2		0.337201
181.3		0.337201
181.4		0.337201
181.5		0.337201
181.6		0.337201
181.7		0.337201
181.8		0.337201
181.9		0.337201
182		0.337201
182.1		0.340092
182.2		0.340092
182.3		0.340092
182.4		0.340092
182.5		0.340092
182.6		0.340092
182.7		0.340092
182.8		0.340092
182.9		0.340092
183		0.340092
183.1		0.342157
183.2		0.342157
183.3		0.342157
183.4		0.342157
183.5		0.342157
183.6		0.342157
183.7		0.342157
183.8		0.342157
183.9		0.342157
184		0.342157
184.1		0.342859
184.2		0.342859
184.3		0.342859
184.4		0.342859
184.5		0.342859
184.6		0.342859
184.7		0.342859
184.8		0.342859
184.9		0.342859
185		0.342859
185.1		0.343048
185.2		0.343048
185.3		0.343048
185.4		0.343048
185.5		0.343048
185.6		0.343048
185.7		0.343048
185.8		0.343048
185.9		0.343048
186		0.343048
186.1		0.34621
186.2		0.34621
186.3		0.34621
186.4		0.34621
186.5		0.34621
186.6		0.34621
186.7		0.34621
186.8		0.34621
186.9		0.34621
187		0.34621
187.1		0.350832
187.2		0.350832
187.3		0.350832
187.4		0.350832
187.5		0.350832
187.6		0.350832
187.7		0.350832
187.8		0.350832
187.9		0.350832
188		0.350832
188.1		0.354008
188.2		0.354008
188.3		0.354008
188.4		0.354008
188.5		0.354008
188.6		0.354008
188.7		0.354008
188.8		0.354008
188.9		0.354008
189		0.354008
189.1		0.354135
189.2		0.354135
189.3		0.354135
189.4		0.354135
189.5		0.354135
189.6		0.354135
189.7		0.354135
189.8		0.354135
189.9		0.354135
190		0.354135
190.1		0.354634
190.2		0.354634
190.3		0.354634
190.4		0.354634
190.5		0.354634
190.6		0.354634
190.7		0.354634
190.8		0.354634
190.9		0.354634
191		0.354634
191.1		0.356016
191.2		0.356016
191.3		0.356016
191.4		0.356016
191.5		0.356016
191.6		0.356016
191.7		0.356016
191.8		0.356016
191.9		0.356016
192		0.356016
192.1		0.360192
192.2		0.360192
192.3		0.360192
192.4		0.360192
192.5		0.360192
192.6		0.360192
192.7		0.360192
192.8		0.360192
192.9		0.360192
193		0.360192
193.1		0.363192
193.2		0.363192
193.3		0.363192
193.4		0.363192
193.5		0.363192
193.6		0.363192
193.7		0.363192
193.8		0.363192
193.9		0.363192
194		0.363192
194.1		0.364512
194.2		0.364512
194.3		0.364512
194.4		0.364512
194.5		0.364512
194.6		0.364512
194.7		0.364512
194.8		0.364512
194.9		0.364512
195		0.364512
195.1		0.366196
195.2		0.366196
195.3		0.366196
195.4		0.366196
195.5		0.366196
195.6		0.366196
195.7		0.366196
195.8		0.366196
195.9		0.366196
196		0.366196
196.1		0.369582
196.2		0.369582
196.3		0.369582
196.4		0.369582
196.5		0.369582
196.6		0.369582
196.7		0.369582
196.8		0.369582
196.9		0.369582
197		0.369582
197.1		0.369685
197.2		0.369685
197.3		0.369685
197.4		0.369685
197.5		0.369685
197.6		0.369685
197.7		0.369685
197.8		0.369685
197.9		0.369685
198		0.369685
198.1		0.36998
198.2		0.36998
198.3		0.36998
198.4		0.36998
198.5		0.36998
198.6		0.36998
198.7		0.36998
198.8		0.36998
198.9		0.36998
199		0.36998
199.1		0.374682
199.2		0.374682
199.3		0.374682
199.4		0.374682
199.5		0.374682
199.6		0.374682
199.7		0.374682
199.8		0.374682
199.9		0.374682
200		0.374682
200.1		0.377181
200.2		0.377181
200.3		0.377181
200.4		0.377181
200.5		0.377181
200.6		0.377181
200.7		0.377181
200.8		0.377181
200.9		0.377181
201		0.377181
201.1		0.379872
201.2		0.379872
201.3		0.379872
201.4		0.379872
201.5		0.379872
201.6		0.379872
201.7		0.379872
201.8		0.379872
201.9		0.379872
202		0.379872
202.1		0.380367
202.2		0.380367
202.3		0.380367
202.4		0.380367
202.5		0.380367
202.6		0.380367
202.7		0.380367
202.8		0.380367
202.9		0.380367
203		0.380367
203.1		0.380638
203.2		0.380638
203.3		0.380638
203.4		0.380638
203.5		0.380638
203.6		0.380638
203.7		0.380638
203.8		0.380638
203.9		0.380638
204		0.380638
204.1		0.385567
204.2		0.385567
204.3		0.385567
204.4		0.385567
204.5		0.385567
204.6		0.385567
204.7		0.385567
204.8		0.385567
204.9		0.385567
205		0.385567
205.1		0.387612
205.2		0.387612
205.3		0.387612
205.4		0.387612
205.5		0.387612
205.6		0.387612
205.7		0.387612
205.8		0.387612
205.9		0.387612
206		0.387612
206.1		0.388619
206.2		0.388619
206.3		0.388619
206.4		0.388619
206.5		0.388619
206.6		0.388619
206.7		0.388619
206.8		0.388619
206.9		0.388619
207		0.388619
207.1		0.389262
207.2		0.389262
207.3		0.389262
207.4		0.389262
207.5		0.389262
207.6		0.389262
207.7		0.389262
207.8		0.389262
207.9		0.389262
208		0.389262
208.1		0.391981
208.2		0.391981
208.3		0.391981
208.4		0.391981
208.5		0.391981
208.6		0.391981
208.7		0.391981
208.8		0.391981
208.9		0.391981
209		0.391981
209.1		0.394548
209.2		0.394548
209.3		0.394548
209.4		0.394548
209.5		0.394548
209.6		0.394548
209.7		0.394548
209.8		0.394548
209.9		0.394548
210		0.394548
210.1		0.397136
210.2		0.397136
210.3		0.397136
210.4		0.397136
210.5		0.397136
210.6		0.397136
210.7		0.397136
210.8		0.397136
210.9		0.397136
211		0.397136
211.1		0.39802
211.2		0.39802
211.3		0.39802
211.4		0.39802
211.5		0.39802
211.6		0.39802
211.7		0.39802
211.8		0.39802
211.9		0.39802
212		0.39802
212.1		0.402924
212.2		0.402924
212.3		0.402924
212.4		0.402924
212.5		0.402924
212.6		0.402924
212.7		0.402924
212.8		0.402924
212.9		0.402924
213		0.402924
213.1		0.404443
213.2		0.404443
213.3		0.404443
213.4		0.404443
213.5		0.404443
213.6		0.404443
213.7		0.404443
213.8		0.404443
213.9		0.404443
214		0.404443
214.1		0.406042
214.2		0.406042
214.3		0.406042
214.4		0.406042
214.5		0.406042
214.6		0.406042
214.7		0.406042
214.8		0.406042
214.9		0.406042
215		0.406042
215.1		0.406131
215.2		0.406131
215.3		0.406131
215.4		0.406131
215.5		0.406131
215.6		0.406131
215.7		0.406131
215.8		0.406131
215.9		0.406131
216		0.406131
216.1		0.41017
216.2		0.41017
216.3		0.41017
216.4		0.41017
216.5		0.41017
216.6		0.41017
216.7		0.41017
216.8		0.41017
216.9		0.41017
217		0.41017
217.1		0.412771
217.2		0.412771
217.3		0.412771
217.4		0.412771
217.5		0.412771
217.6		0.412771
217.7		0.412771
217.8		0.412771
217.9		0.412771
218		0.412771
218.1		0.413383
218.2		0.413383
218.3		0.413383
218.4		0.413383
218.5		0.413383
218.6		0.413383
218.7		0.413383
218.8		0.413383
218.9		0.413383
219		0.413383
219.1		0.415985
219.2		0.415985
219.3		0.415985
219.4		0.415985
219.5		0.415985
219.6		0.415985
219.7		0.415985
219.8		0.415985
219.9		0.415985
220		0.415985
220.1		0.419687
220.2		0.419687
220.3		0.419687
220.4		0.419687
220.5		0.419687
220.6		0.419687
220.7		0.419687
220.8		0.419687
220.9		0.419687
221		0.419687
221.1		0.420302
221.2		0.420302
221.3		0.420302
221.4		0.420302
221.5		0.420302
221.6		0.420302
221.7		0.420302
221.8		0.420302
221.9		0.420302
222		0.420302
222.1		0.421312
222.2		0.421312
222.3		0.421312
222.4		0.421312
222.5		0.421312
222.6		0.421312
222.7		0.421312
222.8		0.421312
222.9		0.421312
223		0.421312
223.1		0.423155
223.2		0.423155
223.3		0.423155
223.4		0.423155
223.5		0.423155
223.6		0.423155
223.7		0.423155
223.8		0.423155
223.9		0.423155
224		0.423155
224.1		0.425237
224.2		0.425237
224.3		0.425237
224.4		0.425237
224.5		0.425237
224.6		0.425237
224.7		0.425237
224.8		0.425237
224.9		0.425237
225		0.425237
225.1		0.427819
225.2		0.427819
225.3		0.427819
225.4		0.427819
225.5		0.427819
225.6		0.427819
225.7		0.427819
225.8		0.427819
225.9		0.427819
226		0.427819
226.1		0.4326
226.2		0.4326
226.3		0.4326
226.4		0.4326
226.5		0.4326
226.6		0.4326
226.7		0.4326
226.8		0.4326
226.9		0.4326
227		0.4326
227.1		0.433363
227.2		0.433363
227.3		0.433363
227.4		0.433363
227.5		0.433363
227.6		0.433363
227.7		0.433363
227.8		0.433363
227.9		0.433363
228		0.433363
228.1		0.43373
228.2		0.43373
228.3		0.43373
228.4		0.43373
228.5		0.43373
228.6		0.43373
228.7		0.43373
228.8		0.43373
228.9		0.43373
229		0.43373
229.1		0.436446
229.2		0.436446
229.3		0.436446
229.4		0.436446
229.5		0.436446
229.6		0.436446
229.7		0.436446
229.8		0.436446
229.9		0.436446
230		0.436446
230.1		0.438632
230.2		0.438632
230.3		0.438632
230.4		0.438632
230.5		0.438632
230.6		0.438632
230.7		0.438632
230.8		0.438632
230.9		0.438632
231		0.438632
231.1		0.441079
231.2		0.441079
231.3		0.441079
231.4		0.441079
231.5		0.441079
231.6		0.441079
231.7		0.441079
231.8		0.441079
231.9		0.441079
232		0.441079
232.1		0.443615
232.2		0.443615
232.3		0.443615
232.4		0.443615
232.5		0.443615
232.6		0.443615
232.7		0.443615
232.8		0.443615
232.9		0.443615
233		0.443615
233.1		0.444114
233.2		0.444114
233.3		0.444114
233.4		0.444114
233.5		0.444114
233.6		0.444114
233.7		0.444114
233.8		0.444114
233.9		0.444114
234		0.444114
234.1		0.446956
234.2		0.446956
234.3		0.446956
234.4		0.446956
234.5		0.446956
234.6		0.446956
234.7		0.446956
234.8		0.446956
234.9		0.446956
235		0.446956
235.1		0.447441
235.2		0.447441
235.3		0.447441
235.4		0.447441
235.5		0.447441
235.6		0.447441
235.7		0.447441
235.8		0.447441
235.9		0.447441
236		0.447441
236.1		0.449331
236.2		0.449331
236.3		0.449331
236.4		0.449331
236.5		0.449331
236.6		0.449331
236.7		0.449331
236.8		0.449331
236.9		0.449331
237		0.449331
237.1		0.451077
237.2		0.451077
237.3		0.451077
237.4		0.451077
237.5		0.451077
237.6		0.451077
237.7		0.451077
237.8		0.451077
237.9		0.451077
238		0.451077
238.1		0.45624
238.2		0.45624
238.3		0.45624
238.4		0.45624
238.5		0.45624
238.6		0.45624
238.7		0.45624
238.8		0.45624
238.9		0.45624
239		0.45624
239.1		0.458773
239.2		0.458773
239.3		0.458773
239.4		0.458773
239.5		0.458773
239.6		0.458773
239.7		0.458773
239.8		0.458773
239.9		0.458773
240		0.458773
240.1		0.458962
240.2		0.458962
240.3		0.458962
240.4		0.458962
240.5		0.458962
240.6		0.458962
240.7		0.458962
240.8		0.458962
240.9		0.458962
241		0.458962
241.1		0.459085
241.2		0.459085
241.3		0.459085
241.4		0.459085
241.5		0.459085
241.6		0.459085
241.7		0.459085
241.8		0.459085
241.9		0.459085
242		0.459085
242.1		0.464162
242.2		0.464162
242.3		0.464162
242.4		0.464162
242.5		0.464162
242.6		0.464162
242.7		0.464162
242.8		0.464162
242.9		0.464162
243		0.464162
243.1		0.464409
243.2		0.464409
243.3		0.464409
243.4		0.464409
243.5		0.464409
243.6		0.464409
243.7		0.464409
243.8		0.464409
243.9		0.464409
244		0.464409
244.1		0.46486
244.2		0.46486
244.3		0.46486
244.4		0.46486
244.5		0.46486
244.6		0.46486
244.7		0.46486
244.8		0.46486
244.9		0.46486
245		0.46486
245.1		0.470342
245.2		0.470342
245.3		0.470342
245.4		0.470342
245.5		0.470342
245.6		0.470342
245.7		0.470342
245.8		0.470342
245.9		0.470342
246		0.470342
246.1		0.47149
246.2		0.47149
246.3		0.47149
246.4		0.47149
246.5		0.47149
246.6		0.47149
246.7		0.47149
246.8		0.47149
246.9		0.47149
247		0.47149
247.1		0.472146
247.2		0.472146
247.3		0.472146
247.4		0.472146
247.5		0.472146
247.6		0.472146
247.7		0.472146
247.8		0.472146
247.9		0.472146
248		0.472146
248.1		0.474789
248.2		0.474789
248.3		0.474789
248.4		0.474789
248.5		0.474789
248.6		0.474789
248.7		0.474789
248.8		0.474789
248.9		0.474789
249		0.474789
249.1		0.476714
249.2		0.476714
249.3		0.476714
249.4		0.476714
249.5		0.476714
249.6		0.476714
249.7		0.476714
249.8		0.476714
249.9		0.476714
250		0.476714
250.1		0.478027
250.2		0.478027
250.3		0.478027
250.4		0.478027
250.5		0.478027
250.6		0.478027
250.7		0.478027
250.8		0.478027
250.9		0.478027
251		0.478027
251.1		0.482994
251.2		0.482994
251.3		0.482994
251.4		0.482994
251.5		0.482994
251.6		0.482994
251.7		0.482994
251.8		0.482994
251.9		0.482994
252		0.482994
252.1		0.483275
252.2		0.483275
252.3		0.483275
252.4		0.483275
252.5		0.483275
252.6		0.483275
252.7		0.483275
252.8		0.483275
252.9		0.483275
253		0.483275
253.1		0.483808
253.2		0.483808
253.3		0.483808
253.4		0.483808
253.5		0.483808
253.6		0.483808
253.7		0.483808
253.8		0.483808
253.9		0.483808
254		0.483808
254.1		0.486331
254.2		0.486331
254.3		0.486331
254.4		0.486331
254.5		0.486331
254.6		0.486331
254.7		0.486331
254.8		0.486331
254.9		0.486331
255		0.486331
255.1		0.489617
255.2		0.489617
255.3		0.489617
255.4		0.489617
255.5		0.489617
255.6		0.489617
255.7		0.489617
255.8		0.489617
255.9		0.489617
256		0.489617
256.1		0.49216
256.2		0.49216
256.3		0.49216
256.4		0.49216
256.5		0.49216
256.6		0.49216
256.7		0.49216
256.8		0.49216
256.9		0.49216
257		0.49216
257.1		0.493899
257.2		0.493899
257.3		0.493899
257.4		0.493899
257.5		0.493899
257.6		0.493899
257.7		0.493899
257.8		0.493899
257.9		0.493899
258		0.493899
258.1		0.496212
258.2		0.496212
258.3		0.496212
258.4		0.496212
258.5		0.496212
258.6		0.496212
258.7		0.496212
258.8		0.496212
258.9		0.496212
259		0.496212
259.1		0.496735
259.2		0.496735
259.3		0.496735
259.4		0.496735
259.5		0.496735
259.6		0.496735
259.7		0.496735
259.8		0.496735
259.9		0.496735
260		0.496735
260.1		0.499725
260.2		0.499725
260.3		0.499725
260.4		0.499725
260.5		0.499725
260.6		0.499725
260.7		0.499725
260.8		0.499725
260.9		0.499725
261		0.499725
261.1		0.501268
261.2		0.501268
261.3		0.501268
261.4		0.501268
261.5		0.501268
261.6		0.501268
261.7		0.501268
261.8		0.501268
261.9		0.501268
262		0.501268
262.1		0.502523
262.2		0.502523
262.3		0.502523
262.4		0.502523
262.5		0.502523
262.6		0.502523
262.7		0.502523
262.8		0.502523
262.9		0.502523
263		0.502523
263.1		0.505176
263.2		0.505176
263.3		0.505176
263.4		0.505176
263.5		0.505176
263.6		0.505176
263.7		0.505176
263.8		0.505176
263.9		0.505176
264		0.505176
264.1		0.510332
264.2		0.510332
264.3		0.510332
264.4		0.510332
264.5		0.510332
264.6		0.510332
264.7		0.510332
264.8		0.510332
264.9		0.510332
265		0.510332
265.1		0.511535
265.2		0.511535
265.3		0.511535
265.4		0.511535
265.5		0.511535
265.6		0.511535
265.7		0.511535
265.8		0.511535
265.9		0.511535
266		0.511535
266.1		0.511868
266.2		0.511868
266.3		0.511868
266.4		0.511868
266.5		0.511868
266.6		0.511868
266.7		0.511868
266.8		0.511868
266.9		0.511868
267		0.511868
267.1		0.51238
267.2		0.51238
267.3		0.51238
267.4		0.51238
267.5		0.51238
267.6		0.51238
267.7		0.51238
267.8		0.51238
267.9		0.51238
268		0.51238
268.1		0.518563
268.2		0.518563
268.3		0.518563
268.4		0.518563
268.5		0.518563
268.6		0.518563
268.7		0.518563
268.8		0.518563
268.9		0.518563
269		0.518563
269.1		0.52
269.2		0.52
269.3		0.52
269.4		0.52
269.5		0.52
269.6		0.52
269.7		0.52
269.8		0.52
269.9		0.52
270		0.52
270.1		0.520674
270.2		0.520674
270.3		0.520674
270.4		0.520674
270.5		0.520674
270.6		0.520674
270.7		0.520674
270.8		0.520674
270.9		0.520674
271		0.520674
271.1		0.521863
271.2		0.521863
271.3		0.521863
271.4		0.521863
271.5		0.521863
271.6		0.521863
271.7		0.521863
271.8		0.521863
271.9		0.521863
272		0.521863
272.1		0.526372
272.2		0.526372
272.3		0.526372
272.4		0.526372
272.5		0.526372
272.6		0.526372
272.7		0.526372
272.8		0.526372
272.9		0.526372
273		0.526372
273.1		0.528359
273.2		0.528359
273.3		0.528359
273.4		0.528359
273.5		0.528359
273.6		0.528359
273.7		0.528359
273.8		0.528359
273.9		0.528359
274		0.528359
274.1		0.528981
274.2		0.528981
274.3		0.528981
274.4		0.528981
274.5		0.528981
274.6		0.528981
274.7		0.528981
274.8		0.528981
274.9		0.528981
275		0.528981
275.1		0.529538
275.2		0.529538
275.3		0.529538
275.4		0.529538
275.5		0.529538
275.6		0.529538
275.7		0.529538
275.8		0.529538
275.9		0.529538
276		0.529538
276.1		0.532219
276.2		0.532219
276.3		0.532219
276.4		0.532219
276.5		0.532219
276.6		0.532219
276.7		0.532219
276.8		0.532219
276.9		0.532219
277		0.532219
277.1		0.536422
277.2		0.536422
277.3		0.536422
277.4		0.536422
277.5		0.536422
277.6		0.536422
277.7		0.536422
277.8		0.536422
277.9		0.536422
278		0.536422
278.1		0.537756
278.2		0.537756
278.3		0.537756
278.4		0.537756
278.5		0.537756
278.6		0.537756
278.7		0.537756
278.8		0.537756
278.9		0.537756
279		0.537756
279.1		0.53844
279.2		0.53844
279.3		0.53844
279.4		0.53844
279.5		0.53844
279.6		0.53844
279.7		0.53844
279.8		0.53844
279.9		0.53844
280		0.53844
280.1		0.539784
280.2		0.539784
280.3		0.539784
280.4		0.539784
280.5		0.539784
280.6		0.539784
280.7		0.539784
280.8		0.539784
280.9		0.539784
281		0.539784
281.1		0.541605
281.2		0.541605
281.3		0.541605
281.4		0.541605
281.5		0.541605
281.6		0.541605
281.7		0.541605
281.8		0.541605
281.9		0.541605
282		0.541605
282.1		0.546909
282.2		0.546909
282.3		0.546909
282.4		0.546909
282.5		0.546909
282.6		0.546909
282.7		0.546909
282.8		0.546909
282.9		0.546909
283		0.546909
283.1		0.547775
283.2		0.547775
283.3		0.547775
283.4		0.547775
283.5		0.547775
283.6		0.547775
283.7		0.547775
283.8		0.547775
283.9		0.547775
284		0.547775
284.1		0.550287
284.2		0.550287
284.3		0.550287
284.4		0.550287
284.5		0.550287
284.6		0.550287
284.7		0.550287
284.8		0.550287
284.9		0.550287
285		0.550287
285.1		0.553714
285.2		0.553714
285.3		0.553714
285.4		0.553714
285.5		0.553714
285.6		0.553714
285.7		0.553714
285.8		0.553714
285.9		0.553714
286		0.553714
286.1		0.556062
286.2		0.556062
286.3		0.556062
286.4		0.556062
286.5		0.556062
286.6		0.556062
286.7		0.556062
286.8		0.556062
286.9		0.556062
287		0.556062
287.1		0.558725
287.2		0.558725
287.3		0.558725
287.4		0.558725
287.5		0.558725
287.6		0.558725
287.7		0.558725
287.8		0.558725
287.9		0.558725
288		0.558725
288.1		0.562241
288.2		0.562241
288.3		0.562241
288.4		0.562241
288.5		0.562241
288.6		0.562241
288.7		0.562241
288.8		0.562241
288.9		0.562241
289		0.562241
289.1		0.563327
289.2		0.563327
289.3		0.563327
289.4		0.563327
289.5		0.563327
289.6		0.563327
289.7		0.563327
289.8		0.563327
289.9		0.563327
290		0.563327
290.1		0.566524
290.2		0.566524
290.3		0.566524
290.4		0.566524
290.5		0.566524
290.6		0.566524
290.7		0.566524
290.8		0.566524
290.9		0.566524
291		0.566524
291.1		0.570882
291.2		0.570882
291.3		0.570882
291.4		0.570882
291.5		0.570882
291.6		0.570882
291.7		0.570882
291.8		0.570882
291.9		0.570882
292		0.570882
292.1		0.570889
292.2		0.570889
292.3		0.570889
292.4		0.570889
292.5		0.570889
292.6		0.570889
292.7		0.570889
292.8		0.570889
292.9		0.570889
293		0.570889
293.1		0.572415
293.2		0.572415
293.3		0.572415
293.4		0.572415
293.5		0.572415
293.6		0.572415
293.7		0.572415
293.8		0.572415
293.9		0.572415
294		0.572415
294.1		0.572611
294.2		0.572611
294.3		0.572611
294.4		0.572611
294.5		0.572611
294.6		0.572611
294.7		0.572611
294.8		0.572611
294.9		0.572611
295		0.572611
295.1		0.575013
295.2		0.575013
295.3		0.575013
295.4		0.575013
295.5		0.575013
295.6		0.575013
295.7		0.575013
295.8		0.575013
295.9		0.575013
296		0.575013
296.1		0.580819
296.2		0.580819
296.3		0.580819
296.4		0.580819
296.5		0.580819
296.6		0.580819
296.7		0.580819
296.8		0.580819
296.9		0.580819
297		0.580819
297.1		0.582389
297.2		0.582389
297.3		0.582389
297.4		0.582389
297.5		0.582389
297.6		0.582389
297.7		0.582389
297.8		0.582389
297.9		0.582389
298		0.582389
298.1		0.583324
298.2		0.583324
298.3		0.583324
298.4		0.583324
298.5		0.583324
298.6		0.583324
298.7		0.583324
298.8		0.583324
298.9		0.583324
299		0.583324
299.1		0.589648
299.2		0.589648
299.3		0.589648
299.4		0.589648
299.5		0.589648
299.6		0.589648
299.7		0.589648
299.8		0.589648
299.9		0.589648
300		0.589648
300.1		0.590473
300.2		0.590473
300.3		0.590473
300.4		0.590473
300.5		0.590473
300.6		0.590473
300.7		0.590473
300.8		0.590473
300.9		0.590473
301		0.590473
301.1		0.592391
301.2		0.592391
301.3		0.592391
301.4		0.592391
301.5		0.592391
301.6		0.592391
301.7		0.592391
301.8		0.592391
301.9		0.592391
302		0.592391
302.1		0.595777
302.2		0.595777
302.3		0.595777
302.4		0.595777
302.5		0.595777
302.6		0.595777
302.7		0.595777
302.8		0.595777
302.9		0.595777
303		0.595777
303.1		0.5969
303.2		0.5969
303.3		0.5969
303.4		0.5969
303.5		0.5969
303.6		0.5969
303.7		0.5969
303.8		0.5969
303.9		0.5969
304		0.5969
304.1		0.598681
304.2		0.598681
304.3		0.598681
304.4		0.598681
304.5		0.598681
304.6		0.598681
304.7		0.598681
304.8		0.598681
304.9		0.598681
305		0.598681
305.1		0.600066
305.2		0.600066
305.3		0.600066
305.4		0.600066
305.5		0.600066
305.6		0.600066
305.7		0.600066
305.8		0.600066
305.9		0.600066
306		0.600066
306.1		0.605469
306.2		0.605469
306.3		0.605469
306.4		0.605469
306.5		0.605469
306.6		0.605469
306.7		0.605469
306.8		0.605469
306.9		0.605469
307		0.605469
307.1		0.606562
307.2		0.606562
307.3		0.606562
307.4		0.606562
307.5		0.606562
307.6		0.606562
307.7		0.606562
307.8		0.606562
307.9		0.606562
308		0.606562
308.1		0.60717
308.2		0.60717
308.3		0.60717
308.4		0.60717
308.5		0.60717
308.6		0.60717
308.7		0.60717
308.8		0.60717
308.9		0.60717
309		0.60717
309.1		0.607483
309.2		0.607483
309.3		0.607483
309.4		0.607483
309.5		0.607483
309.6		0.607483
309.7		0.607483
309.8		0.607483
309.9		0.607483
310		0.607483
310.1		0.613216
310.2		0.613216
310.3		0.613216
310.4		0.613216
310.5		0.613216
310.6		0.613216
310.7		0.613216
310.8		0.613216
310.9		0.613216
311		0.613216
311.1		0.615289
311.2		0.615289
311.3		0.615289
311.4		0.615289
311.5		0.615289
311.6		0.615289
311.7		0.615289
311.8		0.615289
311.9		0.615289
312		0.615289
312.1		0.617378
312.2		0.617378
312.3		0.617378
312.4		0.617378
312.5		0.617378
312.6		0.617378
312.7		0.617378
312.8		0.617378
312.9		0.617378
313		0.617378
313.1		0.617585
313.2		0.617585
313.3		0.617585
313.4		0.617585
313.5		0.617585
313.6		0.617585
313.7		0.617585
313.8		0.617585
313.9		0.617585
314		0.617585
314.1		0.622613
314.2		0.622613
314.3		0.622613
314.4		0.622613
314.5		0.622613
314.6		0.622613
314.7		0.622613
314.8		0.622613
314.9		0.622613
315		0.622613
315.1		0.623036
315.2		0.623036
315.3		0.623036
315.4		0.623036
315.5		0.623036
315.6		0.623036
315.7		0.623036
315.8		0.623036
315.9		0.623036
316		0.623036
316.1		0.625998
316.2		0.625998
316.3		0.625998
316.4		0.625998
316.5		0.625998
316.6		0.625998
316.7		0.625998
316.8		0.625998
316.9		0.625998
317		0.625998
317.1		0.626926
317.2		0.626926
317.3		0.626926
317.4		0.626926
317.5		0.626926
317.6		0.626926
317.7		0.626926
317.8		0.626926
317.9		0.626926
318		0.626926
318.1		0.628033
318.2		0.628033
318.3		0.628033
318.4		0.628033
318.5		0.628033
318.6		0.628033
318.7		0.628033
318.8		0.628033
318.9		0.628033
319		0.628033
319.1		0.63157
319.2		0.63157
319.3		0.63157
319.4		0.63157
319.5		0.63157
319.6		0.63157
319.7		0.63157
319.8		0.63157
319.9		0.63157
320		0.63157
320.1		0.632364
320.2		0.632364
320.3		0.632364
320.4		0.632364
320.5		0.632364
320.6		0.632364
320.7		0.632364
320.8		0.632364
320.9		0.632364
321		0.632364
321.1		0.636643
321.2		0.636643
321.3		0.636643
321.4		0.636643
321.5		0.636643
321.6		0.636643
321.7		0.636643
321.8		0.636643
321.9		0.636643
322		0.636643
322.1		0.636915
322.2		0.636915
322.3		0.636915
322.4		0.636915
322.5		0.636915
322.6		0.636915
322.7		0.636915
322.8		0.636915
322.9		0.636915
323		0.636915
323.1		0.637578
323.2		0.637578
323.3		0.637578
323.4		0.637578
323.5		0.637578
323.6		0.637578
323.7		0.637578
323.8		0.637578
323.9		0.637578
324		0.637578
324.1		0.642005
324.2		0.642005
324.3		0.642005
324.4		0.642005
324.5		0.642005
324.6		0.642005
324.7		0.642005
324.8		0.642005
324.9		0.642005
325		0.642005
325.1		0.643847
325.2		0.643847
325.3		0.643847
325.4		0.643847
325.5		0.643847
325.6		0.643847
325.7		0.643847
325.8		0.643847
325.9		0.643847
326		0.643847
326.1		0.64473
326.2		0.64473
326.3		0.64473
326.4		0.64473
326.5		0.64473
326.6		0.64473
326.7		0.64473
326.8		0.64473
326.9		0.64473
327		0.64473
327.1		0.646583
327.2		0.646583
327.3		0.646583
327.4		0.646583
327.5		0.646583
327.6		0.646583
327.7		0.646583
327.8		0.646583
327.9		0.646583
328		0.646583
328.1		0.64958
328.2		0.64958
328.3		0.64958
328.4		0.64958
328.5		0.64958
328.6		0.64958
328.7		0.64958
328.8		0.64958
328.9		0.64958
329		0.64958
329.1		0.652825
329.2		0.652825
329.3		0.652825
329.4		0.652825
329.5		0.652825
329.6		0.652825
329.7		0.652825
329.8		0.652825
329.9		0.652825
330		0.652825
330.1		0.653337
330.2		0.653337
330.3		0.653337
330.4		0.653337
330.5		0.653337
330.6		0.653337
330.7		0.653337
330.8		0.653337
330.9		0.653337
331		0.653337
331.1		0.653873
331.2		0.653873
331.3		0.653873
331.4		0.653873
331.5		0.653873
331.6		0.653873
331.7		0.653873
331.8		0.653873
331.9		0.653873
332		0.653873
332.1		0.658155
332.2		0.658155
332.3		0.658155
332.4		0.658155
332.5		0.658155
332.6		0.658155
332.7		0.658155
332.8		0.658155
332.9		0.658155
333		0.658155
333.1		0.658358
333.2		0.658358
333.3		0.658358
333.4		0.658358
333.5		0.658358
333.6		0.658358
333.7		0.658358
333.8		0.658358
333.9		0.658358
334		0.658358
334.1		0.65987
334.2		0.65987
334.3		0.65987
334.4		0.65987
334.5		0.65987
334.6		0.65987
334.7		0.65987
334.8		0.65987
334.9		0.65987
335		0.65987
335.1		0.663675
335.2		0.663675
335.3		0.663675
335.4		0.663675
335.5		0.663675
335.6		0.663675
335.7		0.663675
335.8		0.663675
335.9		0.663675
336		0.663675
336.1		0.665648
336.2		0.665648
336.3		0.665648
336.4		0.665648
336.5		0.665648
336.6		0.665648
336.7		0.665648
336.8		0.665648
336.9		0.665648
337		0.665648
337.1		0.669419
337.2		0.669419
337.3		0.669419
337.4		0.669419
337.5		0.669419
337.6		0.669419
337.7		0.669419
337.8		0.669419
337.9		0.669419
338		0.669419
338.1		0.669845
338.2		0.669845
338.3		0.669845
338.4		0.669845
338.5		0.669845
338.6		0.669845
338.7		0.669845
338.8		0.669845
338.9		0.669845
339		0.669845
339.1		0.676987
339.2		0.676987
339.3		0.676987
339.4		0.676987
339.5		0.676987
339.6		0.676987
339.7		0.676987
339.8		0.676987
339.9		0.676987
340		0.676987
340.1		0.677781
340.2		0.677781
340.3		0.677781
340.4		0.677781
340.5		0.677781
340.6		0.677781
340.7		0.677781
340.8		0.677781
340.9		0.677781
341		0.677781
341.1		0.682961
341.2		0.682961
341.3		0.682961
341.4		0.682961
341.5		0.682961
341.6		0.682961
341.7		0.682961
341.8		0.682961
341.9		0.682961
342		0.682961
342.1		0.68373
342.2		0.68373
342.3		0.68373
342.4		0.68373
342.5		0.68373
342.6		0.68373
342.7		0.68373
342.8		0.68373
342.9		0.68373
343		0.68373
343.1		0.68505
343.2		0.68505
343.3		0.68505
343.4		0.68505
343.5		0.68505
343.6		0.68505
343.7		0.68505
343.8		0.68505
343.9		0.68505
344		0.68505
344.1		0.685329
344.2		0.685329
344.3		0.685329
344.4		0.685329
344.5		0.685329
344.6		0.685329
344.7		0.685329
344.8		0.685329
344.9		0.685329
345		0.685329
345.1		0.687924
345.2		0.687924
345.3		0.687924
345.4		0.687924
345.5		0.687924
345.6		0.687924
345.7		0.687924
345.8		0.687924
345.9		0.687924
346		0.687924
346.1		0.692701
346.2		0.692701
346.3		0.692701
346.4		0.692701
346.5		0.692701
346.6		0.692701
346.7		0.692701
346.8		0.692701
346.9		0.692701
347		0.692701
347.1		0.693478
347.2		0.693478
347.3		0.693478
347.4		0.693478
347.5		0.693478
347.6		0.693478
347.7		0.693478
347.8		0.693478
347.9		0.693478
348		0.693478
348.1		0.693478
348.2		0.693478
348.3		0.693478
348.4		0.693478
348.5		0.693478
348.6		0.693478
348.7		0.693478
348.8		0.693478
348.9		0.693478
349		0.693478
349.1		0.695891
349.2		0.695891
349.3		0.695891
349.4		0.695891
349.5		0.695891
349.6		0.695891
349.7		0.695891
349.8		0.695891
349.9		0.695891
350		0.695891
350.1		0.696606
350.2		0.696606
350.3		0.696606
350.4		0.696606
350.5		0.696606
350.6		0.696606
350.7		0.696606
350.8		0.696606
350.9		0.696606
351		0.696606
351.1		0.697833
351.2		0.697833
351.3		0.697833
351.4		0.697833
351.5		0.697833
351.6		0.697833
351.7		0.697833
351.8		0.697833
351.9		0.697833
352		0.697833
352.1		0.704353
352.2		0.704353
352.3		0.704353
352.4		0.704353
352.5		0.704353
352.6		0.704353
352.7		0.704353
352.8		0.704353
352.9		0.704353
353		0.704353
353.1		0.705923
353.2		0.705923
353.3		0.705923
353.4		0.705923
353.5		0.705923
353.6		0.705923
353.7		0.705923
353.8		0.705923
353.9		0.705923
354		0.705923
354.1		0.706714
354.2		0.706714
354.3		0.706714
354.4		0.706714
354.5		0.706714
354.6		0.706714
354.7		0.706714
354.8		0.706714
354.9		0.706714
355		0.706714
355.1		0.713296
355.2		0.713296
355.3		0.713296
355.4		0.713296
355.5		0.713296
355.6		0.713296
355.7		0.713296
355.8		0.713296
355.9		0.713296
356		0.713296
356.1		0.713777
356.2		0.713777
356.3		0.713777
356.4		0.713777
356.5		0.713777
356.6		0.713777
356.7		0.713777
356.8		0.713777
356.9		0.713777
357		0.713777
357.1		0.715035
357.2		0.715035
357.3		0.715035
357.4		0.715035
357.5		0.715035
357.6		0.715035
357.7		0.715035
357.8		0.715035
357.9		0.715035
358		0.715035
358.1		0.717719
358.2		0.717719
358.3		0.717719
358.4		0.717719
358.5		0.717719
358.6		0.717719
358.7		0.717719
358.8		0.717719
358.9		0.717719
359		0.717719
359.1		0.722957
359.2		0.722957
359.3		0.722957
359.4		0.722957
359.5		0.722957
359.6		0.722957
359.7		0.722957
359.8		0.722957
359.9		0.722957
360		0.722957
360.1		0.72326
360.2		0.72326
360.3		0.72326
360.4		0.72326
360.5		0.72326
360.6		0.72326
360.7		0.72326
360.8		0.72326
360.9		0.72326
361		0.72326
361.1		0.7267
361.2		0.7267
361.3		0.7267
361.4		0.7267
361.5		0.7267
361.6		0.7267
361.7		0.7267
361.8		0.7267
361.9		0.7267
362		0.7267
362.1		0.727374
362.2		0.727374
362.3		0.727374
362.4		0.727374
362.5		0.727374
362.6		0.727374
362.7		0.727374
362.8		0.727374
362.9		0.727374
363		0.727374
363.1		0.72857
363.2		0.72857
363.3		0.72857
363.4		0.72857
363.5		0.72857
363.6		0.72857
363.7		0.72857
363.8		0.72857
363.9		0.72857
364		0.72857
364.1		0.732275
364.2		0.732275
364.3		0.732275
364.4		0.732275
364.5		0.732275
364.6		0.732275
364.7		0.732275
364.8		0.732275
364.9		0.732275
365		0.732275
365.1		0.733959
365.2		0.733959
365.3		0.733959
365.4		0.733959
365.5		0.733959
365.6		0.733959
365.7		0.733959
365.8		0.733959
365.9		0.733959
366		0.733959
366.1		0.734327
366.2		0.734327
366.3		0.734327
366.4		0.734327
366.5		0.734327
366.6		0.734327
366.7		0.734327
366.8		0.734327
366.9		0.734327
367		0.734327
367.1		0.73596
367.2		0.73596
367.3		0.73596
367.4		0.73596
367.5		0.73596
367.6		0.73596
367.7		0.73596
367.8		0.73596
367.9		0.73596
368		0.73596
368.1		0.741325
368.2		0.741325
368.3		0.741325
368.4		0.741325
368.5		0.741325
368.6		0.741325
368.7		0.741325
368.8		0.741325
368.9		0.741325
369		0.741325
369.1		0.742968
369.2		0.742968
369.3		0.742968
369.4		0.742968
369.5		0.742968
369.6		0.742968
369.7		0.742968
369.8		0.742968
369.9		0.742968
370		0.742968
370.1		0.743291
370.2		0.743291
370.3		0.743291
370.4		0.743291
370.5		0.743291
370.6		0.743291
370.7		0.743291
370.8		0.743291
370.9		0.743291
371		0.743291
371.1		0.74393
371.2		0.74393
371.3		0.74393
371.4		0.74393
371.5		0.74393
371.6		0.74393
371.7		0.74393
371.8		0.74393
371.9		0.74393
372		0.74393
372.1		0.74923
372.2		0.74923
372.3		0.74923
372.4		0.74923
372.5		0.74923
372.6		0.74923
372.7		0.74923
372.8		0.74923
372.9		0.74923
373		0.74923
373.1		0.749601
373.2		0.749601
373.3		0.749601
373.4		0.749601
373.5		0.749601
373.6		0.749601
373.7		0.749601
373.8		0.749601
373.9		0.749601
374		0.749601
374.1		0.75209
374.2		0.75209
374.3		0.75209
374.4		0.75209
374.5		0.75209
374.6		0.75209
374.7		0.75209
374.8		0.75209
374.9		0.75209
375		0.75209
375.1		0.755582
375.2		0.755582
375.3		0.755582
375.4		0.755582
375.5		0.755582
375.6		0.755582
375.7		0.755582
375.8		0.755582
375.9		0.755582
376		0.755582
376.1		0.757733
376.2		0.757733
376.3		0.757733
376.4		0.757733
376.5		0.757733
376.6		0.757733
376.7		0.757733
376.8		0.757733
376.9		0.757733
377		0.757733
377.1		0.758923
377.2		0.758923
377.3		0.758923
377.4		0.758923
377.5		0.758923
377.6		0.758923
377.7		0.758923
377.8		0.758923
377.9		0.758923
378		0.758923
378.1		0.761483
378.2		0.761483
378.3		0.761483
378.4		0.761483
378.5		0.761483
378.6		0.761483
378.7		0.761483
378.8		0.761483
378.9		0.761483
379		0.761483
379.1		0.762827
379.2		0.762827
379.3		0.762827
379.4		0.762827
379.5		0.762827
379.6		0.762827
379.7		0.762827
379.8		0.762827
379.9		0.762827
380		0.762827
380.1		0.764099
380.2		0.764099
380.3		0.764099
380.4		0.764099
380.5		0.764099
380.6		0.764099
380.7		0.764099
380.8		0.764099
380.9		0.764099
381		0.764099
381.1		0.768983
381.2		0.768983
381.3		0.768983
381.4		0.768983
381.5		0.768983
381.6		0.768983
381.7		0.768983
381.8		0.768983
381.9		0.768983
382		0.768983
382.1		0.769227
382.2		0.769227
382.3		0.769227
382.4		0.769227
382.5		0.769227
382.6		0.769227
382.7		0.769227
382.8		0.769227
382.9		0.769227
383		0.769227
383.1		0.769931
383.2		0.769931
383.3		0.769931
383.4		0.769931
383.5		0.769931
383.6		0.769931
383.7		0.769931
383.8		0.769931
383.9		0.769931
384		0.769931
384.1		0.771554
384.2		0.771554
384.3		0.771554
384.4		0.771554
384.5		0.771554
384.6		0.771554
384.7		0.771554
384.8		0.771554
384.9		0.771554
385		0.771554
385.1		0.775816
385.2		0.775816
385.3		0.775816
385.4		0.775816
385.5		0.775816
385.6		0.775816
385.7		0.775816
385.8		0.775816
385.9		0.775816
386		0.775816
386.1		0.77706
386.2		0.77706
386.3		0.77706
386.4		0.77706
386.5		0.77706
386.6		0.77706
386.7		0.77706
386.8		0.77706
386.9		0.77706
387		0.77706
387.1		0.78139
387.2		0.78139
387.3		0.78139
387.4		0.78139
387.5		0.78139
387.6		0.78139
387.7		0.78139
387.8		0.78139
387.9		0.78139
388		0.78139
388.1		0.781806
388.2		0.781806
388.3		0.781806
388.4		0.781806
388.5		0.781806
388.6		0.781806
388.7		0.781806
388.8		0.781806
388.9		0.781806
389		0.781806
389.1		0.781903
389.2		0.781903
389.3		0.781903
389.4		0.781903
389.5		0.781903
389.6		0.781903
389.7		0.781903
389.8		0.781903
389.9		0.781903
390		0.781903
390.1		0.786842
390.2		0.786842
390.3		0.786842
390.4		0.786842
390.5		0.786842
390.6		0.786842
390.7		0.786842
390.8		0.786842
390.9		0.786842
391		0.786842
391.1		0.787003
391.2		0.787003
391.3		0.787003
391.4		0.787003
391.5		0.787003
391.6		0.787003
391.7		0.787003
391.8		0.787003
391.9		0.787003
392		0.787003
392.1		0.787233
392.2		0.787233
392.3		0.787233
392.4		0.787233
392.5		0.787233
392.6		0.787233
392.7		0.787233
392.8		0.787233
392.9		0.787233
393		0.787233
393.1		0.791066
393.2		0.791066
393.3		0.791066
393.4		0.791066
393.5		0.791066
393.6		0.791066
393.7		0.791066
393.8		0.791066
393.9		0.791066
394		0.791066
394.1		0.795733
394.2		0.795733
394.3		0.795733
394.4		0.795733
394.5		0.795733
394.6		0.795733
394.7		0.795733
394.8		0.795733
394.9		0.795733
395		0.795733
395.1		0.795984
395.2		0.795984
395.3		0.795984
395.4		0.795984
395.5		0.795984
395.6		0.795984
395.7		0.795984
395.8		0.795984
395.9		0.795984
396		0.795984
396.1		0.797486
396.2		0.797486
396.3		0.797486
396.4		0.797486
396.5		0.797486
396.6		0.797486
396.7		0.797486
396.8		0.797486
396.9		0.797486
397		0.797486
397.1		0.797816
397.2		0.797816
397.3		0.797816
397.4		0.797816
397.5		0.797816
397.6		0.797816
397.7		0.797816
397.8		0.797816
397.9		0.797816
398		0.797816
398.1		0.802143
398.2		0.802143
398.3		0.802143
398.4		0.802143
398.5		0.802143
398.6		0.802143
398.7		0.802143
398.8		0.802143
398.9		0.802143
399		0.802143
399.1		0.802411
399.2		0.802411
399.3		0.802411
399.4		0.802411
399.5		0.802411
399.6		0.802411
399.7		0.802411
399.8		0.802411
399.9		0.802411
400		0.802411
400.1		0.806092
400.2		0.806092
400.3		0.806092
400.4		0.806092
400.5		0.806092
400.6		0.806092
400.7		0.806092
400.8		0.806092
400.9		0.806092
401		0.806092
401.1		0.80657
401.2		0.80657
401.3		0.80657
401.4		0.80657
401.5		0.80657
401.6		0.80657
401.7		0.80657
401.8		0.80657
401.9		0.80657
402		0.80657
402.1		0.811798
402.2		0.811798
402.3		0.811798
402.4		0.811798
402.5		0.811798
402.6		0.811798
402.7		0.811798
402.8		0.811798
402.9		0.811798
403		0.811798
403.1		0.812369
403.2		0.812369
403.3		0.812369
403.4		0.812369
403.5		0.812369
403.6		0.812369
403.7		0.812369
403.8		0.812369
403.9		0.812369
404		0.812369
404.1		0.812647
404.2		0.812647
404.3		0.812647
404.4		0.812647
404.5		0.812647
404.6		0.812647
404.7		0.812647
404.8		0.812647
404.9		0.812647
405		0.812647
405.1		0.813145
405.2		0.813145
405.3		0.813145
405.4		0.813145
405.5		0.813145
405.6		0.813145
405.7		0.813145
405.8		0.813145
405.9		0.813145
406		0.813145
406.1		0.817668
406.2		0.817668
406.3		0.817668
406.4		0.817668
406.5		0.817668
406.6		0.817668
406.7		0.817668
406.8		0.817668
406.9		0.817668
407		0.817668
407.1		0.820741
407.2		0.820741
407.3		0.820741
407.4		0.820741
407.5		0.820741
407.6		0.820741
407.7		0.820741
407.8		0.820741
407.9		0.820741
408		0.820741
408.1		0.821116
408.2		0.821116
408.3		0.821116
408.4		0.821116
408.5		0.821116
408.6		0.821116
408.7		0.821116
408.8		0.821116
408.9		0.821116
409		0.821116
409.1		0.822078
409.2		0.822078
409.3		0.822078
409.4		0.822078
409.5		0.822078
409.6		0.822078
409.7		0.822078
409.8		0.822078
409.9		0.822078
410		0.822078
410.1		0.825467
410.2		0.825467
410.3		0.825467
410.4		0.825467
410.5		0.825467
410.6		0.825467
410.7		0.825467
410.8		0.825467
410.9		0.825467
411		0.825467
411.1		0.827595
411.2		0.827595
411.3		0.827595
411.4		0.827595
411.5		0.827595
411.6		0.827595
411.7		0.827595
411.8		0.827595
411.9		0.827595
412		0.827595
412.1		0.82933
412.2		0.82933
412.3		0.82933
412.4		0.82933
412.5		0.82933
412.6		0.82933
412.7		0.82933
412.8		0.82933
412.9		0.82933
413		0.82933
413.1		0.831788
413.2		0.831788
413.3		0.831788
413.4		0.831788
413.5		0.831788
413.6		0.831788
413.7		0.831788
413.8		0.831788
413.9		0.831788
414		0.831788
414.1		0.832022
414.2		0.832022
414.3		0.832022
414.4		0.832022
414.5		0.832022
414.6		0.832022
414.7		0.832022
414.8		0.832022
414.9		0.832022
415		0.832022
415.1		0.837957
415.2		0.837957
415.3		0.837957
415.4		0.837957
415.5		0.837957
415.6		0.837957
415.7		0.837957
415.8		0.837957
415.9		0.837957
416		0.837957
416.1		0.838414
416.2		0.838414
416.3		0.838414
416.4		0.838414
416.5		0.838414
416.6		0.838414
416.7		0.838414
416.8		0.838414
416.9		0.838414
417		0.838414
417.1		0.839861
417.2		0.839861
417.3		0.839861
417.4		0.839861
417.5		0.839861
417.6		0.839861
417.7		0.839861
417.8		0.839861
417.9		0.839861
418		0.839861
418.1		0.84202
418.2		0.84202
418.3		0.84202
418.4		0.84202
418.5		0.84202
418.6		0.84202
418.7		0.84202
418.8		0.84202
418.9		0.84202
419		0.84202
419.1		0.843395
419.2		0.843395
419.3		0.843395
419.4		0.843395
419.5		0.843395
419.6		0.843395
419.7		0.843395
419.8		0.843395
419.9		0.843395
420		0.843395
420.1		0.847347
420.2		0.847347
420.3		0.847347
420.4		0.847347
420.5		0.847347
420.6		0.847347
420.7		0.847347
420.8		0.847347
420.9		0.847347
421		0.847347
421.1		0.84798
421.2		0.84798
421.3		0.84798
421.4		0.84798
421.5		0.84798
421.6		0.84798
421.7		0.84798
421.8		0.84798
421.9		0.84798
422		0.84798
422.1		0.848231
422.2		0.848231
422.3		0.848231
422.4		0.848231
422.5		0.848231
422.6		0.848231
422.7		0.848231
422.8		0.848231
422.9		0.848231
423		0.848231
423.1		0.852077
423.2		0.852077
423.3		0.852077
423.4		0.852077
423.5		0.852077
423.6		0.852077
423.7		0.852077
423.8		0.852077
423.9		0.852077
424		0.852077
424.1		0.85584
424.2		0.85584
424.3		0.85584
424.4		0.85584
424.5		0.85584
424.6		0.85584
424.7		0.85584
424.8		0.85584
424.9		0.85584
425		0.85584
425.1		0.857676
425.2		0.857676
425.3		0.857676
425.4		0.857676
425.5		0.857676
425.6		0.857676
425.7		0.857676
425.8		0.857676
425.9		0.857676
426		0.857676
426.1		0.857978
426.2		0.857978
426.3		0.857978
426.4		0.857978
426.5		0.857978
426.6		0.857978
426.7		0.857978
426.8		0.857978
426.9		0.857978
427		0.857978
427.1		0.858421
427.2		0.858421
427.3		0.858421
427.4		0.858421
427.5		0.858421
427.6		0.858421
427.7		0.858421
427.8		0.858421
427.9		0.858421
428		0.858421
428.1		0.862811
428.2		0.862811
428.3		0.862811
428.4		0.862811
428.5		0.862811
428.6		0.862811
428.7		0.862811
428.8		0.862811
428.9		0.862811
429		0.862811
429.1		0.863426
429.2		0.863426
429.3		0.863426
429.4		0.863426
429.5		0.863426
429.6		0.863426
429.7		0.863426
429.8		0.863426
429.9		0.863426
430		0.863426
430.1		0.865031
430.2		0.865031
430.3		0.865031
430.4		0.865031
430.5		0.865031
430.6		0.865031
430.7		0.865031
430.8		0.865031
430.9		0.865031
431		0.865031
431.1		0.867719
431.2		0.867719
431.3		0.867719
431.4		0.867719
431.5		0.867719
431.6		0.867719
431.7		0.867719
431.8		0.867719
431.9		0.867719
432		0.867719
432.1		0.869148
432.2		0.869148
432.3		0.869148
432.4		0.869148
432.5		0.869148
432.6		0.869148
432.7		0.869148
432.8		0.869148
432.9		0.869148
433		0.869148
433.1		0.872379
433.2		0.872379
433.3		0.872379
433.4		0.872379
433.5		0.872379
433.6		0.872379
433.7		0.872379
433.8		0.872379
433.9		0.872379
434		0.872379
434.1		0.873922
434.2		0.873922
434.3		0.873922
434.4		0.873922
434.5		0.873922
434.6		0.873922
434.7		0.873922
434.8		0.873922
434.9		0.873922
435		0.873922
435.1		0.875885
435.2		0.875885
435.3		0.875885
435.4		0.875885
435.5		0.875885
435.6		0.875885
435.7		0.875885
435.8		0.875885
435.9		0.875885
436		0.875885
436.1		0.877827
436.2		0.877827
436.3		0.877827
436.4		0.877827
436.5		0.877827
436.6		0.877827
436.7		0.877827
436.8		0.877827
436.9		0.877827
437		0.877827
437.1		0.878748
437.2		0.878748
437.3		0.878748
437.4		0.878748
437.5		0.878748
437.6		0.878748
437.7		0.878748
437.8		0.878748
437.9		0.878748
438		0.878748
438.1		0.883962
438.2		0.883962
438.3		0.883962
438.4		0.883962
438.5		0.883962
438.6		0.883962
438.7		0.883962
438.8		0.883962
438.9		0.883962
439		0.883962
439.1		0.885144
439.2		0.885144
439.3		0.885144
439.4		0.885144
439.5		0.885144
439.6		0.885144
439.7		0.885144
439.8		0.885144
439.9		0.885144
440		0.885144
440.1		0.887028
440.2		0.887028
440.3		0.887028
440.4		0.887028
440.5		0.887028
440.6		0.887028
440.7		0.887028
440.8		0.887028
440.9		0.887028
441		0.887028
441.1		0.888781
441.2		0.888781
441.3		0.888781
441.4		0.888781
441.5		0.888781
441.6		0.888781
441.7		0.888781
441.8		0.888781
441.9		0.888781
442		0.888781
442.1		0.890114
442.2		0.890114
442.3		0.890114
442.4		0.890114
442.5		0.890114
442.6		0.890114
442.7		0.890114
442.8		0.890114
442.9		0.890114
443		0.890114
443.1		0.891307
443.2		0.891307
443.3		0.891307
443.4		0.891307
443.5		0.891307
443.6		0.891307
443.7		0.891307
443.8		0.891307
443.9		0.891307
444		0.891307
444.1		0.893665
444.2		0.893665
444.3		0.893665
444.4		0.893665
444.5		0.893665
444.6		0.893665
444.7		0.893665
444.8		0.893665
444.9		0.893665
445		0.893665
445.1		0.898789
445.2		0.898789
445.3		0.898789
445.4		0.898789
445.5		0.898789
445.6		0.898789
445.7		0.898789
445.8		0.898789
445.9		0.898789
446		0.898789
446.1		0.901013
446.2		0.901013
446.3		0.901013
446.4		0.901013
446.5		0.901013
446.6		0.901013
446.7		0.901013
446.8		0.901013
446.9		0.901013
447		0.901013
447.1		0.901323
447.2		0.901323
447.3		0.901323
447.4		0.901323
447.5		0.901323
447.6		0.901323
447.7		0.901323
447.8		0.901323
447.9		0.901323
448		0.901323
448.1		0.901965
448.2		0.901965
448.3		0.901965
448.4		0.901965
448.5		0.901965
448.6		0.901965
448.7		0.901965
448.8		0.901965
448.9		0.901965
449		0.901965
449.1		0.903436
449.2		0.903436
449.3		0.903436
449.4		0.903436
449.5		0.903436
449.6		0.903436
449.7		0.903436
449.8		0.903436
449.9		0.903436
450		0.903436
450.1		0.90853
450.2		0.90853
450.3		0.90853
450.4		0.90853
450.5		0.90853
450.6		0.90853
450.7		0.90853
450.8		0.90853
450.9		0.90853
451		0.90853
451.1		0.910101
451.2		0.910101
451.3		0.910101
451.4		0.910101
451.5		0.910101
451.6		0.910101
451.7		0.910101
451.8		0.910101
451.9		0.910101
452		0.910101
452.1		0.910634
452.2		0.910634
452.3		0.910634
452.4		0.910634
452.5		0.910634
452.6		0.910634
452.7		0.910634
452.8		0.910634
452.9		0.910634
453		0.910634
453.1		0.912974
453.2		0.912974
453.3		0.912974
453.4		0.912974
453.5		0.912974
453.6		0.912974
453.7		0.912974
453.8		0.912974
453.9		0.912974
454		0.912974
454.1		0.914779
454.2		0.914779
454.3		0.914779
454.4		0.914779
454.5		0.914779
454.6		0.914779
454.7		0.914779
454.8		0.914779
454.9		0.914779
455		0.914779
455.1		0.916958
455.2		0.916958
455.3		0.916958
455.4		0.916958
455.5		0.916958
455.6		0.916958
455.7		0.916958
455.8		0.916958
455.9		0.916958
456		0.916958
456.1		0.919941
456.2		0.919941
456.3		0.919941
456.4		0.919941
456.5		0.919941
456.6		0.919941
456.7		0.919941
456.8		0.919941
456.9		0.919941
457		0.919941
457.1		0.920529
457.2		0.920529
457.3		0.920529
457.4		0.920529
457.5		0.920529
457.6		0.920529
457.7		0.920529
457.8		0.920529
457.9		0.920529
458		0.920529
458.1		0.924701
458.2		0.924701
458.3		0.924701
458.4		0.924701
458.5		0.924701
458.6		0.924701
458.7		0.924701
458.8		0.924701
458.9		0.924701
459		0.924701
459.1		0.925499
459.2		0.925499
459.3		0.925499
459.4		0.925499
459.5		0.925499
459.6		0.925499
459.7		0.925499
459.8		0.925499
459.9		0.925499
460		0.925499
460.1		0.925966
460.2		0.925966
460.3		0.925966
460.4		0.925966
460.5		0.925966
460.6		0.925966
460.7		0.925966
460.8		0.925966
460.9		0.925966
461		0.925966
461.1		0.928595
461.2		0.928595
461.3		0.928595
461.4		0.928595
461.5		0.928595
461.6		0.928595
461.7		0.928595
461.8		0.928595
461.9		0.928595
462		0.928595
462.1		0.933146
462.2		0.933146
462.3		0.933146
462.4		0.933146
462.5		0.933146
462.6		0.933146
462.7		0.933146
462.8		0.933146
462.9		0.933146
463		0.933146
463.1		0.933225
463.2		0.933225
463.3		0.933225
463.4		0.933225
463.5		0.933225
463.6		0.933225
463.7		0.933225
463.8		0.933225
463.9		0.933225
464		0.933225
464.1		0.93448
464.2		0.93448
464.3		0.93448
464.4		0.93448
464.5		0.93448
464.6		0.93448
464.7		0.93448
464.8		0.93448
464.9		0.93448
465		0.93448
465.1		0.93605
465.2		0.93605
465.3		0.93605
465.4		0.93605
465.5		0.93605
465.6		0.93605
465.7		0.93605
465.8		0.93605
465.9		0.93605
466		0.93605
466.1		0.941099
466.2		0.941099
466.3		0.941099
466.4		0.941099
466.5		0.941099
466.6		0.941099
466.7		0.941099
466.8		0.941099
466.9		0.941099
467		0.941099
467.1		0.942055
467.2		0.942055
467.3		0.942055
467.4		0.942055
467.5		0.942055
467.6		0.942055
467.7		0.942055
467.8		0.942055
467.9		0.942055
468		0.942055
468.1		0.943622
468.2		0.943622
468.3		0.943622
468.4		0.943622
468.5		0.943622
468.6		0.943622
468.7		0.943622
468.8		0.943622
468.9		0.943622
469		0.943622
469.1		0.944756
469.2		0.944756
469.3		0.944756
469.4		0.944756
469.5		0.944756
469.6		0.944756
469.7		0.944756
469.8		0.944756
469.9		0.944756
470		0.944756
470.1		0.947417
470.2		0.947417
470.3		0.947417
470.4		0.947417
470.5		0.947417
470.6		0.947417
470.7		0.947417
470.8		0.947417
470.9		0.947417
471		0.947417
471.1		0.95183
471.2		0.95183
471.3		0.95183
471.4		0.95183
471.5		0.95183
471.6		0.95183
471.7		0.95183
471.8		0.95183
471.9		0.95183
472		0.95183
472.1		0.952562
472.2		0.952562
472.3		0.952562
472.4		0.952562
472.5		0.952562
472.6		0.952562
472.7		0.952562
472.8		0.952562
472.9		0.952562
473		0.952562
473.1		0.952858
473.2		0.952858
473.3		0.952858
473.4		0.952858
473.5		0.952858
473.6		0.952858
473.7		0.952858
473.8		0.952858
473.9		0.952858
474		0.952858
474.1		0.956576
474.2		0.956576
474.3		0.956576
474.4		0.956576
474.5		0.956576
474.6		0.956576
474.7		0.956576
474.8		0.956576
474.9		0.956576
475		0.956576
475.1		0.960199
475.2		0.960199
475.3		0.960199
475.4		0.960199
475.5		0.960199
475.6		0.960199
475.7		0.960199
475.8		0.960199
475.9		0.960199
476		0.960199
476.1		0.960319
476.2		0.960319
476.3		0.960319
476.4		0.960319
476.5		0.960319
476.6		0.960319
476.7		0.960319
476.8		0.960319
476.9		0.960319
477		0.960319
477.1		0.960818
477.2		0.960818
477.3		0.960818
477.4		0.960818
477.5		0.960818
477.6		0.960818
477.7		0.960818
477.8		0.960818
477.9		0.960818
478		0.960818
478.1		0.965104
478.2		0.965104
478.3		0.965104
478.4		0.965104
478.5		0.965104
478.6		0.965104
478.7		0.965104
478.8		0.965104
478.9		0.965104
479		0.965104
479.1		0.96709
479.2		0.96709
479.3		0.96709
479.4		0.96709
479.5		0.96709
479.6		0.96709
479.7		0.96709
479.8		0.96709
479.9		0.96709
480		0.96709
480.1		0.969541
480.2		0.969541
480.3		0.969541
480.4		0.969541
480.5		0.969541
480.6		0.969541
480.7		0.969541
480.8		0.969541
480.9		0.969541
481		0.969541
481.1		0.970582
481.2		0.970582
481.3		0.970582
481.4		0.970582
481.5		0.970582
481.6		0.970582
481.7		0.970582
481.8		0.970582
481.9		0.970582
482		0.970582
482.1		0.971081
482.2		0.971081
482.3		0.971081
482.4		0.971081
482.5		0.971081
482.6		0.971081
482.7		0.971081
482.8		0.971081
482.9		0.971081
483		0.971081
483.1		0.971624
483.2		0.971624
483.3		0.971624
483.4		0.971624
483.5		0.971624
483.6		0.971624
483.7		0.971624
483.8		0.971624
483.9		0.971624
484		0.971624
484.1		0.978082
484.2		0.978082
484.3		0.978082
484.4		0.978082
484.5		0.978082
484.6		0.978082
484.7		0.978082
484.8		0.978082
484.9		0.978082
485		0.978082
485.1		0.978467
485.2		0.978467
485.3		0.978467
485.4		0.978467
485.5		0.978467
485.6		0.978467
485.7		0.978467
485.8		0.978467
485.9		0.978467
486		0.978467
486.1		0.978769
486.2		0.978769
486.3		0.978769
486.4		0.978769
486.5		0.978769
486.6		0.978769
486.7		0.978769
486.8		0.978769
486.9		0.978769
487		0.978769
487.1		0.979594
487.2		0.979594
487.3		0.979594
487.4		0.979594
487.5		0.979594
487.6		0.979594
487.7		0.979594
487.8		0.979594
487.9		0.979594
488		0.979594
488.1		0.986461
488.2		0.986461
488.3		0.986461
488.4		0.986461
488.5		0.986461
488.6		0.986461
488.7		0.986461
488.8		0.986461
488.9		0.986461
489		0.986461
489.1		0.987049
489.2		0.987049
489.3		0.987049
489.4		0.987049
489.5		0.987049
489.6		0.987049
489.7		0.987049
489.8		0.987049
489.9		0.987049
490		0.987049
490.1		0.989582
490.2		0.989582
490.3		0.989582
490.4		0.989582
490.5		0.989582
490.6		0.989582
490.7		0.989582
490.8		0.989582
490.9		0.989582
491		0.989582
491.1		0.990634
491.2		0.990634
491.3		0.990634
491.4		0.990634
491.5		0.990634
491.6		0.990634
491.7		0.990634
491.8		0.990634
491.9		0.990634
492		0.990634
492.1		0.993353
492.2		0.993353
492.3		0.993353
492.4		0.993353
492.5		0.993353
492.6		0.993353
492.7		0.993353
492.8		0.993353
492.9		0.993353
493		0.993353
493.1		0.994624
493.2		0.994624
493.3		0.994624
493.4		0.994624
493.5		0.994624
493.6		0.994624
493.7		0.994624
493.8		0.994624
493.9		0.994624
494		0.994624
494.1		0.997213
494.2		0.997213
494.3		0.997213
494.4		0.997213
494.5		0.997213
494.6		0.997213
494.7		0.997213
494.8		0.997213
494.9		0.997213
495		0.997213
495.1		0.999849
495.2		0.999849
495.3		0.999849
495.4		0.999849
495.5		0.999849
495.6		0.999849
495.7		0.999849
495.8		0.999849
495.9		0.999849
496		0.999849
496.1		1
496.2		1
496.3		1
496.4		1
496.5		1
496.6		1
496.7		1
496.8		1
496.9		1
497		1
497.1		1
497.2		1
497.3		1
497.4		1
497.5		1
497.6		1
497.7		1
497.8		1
497.9		1
498		1
498.1		1
498.2		1
498.3		1
498.4		1
498.5		1
498.6		1
498.7		1
498.8		1
498.9		1
499		1
499.1		1
499.2		1
499.3		1
499.4		1
499.5		1
499.6		1
499.7		1
499.8		1
499.9		1
500		1
500.1		1
500.2		1
500.3		1
500.4		1
500.5		1
500.6		1
500.7		1
500.8		1
500.9		1
501		1
501.1		1
501.2		1
501.3		1
501.4		1
501.5		1
501.6		1
501.7		1
501.8		1
501.9		1
502		1
502.1		1
502.2		1
502.3		1
502.4		1
502.5		1
502.6		1
502.7		1
502.8		1
502.9		1
503		1
503.1		1
503.2		1
503.3		1
503.4		1
503.5		1
503.6		1
503.7		1
503.8		1
503.9		1
504		1
504.1		1
504.2		1
504.3		1
504.4		1
504.5		1
504.6		1
504.7		1
504.8		1
504.9		1
505		1
505.1		1
505.2		1
505.3		1
505.4		1
505.5		1
505.6		1
505.7		1
505.8		1
505.9		1
506		1
506.1		1
506.2		1
506.3		1
506.4		1
506.5		1
506.6		1
506.7		1
506.8		1
506.9		1
507		1
507.1		1
507.2		1
507.3		1
507.4		1
507.5		1
507.6		1
507.7		1
507.8		1
507.9		1
508		1
508.1		1
508.2		1
508.3		1
508.4		1
508.5		1
508.6		1
508.7		1
508.8		1
508.9		1
509		1
509.1		1
509.2		1
509.3		1
509.4		1
509.5		1
509.6		1
509.7		1
509.8		1
509.9		1
510		1
510.1		1
510.2		1
510.3		1
510.4		1
510.5		1
510.6		1
510.7		1
510.8		1
510.9		1
511		1
511.1		1
511.2		1
511.3		1
511.4		1
511.5		1
511.6		1
511.7		1
511.8		1
511.9		1
512		1
512.1		1
512.2		1
512.3		1
512.4		1
512.5		1
512.6		1
512.7		1
512.8		1
512.9		1
513		1
513.1		1
513.2		1
513.3		1
513.4		1
513.5		1
513.6		1
513.7		1
513.8		1
513.9		1
514		1
514.1		1
514.2		1
514.3		1
514.4		1
514.5		1
514.6		1
514.7		1
514.8		1
514.9		1
515		1
515.1		1
515.2		1
515.3		1
515.4		1
515.5		1
515.6		1
515.7		1
515.8		1
515.9		1
516		1
516.1		1
516.2		1
516.3		1
516.4		1
516.5		1
516.6		1
516.7		1
516.8		1
516.9		1
517		1
517.1		1
517.2		1
517.3		1
517.4		1
517.5		1
517.6		1
517.7		1
517.8		1
517.9		1
518		1
518.1		1
518.2		1
518.3		1
518.4		1
518.5		1
518.6		1
518.7		1
518.8		1
518.9		1
519		1
519.1		1
519.2		1
519.3		1
519.4		1
519.5		1
519.6		1
519.7		1
519.8		1
519.9		1
520		1
520.1		1
520.2		1
520.3		1
520.4		1
520.5		1
520.6		1
520.7		1
520.8		1
520.9		1
521		1
521.1		1
521.2		1
521.3		1
521.4		1
521.5		1
521.6		1
521.7		1
521.8		1
521.9		1
522		1
522.1		1
522.2		1
522.3		1
522.4		1
522.5		1
522.6		1
522.7		1
522.8		1
522.9		1
523		1
523.1		1
523.2		1
523.3		1
523.4		1
523.5		1
523.6		1
523.7		1
523.8		1
523.9		1
524		1
524.1		1
524.2		1
524.3		1
524.4		1
524.5		1
524.6		1
524.7		1
524.8		1
524.9		1
525		1
525.1		1
525.2		1
525.3		1
525.4		1
525.5		1
525.6		1
525.7		1
525.8		1
525.9		1
526		1
526.1		1
526.2		1
526.3		1
526.4		1
526.5		1
526.6		1
526.7		1
526.8		1
526.9		1
527		1
527.1		1
527.2		1
527.3		1
527.4		1
527.5		1
527.6		1
527.7		1
527.8		1
527.9		1
528		1
528.1		1
528.2		1
528.3		1
528.4		1
528.5		1
528.6		1
528.7		1
528.8		1
528.9		1
529		1
529.1		1
529.2		1
529.3		1
529.4		1
529.5		1
529.6		1
529.7		1
529.8		1
529.9		1
530		1
530.1		1
530.2		1
530.3		1
530.4		1
530.5		1
530.6		1
530.7		1
530.8		1
530.9		1
531		1
531.1		1
531.2		1
531.3		1
531.4		1
531.5		1
531.6		1
531.7		1
531.8		1
531.9		1
532		1
532.1		1
532.2		1
532.3		1
532.4		1
532.5		1
532.6		1
532.7		1
532.8		1
532.9		1
533		1
533.1		1
533.2		1
533.3		1
533.4		1
533.5		1
533.6		1
533.7		1
533.8		1
533.9		1
534		1
534.1		1
534.2		1
534.3		1
534.4		1
534.5		1
534.6		1
534.7		1
534.8		1
534.9		1
535		1
535.1		1
535.2		1
535.3		1
535.4		1
535.5		1
535.6		1
535.7		1
535.8		1
535.9		1
536		1
536.1		1
536.2		1
536.3		1
536.4		1
536.5		1
536.6		1
536.7		1
536.8		1
536.9		1
537		1
537.1		1
537.2		1
537.3		1
537.4		1
537.5		1
537.6		1
537.7		1
537.8		1
537.9		1
538		1
538.1		1
538.2		1
538.3		1
538.4		1
538.5		1
538.6		1
538.7		1
538.8		1
538.9		1
539		1
539.1		1
539.2		1
539.3		1
539.4		1
539.5		1
539.6		1
539.7		1
539.8		1
539.9		1
540		1
540.1		1
540.2		1
540.3		1
540.4		1
540.5		1
540.6		1
540.7		1
540.8		1
540.9		1
541		1
541.1		1
541.2		1
541.3		1
541.4		1
541.5		1
541.6		1
541.7		1
541.8		1
541.9		1
542		1
542.1		1
542.2		1
542.3		1
542.4		1
542.5		1
542.6		1
542.7		1
542.8		1
542.9		1
543		1
543.1		1
543.2		1
543.3		1
543.4		1
543.5		1
543.6		1
543.7		1
543.8		1
543.9		1
544		1
544.1		1
544.2		1
544.3		1
544.4		1
544.5		1
544.6		1
544.7		1
544.8		1
544.9		1
545		1
545.1		1
545.2		1
545.3		1
545.4		1
545.5		1
545.6		1
545.7		1
545.8		1
545.9		1
546		1
546.1		1
546.2		1
546.3		1
546.4		1
546.5		1
546.6		1
546.7		1
546.8		1
546.9		1
547		1
547.1		1
547.2		1
547.3		1
547.4		1
547.5		1
547.6		1
547.7		1
547.8		1
547.9		1
548		1
548.1		1
548.2		1
548.3		1
548.4		1
548.5		1
548.6		1
548.7		1
548.8		1
548.9		1
549		1
549.1		1
549.2		1
549.3		1
549.4		1
549.5		1
549.6		1
549.7		1
549.8		1
549.9		1
550		1
550.1		1
550.2		1
550.3		1
550.4		1
550.5		1
550.6		1
550.7		1
550.8		1
550.9		1
551		1
551.1		1
551.2		1
551.3		1
551.4		1
551.5		1
551.6		1
551.7		1
551.8		1
551.9		1
552		1
552.1		1
552.2		1
552.3		1
552.4		1
552.5		1
552.6		1
552.7		1
552.8		1
552.9		1
553		1
553.1		1
553.2		1
553.3		1
553.4		1
553.5		1
553.6		1
553.7		1
553.8		1
553.9		1
554		1
554.1		1
554.2		1
554.3		1
554.4		1
554.5		1
554.6		1
554.7		1
554.8		1
554.9		1
555		1
555.1		1
555.2		1
555.3		1
555.4		1
555.5		1
555.6		1
555.7		1
555.8		1
555.9		1
556		1
556.1		1
556.2		1
556.3		1
556.4		1
556.5		1
556.6		1
556.7		1
556.8		1
556.9		1
557		1
557.1		1
557.2		1
557.3		1
557.4		1
557.5		1
557.6		1
557.7		1
557.8		1
557.9		1
558		1
558.1		1
558.2		1
558.3		1
558.4		1
558.5		1
558.6		1
558.7		1
558.8		1
558.9		1
559		1
559.1		1
559.2		1
559.3		1
559.4		1
559.5		1
559.6		1
559.7		1
559.8		1
559.9		1
560		1
560.1		1
560.2		1
560.3		1
560.4		1
560.5		1
560.6		1
560.7		1
560.8		1
560.9		1
561		1
561.1		1
561.2		1
561.3		1
561.4		1
561.5		1
561.6		1
561.7		1
561.8		1
561.9		1
562		1
562.1		1
562.2		1
562.3		1
562.4		1
562.5		1
562.6		1
562.7		1
562.8		1
562.9		1
563		1
563.1		1
563.2		1
563.3		1
563.4		1
563.5		1
563.6		1
563.7		1
563.8		1
563.9		1
564		1
564.1		1
564.2		1
564.3		1
564.4		1
564.5		1
564.6		1
564.7		1
564.8		1
564.9		1
565		1
565.1		1
565.2		1
565.3		1
565.4		1
565.5		1
565.6		1
565.7		1
565.8		1
565.9		1
566		1
566.1		1
566.2		1
566.3		1
566.4		1
566.5		1
566.6		1
566.7		1
566.8		1
566.9		1
567		1
567.1		1
567.2		1
567.3		1
567.4		1
567.5		1
567.6		1
567.7		1
567.8		1
567.9		1
568		1
568.1		1
568.2		1
568.3		1
568.4		1
568.5		1
568.6		1
568.7		1
568.8		1
568.9		1
569		1
569.1		1
569.2		1
569.3		1
569.4		1
569.5		1
569.6		1
569.7		1
569.8		1
569.9		1
570		1
570.1		1
570.2		1
570.3		1
570.4		1
570.5		1
570.6		1
570.7		1
570.8		1
570.9		1
571		1
571.1		1
571.2		1
571.3		1
571.4		1
571.5		1
571.6		1
571.7		1
571.8		1
571.9		1
572		1
572.1		1
572.2		1
572.3		1
572.4		1
572.5		1
572.6		1
572.7		1
572.8		1
572.9		1
573		1
573.1		1
573.2		1
573.3		1
573.4		1
573.5		1
573.6		1
573.7		1
573.8		1
573.9		1
574		1
574.1		1
574.2		1
574.3		1
574.4		1
574.5		1
574.6		1
574.7		1
574.8		1
574.9		1
575		1
575.1		1
575.2		1
575.3		1
575.4		1
575.5		1
575.6		1
575.7		1
575.8		1
575.9		1
576		1
576.1		1
576.2		1
576.3		1
576.4		1
576.5		1
576.6		1
576.7		1
576.8		1
576.9		1
577		1
577.1		1
577.2		1
577.3		1
577.4		1
577.5		1
577.6		1
577.7		1
577.8		1
577.9		1
578		1
578.1		1
578.2		1
578.3		1
578.4		1
578.5		1
578.6		1
578.7		1
578.8		1
578.9		1
579		1
579.1		1
579.2		1
579.3		1
579.4		1
579.5		1
579.6		1
579.7		1
579.8		1
579.9		1
580		1
580.1		1
580.2		1
580.3		1
580.4		1
580.5		1
580.6		1
580.7		1
580.8		1
580.9		1
581		1
581.1		1
581.2		1
581.3		1
581.4		1
581.5		1
581.6		1
581.7		1
581.8		1
581.9		1
582		1
582.1		1
582.2		1
582.3		1
582.4		1
582.5		1
582.6		1
582.7		1
582.8		1
582.9		1
583		1
583.1		1
583.2		1
583.3		1
583.4		1
583.5		1
583.6		1
583.7		1
583.8		1
583.9		1
584		1
584.1		1
584.2		1
584.3		1
584.4		1
584.5		1
584.6		1
584.7		1
584.8		1
584.9		1
585		1
585.1		1
585.2		1
585.3		1
585.4		1
585.5		1
585.6		1
585.7		1
585.8		1
585.9		1
586		1
586.1		1
586.2		1
586.3		1
586.4		1
586.5		1
586.6		1
586.7		1
586.8		1
586.9		1
587		1
587.1		1
587.2		1
587.3		1
587.4		1
587.5		1
587.6		1
587.7		1
587.8		1
587.9		1
588		1
588.1		1
588.2		1
588.3		1
588.4		1
588.5		1
588.6		1
588.7		1
588.8		1
588.9		1
589		1
589.1		1
589.2		1
589.3		1
589.4		1
589.5		1
589.6		1
589.7		1
589.8		1
589.9		1
590		1
590.1		1
590.2		1
590.3		1
590.4		1
590.5		1
590.6		1
590.7		1
590.8		1
590.9		1
591		1
591.1		1
591.2		1
591.3		1
591.4		1
591.5		1
591.6		1
591.7		1
591.8		1
591.9		1
592		1
592.1		1
592.2		1
592.3		1
592.4		1
592.5		1
592.6		1
592.7		1
592.8		1
592.9		1
593		1
593.1		1
593.2		1
593.3		1
593.4		1
593.5		1
593.6		1
593.7		1
593.8		1
593.9		1
594		1
594.1		1
594.2		1
594.3		1
594.4		1
594.5		1
594.6		1
594.7		1
594.8		1
594.9		1
595		1
595.1		1
595.2		1
595.3		1
595.4		1
595.5		1
595.6		1
595.7		1
595.8		1
595.9		1
596		1
596.1		1
596.2		1
596.3		1
596.4		1
596.5		1
596.6		1
596.7		1
596.8		1
596.9		1
597		1
597.1		1
597.2		1
597.3		1
597.4		1
597.5		1
597.6		1
597.7		1
597.8		1
597.9		1
598		1
598.1		1
598.2		1
598.3		1
598.4		1
598.5		1
598.6		1
598.7		1
598.8		1
598.9		1
599		1
599.1		1
599.2		1
599.3		1
599.4		1
599.5		1
599.6		1
599.7		1
599.8		1
599.9		1
600		1
