# Calibration file of tamex_id 1 @ channel 40
# fine_T bin		 Calibration value
0.1		0
0.2		0
0.3		0
0.4		0
0.5		0
0.6		0
0.7		0
0.8		0
0.9		0
1		0
1.1		0
1.2		0
1.3		0
1.4		0
1.5		0
1.6		0
1.7		0
1.8		0
1.9		0
2		0
2.1		0
2.2		0
2.3		0
2.4		0
2.5		0
2.6		0
2.7		0
2.8		0
2.9		0
3		0
3.1		0
3.2		0
3.3		0
3.4		0
3.5		0
3.6		0
3.7		0
3.8		0
3.9		0
4		0
4.1		0
4.2		0
4.3		0
4.4		0
4.5		0
4.6		0
4.7		0
4.8		0
4.9		0
5		0
5.1		0
5.2		0
5.3		0
5.4		0
5.5		0
5.6		0
5.7		0
5.8		0
5.9		0
6		0
6.1		0
6.2		0
6.3		0
6.4		0
6.5		0
6.6		0
6.7		0
6.8		0
6.9		0
7		0
7.1		0
7.2		0
7.3		0
7.4		0
7.5		0
7.6		0
7.7		0
7.8		0
7.9		0
8		0
8.1		0
8.2		0
8.3		0
8.4		0
8.5		0
8.6		0
8.7		0
8.8		0
8.9		0
9		0
9.1		0
9.2		0
9.3		0
9.4		0
9.5		0
9.6		0
9.7		0
9.8		0
9.9		0
10		0
10.1		0
10.2		0
10.3		0
10.4		0
10.5		0
10.6		0
10.7		0
10.8		0
10.9		0
11		0
11.1		0
11.2		0
11.3		0
11.4		0
11.5		0
11.6		0
11.7		0
11.8		0
11.9		0
12		0
12.1		0
12.2		0
12.3		0
12.4		0
12.5		0
12.6		0
12.7		0
12.8		0
12.9		0
13		0
13.1		0
13.2		0
13.3		0
13.4		0
13.5		0
13.6		0
13.7		0
13.8		0
13.9		0
14		0
14.1		0
14.2		0
14.3		0
14.4		0
14.5		0
14.6		0
14.7		0
14.8		0
14.9		0
15		0
15.1		0
15.2		0
15.3		0
15.4		0
15.5		0
15.6		0
15.7		0
15.8		0
15.9		0
16		0
16.1		6.45152e-05
16.2		6.45152e-05
16.3		6.45152e-05
16.4		6.45152e-05
16.5		6.45152e-05
16.6		6.45152e-05
16.7		6.45152e-05
16.8		6.45152e-05
16.9		6.45152e-05
17		6.45152e-05
17.1		0.00758054
17.2		0.00758054
17.3		0.00758054
17.4		0.00758054
17.5		0.00758054
17.6		0.00758054
17.7		0.00758054
17.8		0.00758054
17.9		0.00758054
18		0.00758054
18.1		0.00788929
18.2		0.00788929
18.3		0.00788929
18.4		0.00788929
18.5		0.00788929
18.6		0.00788929
18.7		0.00788929
18.8		0.00788929
18.9		0.00788929
19		0.00788929
19.1		0.0109768
19.2		0.0109768
19.3		0.0109768
19.4		0.0109768
19.5		0.0109768
19.6		0.0109768
19.7		0.0109768
19.8		0.0109768
19.9		0.0109768
20		0.0109768
20.1		0.0132671
20.2		0.0132671
20.3		0.0132671
20.4		0.0132671
20.5		0.0132671
20.6		0.0132671
20.7		0.0132671
20.8		0.0132671
20.9		0.0132671
21		0.0132671
21.1		0.0165251
21.2		0.0165251
21.3		0.0165251
21.4		0.0165251
21.5		0.0165251
21.6		0.0165251
21.7		0.0165251
21.8		0.0165251
21.9		0.0165251
22		0.0165251
22.1		0.0166772
22.2		0.0166772
22.3		0.0166772
22.4		0.0166772
22.5		0.0166772
22.6		0.0166772
22.7		0.0166772
22.8		0.0166772
22.9		0.0166772
23		0.0166772
23.1		0.0176311
23.2		0.0176311
23.3		0.0176311
23.4		0.0176311
23.5		0.0176311
23.6		0.0176311
23.7		0.0176311
23.8		0.0176311
23.9		0.0176311
24		0.0176311
24.1		0.0201011
24.2		0.0201011
24.3		0.0201011
24.4		0.0201011
24.5		0.0201011
24.6		0.0201011
24.7		0.0201011
24.8		0.0201011
24.9		0.0201011
25		0.0201011
25.1		0.0236633
25.2		0.0236633
25.3		0.0236633
25.4		0.0236633
25.5		0.0236633
25.6		0.0236633
25.7		0.0236633
25.8		0.0236633
25.9		0.0236633
26		0.0236633
26.1		0.0249351
26.2		0.0249351
26.3		0.0249351
26.4		0.0249351
26.5		0.0249351
26.6		0.0249351
26.7		0.0249351
26.8		0.0249351
26.9		0.0249351
27		0.0249351
27.1		0.0280042
27.2		0.0280042
27.3		0.0280042
27.4		0.0280042
27.5		0.0280042
27.6		0.0280042
27.7		0.0280042
27.8		0.0280042
27.9		0.0280042
28		0.0280042
28.1		0.0284005
28.2		0.0284005
28.3		0.0284005
28.4		0.0284005
28.5		0.0284005
28.6		0.0284005
28.7		0.0284005
28.8		0.0284005
28.9		0.0284005
29		0.0284005
29.1		0.0293498
29.2		0.0293498
29.3		0.0293498
29.4		0.0293498
29.5		0.0293498
29.6		0.0293498
29.7		0.0293498
29.8		0.0293498
29.9		0.0293498
30		0.0293498
30.1		0.0326125
30.2		0.0326125
30.3		0.0326125
30.4		0.0326125
30.5		0.0326125
30.6		0.0326125
30.7		0.0326125
30.8		0.0326125
30.9		0.0326125
31		0.0326125
31.1		0.0329765
31.2		0.0329765
31.3		0.0329765
31.4		0.0329765
31.5		0.0329765
31.6		0.0329765
31.7		0.0329765
31.8		0.0329765
31.9		0.0329765
32		0.0329765
32.1		0.0336401
32.2		0.0336401
32.3		0.0336401
32.4		0.0336401
32.5		0.0336401
32.6		0.0336401
32.7		0.0336401
32.8		0.0336401
32.9		0.0336401
33		0.0336401
33.1		0.0377875
33.2		0.0377875
33.3		0.0377875
33.4		0.0377875
33.5		0.0377875
33.6		0.0377875
33.7		0.0377875
33.8		0.0377875
33.9		0.0377875
34		0.0377875
34.1		0.0432529
34.2		0.0432529
34.3		0.0432529
34.4		0.0432529
34.5		0.0432529
34.6		0.0432529
34.7		0.0432529
34.8		0.0432529
34.9		0.0432529
35		0.0432529
35.1		0.043428
35.2		0.043428
35.3		0.043428
35.4		0.043428
35.5		0.043428
35.6		0.043428
35.7		0.043428
35.8		0.043428
35.9		0.043428
36		0.043428
36.1		0.0440316
36.2		0.0440316
36.3		0.0440316
36.4		0.0440316
36.5		0.0440316
36.6		0.0440316
36.7		0.0440316
36.8		0.0440316
36.9		0.0440316
37		0.0440316
37.1		0.0450409
37.2		0.0450409
37.3		0.0450409
37.4		0.0450409
37.5		0.0450409
37.6		0.0450409
37.7		0.0450409
37.8		0.0450409
37.9		0.0450409
38		0.0450409
38.1		0.0510546
38.2		0.0510546
38.3		0.0510546
38.4		0.0510546
38.5		0.0510546
38.6		0.0510546
38.7		0.0510546
38.8		0.0510546
38.9		0.0510546
39		0.0510546
39.1		0.0512205
39.2		0.0512205
39.3		0.0512205
39.4		0.0512205
39.5		0.0512205
39.6		0.0512205
39.7		0.0512205
39.8		0.0512205
39.9		0.0512205
40		0.0512205
40.1		0.0538518
40.2		0.0538518
40.3		0.0538518
40.4		0.0538518
40.5		0.0538518
40.6		0.0538518
40.7		0.0538518
40.8		0.0538518
40.9		0.0538518
41		0.0538518
41.1		0.0541006
41.2		0.0541006
41.3		0.0541006
41.4		0.0541006
41.5		0.0541006
41.6		0.0541006
41.7		0.0541006
41.8		0.0541006
41.9		0.0541006
42		0.0541006
42.1		0.057119
42.2		0.057119
42.3		0.057119
42.4		0.057119
42.5		0.057119
42.6		0.057119
42.7		0.057119
42.8		0.057119
42.9		0.057119
43		0.057119
43.1		0.0590545
43.2		0.0590545
43.3		0.0590545
43.4		0.0590545
43.5		0.0590545
43.6		0.0590545
43.7		0.0590545
43.8		0.0590545
43.9		0.0590545
44		0.0590545
44.1		0.0605706
44.2		0.0605706
44.3		0.0605706
44.4		0.0605706
44.5		0.0605706
44.6		0.0605706
44.7		0.0605706
44.8		0.0605706
44.9		0.0605706
45		0.0605706
45.1		0.0621696
45.2		0.0621696
45.3		0.0621696
45.4		0.0621696
45.5		0.0621696
45.6		0.0621696
45.7		0.0621696
45.8		0.0621696
45.9		0.0621696
46		0.0621696
46.1		0.0675106
46.2		0.0675106
46.3		0.0675106
46.4		0.0675106
46.5		0.0675106
46.6		0.0675106
46.7		0.0675106
46.8		0.0675106
46.9		0.0675106
47		0.0675106
47.1		0.0684783
47.2		0.0684783
47.3		0.0684783
47.4		0.0684783
47.5		0.0684783
47.6		0.0684783
47.7		0.0684783
47.8		0.0684783
47.9		0.0684783
48		0.0684783
48.1		0.0693401
48.2		0.0693401
48.3		0.0693401
48.4		0.0693401
48.5		0.0693401
48.6		0.0693401
48.7		0.0693401
48.8		0.0693401
48.9		0.0693401
49		0.0693401
49.1		0.0696488
49.2		0.0696488
49.3		0.0696488
49.4		0.0696488
49.5		0.0696488
49.6		0.0696488
49.7		0.0696488
49.8		0.0696488
49.9		0.0696488
50		0.0696488
50.1		0.0736027
50.2		0.0736027
50.3		0.0736027
50.4		0.0736027
50.5		0.0736027
50.6		0.0736027
50.7		0.0736027
50.8		0.0736027
50.9		0.0736027
51		0.0736027
51.1		0.0763906
51.2		0.0763906
51.3		0.0763906
51.4		0.0763906
51.5		0.0763906
51.6		0.0763906
51.7		0.0763906
51.8		0.0763906
51.9		0.0763906
52		0.0763906
52.1		0.0765565
52.2		0.0765565
52.3		0.0765565
52.4		0.0765565
52.5		0.0765565
52.6		0.0765565
52.7		0.0765565
52.8		0.0765565
52.9		0.0765565
53		0.0765565
53.1		0.0786855
53.2		0.0786855
53.3		0.0786855
53.4		0.0786855
53.5		0.0786855
53.6		0.0786855
53.7		0.0786855
53.8		0.0786855
53.9		0.0786855
54		0.0786855
54.1		0.0803076
54.2		0.0803076
54.3		0.0803076
54.4		0.0803076
54.5		0.0803076
54.6		0.0803076
54.7		0.0803076
54.8		0.0803076
54.9		0.0803076
55		0.0803076
55.1		0.0827362
55.2		0.0827362
55.3		0.0827362
55.4		0.0827362
55.5		0.0827362
55.6		0.0827362
55.7		0.0827362
55.8		0.0827362
55.9		0.0827362
56		0.0827362
56.1		0.082962
56.2		0.082962
56.3		0.082962
56.4		0.082962
56.5		0.082962
56.6		0.082962
56.7		0.082962
56.8		0.082962
56.9		0.082962
57		0.082962
57.1		0.0880956
57.2		0.0880956
57.3		0.0880956
57.4		0.0880956
57.5		0.0880956
57.6		0.0880956
57.7		0.0880956
57.8		0.0880956
57.9		0.0880956
58		0.0880956
58.1		0.0900494
58.2		0.0900494
58.3		0.0900494
58.4		0.0900494
58.5		0.0900494
58.6		0.0900494
58.7		0.0900494
58.8		0.0900494
58.9		0.0900494
59		0.0900494
59.1		0.0913444
59.2		0.0913444
59.3		0.0913444
59.4		0.0913444
59.5		0.0913444
59.6		0.0913444
59.7		0.0913444
59.8		0.0913444
59.9		0.0913444
60		0.0913444
60.1		0.093266
60.2		0.093266
60.3		0.093266
60.4		0.093266
60.5		0.093266
60.6		0.093266
60.7		0.093266
60.8		0.093266
60.9		0.093266
61		0.093266
61.1		0.0963028
61.2		0.0963028
61.3		0.0963028
61.4		0.0963028
61.5		0.0963028
61.6		0.0963028
61.7		0.0963028
61.8		0.0963028
61.9		0.0963028
62		0.0963028
62.1		0.0993535
62.2		0.0993535
62.3		0.0993535
62.4		0.0993535
62.5		0.0993535
62.6		0.0993535
62.7		0.0993535
62.8		0.0993535
62.9		0.0993535
63		0.0993535
63.1		0.100432
63.2		0.100432
63.3		0.100432
63.4		0.100432
63.5		0.100432
63.6		0.100432
63.7		0.100432
63.8		0.100432
63.9		0.100432
64		0.100432
64.1		0.103911
64.2		0.103911
64.3		0.103911
64.4		0.103911
64.5		0.103911
64.6		0.103911
64.7		0.103911
64.8		0.103911
64.9		0.103911
65		0.103911
65.1		0.106307
65.2		0.106307
65.3		0.106307
65.4		0.106307
65.5		0.106307
65.6		0.106307
65.7		0.106307
65.8		0.106307
65.9		0.106307
66		0.106307
66.1		0.107151
66.2		0.107151
66.3		0.107151
66.4		0.107151
66.5		0.107151
66.6		0.107151
66.7		0.107151
66.8		0.107151
66.9		0.107151
67		0.107151
67.1		0.1088
67.2		0.1088
67.3		0.1088
67.4		0.1088
67.5		0.1088
67.6		0.1088
67.7		0.1088
67.8		0.1088
67.9		0.1088
68		0.1088
68.1		0.111372
68.2		0.111372
68.3		0.111372
68.4		0.111372
68.5		0.111372
68.6		0.111372
68.7		0.111372
68.8		0.111372
68.9		0.111372
69		0.111372
69.1		0.112727
69.2		0.112727
69.3		0.112727
69.4		0.112727
69.5		0.112727
69.6		0.112727
69.7		0.112727
69.8		0.112727
69.9		0.112727
70		0.112727
70.1		0.114229
70.2		0.114229
70.3		0.114229
70.4		0.114229
70.5		0.114229
70.6		0.114229
70.7		0.114229
70.8		0.114229
70.9		0.114229
71		0.114229
71.1		0.114376
71.2		0.114376
71.3		0.114376
71.4		0.114376
71.5		0.114376
71.6		0.114376
71.7		0.114376
71.8		0.114376
71.9		0.114376
72		0.114376
72.1		0.120141
72.2		0.120141
72.3		0.120141
72.4		0.120141
72.5		0.120141
72.6		0.120141
72.7		0.120141
72.8		0.120141
72.9		0.120141
73		0.120141
73.1		0.122325
73.2		0.122325
73.3		0.122325
73.4		0.122325
73.5		0.122325
73.6		0.122325
73.7		0.122325
73.8		0.122325
73.9		0.122325
74		0.122325
74.1		0.123321
74.2		0.123321
74.3		0.123321
74.4		0.123321
74.5		0.123321
74.6		0.123321
74.7		0.123321
74.8		0.123321
74.9		0.123321
75		0.123321
75.1		0.12369
75.2		0.12369
75.3		0.12369
75.4		0.12369
75.5		0.12369
75.6		0.12369
75.7		0.12369
75.8		0.12369
75.9		0.12369
76		0.12369
76.1		0.127348
76.2		0.127348
76.3		0.127348
76.4		0.127348
76.5		0.127348
76.6		0.127348
76.7		0.127348
76.8		0.127348
76.9		0.127348
77		0.127348
77.1		0.130113
77.2		0.130113
77.3		0.130113
77.4		0.130113
77.5		0.130113
77.6		0.130113
77.7		0.130113
77.8		0.130113
77.9		0.130113
78		0.130113
78.1		0.130353
78.2		0.130353
78.3		0.130353
78.4		0.130353
78.5		0.130353
78.6		0.130353
78.7		0.130353
78.8		0.130353
78.9		0.130353
79		0.130353
79.1		0.13368
79.2		0.13368
79.3		0.13368
79.4		0.13368
79.5		0.13368
79.6		0.13368
79.7		0.13368
79.8		0.13368
79.9		0.13368
80		0.13368
80.1		0.136574
80.2		0.136574
80.3		0.136574
80.4		0.136574
80.5		0.136574
80.6		0.136574
80.7		0.136574
80.8		0.136574
80.9		0.136574
81		0.136574
81.1		0.137413
81.2		0.137413
81.3		0.137413
81.4		0.137413
81.5		0.137413
81.6		0.137413
81.7		0.137413
81.8		0.137413
81.9		0.137413
82		0.137413
82.1		0.137754
82.2		0.137754
82.3		0.137754
82.4		0.137754
82.5		0.137754
82.6		0.137754
82.7		0.137754
82.8		0.137754
82.9		0.137754
83		0.137754
83.1		0.141035
83.2		0.141035
83.3		0.141035
83.4		0.141035
83.5		0.141035
83.6		0.141035
83.7		0.141035
83.8		0.141035
83.9		0.141035
84		0.141035
84.1		0.142569
84.2		0.142569
84.3		0.142569
84.4		0.142569
84.5		0.142569
84.6		0.142569
84.7		0.142569
84.8		0.142569
84.9		0.142569
85		0.142569
85.1		0.147016
85.2		0.147016
85.3		0.147016
85.4		0.147016
85.5		0.147016
85.6		0.147016
85.7		0.147016
85.8		0.147016
85.9		0.147016
86		0.147016
86.1		0.149602
86.2		0.149602
86.3		0.149602
86.4		0.149602
86.5		0.149602
86.6		0.149602
86.7		0.149602
86.8		0.149602
86.9		0.149602
87		0.149602
87.1		0.150657
87.2		0.150657
87.3		0.150657
87.4		0.150657
87.5		0.150657
87.6		0.150657
87.7		0.150657
87.8		0.150657
87.9		0.150657
88		0.150657
88.1		0.150814
88.2		0.150814
88.3		0.150814
88.4		0.150814
88.5		0.150814
88.6		0.150814
88.7		0.150814
88.8		0.150814
88.9		0.150814
89		0.150814
89.1		0.153496
89.2		0.153496
89.3		0.153496
89.4		0.153496
89.5		0.153496
89.6		0.153496
89.7		0.153496
89.8		0.153496
89.9		0.153496
90		0.153496
90.1		0.158182
90.2		0.158182
90.3		0.158182
90.4		0.158182
90.5		0.158182
90.6		0.158182
90.7		0.158182
90.8		0.158182
90.9		0.158182
91		0.158182
91.1		0.159399
91.2		0.159399
91.3		0.159399
91.4		0.159399
91.5		0.159399
91.6		0.159399
91.7		0.159399
91.8		0.159399
91.9		0.159399
92		0.159399
92.1		0.161141
92.2		0.161141
92.3		0.161141
92.4		0.161141
92.5		0.161141
92.6		0.161141
92.7		0.161141
92.8		0.161141
92.9		0.161141
93		0.161141
93.1		0.161495
93.2		0.161495
93.3		0.161495
93.4		0.161495
93.5		0.161495
93.6		0.161495
93.7		0.161495
93.8		0.161495
93.9		0.161495
94		0.161495
94.1		0.164265
94.2		0.164265
94.3		0.164265
94.4		0.164265
94.5		0.164265
94.6		0.164265
94.7		0.164265
94.8		0.164265
94.9		0.164265
95		0.164265
95.1		0.166624
95.2		0.166624
95.3		0.166624
95.4		0.166624
95.5		0.166624
95.6		0.166624
95.7		0.166624
95.8		0.166624
95.9		0.166624
96		0.166624
96.1		0.168389
96.2		0.168389
96.3		0.168389
96.4		0.168389
96.5		0.168389
96.6		0.168389
96.7		0.168389
96.8		0.168389
96.9		0.168389
97		0.168389
97.1		0.169104
97.2		0.169104
97.3		0.169104
97.4		0.169104
97.5		0.169104
97.6		0.169104
97.7		0.169104
97.8		0.169104
97.9		0.169104
98		0.169104
98.1		0.174426
98.2		0.174426
98.3		0.174426
98.4		0.174426
98.5		0.174426
98.6		0.174426
98.7		0.174426
98.8		0.174426
98.9		0.174426
99		0.174426
99.1		0.174951
99.2		0.174951
99.3		0.174951
99.4		0.174951
99.5		0.174951
99.6		0.174951
99.7		0.174951
99.8		0.174951
99.9		0.174951
100		0.174951
100.1		0.175445
100.2		0.175445
100.3		0.175445
100.4		0.175445
100.5		0.175445
100.6		0.175445
100.7		0.175445
100.8		0.175445
100.9		0.175445
101		0.175445
101.1		0.177716
101.2		0.177716
101.3		0.177716
101.4		0.177716
101.5		0.177716
101.6		0.177716
101.7		0.177716
101.8		0.177716
101.9		0.177716
102		0.177716
102.1		0.181518
102.2		0.181518
102.3		0.181518
102.4		0.181518
102.5		0.181518
102.6		0.181518
102.7		0.181518
102.8		0.181518
102.9		0.181518
103		0.181518
103.1		0.18238
103.2		0.18238
103.3		0.18238
103.4		0.18238
103.5		0.18238
103.6		0.18238
103.7		0.18238
103.8		0.18238
103.9		0.18238
104		0.18238
104.1		0.184053
104.2		0.184053
104.3		0.184053
104.4		0.184053
104.5		0.184053
104.6		0.184053
104.7		0.184053
104.8		0.184053
104.9		0.184053
105		0.184053
105.1		0.185117
105.2		0.185117
105.3		0.185117
105.4		0.185117
105.5		0.185117
105.6		0.185117
105.7		0.185117
105.8		0.185117
105.9		0.185117
106		0.185117
106.1		0.188481
106.2		0.188481
106.3		0.188481
106.4		0.188481
106.5		0.188481
106.6		0.188481
106.7		0.188481
106.8		0.188481
106.9		0.188481
107		0.188481
107.1		0.189822
107.2		0.189822
107.3		0.189822
107.4		0.189822
107.5		0.189822
107.6		0.189822
107.7		0.189822
107.8		0.189822
107.9		0.189822
108		0.189822
108.1		0.191546
108.2		0.191546
108.3		0.191546
108.4		0.191546
108.5		0.191546
108.6		0.191546
108.7		0.191546
108.8		0.191546
108.9		0.191546
109		0.191546
109.1		0.192338
109.2		0.192338
109.3		0.192338
109.4		0.192338
109.5		0.192338
109.6		0.192338
109.7		0.192338
109.8		0.192338
109.9		0.192338
110		0.192338
110.1		0.198131
110.2		0.198131
110.3		0.198131
110.4		0.198131
110.5		0.198131
110.6		0.198131
110.7		0.198131
110.8		0.198131
110.9		0.198131
111		0.198131
111.1		0.199371
111.2		0.199371
111.3		0.199371
111.4		0.199371
111.5		0.199371
111.6		0.199371
111.7		0.199371
111.8		0.199371
111.9		0.199371
112		0.199371
112.1		0.200794
112.2		0.200794
112.3		0.200794
112.4		0.200794
112.5		0.200794
112.6		0.200794
112.7		0.200794
112.8		0.200794
112.9		0.200794
113		0.200794
113.1		0.200988
113.2		0.200988
113.3		0.200988
113.4		0.200988
113.5		0.200988
113.6		0.200988
113.7		0.200988
113.8		0.200988
113.9		0.200988
114		0.200988
114.1		0.20667
114.2		0.20667
114.3		0.20667
114.4		0.20667
114.5		0.20667
114.6		0.20667
114.7		0.20667
114.8		0.20667
114.9		0.20667
115		0.20667
115.1		0.208619
115.2		0.208619
115.3		0.208619
115.4		0.208619
115.5		0.208619
115.6		0.208619
115.7		0.208619
115.8		0.208619
115.9		0.208619
116		0.208619
116.1		0.209702
116.2		0.209702
116.3		0.209702
116.4		0.209702
116.5		0.209702
116.6		0.209702
116.7		0.209702
116.8		0.209702
116.9		0.209702
117		0.209702
117.1		0.212306
117.2		0.212306
117.3		0.212306
117.4		0.212306
117.5		0.212306
117.6		0.212306
117.7		0.212306
117.8		0.212306
117.9		0.212306
118		0.212306
118.1		0.214522
118.2		0.214522
118.3		0.214522
118.4		0.214522
118.5		0.214522
118.6		0.214522
118.7		0.214522
118.8		0.214522
118.9		0.214522
119		0.214522
119.1		0.216191
119.2		0.216191
119.3		0.216191
119.4		0.216191
119.5		0.216191
119.6		0.216191
119.7		0.216191
119.8		0.216191
119.9		0.216191
120		0.216191
120.1		0.218108
120.2		0.218108
120.3		0.218108
120.4		0.218108
120.5		0.218108
120.6		0.218108
120.7		0.218108
120.8		0.218108
120.9		0.218108
121		0.218108
121.1		0.218522
121.2		0.218522
121.3		0.218522
121.4		0.218522
121.5		0.218522
121.6		0.218522
121.7		0.218522
121.8		0.218522
121.9		0.218522
122		0.218522
122.1		0.222582
122.2		0.222582
122.3		0.222582
122.4		0.222582
122.5		0.222582
122.6		0.222582
122.7		0.222582
122.8		0.222582
122.9		0.222582
123		0.222582
123.1		0.225545
123.2		0.225545
123.3		0.225545
123.4		0.225545
123.5		0.225545
123.6		0.225545
123.7		0.225545
123.8		0.225545
123.9		0.225545
124		0.225545
124.1		0.227997
124.2		0.227997
124.3		0.227997
124.4		0.227997
124.5		0.227997
124.6		0.227997
124.7		0.227997
124.8		0.227997
124.9		0.227997
125		0.227997
125.1		0.229361
125.2		0.229361
125.3		0.229361
125.4		0.229361
125.5		0.229361
125.6		0.229361
125.7		0.229361
125.8		0.229361
125.9		0.229361
126		0.229361
126.1		0.230181
126.2		0.230181
126.3		0.230181
126.4		0.230181
126.5		0.230181
126.6		0.230181
126.7		0.230181
126.8		0.230181
126.9		0.230181
127		0.230181
127.1		0.234476
127.2		0.234476
127.3		0.234476
127.4		0.234476
127.5		0.234476
127.6		0.234476
127.7		0.234476
127.8		0.234476
127.9		0.234476
128		0.234476
128.1		0.236158
128.2		0.236158
128.3		0.236158
128.4		0.236158
128.5		0.236158
128.6		0.236158
128.7		0.236158
128.8		0.236158
128.9		0.236158
129		0.236158
129.1		0.237365
129.2		0.237365
129.3		0.237365
129.4		0.237365
129.5		0.237365
129.6		0.237365
129.7		0.237365
129.8		0.237365
129.9		0.237365
130		0.237365
130.1		0.239047
130.2		0.239047
130.3		0.239047
130.4		0.239047
130.5		0.239047
130.6		0.239047
130.7		0.239047
130.8		0.239047
130.9		0.239047
131		0.239047
131.1		0.239743
131.2		0.239743
131.3		0.239743
131.4		0.239743
131.5		0.239743
131.6		0.239743
131.7		0.239743
131.8		0.239743
131.9		0.239743
132		0.239743
132.1		0.243434
132.2		0.243434
132.3		0.243434
132.4		0.243434
132.5		0.243434
132.6		0.243434
132.7		0.243434
132.8		0.243434
132.9		0.243434
133		0.243434
133.1		0.245139
133.2		0.245139
133.3		0.245139
133.4		0.245139
133.5		0.245139
133.6		0.245139
133.7		0.245139
133.8		0.245139
133.9		0.245139
134		0.245139
134.1		0.247056
134.2		0.247056
134.3		0.247056
134.4		0.247056
134.5		0.247056
134.6		0.247056
134.7		0.247056
134.8		0.247056
134.9		0.247056
135		0.247056
135.1		0.248162
135.2		0.248162
135.3		0.248162
135.4		0.248162
135.5		0.248162
135.6		0.248162
135.7		0.248162
135.8		0.248162
135.9		0.248162
136		0.248162
136.1		0.253775
136.2		0.253775
136.3		0.253775
136.4		0.253775
136.5		0.253775
136.6		0.253775
136.7		0.253775
136.8		0.253775
136.9		0.253775
137		0.253775
137.1		0.253987
137.2		0.253987
137.3		0.253987
137.4		0.253987
137.5		0.253987
137.6		0.253987
137.7		0.253987
137.8		0.253987
137.9		0.253987
138		0.253987
138.1		0.254669
138.2		0.254669
138.3		0.254669
138.4		0.254669
138.5		0.254669
138.6		0.254669
138.7		0.254669
138.8		0.254669
138.9		0.254669
139		0.254669
139.1		0.255725
139.2		0.255725
139.3		0.255725
139.4		0.255725
139.5		0.255725
139.6		0.255725
139.7		0.255725
139.8		0.255725
139.9		0.255725
140		0.255725
140.1		0.260978
140.2		0.260978
140.3		0.260978
140.4		0.260978
140.5		0.260978
140.6		0.260978
140.7		0.260978
140.8		0.260978
140.9		0.260978
141		0.260978
141.1		0.262254
141.2		0.262254
141.3		0.262254
141.4		0.262254
141.5		0.262254
141.6		0.262254
141.7		0.262254
141.8		0.262254
141.9		0.262254
142		0.262254
142.1		0.264084
142.2		0.264084
142.3		0.264084
142.4		0.264084
142.5		0.264084
142.6		0.264084
142.7		0.264084
142.8		0.264084
142.9		0.264084
143		0.264084
143.1		0.264439
143.2		0.264439
143.3		0.264439
143.4		0.264439
143.5		0.264439
143.6		0.264439
143.7		0.264439
143.8		0.264439
143.9		0.264439
144		0.264439
144.1		0.270176
144.2		0.270176
144.3		0.270176
144.4		0.270176
144.5		0.270176
144.6		0.270176
144.7		0.270176
144.8		0.270176
144.9		0.270176
145		0.270176
145.1		0.271084
145.2		0.271084
145.3		0.271084
145.4		0.271084
145.5		0.271084
145.6		0.271084
145.7		0.271084
145.8		0.271084
145.9		0.271084
146		0.271084
146.1		0.272545
146.2		0.272545
146.3		0.272545
146.4		0.272545
146.5		0.272545
146.6		0.272545
146.7		0.272545
146.8		0.272545
146.9		0.272545
147		0.272545
147.1		0.273217
147.2		0.273217
147.3		0.273217
147.4		0.273217
147.5		0.273217
147.6		0.273217
147.7		0.273217
147.8		0.273217
147.9		0.273217
148		0.273217
148.1		0.276881
148.2		0.276881
148.3		0.276881
148.4		0.276881
148.5		0.276881
148.6		0.276881
148.7		0.276881
148.8		0.276881
148.9		0.276881
149		0.276881
149.1		0.27883
149.2		0.27883
149.3		0.27883
149.4		0.27883
149.5		0.27883
149.6		0.27883
149.7		0.27883
149.8		0.27883
149.9		0.27883
150		0.27883
150.1		0.282844
150.2		0.282844
150.3		0.282844
150.4		0.282844
150.5		0.282844
150.6		0.282844
150.7		0.282844
150.8		0.282844
150.9		0.282844
151		0.282844
151.1		0.283356
151.2		0.283356
151.3		0.283356
151.4		0.283356
151.5		0.283356
151.6		0.283356
151.7		0.283356
151.8		0.283356
151.9		0.283356
152		0.283356
152.1		0.283577
152.2		0.283577
152.3		0.283577
152.4		0.283577
152.5		0.283577
152.6		0.283577
152.7		0.283577
152.8		0.283577
152.9		0.283577
153		0.283577
153.1		0.287512
153.2		0.287512
153.3		0.287512
153.4		0.287512
153.5		0.287512
153.6		0.287512
153.7		0.287512
153.8		0.287512
153.9		0.287512
154		0.287512
154.1		0.290531
154.2		0.290531
154.3		0.290531
154.4		0.290531
154.5		0.290531
154.6		0.290531
154.7		0.290531
154.8		0.290531
154.9		0.290531
155		0.290531
155.1		0.291821
155.2		0.291821
155.3		0.291821
155.4		0.291821
155.5		0.291821
155.6		0.291821
155.7		0.291821
155.8		0.291821
155.9		0.291821
156		0.291821
156.1		0.295107
156.2		0.295107
156.3		0.295107
156.4		0.295107
156.5		0.295107
156.6		0.295107
156.7		0.295107
156.8		0.295107
156.9		0.295107
157		0.295107
157.1		0.295342
157.2		0.295342
157.3		0.295342
157.4		0.295342
157.5		0.295342
157.6		0.295342
157.7		0.295342
157.8		0.295342
157.9		0.295342
158		0.295342
158.1		0.299747
158.2		0.299747
158.3		0.299747
158.4		0.299747
158.5		0.299747
158.6		0.299747
158.7		0.299747
158.8		0.299747
158.9		0.299747
159		0.299747
159.1		0.300194
159.2		0.300194
159.3		0.300194
159.4		0.300194
159.5		0.300194
159.6		0.300194
159.7		0.300194
159.8		0.300194
159.9		0.300194
160		0.300194
160.1		0.301581
160.2		0.301581
160.3		0.301581
160.4		0.301581
160.5		0.301581
160.6		0.301581
160.7		0.301581
160.8		0.301581
160.9		0.301581
161		0.301581
161.1		0.30283
161.2		0.30283
161.3		0.30283
161.4		0.30283
161.5		0.30283
161.6		0.30283
161.7		0.30283
161.8		0.30283
161.9		0.30283
162		0.30283
162.1		0.307346
162.2		0.307346
162.3		0.307346
162.4		0.307346
162.5		0.307346
162.6		0.307346
162.7		0.307346
162.8		0.307346
162.9		0.307346
163		0.307346
163.1		0.308613
163.2		0.308613
163.3		0.308613
163.4		0.308613
163.5		0.308613
163.6		0.308613
163.7		0.308613
163.8		0.308613
163.9		0.308613
164		0.308613
164.1		0.310844
164.2		0.310844
164.3		0.310844
164.4		0.310844
164.5		0.310844
164.6		0.310844
164.7		0.310844
164.8		0.310844
164.9		0.310844
165		0.310844
165.1		0.311042
165.2		0.311042
165.3		0.311042
165.4		0.311042
165.5		0.311042
165.6		0.311042
165.7		0.311042
165.8		0.311042
165.9		0.311042
166		0.311042
166.1		0.314834
166.2		0.314834
166.3		0.314834
166.4		0.314834
166.5		0.314834
166.6		0.314834
166.7		0.314834
166.8		0.314834
166.9		0.314834
167		0.314834
167.1		0.315249
167.2		0.315249
167.3		0.315249
167.4		0.315249
167.5		0.315249
167.6		0.315249
167.7		0.315249
167.8		0.315249
167.9		0.315249
168		0.315249
168.1		0.315968
168.2		0.315968
168.3		0.315968
168.4		0.315968
168.5		0.315968
168.6		0.315968
168.7		0.315968
168.8		0.315968
168.9		0.315968
169		0.315968
169.1		0.320014
169.2		0.320014
169.3		0.320014
169.4		0.320014
169.5		0.320014
169.6		0.320014
169.7		0.320014
169.8		0.320014
169.9		0.320014
170		0.320014
170.1		0.323447
170.2		0.323447
170.3		0.323447
170.4		0.323447
170.5		0.323447
170.6		0.323447
170.7		0.323447
170.8		0.323447
170.9		0.323447
171		0.323447
171.1		0.325263
171.2		0.325263
171.3		0.325263
171.4		0.325263
171.5		0.325263
171.6		0.325263
171.7		0.325263
171.8		0.325263
171.9		0.325263
172		0.325263
172.1		0.325687
172.2		0.325687
172.3		0.325687
172.4		0.325687
172.5		0.325687
172.6		0.325687
172.7		0.325687
172.8		0.325687
172.9		0.325687
173		0.325687
173.1		0.325977
173.2		0.325977
173.3		0.325977
173.4		0.325977
173.5		0.325977
173.6		0.325977
173.7		0.325977
173.8		0.325977
173.9		0.325977
174		0.325977
174.1		0.332401
174.2		0.332401
174.3		0.332401
174.4		0.332401
174.5		0.332401
174.6		0.332401
174.7		0.332401
174.8		0.332401
174.9		0.332401
175		0.332401
175.1		0.334903
175.2		0.334903
175.3		0.334903
175.4		0.334903
175.5		0.334903
175.6		0.334903
175.7		0.334903
175.8		0.334903
175.9		0.334903
176		0.334903
176.1		0.335608
176.2		0.335608
176.3		0.335608
176.4		0.335608
176.5		0.335608
176.6		0.335608
176.7		0.335608
176.8		0.335608
176.9		0.335608
177		0.335608
177.1		0.33718
177.2		0.33718
177.3		0.33718
177.4		0.33718
177.5		0.33718
177.6		0.33718
177.7		0.33718
177.8		0.33718
177.9		0.33718
178		0.33718
178.1		0.339617
178.2		0.339617
178.3		0.339617
178.4		0.339617
178.5		0.339617
178.6		0.339617
178.7		0.339617
178.8		0.339617
178.9		0.339617
179		0.339617
179.1		0.341926
179.2		0.341926
179.3		0.341926
179.4		0.341926
179.5		0.341926
179.6		0.341926
179.7		0.341926
179.8		0.341926
179.9		0.341926
180		0.341926
180.1		0.343848
180.2		0.343848
180.3		0.343848
180.4		0.343848
180.5		0.343848
180.6		0.343848
180.7		0.343848
180.8		0.343848
180.9		0.343848
181		0.343848
181.1		0.346239
181.2		0.346239
181.3		0.346239
181.4		0.346239
181.5		0.346239
181.6		0.346239
181.7		0.346239
181.8		0.346239
181.9		0.346239
182		0.346239
182.1		0.349825
182.2		0.349825
182.3		0.349825
182.4		0.349825
182.5		0.349825
182.6		0.349825
182.7		0.349825
182.8		0.349825
182.9		0.349825
183		0.349825
183.1		0.349935
183.2		0.349935
183.3		0.349935
183.4		0.349935
183.5		0.349935
183.6		0.349935
183.7		0.349935
183.8		0.349935
183.9		0.349935
184		0.349935
184.1		0.352811
184.2		0.352811
184.3		0.352811
184.4		0.352811
184.5		0.352811
184.6		0.352811
184.7		0.352811
184.8		0.352811
184.9		0.352811
185		0.352811
185.1		0.353023
185.2		0.353023
185.3		0.353023
185.4		0.353023
185.5		0.353023
185.6		0.353023
185.7		0.353023
185.8		0.353023
185.9		0.353023
186		0.353023
186.1		0.354428
186.2		0.354428
186.3		0.354428
186.4		0.354428
186.5		0.354428
186.6		0.354428
186.7		0.354428
186.8		0.354428
186.9		0.354428
187		0.354428
187.1		0.357797
187.2		0.357797
187.3		0.357797
187.4		0.357797
187.5		0.357797
187.6		0.357797
187.7		0.357797
187.8		0.357797
187.9		0.357797
188		0.357797
188.1		0.362437
188.2		0.362437
188.3		0.362437
188.4		0.362437
188.5		0.362437
188.6		0.362437
188.7		0.362437
188.8		0.362437
188.9		0.362437
189		0.362437
189.1		0.362958
189.2		0.362958
189.3		0.362958
189.4		0.362958
189.5		0.362958
189.6		0.362958
189.7		0.362958
189.8		0.362958
189.9		0.362958
190		0.362958
190.1		0.364175
190.2		0.364175
190.3		0.364175
190.4		0.364175
190.5		0.364175
190.6		0.364175
190.7		0.364175
190.8		0.364175
190.9		0.364175
191		0.364175
191.1		0.36499
191.2		0.36499
191.3		0.36499
191.4		0.36499
191.5		0.36499
191.6		0.36499
191.7		0.36499
191.8		0.36499
191.9		0.36499
192		0.36499
192.1		0.369838
192.2		0.369838
192.3		0.369838
192.4		0.369838
192.5		0.369838
192.6		0.369838
192.7		0.369838
192.8		0.369838
192.9		0.369838
193		0.369838
193.1		0.372142
193.2		0.372142
193.3		0.372142
193.4		0.372142
193.5		0.372142
193.6		0.372142
193.7		0.372142
193.8		0.372142
193.9		0.372142
194		0.372142
194.1		0.372903
194.2		0.372903
194.3		0.372903
194.4		0.372903
194.5		0.372903
194.6		0.372903
194.7		0.372903
194.8		0.372903
194.9		0.372903
195		0.372903
195.1		0.373589
195.2		0.373589
195.3		0.373589
195.4		0.373589
195.5		0.373589
195.6		0.373589
195.7		0.373589
195.8		0.373589
195.9		0.373589
196		0.373589
196.1		0.37728
196.2		0.37728
196.3		0.37728
196.4		0.37728
196.5		0.37728
196.6		0.37728
196.7		0.37728
196.8		0.37728
196.9		0.37728
197		0.37728
197.1		0.377866
197.2		0.377866
197.3		0.377866
197.4		0.377866
197.5		0.377866
197.6		0.377866
197.7		0.377866
197.8		0.377866
197.9		0.377866
198		0.377866
198.1		0.381064
198.2		0.381064
198.3		0.381064
198.4		0.381064
198.5		0.381064
198.6		0.381064
198.7		0.381064
198.8		0.381064
198.9		0.381064
199		0.381064
199.1		0.382184
199.2		0.382184
199.3		0.382184
199.4		0.382184
199.5		0.382184
199.6		0.382184
199.7		0.382184
199.8		0.382184
199.9		0.382184
200		0.382184
200.1		0.386612
200.2		0.386612
200.3		0.386612
200.4		0.386612
200.5		0.386612
200.6		0.386612
200.7		0.386612
200.8		0.386612
200.9		0.386612
201		0.386612
201.1		0.388608
201.2		0.388608
201.3		0.388608
201.4		0.388608
201.5		0.388608
201.6		0.388608
201.7		0.388608
201.8		0.388608
201.9		0.388608
202		0.388608
202.1		0.388967
202.2		0.388967
202.3		0.388967
202.4		0.388967
202.5		0.388967
202.6		0.388967
202.7		0.388967
202.8		0.388967
202.9		0.388967
203		0.388967
203.1		0.389566
203.2		0.389566
203.3		0.389566
203.4		0.389566
203.5		0.389566
203.6		0.389566
203.7		0.389566
203.8		0.389566
203.9		0.389566
204		0.389566
204.1		0.395239
204.2		0.395239
204.3		0.395239
204.4		0.395239
204.5		0.395239
204.6		0.395239
204.7		0.395239
204.8		0.395239
204.9		0.395239
205		0.395239
205.1		0.395511
205.2		0.395511
205.3		0.395511
205.4		0.395511
205.5		0.395511
205.6		0.395511
205.7		0.395511
205.8		0.395511
205.9		0.395511
206		0.395511
206.1		0.398704
206.2		0.398704
206.3		0.398704
206.4		0.398704
206.5		0.398704
206.6		0.398704
206.7		0.398704
206.8		0.398704
206.9		0.398704
207		0.398704
207.1		0.401257
207.2		0.401257
207.3		0.401257
207.4		0.401257
207.5		0.401257
207.6		0.401257
207.7		0.401257
207.8		0.401257
207.9		0.401257
208		0.401257
208.1		0.401653
208.2		0.401653
208.3		0.401653
208.4		0.401653
208.5		0.401653
208.6		0.401653
208.7		0.401653
208.8		0.401653
208.9		0.401653
209		0.401653
209.1		0.403888
209.2		0.403888
209.3		0.403888
209.4		0.403888
209.5		0.403888
209.6		0.403888
209.7		0.403888
209.8		0.403888
209.9		0.403888
210		0.403888
210.1		0.405902
210.2		0.405902
210.3		0.405902
210.4		0.405902
210.5		0.405902
210.6		0.405902
210.7		0.405902
210.8		0.405902
210.9		0.405902
211		0.405902
211.1		0.406658
211.2		0.406658
211.3		0.406658
211.4		0.406658
211.5		0.406658
211.6		0.406658
211.7		0.406658
211.8		0.406658
211.9		0.406658
212		0.406658
212.1		0.409211
212.2		0.409211
212.3		0.409211
212.4		0.409211
212.5		0.409211
212.6		0.409211
212.7		0.409211
212.8		0.409211
212.9		0.409211
213		0.409211
213.1		0.41398
213.2		0.41398
213.3		0.41398
213.4		0.41398
213.5		0.41398
213.6		0.41398
213.7		0.41398
213.8		0.41398
213.9		0.41398
214		0.41398
214.1		0.416713
214.2		0.416713
214.3		0.416713
214.4		0.416713
214.5		0.416713
214.6		0.416713
214.7		0.416713
214.8		0.416713
214.9		0.416713
215		0.416713
215.1		0.418017
215.2		0.418017
215.3		0.418017
215.4		0.418017
215.5		0.418017
215.6		0.418017
215.7		0.418017
215.8		0.418017
215.9		0.418017
216		0.418017
216.1		0.418658
216.2		0.418658
216.3		0.418658
216.4		0.418658
216.5		0.418658
216.6		0.418658
216.7		0.418658
216.8		0.418658
216.9		0.418658
217		0.418658
217.1		0.420759
217.2		0.420759
217.3		0.420759
217.4		0.420759
217.5		0.420759
217.6		0.420759
217.7		0.420759
217.8		0.420759
217.9		0.420759
218		0.420759
218.1		0.423533
218.2		0.423533
218.3		0.423533
218.4		0.423533
218.5		0.423533
218.6		0.423533
218.7		0.423533
218.8		0.423533
218.9		0.423533
219		0.423533
219.1		0.42451
219.2		0.42451
219.3		0.42451
219.4		0.42451
219.5		0.42451
219.6		0.42451
219.7		0.42451
219.8		0.42451
219.9		0.42451
220		0.42451
220.1		0.428114
220.2		0.428114
220.3		0.428114
220.4		0.428114
220.5		0.428114
220.6		0.428114
220.7		0.428114
220.8		0.428114
220.9		0.428114
221		0.428114
221.1		0.429602
221.2		0.429602
221.3		0.429602
221.4		0.429602
221.5		0.429602
221.6		0.429602
221.7		0.429602
221.8		0.429602
221.9		0.429602
222		0.429602
222.1		0.433045
222.2		0.433045
222.3		0.433045
222.4		0.433045
222.5		0.433045
222.6		0.433045
222.7		0.433045
222.8		0.433045
222.9		0.433045
223		0.433045
223.1		0.434105
223.2		0.434105
223.3		0.434105
223.4		0.434105
223.5		0.434105
223.6		0.434105
223.7		0.434105
223.8		0.434105
223.9		0.434105
224		0.434105
224.1		0.434745
224.2		0.434745
224.3		0.434745
224.4		0.434745
224.5		0.434745
224.6		0.434745
224.7		0.434745
224.8		0.434745
224.9		0.434745
225		0.434745
225.1		0.435141
225.2		0.435141
225.3		0.435141
225.4		0.435141
225.5		0.435141
225.6		0.435141
225.7		0.435141
225.8		0.435141
225.9		0.435141
226		0.435141
226.1		0.441432
226.2		0.441432
226.3		0.441432
226.4		0.441432
226.5		0.441432
226.6		0.441432
226.7		0.441432
226.8		0.441432
226.9		0.441432
227		0.441432
227.1		0.442653
227.2		0.442653
227.3		0.442653
227.4		0.442653
227.5		0.442653
227.6		0.442653
227.7		0.442653
227.8		0.442653
227.9		0.442653
228		0.442653
228.1		0.443524
228.2		0.443524
228.3		0.443524
228.4		0.443524
228.5		0.443524
228.6		0.443524
228.7		0.443524
228.8		0.443524
228.9		0.443524
229		0.443524
229.1		0.443685
229.2		0.443685
229.3		0.443685
229.4		0.443685
229.5		0.443685
229.6		0.443685
229.7		0.443685
229.8		0.443685
229.9		0.443685
230		0.443685
230.1		0.44804
230.2		0.44804
230.3		0.44804
230.4		0.44804
230.5		0.44804
230.6		0.44804
230.7		0.44804
230.8		0.44804
230.9		0.44804
231		0.44804
231.1		0.450091
231.2		0.450091
231.3		0.450091
231.4		0.450091
231.5		0.450091
231.6		0.450091
231.7		0.450091
231.8		0.450091
231.9		0.450091
232		0.450091
232.1		0.451505
232.2		0.451505
232.3		0.451505
232.4		0.451505
232.5		0.451505
232.6		0.451505
232.7		0.451505
232.8		0.451505
232.9		0.451505
233		0.451505
233.1		0.453178
233.2		0.453178
233.3		0.453178
233.4		0.453178
233.5		0.453178
233.6		0.453178
233.7		0.453178
233.8		0.453178
233.9		0.453178
234		0.453178
234.1		0.456934
234.2		0.456934
234.3		0.456934
234.4		0.456934
234.5		0.456934
234.6		0.456934
234.7		0.456934
234.8		0.456934
234.9		0.456934
235		0.456934
235.1		0.457759
235.2		0.457759
235.3		0.457759
235.4		0.457759
235.5		0.457759
235.6		0.457759
235.7		0.457759
235.8		0.457759
235.9		0.457759
236		0.457759
236.1		0.457911
236.2		0.457911
236.3		0.457911
236.4		0.457911
236.5		0.457911
236.6		0.457911
236.7		0.457911
236.8		0.457911
236.9		0.457911
237		0.457911
237.1		0.458713
237.2		0.458713
237.3		0.458713
237.4		0.458713
237.5		0.458713
237.6		0.458713
237.7		0.458713
237.8		0.458713
237.9		0.458713
238		0.458713
238.1		0.465206
238.2		0.465206
238.3		0.465206
238.4		0.465206
238.5		0.465206
238.6		0.465206
238.7		0.465206
238.8		0.465206
238.9		0.465206
239		0.465206
239.1		0.467574
239.2		0.467574
239.3		0.467574
239.4		0.467574
239.5		0.467574
239.6		0.467574
239.7		0.467574
239.8		0.467574
239.9		0.467574
240		0.467574
240.1		0.468063
240.2		0.468063
240.3		0.468063
240.4		0.468063
240.5		0.468063
240.6		0.468063
240.7		0.468063
240.8		0.468063
240.9		0.468063
241		0.468063
241.1		0.468265
241.2		0.468265
241.3		0.468265
241.4		0.468265
241.5		0.468265
241.6		0.468265
241.7		0.468265
241.8		0.468265
241.9		0.468265
242		0.468265
242.1		0.469915
242.2		0.469915
242.3		0.469915
242.4		0.469915
242.5		0.469915
242.6		0.469915
242.7		0.469915
242.8		0.469915
242.9		0.469915
243		0.469915
243.1		0.475869
243.2		0.475869
243.3		0.475869
243.4		0.475869
243.5		0.475869
243.6		0.475869
243.7		0.475869
243.8		0.475869
243.9		0.475869
244		0.475869
244.1		0.47639
244.2		0.47639
244.3		0.47639
244.4		0.47639
244.5		0.47639
244.6		0.47639
244.7		0.47639
244.8		0.47639
244.9		0.47639
245		0.47639
245.1		0.47786
245.2		0.47786
245.3		0.47786
245.4		0.47786
245.5		0.47786
245.6		0.47786
245.7		0.47786
245.8		0.47786
245.9		0.47786
246		0.47786
246.1		0.480357
246.2		0.480357
246.3		0.480357
246.4		0.480357
246.5		0.480357
246.6		0.480357
246.7		0.480357
246.8		0.480357
246.9		0.480357
247		0.480357
247.1		0.48144
247.2		0.48144
247.3		0.48144
247.4		0.48144
247.5		0.48144
247.6		0.48144
247.7		0.48144
247.8		0.48144
247.9		0.48144
248		0.48144
248.1		0.486002
248.2		0.486002
248.3		0.486002
248.4		0.486002
248.5		0.486002
248.6		0.486002
248.7		0.486002
248.8		0.486002
248.9		0.486002
249		0.486002
249.1		0.487473
249.2		0.487473
249.3		0.487473
249.4		0.487473
249.5		0.487473
249.6		0.487473
249.7		0.487473
249.8		0.487473
249.9		0.487473
250		0.487473
250.1		0.487869
250.2		0.487869
250.3		0.487869
250.4		0.487869
250.5		0.487869
250.6		0.487869
250.7		0.487869
250.8		0.487869
250.9		0.487869
251		0.487869
251.1		0.490569
251.2		0.490569
251.3		0.490569
251.4		0.490569
251.5		0.490569
251.6		0.490569
251.7		0.490569
251.8		0.490569
251.9		0.490569
252		0.490569
252.1		0.494712
252.2		0.494712
252.3		0.494712
252.4		0.494712
252.5		0.494712
252.6		0.494712
252.7		0.494712
252.8		0.494712
252.9		0.494712
253		0.494712
253.1		0.494878
253.2		0.494878
253.3		0.494878
253.4		0.494878
253.5		0.494878
253.6		0.494878
253.7		0.494878
253.8		0.494878
253.9		0.494878
254		0.494878
254.1		0.496671
254.2		0.496671
254.3		0.496671
254.4		0.496671
254.5		0.496671
254.6		0.496671
254.7		0.496671
254.8		0.496671
254.9		0.496671
255		0.496671
255.1		0.49732
255.2		0.49732
255.3		0.49732
255.4		0.49732
255.5		0.49732
255.6		0.49732
255.7		0.49732
255.8		0.49732
255.9		0.49732
256		0.49732
256.1		0.501666
256.2		0.501666
256.3		0.501666
256.4		0.501666
256.5		0.501666
256.6		0.501666
256.7		0.501666
256.8		0.501666
256.9		0.501666
257		0.501666
257.1		0.50209
257.2		0.50209
257.3		0.50209
257.4		0.50209
257.5		0.50209
257.6		0.50209
257.7		0.50209
257.8		0.50209
257.9		0.50209
258		0.50209
258.1		0.502458
258.2		0.502458
258.3		0.502458
258.4		0.502458
258.5		0.502458
258.6		0.502458
258.7		0.502458
258.8		0.502458
258.9		0.502458
259		0.502458
259.1		0.505233
259.2		0.505233
259.3		0.505233
259.4		0.505233
259.5		0.505233
259.6		0.505233
259.7		0.505233
259.8		0.505233
259.9		0.505233
260		0.505233
260.1		0.508403
260.2		0.508403
260.3		0.508403
260.4		0.508403
260.5		0.508403
260.6		0.508403
260.7		0.508403
260.8		0.508403
260.9		0.508403
261		0.508403
261.1		0.511057
261.2		0.511057
261.3		0.511057
261.4		0.511057
261.5		0.511057
261.6		0.511057
261.7		0.511057
261.8		0.511057
261.9		0.511057
262		0.511057
262.1		0.512362
262.2		0.512362
262.3		0.512362
262.4		0.512362
262.5		0.512362
262.6		0.512362
262.7		0.512362
262.8		0.512362
262.9		0.512362
263		0.512362
263.1		0.513776
263.2		0.513776
263.3		0.513776
263.4		0.513776
263.5		0.513776
263.6		0.513776
263.7		0.513776
263.8		0.513776
263.9		0.513776
264		0.513776
264.1		0.518495
264.2		0.518495
264.3		0.518495
264.4		0.518495
264.5		0.518495
264.6		0.518495
264.7		0.518495
264.8		0.518495
264.9		0.518495
265		0.518495
265.1		0.521251
265.2		0.521251
265.3		0.521251
265.4		0.521251
265.5		0.521251
265.6		0.521251
265.7		0.521251
265.8		0.521251
265.9		0.521251
266		0.521251
266.1		0.521444
266.2		0.521444
266.3		0.521444
266.4		0.521444
266.5		0.521444
266.6		0.521444
266.7		0.521444
266.8		0.521444
266.9		0.521444
267		0.521444
267.1		0.521592
267.2		0.521592
267.3		0.521592
267.4		0.521592
267.5		0.521592
267.6		0.521592
267.7		0.521592
267.8		0.521592
267.9		0.521592
268		0.521592
268.1		0.524831
268.2		0.524831
268.3		0.524831
268.4		0.524831
268.5		0.524831
268.6		0.524831
268.7		0.524831
268.8		0.524831
268.9		0.524831
269		0.524831
269.1		0.528596
269.2		0.528596
269.3		0.528596
269.4		0.528596
269.5		0.528596
269.6		0.528596
269.7		0.528596
269.8		0.528596
269.9		0.528596
270		0.528596
270.1		0.530094
270.2		0.530094
270.3		0.530094
270.4		0.530094
270.5		0.530094
270.6		0.530094
270.7		0.530094
270.8		0.530094
270.9		0.530094
271		0.530094
271.1		0.533311
271.2		0.533311
271.3		0.533311
271.4		0.533311
271.5		0.533311
271.6		0.533311
271.7		0.533311
271.8		0.533311
271.9		0.533311
272		0.533311
272.1		0.535159
272.2		0.535159
272.3		0.535159
272.4		0.535159
272.5		0.535159
272.6		0.535159
272.7		0.535159
272.8		0.535159
272.9		0.535159
273		0.535159
273.1		0.535693
273.2		0.535693
273.3		0.535693
273.4		0.535693
273.5		0.535693
273.6		0.535693
273.7		0.535693
273.8		0.535693
273.9		0.535693
274		0.535693
274.1		0.538822
274.2		0.538822
274.3		0.538822
274.4		0.538822
274.5		0.538822
274.6		0.538822
274.7		0.538822
274.8		0.538822
274.9		0.538822
275		0.538822
275.1		0.540555
275.2		0.540555
275.3		0.540555
275.4		0.540555
275.5		0.540555
275.6		0.540555
275.7		0.540555
275.8		0.540555
275.9		0.540555
276		0.540555
276.1		0.54079
276.2		0.54079
276.3		0.54079
276.4		0.54079
276.5		0.54079
276.6		0.54079
276.7		0.54079
276.8		0.54079
276.9		0.54079
277		0.54079
277.1		0.544573
277.2		0.544573
277.3		0.544573
277.4		0.544573
277.5		0.544573
277.6		0.544573
277.7		0.544573
277.8		0.544573
277.9		0.544573
278		0.544573
278.1		0.548767
278.2		0.548767
278.3		0.548767
278.4		0.548767
278.5		0.548767
278.6		0.548767
278.7		0.548767
278.8		0.548767
278.9		0.548767
279		0.548767
279.1		0.549052
279.2		0.549052
279.3		0.549052
279.4		0.549052
279.5		0.549052
279.6		0.549052
279.7		0.549052
279.8		0.549052
279.9		0.549052
280		0.549052
280.1		0.549803
280.2		0.549803
280.3		0.549803
280.4		0.549803
280.5		0.549803
280.6		0.549803
280.7		0.549803
280.8		0.549803
280.9		0.549803
281		0.549803
281.1		0.550863
281.2		0.550863
281.3		0.550863
281.4		0.550863
281.5		0.550863
281.6		0.550863
281.7		0.550863
281.8		0.550863
281.9		0.550863
282		0.550863
282.1		0.558402
282.2		0.558402
282.3		0.558402
282.4		0.558402
282.5		0.558402
282.6		0.558402
282.7		0.558402
282.8		0.558402
282.9		0.558402
283		0.558402
283.1		0.560518
283.2		0.560518
283.3		0.560518
283.4		0.560518
283.5		0.560518
283.6		0.560518
283.7		0.560518
283.8		0.560518
283.9		0.560518
284		0.560518
284.1		0.560785
284.2		0.560785
284.3		0.560785
284.4		0.560785
284.5		0.560785
284.6		0.560785
284.7		0.560785
284.8		0.560785
284.9		0.560785
285		0.560785
285.1		0.565531
285.2		0.565531
285.3		0.565531
285.4		0.565531
285.5		0.565531
285.6		0.565531
285.7		0.565531
285.8		0.565531
285.9		0.565531
286		0.565531
286.1		0.567688
286.2		0.567688
286.3		0.567688
286.4		0.567688
286.5		0.567688
286.6		0.567688
286.7		0.567688
286.8		0.567688
286.9		0.567688
287		0.567688
287.1		0.568928
287.2		0.568928
287.3		0.568928
287.4		0.568928
287.5		0.568928
287.6		0.568928
287.7		0.568928
287.8		0.568928
287.9		0.568928
288		0.568928
288.1		0.572057
288.2		0.572057
288.3		0.572057
288.4		0.572057
288.5		0.572057
288.6		0.572057
288.7		0.572057
288.8		0.572057
288.9		0.572057
289		0.572057
289.1		0.575826
289.2		0.575826
289.3		0.575826
289.4		0.575826
289.5		0.575826
289.6		0.575826
289.7		0.575826
289.8		0.575826
289.9		0.575826
290		0.575826
290.1		0.577075
290.2		0.577075
290.3		0.577075
290.4		0.577075
290.5		0.577075
290.6		0.577075
290.7		0.577075
290.8		0.577075
290.9		0.577075
291		0.577075
291.1		0.577075
291.2		0.577075
291.3		0.577075
291.4		0.577075
291.5		0.577075
291.6		0.577075
291.7		0.577075
291.8		0.577075
291.9		0.577075
292		0.577075
292.1		0.578222
292.2		0.578222
292.3		0.578222
292.4		0.578222
292.5		0.578222
292.6		0.578222
292.7		0.578222
292.8		0.578222
292.9		0.578222
293		0.578222
293.1		0.581974
293.2		0.581974
293.3		0.581974
293.4		0.581974
293.5		0.581974
293.6		0.581974
293.7		0.581974
293.8		0.581974
293.9		0.581974
294		0.581974
294.1		0.582817
294.2		0.582817
294.3		0.582817
294.4		0.582817
294.5		0.582817
294.6		0.582817
294.7		0.582817
294.8		0.582817
294.9		0.582817
295		0.582817
295.1		0.587204
295.2		0.587204
295.3		0.587204
295.4		0.587204
295.5		0.587204
295.6		0.587204
295.7		0.587204
295.8		0.587204
295.9		0.587204
296		0.587204
296.1		0.589172
296.2		0.589172
296.3		0.589172
296.4		0.589172
296.5		0.589172
296.6		0.589172
296.7		0.589172
296.8		0.589172
296.9		0.589172
297		0.589172
297.1		0.591453
297.2		0.591453
297.3		0.591453
297.4		0.591453
297.5		0.591453
297.6		0.591453
297.7		0.591453
297.8		0.591453
297.9		0.591453
298		0.591453
298.1		0.592794
298.2		0.592794
298.3		0.592794
298.4		0.592794
298.5		0.592794
298.6		0.592794
298.7		0.592794
298.8		0.592794
298.9		0.592794
299		0.592794
299.1		0.59937
299.2		0.59937
299.3		0.59937
299.4		0.59937
299.5		0.59937
299.6		0.59937
299.7		0.59937
299.8		0.59937
299.9		0.59937
300		0.59937
300.1		0.600264
300.2		0.600264
300.3		0.600264
300.4		0.600264
300.5		0.600264
300.6		0.600264
300.7		0.600264
300.8		0.600264
300.9		0.600264
301		0.600264
301.1		0.602761
301.2		0.602761
301.3		0.602761
301.4		0.602761
301.5		0.602761
301.6		0.602761
301.7		0.602761
301.8		0.602761
301.9		0.602761
302		0.602761
302.1		0.60524
302.2		0.60524
302.3		0.60524
302.4		0.60524
302.5		0.60524
302.6		0.60524
302.7		0.60524
302.8		0.60524
302.9		0.60524
303		0.60524
303.1		0.605471
303.2		0.605471
303.3		0.605471
303.4		0.605471
303.5		0.605471
303.6		0.605471
303.7		0.605471
303.8		0.605471
303.9		0.605471
304		0.605471
304.1		0.609231
304.2		0.609231
304.3		0.609231
304.4		0.609231
304.5		0.609231
304.6		0.609231
304.7		0.609231
304.8		0.609231
304.9		0.609231
305		0.609231
305.1		0.61078
305.2		0.61078
305.3		0.61078
305.4		0.61078
305.5		0.61078
305.6		0.61078
305.7		0.61078
305.8		0.61078
305.9		0.61078
306		0.61078
306.1		0.613462
306.2		0.613462
306.3		0.613462
306.4		0.613462
306.5		0.613462
306.6		0.613462
306.7		0.613462
306.8		0.613462
306.9		0.613462
307		0.613462
307.1		0.615572
307.2		0.615572
307.3		0.615572
307.4		0.615572
307.5		0.615572
307.6		0.615572
307.7		0.615572
307.8		0.615572
307.9		0.615572
308		0.615572
308.1		0.616761
308.2		0.616761
308.3		0.616761
308.4		0.616761
308.5		0.616761
308.6		0.616761
308.7		0.616761
308.8		0.616761
308.9		0.616761
309		0.616761
309.1		0.617185
309.2		0.617185
309.3		0.617185
309.4		0.617185
309.5		0.617185
309.6		0.617185
309.7		0.617185
309.8		0.617185
309.9		0.617185
310		0.617185
310.1		0.623134
310.2		0.623134
310.3		0.623134
310.4		0.623134
310.5		0.623134
310.6		0.623134
310.7		0.623134
310.8		0.623134
310.9		0.623134
311		0.623134
311.1		0.623618
311.2		0.623618
311.3		0.623618
311.4		0.623618
311.5		0.623618
311.6		0.623618
311.7		0.623618
311.8		0.623618
311.9		0.623618
312		0.623618
312.1		0.625637
312.2		0.625637
312.3		0.625637
312.4		0.625637
312.5		0.625637
312.6		0.625637
312.7		0.625637
312.8		0.625637
312.9		0.625637
313		0.625637
313.1		0.629738
313.2		0.629738
313.3		0.629738
313.4		0.629738
313.5		0.629738
313.6		0.629738
313.7		0.629738
313.8		0.629738
313.9		0.629738
314		0.629738
314.1		0.630083
314.2		0.630083
314.3		0.630083
314.4		0.630083
314.5		0.630083
314.6		0.630083
314.7		0.630083
314.8		0.630083
314.9		0.630083
315		0.630083
315.1		0.634973
315.2		0.634973
315.3		0.634973
315.4		0.634973
315.5		0.634973
315.6		0.634973
315.7		0.634973
315.8		0.634973
315.9		0.634973
316		0.634973
316.1		0.635913
316.2		0.635913
316.3		0.635913
316.4		0.635913
316.5		0.635913
316.6		0.635913
316.7		0.635913
316.8		0.635913
316.9		0.635913
317		0.635913
317.1		0.637738
317.2		0.637738
317.3		0.637738
317.4		0.637738
317.5		0.637738
317.6		0.637738
317.7		0.637738
317.8		0.637738
317.9		0.637738
318		0.637738
318.1		0.637954
318.2		0.637954
318.3		0.637954
318.4		0.637954
318.5		0.637954
318.6		0.637954
318.7		0.637954
318.8		0.637954
318.9		0.637954
319		0.637954
319.1		0.638987
319.2		0.638987
319.3		0.638987
319.4		0.638987
319.5		0.638987
319.6		0.638987
319.7		0.638987
319.8		0.638987
319.9		0.638987
320		0.638987
320.1		0.642498
320.2		0.642498
320.3		0.642498
320.4		0.642498
320.5		0.642498
320.6		0.642498
320.7		0.642498
320.8		0.642498
320.9		0.642498
321		0.642498
321.1		0.644019
321.2		0.644019
321.3		0.644019
321.4		0.644019
321.5		0.644019
321.6		0.644019
321.7		0.644019
321.8		0.644019
321.9		0.644019
322		0.644019
322.1		0.646682
322.2		0.646682
322.3		0.646682
322.4		0.646682
322.5		0.646682
322.6		0.646682
322.7		0.646682
322.8		0.646682
322.9		0.646682
323		0.646682
323.1		0.648323
323.2		0.648323
323.3		0.648323
323.4		0.648323
323.5		0.648323
323.6		0.648323
323.7		0.648323
323.8		0.648323
323.9		0.648323
324		0.648323
324.1		0.653903
324.2		0.653903
324.3		0.653903
324.4		0.653903
324.5		0.653903
324.6		0.653903
324.7		0.653903
324.8		0.653903
324.9		0.653903
325		0.653903
325.1		0.65429
325.2		0.65429
325.3		0.65429
325.4		0.65429
325.5		0.65429
325.6		0.65429
325.7		0.65429
325.8		0.65429
325.9		0.65429
326		0.65429
326.1		0.654572
326.2		0.654572
326.3		0.654572
326.4		0.654572
326.5		0.654572
326.6		0.654572
326.7		0.654572
326.8		0.654572
326.9		0.654572
327		0.654572
327.1		0.655678
327.2		0.655678
327.3		0.655678
327.4		0.655678
327.5		0.655678
327.6		0.655678
327.7		0.655678
327.8		0.655678
327.9		0.655678
328		0.655678
328.1		0.66194
328.2		0.66194
328.3		0.66194
328.4		0.66194
328.5		0.66194
328.6		0.66194
328.7		0.66194
328.8		0.66194
328.9		0.66194
329		0.66194
329.1		0.662968
329.2		0.662968
329.3		0.662968
329.4		0.662968
329.5		0.662968
329.6		0.662968
329.7		0.662968
329.8		0.662968
329.9		0.662968
330		0.662968
330.1		0.663373
330.2		0.663373
330.3		0.663373
330.4		0.663373
330.5		0.663373
330.6		0.663373
330.7		0.663373
330.8		0.663373
330.9		0.663373
331		0.663373
331.1		0.667101
331.2		0.667101
331.3		0.667101
331.4		0.667101
331.5		0.667101
331.6		0.667101
331.7		0.667101
331.8		0.667101
331.9		0.667101
332		0.667101
332.1		0.66877
332.2		0.66877
332.3		0.66877
332.4		0.66877
332.5		0.66877
332.6		0.66877
332.7		0.66877
332.8		0.66877
332.9		0.66877
333		0.66877
333.1		0.670982
333.2		0.670982
333.3		0.670982
333.4		0.670982
333.5		0.670982
333.6		0.670982
333.7		0.670982
333.8		0.670982
333.9		0.670982
334		0.670982
334.1		0.672995
334.2		0.672995
334.3		0.672995
334.4		0.672995
334.5		0.672995
334.6		0.672995
334.7		0.672995
334.8		0.672995
334.9		0.672995
335		0.672995
335.1		0.674203
335.2		0.674203
335.3		0.674203
335.4		0.674203
335.5		0.674203
335.6		0.674203
335.7		0.674203
335.8		0.674203
335.9		0.674203
336		0.674203
336.1		0.676216
336.2		0.676216
336.3		0.676216
336.4		0.676216
336.5		0.676216
336.6		0.676216
336.7		0.676216
336.8		0.676216
336.9		0.676216
337		0.676216
337.1		0.68
337.2		0.68
337.3		0.68
337.4		0.68
337.5		0.68
337.6		0.68
337.7		0.68
337.8		0.68
337.9		0.68
338		0.68
338.1		0.682175
338.2		0.682175
338.3		0.682175
338.4		0.682175
338.5		0.682175
338.6		0.682175
338.7		0.682175
338.8		0.682175
338.9		0.682175
339		0.682175
339.1		0.684396
339.2		0.684396
339.3		0.684396
339.4		0.684396
339.5		0.684396
339.6		0.684396
339.7		0.684396
339.8		0.684396
339.9		0.684396
340		0.684396
340.1		0.686442
340.2		0.686442
340.3		0.686442
340.4		0.686442
340.5		0.686442
340.6		0.686442
340.7		0.686442
340.8		0.686442
340.9		0.686442
341		0.686442
341.1		0.690073
341.2		0.690073
341.3		0.690073
341.4		0.690073
341.5		0.690073
341.6		0.690073
341.7		0.690073
341.8		0.690073
341.9		0.690073
342		0.690073
342.1		0.693825
342.2		0.693825
342.3		0.693825
342.4		0.693825
342.5		0.693825
342.6		0.693825
342.7		0.693825
342.8		0.693825
342.9		0.693825
343		0.693825
343.1		0.695626
343.2		0.695626
343.3		0.695626
343.4		0.695626
343.5		0.695626
343.6		0.695626
343.7		0.695626
343.8		0.695626
343.9		0.695626
344		0.695626
344.1		0.696456
344.2		0.696456
344.3		0.696456
344.4		0.696456
344.5		0.696456
344.6		0.696456
344.7		0.696456
344.8		0.696456
344.9		0.696456
345		0.696456
345.1		0.696723
345.2		0.696723
345.3		0.696723
345.4		0.696723
345.5		0.696723
345.6		0.696723
345.7		0.696723
345.8		0.696723
345.9		0.696723
346		0.696723
346.1		0.700271
346.2		0.700271
346.3		0.700271
346.4		0.700271
346.5		0.700271
346.6		0.700271
346.7		0.700271
346.8		0.700271
346.9		0.700271
347		0.700271
347.1		0.705009
347.2		0.705009
347.3		0.705009
347.4		0.705009
347.5		0.705009
347.6		0.705009
347.7		0.705009
347.8		0.705009
347.9		0.705009
348		0.705009
348.1		0.705009
348.2		0.705009
348.3		0.705009
348.4		0.705009
348.5		0.705009
348.6		0.705009
348.7		0.705009
348.8		0.705009
348.9		0.705009
349		0.705009
349.1		0.706548
349.2		0.706548
349.3		0.706548
349.4		0.706548
349.5		0.706548
349.6		0.706548
349.7		0.706548
349.8		0.706548
349.9		0.706548
350		0.706548
350.1		0.706944
350.2		0.706944
350.3		0.706944
350.4		0.706944
350.5		0.706944
350.6		0.706944
350.7		0.706944
350.8		0.706944
350.9		0.706944
351		0.706944
351.1		0.709419
351.2		0.709419
351.3		0.709419
351.4		0.709419
351.5		0.709419
351.6		0.709419
351.7		0.709419
351.8		0.709419
351.9		0.709419
352		0.709419
352.1		0.713681
352.2		0.713681
352.3		0.713681
352.4		0.713681
352.5		0.713681
352.6		0.713681
352.7		0.713681
352.8		0.713681
352.9		0.713681
353		0.713681
353.1		0.71599
353.2		0.71599
353.3		0.71599
353.4		0.71599
353.5		0.71599
353.6		0.71599
353.7		0.71599
353.8		0.71599
353.9		0.71599
354		0.71599
354.1		0.71664
354.2		0.71664
354.3		0.71664
354.4		0.71664
354.5		0.71664
354.6		0.71664
354.7		0.71664
354.8		0.71664
354.9		0.71664
355		0.71664
355.1		0.721829
355.2		0.721829
355.3		0.721829
355.4		0.721829
355.5		0.721829
355.6		0.721829
355.7		0.721829
355.8		0.721829
355.9		0.721829
356		0.721829
356.1		0.722949
356.2		0.722949
356.3		0.722949
356.4		0.722949
356.5		0.722949
356.6		0.722949
356.7		0.722949
356.8		0.722949
356.9		0.722949
357		0.722949
357.1		0.727916
357.2		0.727916
357.3		0.727916
357.4		0.727916
357.5		0.727916
357.6		0.727916
357.7		0.727916
357.8		0.727916
357.9		0.727916
358		0.727916
358.1		0.728672
358.2		0.728672
358.3		0.728672
358.4		0.728672
358.5		0.728672
358.6		0.728672
358.7		0.728672
358.8		0.728672
358.9		0.728672
359		0.728672
359.1		0.732925
359.2		0.732925
359.3		0.732925
359.4		0.732925
359.5		0.732925
359.6		0.732925
359.7		0.732925
359.8		0.732925
359.9		0.732925
360		0.732925
360.1		0.735225
360.2		0.735225
360.3		0.735225
360.4		0.735225
360.5		0.735225
360.6		0.735225
360.7		0.735225
360.8		0.735225
360.9		0.735225
361		0.735225
361.1		0.736552
361.2		0.736552
361.3		0.736552
361.4		0.736552
361.5		0.736552
361.6		0.736552
361.7		0.736552
361.8		0.736552
361.9		0.736552
362		0.736552
362.1		0.738635
362.2		0.738635
362.3		0.738635
362.4		0.738635
362.5		0.738635
362.6		0.738635
362.7		0.738635
362.8		0.738635
362.9		0.738635
363		0.738635
363.1		0.740787
363.2		0.740787
363.3		0.740787
363.4		0.740787
363.5		0.740787
363.6		0.740787
363.7		0.740787
363.8		0.740787
363.9		0.740787
364		0.740787
364.1		0.743538
364.2		0.743538
364.3		0.743538
364.4		0.743538
364.5		0.743538
364.6		0.743538
364.7		0.743538
364.8		0.743538
364.9		0.743538
365		0.743538
365.1		0.7451
365.2		0.7451
365.3		0.7451
365.4		0.7451
365.5		0.7451
365.6		0.7451
365.7		0.7451
365.8		0.7451
365.9		0.7451
366		0.7451
366.1		0.746732
366.2		0.746732
366.3		0.746732
366.4		0.746732
366.5		0.746732
366.6		0.746732
366.7		0.746732
366.8		0.746732
366.9		0.746732
367		0.746732
367.1		0.748303
367.2		0.748303
367.3		0.748303
367.4		0.748303
367.5		0.748303
367.6		0.748303
367.7		0.748303
367.8		0.748303
367.9		0.748303
368		0.748303
368.1		0.752745
368.2		0.752745
368.3		0.752745
368.4		0.752745
368.5		0.752745
368.6		0.752745
368.7		0.752745
368.8		0.752745
368.9		0.752745
369		0.752745
369.1		0.754501
369.2		0.754501
369.3		0.754501
369.4		0.754501
369.5		0.754501
369.6		0.754501
369.7		0.754501
369.8		0.754501
369.9		0.754501
370		0.754501
370.1		0.755847
370.2		0.755847
370.3		0.755847
370.4		0.755847
370.5		0.755847
370.6		0.755847
370.7		0.755847
370.8		0.755847
370.9		0.755847
371		0.755847
371.1		0.756008
371.2		0.756008
371.3		0.756008
371.4		0.756008
371.5		0.756008
371.6		0.756008
371.7		0.756008
371.8		0.756008
371.9		0.756008
372		0.756008
372.1		0.760593
372.2		0.760593
372.3		0.760593
372.4		0.760593
372.5		0.760593
372.6		0.760593
372.7		0.760593
372.8		0.760593
372.9		0.760593
373		0.760593
373.1		0.761893
373.2		0.761893
373.3		0.761893
373.4		0.761893
373.5		0.761893
373.6		0.761893
373.7		0.761893
373.8		0.761893
373.9		0.761893
374		0.761893
374.1		0.762828
374.2		0.762828
374.3		0.762828
374.4		0.762828
374.5		0.762828
374.6		0.762828
374.7		0.762828
374.8		0.762828
374.9		0.762828
375		0.762828
375.1		0.766598
375.2		0.766598
375.3		0.766598
375.4		0.766598
375.5		0.766598
375.6		0.766598
375.7		0.766598
375.8		0.766598
375.9		0.766598
376		0.766598
376.1		0.76869
376.2		0.76869
376.3		0.76869
376.4		0.76869
376.5		0.76869
376.6		0.76869
376.7		0.76869
376.8		0.76869
376.9		0.76869
377		0.76869
377.1		0.770644
377.2		0.770644
377.3		0.770644
377.4		0.770644
377.5		0.770644
377.6		0.770644
377.7		0.770644
377.8		0.770644
377.9		0.770644
378		0.770644
378.1		0.771298
378.2		0.771298
378.3		0.771298
378.4		0.771298
378.5		0.771298
378.6		0.771298
378.7		0.771298
378.8		0.771298
378.9		0.771298
379		0.771298
379.1		0.773754
379.2		0.773754
379.3		0.773754
379.4		0.773754
379.5		0.773754
379.6		0.773754
379.7		0.773754
379.8		0.773754
379.9		0.773754
380		0.773754
380.1		0.774699
380.2		0.774699
380.3		0.774699
380.4		0.774699
380.5		0.774699
380.6		0.774699
380.7		0.774699
380.8		0.774699
380.9		0.774699
381		0.774699
381.1		0.778791
381.2		0.778791
381.3		0.778791
381.4		0.778791
381.5		0.778791
381.6		0.778791
381.7		0.778791
381.8		0.778791
381.9		0.778791
382		0.778791
382.1		0.779828
382.2		0.779828
382.3		0.779828
382.4		0.779828
382.5		0.779828
382.6		0.779828
382.7		0.779828
382.8		0.779828
382.9		0.779828
383		0.779828
383.1		0.781869
383.2		0.781869
383.3		0.781869
383.4		0.781869
383.5		0.781869
383.6		0.781869
383.7		0.781869
383.8		0.781869
383.9		0.781869
384		0.781869
384.1		0.783966
384.2		0.783966
384.3		0.783966
384.4		0.783966
384.5		0.783966
384.6		0.783966
384.7		0.783966
384.8		0.783966
384.9		0.783966
385		0.783966
385.1		0.786413
385.2		0.786413
385.3		0.786413
385.4		0.786413
385.5		0.786413
385.6		0.786413
385.7		0.786413
385.8		0.786413
385.9		0.786413
386		0.786413
386.1		0.788104
386.2		0.788104
386.3		0.788104
386.4		0.788104
386.5		0.788104
386.6		0.788104
386.7		0.788104
386.8		0.788104
386.9		0.788104
387		0.788104
387.1		0.790478
387.2		0.790478
387.3		0.790478
387.4		0.790478
387.5		0.790478
387.6		0.790478
387.7		0.790478
387.8		0.790478
387.9		0.790478
388		0.790478
388.1		0.790653
388.2		0.790653
388.3		0.790653
388.4		0.790653
388.5		0.790653
388.6		0.790653
388.7		0.790653
388.8		0.790653
388.9		0.790653
389		0.790653
389.1		0.791745
389.2		0.791745
389.3		0.791745
389.4		0.791745
389.5		0.791745
389.6		0.791745
389.7		0.791745
389.8		0.791745
389.9		0.791745
390		0.791745
390.1		0.798146
390.2		0.798146
390.3		0.798146
390.4		0.798146
390.5		0.798146
390.6		0.798146
390.7		0.798146
390.8		0.798146
390.9		0.798146
391		0.798146
391.1		0.798588
391.2		0.798588
391.3		0.798588
391.4		0.798588
391.5		0.798588
391.6		0.798588
391.7		0.798588
391.8		0.798588
391.9		0.798588
392		0.798588
392.1		0.7988
392.2		0.7988
392.3		0.7988
392.4		0.7988
392.5		0.7988
392.6		0.7988
392.7		0.7988
392.8		0.7988
392.9		0.7988
393		0.7988
393.1		0.79898
393.2		0.79898
393.3		0.79898
393.4		0.79898
393.5		0.79898
393.6		0.79898
393.7		0.79898
393.8		0.79898
393.9		0.79898
394		0.79898
394.1		0.80504
394.2		0.80504
394.3		0.80504
394.4		0.80504
394.5		0.80504
394.6		0.80504
394.7		0.80504
394.8		0.80504
394.9		0.80504
395		0.80504
395.1		0.808109
395.2		0.808109
395.3		0.808109
395.4		0.808109
395.5		0.808109
395.6		0.808109
395.7		0.808109
395.8		0.808109
395.9		0.808109
396		0.808109
396.1		0.808597
396.2		0.808597
396.3		0.808597
396.4		0.808597
396.5		0.808597
396.6		0.808597
396.7		0.808597
396.8		0.808597
396.9		0.808597
397		0.808597
397.1		0.809044
397.2		0.809044
397.3		0.809044
397.4		0.809044
397.5		0.809044
397.6		0.809044
397.7		0.809044
397.8		0.809044
397.9		0.809044
398		0.809044
398.1		0.812814
398.2		0.812814
398.3		0.812814
398.4		0.812814
398.5		0.812814
398.6		0.812814
398.7		0.812814
398.8		0.812814
398.9		0.812814
399		0.812814
399.1		0.815297
399.2		0.815297
399.3		0.815297
399.4		0.815297
399.5		0.815297
399.6		0.815297
399.7		0.815297
399.8		0.815297
399.9		0.815297
400		0.815297
400.1		0.818274
400.2		0.818274
400.3		0.818274
400.4		0.818274
400.5		0.818274
400.6		0.818274
400.7		0.818274
400.8		0.818274
400.9		0.818274
401		0.818274
401.1		0.820058
401.2		0.820058
401.3		0.820058
401.4		0.820058
401.5		0.820058
401.6		0.820058
401.7		0.820058
401.8		0.820058
401.9		0.820058
402		0.820058
402.1		0.820537
402.2		0.820537
402.3		0.820537
402.4		0.820537
402.5		0.820537
402.6		0.820537
402.7		0.820537
402.8		0.820537
402.9		0.820537
403		0.820537
403.1		0.824293
403.2		0.824293
403.3		0.824293
403.4		0.824293
403.5		0.824293
403.6		0.824293
403.7		0.824293
403.8		0.824293
403.9		0.824293
404		0.824293
404.1		0.824597
404.2		0.824597
404.3		0.824597
404.4		0.824597
404.5		0.824597
404.6		0.824597
404.7		0.824597
404.8		0.824597
404.9		0.824597
405		0.824597
405.1		0.827307
405.2		0.827307
405.3		0.827307
405.4		0.827307
405.5		0.827307
405.6		0.827307
405.7		0.827307
405.8		0.827307
405.9		0.827307
406		0.827307
406.1		0.828887
406.2		0.828887
406.3		0.828887
406.4		0.828887
406.5		0.828887
406.6		0.828887
406.7		0.828887
406.8		0.828887
406.9		0.828887
407		0.828887
407.1		0.831463
407.2		0.831463
407.3		0.831463
407.4		0.831463
407.5		0.831463
407.6		0.831463
407.7		0.831463
407.8		0.831463
407.9		0.831463
408		0.831463
408.1		0.832141
408.2		0.832141
408.3		0.832141
408.4		0.832141
408.5		0.832141
408.6		0.832141
408.7		0.832141
408.8		0.832141
408.9		0.832141
409		0.832141
409.1		0.835357
409.2		0.835357
409.3		0.835357
409.4		0.835357
409.5		0.835357
409.6		0.835357
409.7		0.835357
409.8		0.835357
409.9		0.835357
410		0.835357
410.1		0.836514
410.2		0.836514
410.3		0.836514
410.4		0.836514
410.5		0.836514
410.6		0.836514
410.7		0.836514
410.8		0.836514
410.9		0.836514
411		0.836514
411.1		0.838776
411.2		0.838776
411.3		0.838776
411.4		0.838776
411.5		0.838776
411.6		0.838776
411.7		0.838776
411.8		0.838776
411.9		0.838776
412		0.838776
412.1		0.839896
412.2		0.839896
412.3		0.839896
412.4		0.839896
412.5		0.839896
412.6		0.839896
412.7		0.839896
412.8		0.839896
412.9		0.839896
413		0.839896
413.1		0.844703
413.2		0.844703
413.3		0.844703
413.4		0.844703
413.5		0.844703
413.6		0.844703
413.7		0.844703
413.8		0.844703
413.9		0.844703
414		0.844703
414.1		0.845988
414.2		0.845988
414.3		0.845988
414.4		0.845988
414.5		0.845988
414.6		0.845988
414.7		0.845988
414.8		0.845988
414.9		0.845988
415		0.845988
415.1		0.846841
415.2		0.846841
415.3		0.846841
415.4		0.846841
415.5		0.846841
415.6		0.846841
415.7		0.846841
415.8		0.846841
415.9		0.846841
416		0.846841
416.1		0.850251
416.2		0.850251
416.3		0.850251
416.4		0.850251
416.5		0.850251
416.6		0.850251
416.7		0.850251
416.8		0.850251
416.9		0.850251
417		0.850251
417.1		0.851458
417.2		0.851458
417.3		0.851458
417.4		0.851458
417.5		0.851458
417.6		0.851458
417.7		0.851458
417.8		0.851458
417.9		0.851458
418		0.851458
418.1		0.852412
418.2		0.852412
418.3		0.852412
418.4		0.852412
418.5		0.852412
418.6		0.852412
418.7		0.852412
418.8		0.852412
418.9		0.852412
419		0.852412
419.1		0.85691
419.2		0.85691
419.3		0.85691
419.4		0.85691
419.5		0.85691
419.6		0.85691
419.7		0.85691
419.8		0.85691
419.9		0.85691
420		0.85691
420.1		0.859361
420.2		0.859361
420.3		0.859361
420.4		0.859361
420.5		0.859361
420.6		0.859361
420.7		0.859361
420.8		0.859361
420.9		0.859361
421		0.859361
421.1		0.861283
421.2		0.861283
421.3		0.861283
421.4		0.861283
421.5		0.861283
421.6		0.861283
421.7		0.861283
421.8		0.861283
421.9		0.861283
422		0.861283
422.1		0.861407
422.2		0.861407
422.3		0.861407
422.4		0.861407
422.5		0.861407
422.6		0.861407
422.7		0.861407
422.8		0.861407
422.9		0.861407
423		0.861407
423.1		0.86161
423.2		0.86161
423.3		0.86161
423.4		0.86161
423.5		0.86161
423.6		0.86161
423.7		0.86161
423.8		0.86161
423.9		0.86161
424		0.86161
424.1		0.866435
424.2		0.866435
424.3		0.866435
424.4		0.866435
424.5		0.866435
424.6		0.866435
424.7		0.866435
424.8		0.866435
424.9		0.866435
425		0.866435
425.1		0.867882
425.2		0.867882
425.3		0.867882
425.4		0.867882
425.5		0.867882
425.6		0.867882
425.7		0.867882
425.8		0.867882
425.9		0.867882
426		0.867882
426.1		0.869624
426.2		0.869624
426.3		0.869624
426.4		0.869624
426.5		0.869624
426.6		0.869624
426.7		0.869624
426.8		0.869624
426.9		0.869624
427		0.869624
427.1		0.87032
427.2		0.87032
427.3		0.87032
427.4		0.87032
427.5		0.87032
427.6		0.87032
427.7		0.87032
427.8		0.87032
427.9		0.87032
428		0.87032
428.1		0.875887
428.2		0.875887
428.3		0.875887
428.4		0.875887
428.5		0.875887
428.6		0.875887
428.7		0.875887
428.8		0.875887
428.9		0.875887
429		0.875887
429.1		0.877163
429.2		0.877163
429.3		0.877163
429.4		0.877163
429.5		0.877163
429.6		0.877163
429.7		0.877163
429.8		0.877163
429.9		0.877163
430		0.877163
430.1		0.877707
430.2		0.877707
430.3		0.877707
430.4		0.877707
430.5		0.877707
430.6		0.877707
430.7		0.877707
430.8		0.877707
430.9		0.877707
431		0.877707
431.1		0.8802
431.2		0.8802
431.3		0.8802
431.4		0.8802
431.5		0.8802
431.6		0.8802
431.7		0.8802
431.8		0.8802
431.9		0.8802
432		0.8802
432.1		0.880499
432.2		0.880499
432.3		0.880499
432.4		0.880499
432.5		0.880499
432.6		0.880499
432.7		0.880499
432.8		0.880499
432.9		0.880499
433		0.880499
433.1		0.885167
433.2		0.885167
433.3		0.885167
433.4		0.885167
433.5		0.885167
433.6		0.885167
433.7		0.885167
433.8		0.885167
433.9		0.885167
434		0.885167
434.1		0.886407
434.2		0.886407
434.3		0.886407
434.4		0.886407
434.5		0.886407
434.6		0.886407
434.7		0.886407
434.8		0.886407
434.9		0.886407
435		0.886407
435.1		0.886979
435.2		0.886979
435.3		0.886979
435.4		0.886979
435.5		0.886979
435.6		0.886979
435.7		0.886979
435.8		0.886979
435.9		0.886979
436		0.886979
436.1		0.889006
436.2		0.889006
436.3		0.889006
436.4		0.889006
436.5		0.889006
436.6		0.889006
436.7		0.889006
436.8		0.889006
436.9		0.889006
437		0.889006
437.1		0.889872
437.2		0.889872
437.3		0.889872
437.4		0.889872
437.5		0.889872
437.6		0.889872
437.7		0.889872
437.8		0.889872
437.9		0.889872
438		0.889872
438.1		0.893425
438.2		0.893425
438.3		0.893425
438.4		0.893425
438.5		0.893425
438.6		0.893425
438.7		0.893425
438.8		0.893425
438.9		0.893425
439		0.893425
439.1		0.895895
439.2		0.895895
439.3		0.895895
439.4		0.895895
439.5		0.895895
439.6		0.895895
439.7		0.895895
439.8		0.895895
439.9		0.895895
440		0.895895
440.1		0.897163
440.2		0.897163
440.3		0.897163
440.4		0.897163
440.5		0.897163
440.6		0.897163
440.7		0.897163
440.8		0.897163
440.9		0.897163
441		0.897163
441.1		0.900812
441.2		0.900812
441.3		0.900812
441.4		0.900812
441.5		0.900812
441.6		0.900812
441.7		0.900812
441.8		0.900812
441.9		0.900812
442		0.900812
442.1		0.901863
442.2		0.901863
442.3		0.901863
442.4		0.901863
442.5		0.901863
442.6		0.901863
442.7		0.901863
442.8		0.901863
442.9		0.901863
443		0.901863
443.1		0.905172
443.2		0.905172
443.3		0.905172
443.4		0.905172
443.5		0.905172
443.6		0.905172
443.7		0.905172
443.8		0.905172
443.9		0.905172
444		0.905172
444.1		0.905614
444.2		0.905614
444.3		0.905614
444.4		0.905614
444.5		0.905614
444.6		0.905614
444.7		0.905614
444.8		0.905614
444.9		0.905614
445		0.905614
445.1		0.908734
445.2		0.908734
445.3		0.908734
445.4		0.908734
445.5		0.908734
445.6		0.908734
445.7		0.908734
445.8		0.908734
445.9		0.908734
446		0.908734
446.1		0.911863
446.2		0.911863
446.3		0.911863
446.4		0.911863
446.5		0.911863
446.6		0.911863
446.7		0.911863
446.8		0.911863
446.9		0.911863
447		0.911863
447.1		0.912107
447.2		0.912107
447.3		0.912107
447.4		0.912107
447.5		0.912107
447.6		0.912107
447.7		0.912107
447.8		0.912107
447.9		0.912107
448		0.912107
448.1		0.912987
448.2		0.912987
448.3		0.912987
448.4		0.912987
448.5		0.912987
448.6		0.912987
448.7		0.912987
448.8		0.912987
448.9		0.912987
449		0.912987
449.1		0.915024
449.2		0.915024
449.3		0.915024
449.4		0.915024
449.5		0.915024
449.6		0.915024
449.7		0.915024
449.8		0.915024
449.9		0.915024
450		0.915024
450.1		0.920043
450.2		0.920043
450.3		0.920043
450.4		0.920043
450.5		0.920043
450.6		0.920043
450.7		0.920043
450.8		0.920043
450.9		0.920043
451		0.920043
451.1		0.921061
451.2		0.921061
451.3		0.921061
451.4		0.921061
451.5		0.921061
451.6		0.921061
451.7		0.921061
451.8		0.921061
451.9		0.921061
452		0.921061
452.1		0.923748
452.2		0.923748
452.3		0.923748
452.4		0.923748
452.5		0.923748
452.6		0.923748
452.7		0.923748
452.8		0.923748
452.9		0.923748
453		0.923748
453.1		0.924568
453.2		0.924568
453.3		0.924568
453.4		0.924568
453.5		0.924568
453.6		0.924568
453.7		0.924568
453.8		0.924568
453.9		0.924568
454		0.924568
454.1		0.929024
454.2		0.929024
454.3		0.929024
454.4		0.929024
454.5		0.929024
454.6		0.929024
454.7		0.929024
454.8		0.929024
454.9		0.929024
455		0.929024
455.1		0.929273
455.2		0.929273
455.3		0.929273
455.4		0.929273
455.5		0.929273
455.6		0.929273
455.7		0.929273
455.8		0.929273
455.9		0.929273
456		0.929273
456.1		0.931743
456.2		0.931743
456.3		0.931743
456.4		0.931743
456.5		0.931743
456.6		0.931743
456.7		0.931743
456.8		0.931743
456.9		0.931743
457		0.931743
457.1		0.933411
457.2		0.933411
457.3		0.933411
457.4		0.933411
457.5		0.933411
457.6		0.933411
457.7		0.933411
457.8		0.933411
457.9		0.933411
458		0.933411
458.1		0.936429
458.2		0.936429
458.3		0.936429
458.4		0.936429
458.5		0.936429
458.6		0.936429
458.7		0.936429
458.8		0.936429
458.9		0.936429
459		0.936429
459.1		0.937807
459.2		0.937807
459.3		0.937807
459.4		0.937807
459.5		0.937807
459.6		0.937807
459.7		0.937807
459.8		0.937807
459.9		0.937807
460		0.937807
460.1		0.938927
460.2		0.938927
460.3		0.938927
460.4		0.938927
460.5		0.938927
460.6		0.938927
460.7		0.938927
460.8		0.938927
460.9		0.938927
461		0.938927
461.1		0.941895
461.2		0.941895
461.3		0.941895
461.4		0.941895
461.5		0.941895
461.6		0.941895
461.7		0.941895
461.8		0.941895
461.9		0.941895
462		0.941895
462.1		0.944185
462.2		0.944185
462.3		0.944185
462.4		0.944185
462.5		0.944185
462.6		0.944185
462.7		0.944185
462.8		0.944185
462.9		0.944185
463		0.944185
463.1		0.947061
463.2		0.947061
463.3		0.947061
463.4		0.947061
463.5		0.947061
463.6		0.947061
463.7		0.947061
463.8		0.947061
463.9		0.947061
464		0.947061
464.1		0.948282
464.2		0.948282
464.3		0.948282
464.4		0.948282
464.5		0.948282
464.6		0.948282
464.7		0.948282
464.8		0.948282
464.9		0.948282
465		0.948282
465.1		0.948987
465.2		0.948987
465.3		0.948987
465.4		0.948987
465.5		0.948987
465.6		0.948987
465.7		0.948987
465.8		0.948987
465.9		0.948987
466		0.948987
466.1		0.951107
466.2		0.951107
466.3		0.951107
466.4		0.951107
466.5		0.951107
466.6		0.951107
466.7		0.951107
466.8		0.951107
466.9		0.951107
467		0.951107
467.1		0.953812
467.2		0.953812
467.3		0.953812
467.4		0.953812
467.5		0.953812
467.6		0.953812
467.7		0.953812
467.8		0.953812
467.9		0.953812
468		0.953812
468.1		0.956558
468.2		0.956558
468.3		0.956558
468.4		0.956558
468.5		0.956558
468.6		0.956558
468.7		0.956558
468.8		0.956558
468.9		0.956558
469		0.956558
469.1		0.957042
469.2		0.957042
469.3		0.957042
469.4		0.957042
469.5		0.957042
469.6		0.957042
469.7		0.957042
469.8		0.957042
469.9		0.957042
470		0.957042
470.1		0.958323
470.2		0.958323
470.3		0.958323
470.4		0.958323
470.5		0.958323
470.6		0.958323
470.7		0.958323
470.8		0.958323
470.9		0.958323
471		0.958323
471.1		0.960922
471.2		0.960922
471.3		0.960922
471.4		0.960922
471.5		0.960922
471.6		0.960922
471.7		0.960922
471.8		0.960922
471.9		0.960922
472		0.960922
472.1		0.966106
472.2		0.966106
472.3		0.966106
472.4		0.966106
472.5		0.966106
472.6		0.966106
472.7		0.966106
472.8		0.966106
472.9		0.966106
473		0.966106
473.1		0.966526
473.2		0.966526
473.3		0.966526
473.4		0.966526
473.5		0.966526
473.6		0.966526
473.7		0.966526
473.8		0.966526
473.9		0.966526
474		0.966526
474.1		0.967613
474.2		0.967613
474.3		0.967613
474.4		0.967613
474.5		0.967613
474.6		0.967613
474.7		0.967613
474.8		0.967613
474.9		0.967613
475		0.967613
475.1		0.970825
475.2		0.970825
475.3		0.970825
475.4		0.970825
475.5		0.970825
475.6		0.970825
475.7		0.970825
475.8		0.970825
475.9		0.970825
476		0.970825
476.1		0.973664
476.2		0.973664
476.3		0.973664
476.4		0.973664
476.5		0.973664
476.6		0.973664
476.7		0.973664
476.8		0.973664
476.9		0.973664
477		0.973664
477.1		0.974987
477.2		0.974987
477.3		0.974987
477.4		0.974987
477.5		0.974987
477.6		0.974987
477.7		0.974987
477.8		0.974987
477.9		0.974987
478		0.974987
478.1		0.976986
478.2		0.976986
478.3		0.976986
478.4		0.976986
478.5		0.976986
478.6		0.976986
478.7		0.976986
478.8		0.976986
478.9		0.976986
479		0.976986
479.1		0.978447
479.2		0.978447
479.3		0.978447
479.4		0.978447
479.5		0.978447
479.6		0.978447
479.7		0.978447
479.8		0.978447
479.9		0.978447
480		0.978447
480.1		0.98142
480.2		0.98142
480.3		0.98142
480.4		0.98142
480.5		0.98142
480.6		0.98142
480.7		0.98142
480.8		0.98142
480.9		0.98142
481		0.98142
481.1		0.98171
481.2		0.98171
481.3		0.98171
481.4		0.98171
481.5		0.98171
481.6		0.98171
481.7		0.98171
481.8		0.98171
481.9		0.98171
482		0.98171
482.1		0.983544
482.2		0.983544
482.3		0.983544
482.4		0.983544
482.5		0.983544
482.6		0.983544
482.7		0.983544
482.8		0.983544
482.9		0.983544
483		0.983544
483.1		0.986235
483.2		0.986235
483.3		0.986235
483.4		0.986235
483.5		0.986235
483.6		0.986235
483.7		0.986235
483.8		0.986235
483.9		0.986235
484		0.986235
484.1		0.989424
484.2		0.989424
484.3		0.989424
484.4		0.989424
484.5		0.989424
484.6		0.989424
484.7		0.989424
484.8		0.989424
484.9		0.989424
485		0.989424
485.1		0.991613
485.2		0.991613
485.3		0.991613
485.4		0.991613
485.5		0.991613
485.6		0.991613
485.7		0.991613
485.8		0.991613
485.9		0.991613
486		0.991613
486.1		0.992065
486.2		0.992065
486.3		0.992065
486.4		0.992065
486.5		0.992065
486.6		0.992065
486.7		0.992065
486.8		0.992065
486.9		0.992065
487		0.992065
487.1		0.994548
487.2		0.994548
487.3		0.994548
487.4		0.994548
487.5		0.994548
487.6		0.994548
487.7		0.994548
487.8		0.994548
487.9		0.994548
488		0.994548
488.1		0.999419
488.2		0.999419
488.3		0.999419
488.4		0.999419
488.5		0.999419
488.6		0.999419
488.7		0.999419
488.8		0.999419
488.9		0.999419
489		0.999419
489.1		0.999802
489.2		0.999802
489.3		0.999802
489.4		0.999802
489.5		0.999802
489.6		0.999802
489.7		0.999802
489.8		0.999802
489.9		0.999802
490		0.999802
490.1		1
490.2		1
490.3		1
490.4		1
490.5		1
490.6		1
490.7		1
490.8		1
490.9		1
491		1
491.1		1
491.2		1
491.3		1
491.4		1
491.5		1
491.6		1
491.7		1
491.8		1
491.9		1
492		1
492.1		1
492.2		1
492.3		1
492.4		1
492.5		1
492.6		1
492.7		1
492.8		1
492.9		1
493		1
493.1		1
493.2		1
493.3		1
493.4		1
493.5		1
493.6		1
493.7		1
493.8		1
493.9		1
494		1
494.1		1
494.2		1
494.3		1
494.4		1
494.5		1
494.6		1
494.7		1
494.8		1
494.9		1
495		1
495.1		1
495.2		1
495.3		1
495.4		1
495.5		1
495.6		1
495.7		1
495.8		1
495.9		1
496		1
496.1		1
496.2		1
496.3		1
496.4		1
496.5		1
496.6		1
496.7		1
496.8		1
496.9		1
497		1
497.1		1
497.2		1
497.3		1
497.4		1
497.5		1
497.6		1
497.7		1
497.8		1
497.9		1
498		1
498.1		1
498.2		1
498.3		1
498.4		1
498.5		1
498.6		1
498.7		1
498.8		1
498.9		1
499		1
499.1		1
499.2		1
499.3		1
499.4		1
499.5		1
499.6		1
499.7		1
499.8		1
499.9		1
500		1
500.1		1
500.2		1
500.3		1
500.4		1
500.5		1
500.6		1
500.7		1
500.8		1
500.9		1
501		1
501.1		1
501.2		1
501.3		1
501.4		1
501.5		1
501.6		1
501.7		1
501.8		1
501.9		1
502		1
502.1		1
502.2		1
502.3		1
502.4		1
502.5		1
502.6		1
502.7		1
502.8		1
502.9		1
503		1
503.1		1
503.2		1
503.3		1
503.4		1
503.5		1
503.6		1
503.7		1
503.8		1
503.9		1
504		1
504.1		1
504.2		1
504.3		1
504.4		1
504.5		1
504.6		1
504.7		1
504.8		1
504.9		1
505		1
505.1		1
505.2		1
505.3		1
505.4		1
505.5		1
505.6		1
505.7		1
505.8		1
505.9		1
506		1
506.1		1
506.2		1
506.3		1
506.4		1
506.5		1
506.6		1
506.7		1
506.8		1
506.9		1
507		1
507.1		1
507.2		1
507.3		1
507.4		1
507.5		1
507.6		1
507.7		1
507.8		1
507.9		1
508		1
508.1		1
508.2		1
508.3		1
508.4		1
508.5		1
508.6		1
508.7		1
508.8		1
508.9		1
509		1
509.1		1
509.2		1
509.3		1
509.4		1
509.5		1
509.6		1
509.7		1
509.8		1
509.9		1
510		1
510.1		1
510.2		1
510.3		1
510.4		1
510.5		1
510.6		1
510.7		1
510.8		1
510.9		1
511		1
511.1		1
511.2		1
511.3		1
511.4		1
511.5		1
511.6		1
511.7		1
511.8		1
511.9		1
512		1
512.1		1
512.2		1
512.3		1
512.4		1
512.5		1
512.6		1
512.7		1
512.8		1
512.9		1
513		1
513.1		1
513.2		1
513.3		1
513.4		1
513.5		1
513.6		1
513.7		1
513.8		1
513.9		1
514		1
514.1		1
514.2		1
514.3		1
514.4		1
514.5		1
514.6		1
514.7		1
514.8		1
514.9		1
515		1
515.1		1
515.2		1
515.3		1
515.4		1
515.5		1
515.6		1
515.7		1
515.8		1
515.9		1
516		1
516.1		1
516.2		1
516.3		1
516.4		1
516.5		1
516.6		1
516.7		1
516.8		1
516.9		1
517		1
517.1		1
517.2		1
517.3		1
517.4		1
517.5		1
517.6		1
517.7		1
517.8		1
517.9		1
518		1
518.1		1
518.2		1
518.3		1
518.4		1
518.5		1
518.6		1
518.7		1
518.8		1
518.9		1
519		1
519.1		1
519.2		1
519.3		1
519.4		1
519.5		1
519.6		1
519.7		1
519.8		1
519.9		1
520		1
520.1		1
520.2		1
520.3		1
520.4		1
520.5		1
520.6		1
520.7		1
520.8		1
520.9		1
521		1
521.1		1
521.2		1
521.3		1
521.4		1
521.5		1
521.6		1
521.7		1
521.8		1
521.9		1
522		1
522.1		1
522.2		1
522.3		1
522.4		1
522.5		1
522.6		1
522.7		1
522.8		1
522.9		1
523		1
523.1		1
523.2		1
523.3		1
523.4		1
523.5		1
523.6		1
523.7		1
523.8		1
523.9		1
524		1
524.1		1
524.2		1
524.3		1
524.4		1
524.5		1
524.6		1
524.7		1
524.8		1
524.9		1
525		1
525.1		1
525.2		1
525.3		1
525.4		1
525.5		1
525.6		1
525.7		1
525.8		1
525.9		1
526		1
526.1		1
526.2		1
526.3		1
526.4		1
526.5		1
526.6		1
526.7		1
526.8		1
526.9		1
527		1
527.1		1
527.2		1
527.3		1
527.4		1
527.5		1
527.6		1
527.7		1
527.8		1
527.9		1
528		1
528.1		1
528.2		1
528.3		1
528.4		1
528.5		1
528.6		1
528.7		1
528.8		1
528.9		1
529		1
529.1		1
529.2		1
529.3		1
529.4		1
529.5		1
529.6		1
529.7		1
529.8		1
529.9		1
530		1
530.1		1
530.2		1
530.3		1
530.4		1
530.5		1
530.6		1
530.7		1
530.8		1
530.9		1
531		1
531.1		1
531.2		1
531.3		1
531.4		1
531.5		1
531.6		1
531.7		1
531.8		1
531.9		1
532		1
532.1		1
532.2		1
532.3		1
532.4		1
532.5		1
532.6		1
532.7		1
532.8		1
532.9		1
533		1
533.1		1
533.2		1
533.3		1
533.4		1
533.5		1
533.6		1
533.7		1
533.8		1
533.9		1
534		1
534.1		1
534.2		1
534.3		1
534.4		1
534.5		1
534.6		1
534.7		1
534.8		1
534.9		1
535		1
535.1		1
535.2		1
535.3		1
535.4		1
535.5		1
535.6		1
535.7		1
535.8		1
535.9		1
536		1
536.1		1
536.2		1
536.3		1
536.4		1
536.5		1
536.6		1
536.7		1
536.8		1
536.9		1
537		1
537.1		1
537.2		1
537.3		1
537.4		1
537.5		1
537.6		1
537.7		1
537.8		1
537.9		1
538		1
538.1		1
538.2		1
538.3		1
538.4		1
538.5		1
538.6		1
538.7		1
538.8		1
538.9		1
539		1
539.1		1
539.2		1
539.3		1
539.4		1
539.5		1
539.6		1
539.7		1
539.8		1
539.9		1
540		1
540.1		1
540.2		1
540.3		1
540.4		1
540.5		1
540.6		1
540.7		1
540.8		1
540.9		1
541		1
541.1		1
541.2		1
541.3		1
541.4		1
541.5		1
541.6		1
541.7		1
541.8		1
541.9		1
542		1
542.1		1
542.2		1
542.3		1
542.4		1
542.5		1
542.6		1
542.7		1
542.8		1
542.9		1
543		1
543.1		1
543.2		1
543.3		1
543.4		1
543.5		1
543.6		1
543.7		1
543.8		1
543.9		1
544		1
544.1		1
544.2		1
544.3		1
544.4		1
544.5		1
544.6		1
544.7		1
544.8		1
544.9		1
545		1
545.1		1
545.2		1
545.3		1
545.4		1
545.5		1
545.6		1
545.7		1
545.8		1
545.9		1
546		1
546.1		1
546.2		1
546.3		1
546.4		1
546.5		1
546.6		1
546.7		1
546.8		1
546.9		1
547		1
547.1		1
547.2		1
547.3		1
547.4		1
547.5		1
547.6		1
547.7		1
547.8		1
547.9		1
548		1
548.1		1
548.2		1
548.3		1
548.4		1
548.5		1
548.6		1
548.7		1
548.8		1
548.9		1
549		1
549.1		1
549.2		1
549.3		1
549.4		1
549.5		1
549.6		1
549.7		1
549.8		1
549.9		1
550		1
550.1		1
550.2		1
550.3		1
550.4		1
550.5		1
550.6		1
550.7		1
550.8		1
550.9		1
551		1
551.1		1
551.2		1
551.3		1
551.4		1
551.5		1
551.6		1
551.7		1
551.8		1
551.9		1
552		1
552.1		1
552.2		1
552.3		1
552.4		1
552.5		1
552.6		1
552.7		1
552.8		1
552.9		1
553		1
553.1		1
553.2		1
553.3		1
553.4		1
553.5		1
553.6		1
553.7		1
553.8		1
553.9		1
554		1
554.1		1
554.2		1
554.3		1
554.4		1
554.5		1
554.6		1
554.7		1
554.8		1
554.9		1
555		1
555.1		1
555.2		1
555.3		1
555.4		1
555.5		1
555.6		1
555.7		1
555.8		1
555.9		1
556		1
556.1		1
556.2		1
556.3		1
556.4		1
556.5		1
556.6		1
556.7		1
556.8		1
556.9		1
557		1
557.1		1
557.2		1
557.3		1
557.4		1
557.5		1
557.6		1
557.7		1
557.8		1
557.9		1
558		1
558.1		1
558.2		1
558.3		1
558.4		1
558.5		1
558.6		1
558.7		1
558.8		1
558.9		1
559		1
559.1		1
559.2		1
559.3		1
559.4		1
559.5		1
559.6		1
559.7		1
559.8		1
559.9		1
560		1
560.1		1
560.2		1
560.3		1
560.4		1
560.5		1
560.6		1
560.7		1
560.8		1
560.9		1
561		1
561.1		1
561.2		1
561.3		1
561.4		1
561.5		1
561.6		1
561.7		1
561.8		1
561.9		1
562		1
562.1		1
562.2		1
562.3		1
562.4		1
562.5		1
562.6		1
562.7		1
562.8		1
562.9		1
563		1
563.1		1
563.2		1
563.3		1
563.4		1
563.5		1
563.6		1
563.7		1
563.8		1
563.9		1
564		1
564.1		1
564.2		1
564.3		1
564.4		1
564.5		1
564.6		1
564.7		1
564.8		1
564.9		1
565		1
565.1		1
565.2		1
565.3		1
565.4		1
565.5		1
565.6		1
565.7		1
565.8		1
565.9		1
566		1
566.1		1
566.2		1
566.3		1
566.4		1
566.5		1
566.6		1
566.7		1
566.8		1
566.9		1
567		1
567.1		1
567.2		1
567.3		1
567.4		1
567.5		1
567.6		1
567.7		1
567.8		1
567.9		1
568		1
568.1		1
568.2		1
568.3		1
568.4		1
568.5		1
568.6		1
568.7		1
568.8		1
568.9		1
569		1
569.1		1
569.2		1
569.3		1
569.4		1
569.5		1
569.6		1
569.7		1
569.8		1
569.9		1
570		1
570.1		1
570.2		1
570.3		1
570.4		1
570.5		1
570.6		1
570.7		1
570.8		1
570.9		1
571		1
571.1		1
571.2		1
571.3		1
571.4		1
571.5		1
571.6		1
571.7		1
571.8		1
571.9		1
572		1
572.1		1
572.2		1
572.3		1
572.4		1
572.5		1
572.6		1
572.7		1
572.8		1
572.9		1
573		1
573.1		1
573.2		1
573.3		1
573.4		1
573.5		1
573.6		1
573.7		1
573.8		1
573.9		1
574		1
574.1		1
574.2		1
574.3		1
574.4		1
574.5		1
574.6		1
574.7		1
574.8		1
574.9		1
575		1
575.1		1
575.2		1
575.3		1
575.4		1
575.5		1
575.6		1
575.7		1
575.8		1
575.9		1
576		1
576.1		1
576.2		1
576.3		1
576.4		1
576.5		1
576.6		1
576.7		1
576.8		1
576.9		1
577		1
577.1		1
577.2		1
577.3		1
577.4		1
577.5		1
577.6		1
577.7		1
577.8		1
577.9		1
578		1
578.1		1
578.2		1
578.3		1
578.4		1
578.5		1
578.6		1
578.7		1
578.8		1
578.9		1
579		1
579.1		1
579.2		1
579.3		1
579.4		1
579.5		1
579.6		1
579.7		1
579.8		1
579.9		1
580		1
580.1		1
580.2		1
580.3		1
580.4		1
580.5		1
580.6		1
580.7		1
580.8		1
580.9		1
581		1
581.1		1
581.2		1
581.3		1
581.4		1
581.5		1
581.6		1
581.7		1
581.8		1
581.9		1
582		1
582.1		1
582.2		1
582.3		1
582.4		1
582.5		1
582.6		1
582.7		1
582.8		1
582.9		1
583		1
583.1		1
583.2		1
583.3		1
583.4		1
583.5		1
583.6		1
583.7		1
583.8		1
583.9		1
584		1
584.1		1
584.2		1
584.3		1
584.4		1
584.5		1
584.6		1
584.7		1
584.8		1
584.9		1
585		1
585.1		1
585.2		1
585.3		1
585.4		1
585.5		1
585.6		1
585.7		1
585.8		1
585.9		1
586		1
586.1		1
586.2		1
586.3		1
586.4		1
586.5		1
586.6		1
586.7		1
586.8		1
586.9		1
587		1
587.1		1
587.2		1
587.3		1
587.4		1
587.5		1
587.6		1
587.7		1
587.8		1
587.9		1
588		1
588.1		1
588.2		1
588.3		1
588.4		1
588.5		1
588.6		1
588.7		1
588.8		1
588.9		1
589		1
589.1		1
589.2		1
589.3		1
589.4		1
589.5		1
589.6		1
589.7		1
589.8		1
589.9		1
590		1
590.1		1
590.2		1
590.3		1
590.4		1
590.5		1
590.6		1
590.7		1
590.8		1
590.9		1
591		1
591.1		1
591.2		1
591.3		1
591.4		1
591.5		1
591.6		1
591.7		1
591.8		1
591.9		1
592		1
592.1		1
592.2		1
592.3		1
592.4		1
592.5		1
592.6		1
592.7		1
592.8		1
592.9		1
593		1
593.1		1
593.2		1
593.3		1
593.4		1
593.5		1
593.6		1
593.7		1
593.8		1
593.9		1
594		1
594.1		1
594.2		1
594.3		1
594.4		1
594.5		1
594.6		1
594.7		1
594.8		1
594.9		1
595		1
595.1		1
595.2		1
595.3		1
595.4		1
595.5		1
595.6		1
595.7		1
595.8		1
595.9		1
596		1
596.1		1
596.2		1
596.3		1
596.4		1
596.5		1
596.6		1
596.7		1
596.8		1
596.9		1
597		1
597.1		1
597.2		1
597.3		1
597.4		1
597.5		1
597.6		1
597.7		1
597.8		1
597.9		1
598		1
598.1		1
598.2		1
598.3		1
598.4		1
598.5		1
598.6		1
598.7		1
598.8		1
598.9		1
599		1
599.1		1
599.2		1
599.3		1
599.4		1
599.5		1
599.6		1
599.7		1
599.8		1
599.9		1
600		1
