# Calibration file of tamex_id 0 @ channel 59
# fine_T bin		 Calibration value
0.1		0
0.2		0
0.3		0
0.4		0
0.5		0
0.6		0
0.7		0
0.8		0
0.9		0
1		0
1.1		0
1.2		0
1.3		0
1.4		0
1.5		0
1.6		0
1.7		0
1.8		0
1.9		0
2		0
2.1		0
2.2		0
2.3		0
2.4		0
2.5		0
2.6		0
2.7		0
2.8		0
2.9		0
3		0
3.1		0
3.2		0
3.3		0
3.4		0
3.5		0
3.6		0
3.7		0
3.8		0
3.9		0
4		0
4.1		0
4.2		0
4.3		0
4.4		0
4.5		0
4.6		0
4.7		0
4.8		0
4.9		0
5		0
5.1		0
5.2		0
5.3		0
5.4		0
5.5		0
5.6		0
5.7		0
5.8		0
5.9		0
6		0
6.1		0
6.2		0
6.3		0
6.4		0
6.5		0
6.6		0
6.7		0
6.8		0
6.9		0
7		0
7.1		0
7.2		0
7.3		0
7.4		0
7.5		0
7.6		0
7.7		0
7.8		0
7.9		0
8		0
8.1		0
8.2		0
8.3		0
8.4		0
8.5		0
8.6		0
8.7		0
8.8		0
8.9		0
9		0
9.1		0
9.2		0
9.3		0
9.4		0
9.5		0
9.6		0
9.7		0
9.8		0
9.9		0
10		0
10.1		0
10.2		0
10.3		0
10.4		0
10.5		0
10.6		0
10.7		0
10.8		0
10.9		0
11		0
11.1		0
11.2		0
11.3		0
11.4		0
11.5		0
11.6		0
11.7		0
11.8		0
11.9		0
12		0
12.1		0
12.2		0
12.3		0
12.4		0
12.5		0
12.6		0
12.7		0
12.8		0
12.9		0
13		0
13.1		0
13.2		0
13.3		0
13.4		0
13.5		0
13.6		0
13.7		0
13.8		0
13.9		0
14		0
14.1		0
14.2		0
14.3		0
14.4		0
14.5		0
14.6		0
14.7		0
14.8		0
14.9		0
15		0
15.1		0
15.2		0
15.3		0
15.4		0
15.5		0
15.6		0
15.7		0
15.8		0
15.9		0
16		0
16.1		0.00254292
16.2		0.00254292
16.3		0.00254292
16.4		0.00254292
16.5		0.00254292
16.6		0.00254292
16.7		0.00254292
16.8		0.00254292
16.9		0.00254292
17		0.00254292
17.1		0.00639812
17.2		0.00639812
17.3		0.00639812
17.4		0.00639812
17.5		0.00639812
17.6		0.00639812
17.7		0.00639812
17.8		0.00639812
17.9		0.00639812
18		0.00639812
18.1		0.0126518
18.2		0.0126518
18.3		0.0126518
18.4		0.0126518
18.5		0.0126518
18.6		0.0126518
18.7		0.0126518
18.8		0.0126518
18.9		0.0126518
19		0.0126518
19.1		0.0129626
19.2		0.0129626
19.3		0.0129626
19.4		0.0129626
19.5		0.0129626
19.6		0.0129626
19.7		0.0129626
19.8		0.0129626
19.9		0.0129626
20		0.0129626
20.1		0.0196276
20.2		0.0196276
20.3		0.0196276
20.4		0.0196276
20.5		0.0196276
20.6		0.0196276
20.7		0.0196276
20.8		0.0196276
20.9		0.0196276
21		0.0196276
21.1		0.0199635
21.2		0.0199635
21.3		0.0199635
21.4		0.0199635
21.5		0.0199635
21.6		0.0199635
21.7		0.0199635
21.8		0.0199635
21.9		0.0199635
22		0.0199635
22.1		0.0201299
22.2		0.0201299
22.3		0.0201299
22.4		0.0201299
22.5		0.0201299
22.6		0.0201299
22.7		0.0201299
22.8		0.0201299
22.9		0.0201299
23		0.0201299
23.1		0.0245628
23.2		0.0245628
23.3		0.0245628
23.4		0.0245628
23.5		0.0245628
23.6		0.0245628
23.7		0.0245628
23.8		0.0245628
23.9		0.0245628
24		0.0245628
24.1		0.026123
24.2		0.026123
24.3		0.026123
24.4		0.026123
24.5		0.026123
24.6		0.026123
24.7		0.026123
24.8		0.026123
24.9		0.026123
25		0.026123
25.1		0.0283457
25.2		0.0283457
25.3		0.0283457
25.4		0.0283457
25.5		0.0283457
25.6		0.0283457
25.7		0.0283457
25.8		0.0283457
25.9		0.0283457
26		0.0283457
26.1		0.0286974
26.2		0.0286974
26.3		0.0286974
26.4		0.0286974
26.5		0.0286974
26.6		0.0286974
26.7		0.0286974
26.8		0.0286974
26.9		0.0286974
27		0.0286974
27.1		0.0306909
27.2		0.0306909
27.3		0.0306909
27.4		0.0306909
27.5		0.0306909
27.6		0.0306909
27.7		0.0306909
27.8		0.0306909
27.9		0.0306909
28		0.0306909
28.1		0.0336262
28.2		0.0336262
28.3		0.0336262
28.4		0.0336262
28.5		0.0336262
28.6		0.0336262
28.7		0.0336262
28.8		0.0336262
28.9		0.0336262
29		0.0336262
29.1		0.0369729
29.2		0.0369729
29.3		0.0369729
29.4		0.0369729
29.5		0.0369729
29.6		0.0369729
29.7		0.0369729
29.8		0.0369729
29.9		0.0369729
30		0.0369729
30.1		0.0385897
30.2		0.0385897
30.3		0.0385897
30.4		0.0385897
30.5		0.0385897
30.6		0.0385897
30.7		0.0385897
30.8		0.0385897
30.9		0.0385897
31		0.0385897
31.1		0.039723
31.2		0.039723
31.3		0.039723
31.4		0.039723
31.5		0.039723
31.6		0.039723
31.7		0.039723
31.8		0.039723
31.9		0.039723
32		0.039723
32.1		0.0404984
32.2		0.0404984
32.3		0.0404984
32.4		0.0404984
32.5		0.0404984
32.6		0.0404984
32.7		0.0404984
32.8		0.0404984
32.9		0.0404984
33		0.0404984
33.1		0.0435405
33.2		0.0435405
33.3		0.0435405
33.4		0.0435405
33.5		0.0435405
33.6		0.0435405
33.7		0.0435405
33.8		0.0435405
33.9		0.0435405
34		0.0435405
34.1		0.0466988
34.2		0.0466988
34.3		0.0466988
34.4		0.0466988
34.5		0.0466988
34.6		0.0466988
34.7		0.0466988
34.8		0.0466988
34.9		0.0466988
35		0.0466988
35.1		0.0500548
35.2		0.0500548
35.3		0.0500548
35.4		0.0500548
35.5		0.0500548
35.6		0.0500548
35.7		0.0500548
35.8		0.0500548
35.9		0.0500548
36		0.0500548
36.1		0.0505791
36.2		0.0505791
36.3		0.0505791
36.4		0.0505791
36.5		0.0505791
36.6		0.0505791
36.7		0.0505791
36.8		0.0505791
36.9		0.0505791
37		0.0505791
37.1		0.05159
37.2		0.05159
37.3		0.05159
37.4		0.05159
37.5		0.05159
37.6		0.05159
37.7		0.05159
37.8		0.05159
37.9		0.05159
38		0.05159
38.1		0.0528708
38.2		0.0528708
38.3		0.0528708
38.4		0.0528708
38.5		0.0528708
38.6		0.0528708
38.7		0.0528708
38.8		0.0528708
38.9		0.0528708
39		0.0528708
39.1		0.0572723
39.2		0.0572723
39.3		0.0572723
39.4		0.0572723
39.5		0.0572723
39.6		0.0572723
39.7		0.0572723
39.8		0.0572723
39.9		0.0572723
40		0.0572723
40.1		0.0587101
40.2		0.0587101
40.3		0.0587101
40.4		0.0587101
40.5		0.0587101
40.6		0.0587101
40.7		0.0587101
40.8		0.0587101
40.9		0.0587101
41		0.0587101
41.1		0.0603207
41.2		0.0603207
41.3		0.0603207
41.4		0.0603207
41.5		0.0603207
41.6		0.0603207
41.7		0.0603207
41.8		0.0603207
41.9		0.0603207
42		0.0603207
42.1		0.064562
42.2		0.064562
42.3		0.064562
42.4		0.064562
42.5		0.064562
42.6		0.064562
42.7		0.064562
42.8		0.064562
42.9		0.064562
43		0.064562
43.1		0.0648634
43.2		0.0648634
43.3		0.0648634
43.4		0.0648634
43.5		0.0648634
43.6		0.0648634
43.7		0.0648634
43.8		0.0648634
43.9		0.0648634
44		0.0648634
44.1		0.0666654
44.2		0.0666654
44.3		0.0666654
44.4		0.0666654
44.5		0.0666654
44.6		0.0666654
44.7		0.0666654
44.8		0.0666654
44.9		0.0666654
45		0.0666654
45.1		0.0673059
45.2		0.0673059
45.3		0.0673059
45.4		0.0673059
45.5		0.0673059
45.6		0.0673059
45.7		0.0673059
45.8		0.0673059
45.9		0.0673059
46		0.0673059
46.1		0.0743915
46.2		0.0743915
46.3		0.0743915
46.4		0.0743915
46.5		0.0743915
46.6		0.0743915
46.7		0.0743915
46.8		0.0743915
46.9		0.0743915
47		0.0743915
47.1		0.0745391
47.2		0.0745391
47.3		0.0745391
47.4		0.0745391
47.5		0.0745391
47.6		0.0745391
47.7		0.0745391
47.8		0.0745391
47.9		0.0745391
48		0.0745391
48.1		0.0777852
48.2		0.0777852
48.3		0.0777852
48.4		0.0777852
48.5		0.0777852
48.6		0.0777852
48.7		0.0777852
48.8		0.0777852
48.9		0.0777852
49		0.0777852
49.1		0.0779359
49.2		0.0779359
49.3		0.0779359
49.4		0.0779359
49.5		0.0779359
49.6		0.0779359
49.7		0.0779359
49.8		0.0779359
49.9		0.0779359
50		0.0779359
50.1		0.0830751
50.2		0.0830751
50.3		0.0830751
50.4		0.0830751
50.5		0.0830751
50.6		0.0830751
50.7		0.0830751
50.8		0.0830751
50.9		0.0830751
51		0.0830751
51.1		0.0837156
51.2		0.0837156
51.3		0.0837156
51.4		0.0837156
51.5		0.0837156
51.6		0.0837156
51.7		0.0837156
51.8		0.0837156
51.9		0.0837156
52		0.0837156
52.1		0.0852382
52.2		0.0852382
52.3		0.0852382
52.4		0.0852382
52.5		0.0852382
52.6		0.0852382
52.7		0.0852382
52.8		0.0852382
52.9		0.0852382
53		0.0852382
53.1		0.0854454
53.2		0.0854454
53.3		0.0854454
53.4		0.0854454
53.5		0.0854454
53.6		0.0854454
53.7		0.0854454
53.8		0.0854454
53.9		0.0854454
54		0.0854454
54.1		0.0897244
54.2		0.0897244
54.3		0.0897244
54.4		0.0897244
54.5		0.0897244
54.6		0.0897244
54.7		0.0897244
54.8		0.0897244
54.9		0.0897244
55		0.0897244
55.1		0.0914668
55.2		0.0914668
55.3		0.0914668
55.4		0.0914668
55.5		0.0914668
55.6		0.0914668
55.7		0.0914668
55.8		0.0914668
55.9		0.0914668
56		0.0914668
56.1		0.092597
56.2		0.092597
56.3		0.092597
56.4		0.092597
56.5		0.092597
56.6		0.092597
56.7		0.092597
56.8		0.092597
56.9		0.092597
57		0.092597
57.1		0.093589
57.2		0.093589
57.3		0.093589
57.4		0.093589
57.5		0.093589
57.6		0.093589
57.7		0.093589
57.8		0.093589
57.9		0.093589
58		0.093589
58.1		0.0994974
58.2		0.0994974
58.3		0.0994974
58.4		0.0994974
58.5		0.0994974
58.6		0.0994974
58.7		0.0994974
58.8		0.0994974
58.9		0.0994974
59		0.0994974
59.1		0.100725
59.2		0.100725
59.3		0.100725
59.4		0.100725
59.5		0.100725
59.6		0.100725
59.7		0.100725
59.8		0.100725
59.9		0.100725
60		0.100725
60.1		0.101014
60.2		0.101014
60.3		0.101014
60.4		0.101014
60.5		0.101014
60.6		0.101014
60.7		0.101014
60.8		0.101014
60.9		0.101014
61		0.101014
61.1		0.101277
61.2		0.101277
61.3		0.101277
61.4		0.101277
61.5		0.101277
61.6		0.101277
61.7		0.101277
61.8		0.101277
61.9		0.101277
62		0.101277
62.1		0.10544
62.2		0.10544
62.3		0.10544
62.4		0.10544
62.5		0.10544
62.6		0.10544
62.7		0.10544
62.8		0.10544
62.9		0.10544
63		0.10544
63.1		0.108821
63.2		0.108821
63.3		0.108821
63.4		0.108821
63.5		0.108821
63.6		0.108821
63.7		0.108821
63.8		0.108821
63.9		0.108821
64		0.108821
64.1		0.111421
64.2		0.111421
64.3		0.111421
64.4		0.111421
64.5		0.111421
64.6		0.111421
64.7		0.111421
64.8		0.111421
64.9		0.111421
65		0.111421
65.1		0.113443
65.2		0.113443
65.3		0.113443
65.4		0.113443
65.5		0.113443
65.6		0.113443
65.7		0.113443
65.8		0.113443
65.9		0.113443
66		0.113443
66.1		0.115599
66.2		0.115599
66.3		0.115599
66.4		0.115599
66.5		0.115599
66.6		0.115599
66.7		0.115599
66.8		0.115599
66.9		0.115599
67		0.115599
67.1		0.116391
67.2		0.116391
67.3		0.116391
67.4		0.116391
67.5		0.116391
67.6		0.116391
67.7		0.116391
67.8		0.116391
67.9		0.116391
68		0.116391
68.1		0.120371
68.2		0.120371
68.3		0.120371
68.4		0.120371
68.5		0.120371
68.6		0.120371
68.7		0.120371
68.8		0.120371
68.9		0.120371
69		0.120371
69.1		0.120481
69.2		0.120481
69.3		0.120481
69.4		0.120481
69.5		0.120481
69.6		0.120481
69.7		0.120481
69.8		0.120481
69.9		0.120481
70		0.120481
70.1		0.124468
70.2		0.124468
70.3		0.124468
70.4		0.124468
70.5		0.124468
70.6		0.124468
70.7		0.124468
70.8		0.124468
70.9		0.124468
71		0.124468
71.1		0.125781
71.2		0.125781
71.3		0.125781
71.4		0.125781
71.5		0.125781
71.6		0.125781
71.7		0.125781
71.8		0.125781
71.9		0.125781
72		0.125781
72.1		0.128123
72.2		0.128123
72.3		0.128123
72.4		0.128123
72.5		0.128123
72.6		0.128123
72.7		0.128123
72.8		0.128123
72.9		0.128123
73		0.128123
73.1		0.132188
73.2		0.132188
73.3		0.132188
73.4		0.132188
73.5		0.132188
73.6		0.132188
73.7		0.132188
73.8		0.132188
73.9		0.132188
74		0.132188
74.1		0.133488
74.2		0.133488
74.3		0.133488
74.4		0.133488
74.5		0.133488
74.6		0.133488
74.7		0.133488
74.8		0.133488
74.9		0.133488
75		0.133488
75.1		0.135412
75.2		0.135412
75.3		0.135412
75.4		0.135412
75.5		0.135412
75.6		0.135412
75.7		0.135412
75.8		0.135412
75.9		0.135412
76		0.135412
76.1		0.13852
76.2		0.13852
76.3		0.13852
76.4		0.13852
76.5		0.13852
76.6		0.13852
76.7		0.13852
76.8		0.13852
76.9		0.13852
77		0.13852
77.1		0.140281
77.2		0.140281
77.3		0.140281
77.4		0.140281
77.5		0.140281
77.6		0.140281
77.7		0.140281
77.8		0.140281
77.9		0.140281
78		0.140281
78.1		0.141123
78.2		0.141123
78.3		0.141123
78.4		0.141123
78.5		0.141123
78.6		0.141123
78.7		0.141123
78.8		0.141123
78.9		0.141123
79		0.141123
79.1		0.142366
79.2		0.142366
79.3		0.142366
79.4		0.142366
79.5		0.142366
79.6		0.142366
79.7		0.142366
79.8		0.142366
79.9		0.142366
80		0.142366
80.1		0.147788
80.2		0.147788
80.3		0.147788
80.4		0.147788
80.5		0.147788
80.6		0.147788
80.7		0.147788
80.8		0.147788
80.9		0.147788
81		0.147788
81.1		0.149025
81.2		0.149025
81.3		0.149025
81.4		0.149025
81.5		0.149025
81.6		0.149025
81.7		0.149025
81.8		0.149025
81.9		0.149025
82		0.149025
82.1		0.149452
82.2		0.149452
82.3		0.149452
82.4		0.149452
82.5		0.149452
82.6		0.149452
82.7		0.149452
82.8		0.149452
82.9		0.149452
83		0.149452
83.1		0.149973
83.2		0.149973
83.3		0.149973
83.4		0.149973
83.5		0.149973
83.6		0.149973
83.7		0.149973
83.8		0.149973
83.9		0.149973
84		0.149973
84.1		0.156195
84.2		0.156195
84.3		0.156195
84.4		0.156195
84.5		0.156195
84.6		0.156195
84.7		0.156195
84.8		0.156195
84.9		0.156195
85		0.156195
85.1		0.158138
85.2		0.158138
85.3		0.158138
85.4		0.158138
85.5		0.158138
85.6		0.158138
85.7		0.158138
85.8		0.158138
85.9		0.158138
86		0.158138
86.1		0.158666
86.2		0.158666
86.3		0.158666
86.4		0.158666
86.5		0.158666
86.6		0.158666
86.7		0.158666
86.8		0.158666
86.9		0.158666
87		0.158666
87.1		0.159303
87.2		0.159303
87.3		0.159303
87.4		0.159303
87.5		0.159303
87.6		0.159303
87.7		0.159303
87.8		0.159303
87.9		0.159303
88		0.159303
88.1		0.16356
88.2		0.16356
88.3		0.16356
88.4		0.16356
88.5		0.16356
88.6		0.16356
88.7		0.16356
88.8		0.16356
88.9		0.16356
89		0.16356
89.1		0.163956
89.2		0.163956
89.3		0.163956
89.4		0.163956
89.5		0.163956
89.6		0.163956
89.7		0.163956
89.8		0.163956
89.9		0.163956
90		0.163956
90.1		0.168411
90.2		0.168411
90.3		0.168411
90.4		0.168411
90.5		0.168411
90.6		0.168411
90.7		0.168411
90.8		0.168411
90.9		0.168411
91		0.168411
91.1		0.169974
91.2		0.169974
91.3		0.169974
91.4		0.169974
91.5		0.169974
91.6		0.169974
91.7		0.169974
91.8		0.169974
91.9		0.169974
92		0.169974
92.1		0.174416
92.2		0.174416
92.3		0.174416
92.4		0.174416
92.5		0.174416
92.6		0.174416
92.7		0.174416
92.8		0.174416
92.9		0.174416
93		0.174416
93.1		0.175179
93.2		0.175179
93.3		0.175179
93.4		0.175179
93.5		0.175179
93.6		0.175179
93.7		0.175179
93.8		0.175179
93.9		0.175179
94		0.175179
94.1		0.175534
94.2		0.175534
94.3		0.175534
94.4		0.175534
94.5		0.175534
94.6		0.175534
94.7		0.175534
94.8		0.175534
94.9		0.175534
95		0.175534
95.1		0.175948
95.2		0.175948
95.3		0.175948
95.4		0.175948
95.5		0.175948
95.6		0.175948
95.7		0.175948
95.8		0.175948
95.9		0.175948
96		0.175948
96.1		0.179373
96.2		0.179373
96.3		0.179373
96.4		0.179373
96.5		0.179373
96.6		0.179373
96.7		0.179373
96.8		0.179373
96.9		0.179373
97		0.179373
97.1		0.183097
97.2		0.183097
97.3		0.183097
97.4		0.183097
97.5		0.183097
97.6		0.183097
97.7		0.183097
97.8		0.183097
97.9		0.183097
98		0.183097
98.1		0.185985
98.2		0.185985
98.3		0.185985
98.4		0.185985
98.5		0.185985
98.6		0.185985
98.7		0.185985
98.8		0.185985
98.9		0.185985
99		0.185985
99.1		0.186625
99.2		0.186625
99.3		0.186625
99.4		0.186625
99.5		0.186625
99.6		0.186625
99.7		0.186625
99.8		0.186625
99.9		0.186625
100		0.186625
100.1		0.189737
100.2		0.189737
100.3		0.189737
100.4		0.189737
100.5		0.189737
100.6		0.189737
100.7		0.189737
100.8		0.189737
100.9		0.189737
101		0.189737
101.1		0.191454
101.2		0.191454
101.3		0.191454
101.4		0.191454
101.5		0.191454
101.6		0.191454
101.7		0.191454
101.8		0.191454
101.9		0.191454
102		0.191454
102.1		0.191956
102.2		0.191956
102.3		0.191956
102.4		0.191956
102.5		0.191956
102.6		0.191956
102.7		0.191956
102.8		0.191956
102.9		0.191956
103		0.191956
103.1		0.194917
103.2		0.194917
103.3		0.194917
103.4		0.194917
103.5		0.194917
103.6		0.194917
103.7		0.194917
103.8		0.194917
103.9		0.194917
104		0.194917
104.1		0.19627
104.2		0.19627
104.3		0.19627
104.4		0.19627
104.5		0.19627
104.6		0.19627
104.7		0.19627
104.8		0.19627
104.9		0.19627
105		0.19627
105.1		0.197378
105.2		0.197378
105.3		0.197378
105.4		0.197378
105.5		0.197378
105.6		0.197378
105.7		0.197378
105.8		0.197378
105.9		0.197378
106		0.197378
106.1		0.199409
106.2		0.199409
106.3		0.199409
106.4		0.199409
106.5		0.199409
106.6		0.199409
106.7		0.199409
106.8		0.199409
106.9		0.199409
107		0.199409
107.1		0.203487
107.2		0.203487
107.3		0.203487
107.4		0.203487
107.5		0.203487
107.6		0.203487
107.7		0.203487
107.8		0.203487
107.9		0.203487
108		0.203487
108.1		0.204335
108.2		0.204335
108.3		0.204335
108.4		0.204335
108.5		0.204335
108.6		0.204335
108.7		0.204335
108.8		0.204335
108.9		0.204335
109		0.204335
109.1		0.207132
109.2		0.207132
109.3		0.207132
109.4		0.207132
109.5		0.207132
109.6		0.207132
109.7		0.207132
109.8		0.207132
109.9		0.207132
110		0.207132
110.1		0.212004
110.2		0.212004
110.3		0.212004
110.4		0.212004
110.5		0.212004
110.6		0.212004
110.7		0.212004
110.8		0.212004
110.9		0.212004
111		0.212004
111.1		0.212118
111.2		0.212118
111.3		0.212118
111.4		0.212118
111.5		0.212118
111.6		0.212118
111.7		0.212118
111.8		0.212118
111.9		0.212118
112		0.212118
112.1		0.214001
112.2		0.214001
112.3		0.214001
112.4		0.214001
112.5		0.214001
112.6		0.214001
112.7		0.214001
112.8		0.214001
112.9		0.214001
113		0.214001
113.1		0.216039
113.2		0.216039
113.3		0.216039
113.4		0.216039
113.5		0.216039
113.6		0.216039
113.7		0.216039
113.8		0.216039
113.9		0.216039
114		0.216039
114.1		0.219297
114.2		0.219297
114.3		0.219297
114.4		0.219297
114.5		0.219297
114.6		0.219297
114.7		0.219297
114.8		0.219297
114.9		0.219297
115		0.219297
115.1		0.221291
115.2		0.221291
115.3		0.221291
115.4		0.221291
115.5		0.221291
115.6		0.221291
115.7		0.221291
115.8		0.221291
115.9		0.221291
116		0.221291
116.1		0.222041
116.2		0.222041
116.3		0.222041
116.4		0.222041
116.5		0.222041
116.6		0.222041
116.7		0.222041
116.8		0.222041
116.9		0.222041
117		0.222041
117.1		0.224747
117.2		0.224747
117.3		0.224747
117.4		0.224747
117.5		0.224747
117.6		0.224747
117.7		0.224747
117.8		0.224747
117.9		0.224747
118		0.224747
118.1		0.228895
118.2		0.228895
118.3		0.228895
118.4		0.228895
118.5		0.228895
118.6		0.228895
118.7		0.228895
118.8		0.228895
118.9		0.228895
119		0.228895
119.1		0.229193
119.2		0.229193
119.3		0.229193
119.4		0.229193
119.5		0.229193
119.6		0.229193
119.7		0.229193
119.8		0.229193
119.9		0.229193
120		0.229193
120.1		0.231381
120.2		0.231381
120.3		0.231381
120.4		0.231381
120.5		0.231381
120.6		0.231381
120.7		0.231381
120.8		0.231381
120.9		0.231381
121		0.231381
121.1		0.23204
121.2		0.23204
121.3		0.23204
121.4		0.23204
121.5		0.23204
121.6		0.23204
121.7		0.23204
121.8		0.23204
121.9		0.23204
122		0.23204
122.1		0.239782
122.2		0.239782
122.3		0.239782
122.4		0.239782
122.5		0.239782
122.6		0.239782
122.7		0.239782
122.8		0.239782
122.9		0.239782
123		0.239782
123.1		0.240243
123.2		0.240243
123.3		0.240243
123.4		0.240243
123.5		0.240243
123.6		0.240243
123.7		0.240243
123.8		0.240243
123.9		0.240243
124		0.240243
124.1		0.240853
124.2		0.240853
124.3		0.240853
124.4		0.240853
124.5		0.240853
124.6		0.240853
124.7		0.240853
124.8		0.240853
124.9		0.240853
125		0.240853
125.1		0.241035
125.2		0.241035
125.3		0.241035
125.4		0.241035
125.5		0.241035
125.6		0.241035
125.7		0.241035
125.8		0.241035
125.9		0.241035
126		0.241035
126.1		0.246971
126.2		0.246971
126.3		0.246971
126.4		0.246971
126.5		0.246971
126.6		0.246971
126.7		0.246971
126.8		0.246971
126.9		0.246971
127		0.246971
127.1		0.247718
127.2		0.247718
127.3		0.247718
127.4		0.247718
127.5		0.247718
127.6		0.247718
127.7		0.247718
127.8		0.247718
127.9		0.247718
128		0.247718
128.1		0.250148
128.2		0.250148
128.3		0.250148
128.4		0.250148
128.5		0.250148
128.6		0.250148
128.7		0.250148
128.8		0.250148
128.9		0.250148
129		0.250148
129.1		0.251169
129.2		0.251169
129.3		0.251169
129.4		0.251169
129.5		0.251169
129.6		0.251169
129.7		0.251169
129.8		0.251169
129.9		0.251169
130		0.251169
130.1		0.252974
130.2		0.252974
130.3		0.252974
130.4		0.252974
130.5		0.252974
130.6		0.252974
130.7		0.252974
130.8		0.252974
130.9		0.252974
131		0.252974
131.1		0.256204
131.2		0.256204
131.3		0.256204
131.4		0.256204
131.5		0.256204
131.6		0.256204
131.7		0.256204
131.8		0.256204
131.9		0.256204
132		0.256204
132.1		0.256437
132.2		0.256437
132.3		0.256437
132.4		0.256437
132.5		0.256437
132.6		0.256437
132.7		0.256437
132.8		0.256437
132.9		0.256437
133		0.256437
133.1		0.258317
133.2		0.258317
133.3		0.258317
133.4		0.258317
133.5		0.258317
133.6		0.258317
133.7		0.258317
133.8		0.258317
133.9		0.258317
134		0.258317
134.1		0.261733
134.2		0.261733
134.3		0.261733
134.4		0.261733
134.5		0.261733
134.6		0.261733
134.7		0.261733
134.8		0.261733
134.9		0.261733
135		0.261733
135.1		0.264068
135.2		0.264068
135.3		0.264068
135.4		0.264068
135.5		0.264068
135.6		0.264068
135.7		0.264068
135.8		0.264068
135.9		0.264068
136		0.264068
136.1		0.267312
136.2		0.267312
136.3		0.267312
136.4		0.267312
136.5		0.267312
136.6		0.267312
136.7		0.267312
136.8		0.267312
136.9		0.267312
137		0.267312
137.1		0.267751
137.2		0.267751
137.3		0.267751
137.4		0.267751
137.5		0.267751
137.6		0.267751
137.7		0.267751
137.8		0.267751
137.9		0.267751
138		0.267751
138.1		0.269613
138.2		0.269613
138.3		0.269613
138.4		0.269613
138.5		0.269613
138.6		0.269613
138.7		0.269613
138.8		0.269613
138.9		0.269613
139		0.269613
139.1		0.271311
139.2		0.271311
139.3		0.271311
139.4		0.271311
139.5		0.271311
139.6		0.271311
139.7		0.271311
139.8		0.271311
139.9		0.271311
140		0.271311
140.1		0.276064
140.2		0.276064
140.3		0.276064
140.4		0.276064
140.5		0.276064
140.6		0.276064
140.7		0.276064
140.8		0.276064
140.9		0.276064
141		0.276064
141.1		0.276174
141.2		0.276174
141.3		0.276174
141.4		0.276174
141.5		0.276174
141.6		0.276174
141.7		0.276174
141.8		0.276174
141.9		0.276174
142		0.276174
142.1		0.278453
142.2		0.278453
142.3		0.278453
142.4		0.278453
142.5		0.278453
142.6		0.278453
142.7		0.278453
142.8		0.278453
142.9		0.278453
143		0.278453
143.1		0.281037
143.2		0.281037
143.3		0.281037
143.4		0.281037
143.5		0.281037
143.6		0.281037
143.7		0.281037
143.8		0.281037
143.9		0.281037
144		0.281037
144.1		0.285005
144.2		0.285005
144.3		0.285005
144.4		0.285005
144.5		0.285005
144.6		0.285005
144.7		0.285005
144.8		0.285005
144.9		0.285005
145		0.285005
145.1		0.286779
145.2		0.286779
145.3		0.286779
145.4		0.286779
145.5		0.286779
145.6		0.286779
145.7		0.286779
145.8		0.286779
145.9		0.286779
146		0.286779
146.1		0.28785
146.2		0.28785
146.3		0.28785
146.4		0.28785
146.5		0.28785
146.6		0.28785
146.7		0.28785
146.8		0.28785
146.9		0.28785
147		0.28785
147.1		0.288999
147.2		0.288999
147.3		0.288999
147.4		0.288999
147.5		0.288999
147.6		0.288999
147.7		0.288999
147.8		0.288999
147.9		0.288999
148		0.288999
148.1		0.292113
148.2		0.292113
148.3		0.292113
148.4		0.292113
148.5		0.292113
148.6		0.292113
148.7		0.292113
148.8		0.292113
148.9		0.292113
149		0.292113
149.1		0.29362
149.2		0.29362
149.3		0.29362
149.4		0.29362
149.5		0.29362
149.6		0.29362
149.7		0.29362
149.8		0.29362
149.9		0.29362
150		0.29362
150.1		0.296866
150.2		0.296866
150.3		0.296866
150.4		0.296866
150.5		0.296866
150.6		0.296866
150.7		0.296866
150.8		0.296866
150.9		0.296866
151		0.296866
151.1		0.298567
151.2		0.298567
151.3		0.298567
151.4		0.298567
151.5		0.298567
151.6		0.298567
151.7		0.298567
151.8		0.298567
151.9		0.298567
152		0.298567
152.1		0.299961
152.2		0.299961
152.3		0.299961
152.4		0.299961
152.5		0.299961
152.6		0.299961
152.7		0.299961
152.8		0.299961
152.9		0.299961
153		0.299961
153.1		0.302752
153.2		0.302752
153.3		0.302752
153.4		0.302752
153.5		0.302752
153.6		0.302752
153.7		0.302752
153.8		0.302752
153.9		0.302752
154		0.302752
154.1		0.304931
154.2		0.304931
154.3		0.304931
154.4		0.304931
154.5		0.304931
154.6		0.304931
154.7		0.304931
154.8		0.304931
154.9		0.304931
155		0.304931
155.1		0.30668
155.2		0.30668
155.3		0.30668
155.4		0.30668
155.5		0.30668
155.6		0.30668
155.7		0.30668
155.8		0.30668
155.9		0.30668
156		0.30668
156.1		0.311948
156.2		0.311948
156.3		0.311948
156.4		0.311948
156.5		0.311948
156.6		0.311948
156.7		0.311948
156.8		0.311948
156.9		0.311948
157		0.311948
157.1		0.312707
157.2		0.312707
157.3		0.312707
157.4		0.312707
157.5		0.312707
157.6		0.312707
157.7		0.312707
157.8		0.312707
157.9		0.312707
158		0.312707
158.1		0.313828
158.2		0.313828
158.3		0.313828
158.4		0.313828
158.5		0.313828
158.6		0.313828
158.7		0.313828
158.8		0.313828
158.9		0.313828
159		0.313828
159.1		0.314481
159.2		0.314481
159.3		0.314481
159.4		0.314481
159.5		0.314481
159.6		0.314481
159.7		0.314481
159.8		0.314481
159.9		0.314481
160		0.314481
160.1		0.319718
160.2		0.319718
160.3		0.319718
160.4		0.319718
160.5		0.319718
160.6		0.319718
160.7		0.319718
160.8		0.319718
160.9		0.319718
161		0.319718
161.1		0.320402
161.2		0.320402
161.3		0.320402
161.4		0.320402
161.5		0.320402
161.6		0.320402
161.7		0.320402
161.8		0.320402
161.9		0.320402
162		0.320402
162.1		0.323523
162.2		0.323523
162.3		0.323523
162.4		0.323523
162.5		0.323523
162.6		0.323523
162.7		0.323523
162.8		0.323523
162.9		0.323523
163		0.323523
163.1		0.325544
163.2		0.325544
163.3		0.325544
163.4		0.325544
163.5		0.325544
163.6		0.325544
163.7		0.325544
163.8		0.325544
163.9		0.325544
164		0.325544
164.1		0.328765
164.2		0.328765
164.3		0.328765
164.4		0.328765
164.5		0.328765
164.6		0.328765
164.7		0.328765
164.8		0.328765
164.9		0.328765
165		0.328765
165.1		0.330988
165.2		0.330988
165.3		0.330988
165.4		0.330988
165.5		0.330988
165.6		0.330988
165.7		0.330988
165.8		0.330988
165.9		0.330988
166		0.330988
166.1		0.331324
166.2		0.331324
166.3		0.331324
166.4		0.331324
166.5		0.331324
166.6		0.331324
166.7		0.331324
166.8		0.331324
166.9		0.331324
167		0.331324
167.1		0.336724
167.2		0.336724
167.3		0.336724
167.4		0.336724
167.5		0.336724
167.6		0.336724
167.7		0.336724
167.8		0.336724
167.9		0.336724
168		0.336724
168.1		0.337691
168.2		0.337691
168.3		0.337691
168.4		0.337691
168.5		0.337691
168.6		0.337691
168.7		0.337691
168.8		0.337691
168.9		0.337691
169		0.337691
169.1		0.337838
169.2		0.337838
169.3		0.337838
169.4		0.337838
169.5		0.337838
169.6		0.337838
169.7		0.337838
169.8		0.337838
169.9		0.337838
170		0.337838
170.1		0.342077
170.2		0.342077
170.3		0.342077
170.4		0.342077
170.5		0.342077
170.6		0.342077
170.7		0.342077
170.8		0.342077
170.9		0.342077
171		0.342077
171.1		0.343034
171.2		0.343034
171.3		0.343034
171.4		0.343034
171.5		0.343034
171.6		0.343034
171.7		0.343034
171.8		0.343034
171.9		0.343034
172		0.343034
172.1		0.347454
172.2		0.347454
172.3		0.347454
172.4		0.347454
172.5		0.347454
172.6		0.347454
172.7		0.347454
172.8		0.347454
172.9		0.347454
173		0.347454
173.1		0.349423
173.2		0.349423
173.3		0.349423
173.4		0.349423
173.5		0.349423
173.6		0.349423
173.7		0.349423
173.8		0.349423
173.9		0.349423
174		0.349423
174.1		0.350311
174.2		0.350311
174.3		0.350311
174.4		0.350311
174.5		0.350311
174.6		0.350311
174.7		0.350311
174.8		0.350311
174.9		0.350311
175		0.350311
175.1		0.350798
175.2		0.350798
175.3		0.350798
175.4		0.350798
175.5		0.350798
175.6		0.350798
175.7		0.350798
175.8		0.350798
175.9		0.350798
176		0.350798
176.1		0.352823
176.2		0.352823
176.3		0.352823
176.4		0.352823
176.5		0.352823
176.6		0.352823
176.7		0.352823
176.8		0.352823
176.9		0.352823
177		0.352823
177.1		0.358662
177.2		0.358662
177.3		0.358662
177.4		0.358662
177.5		0.358662
177.6		0.358662
177.7		0.358662
177.8		0.358662
177.9		0.358662
178		0.358662
178.1		0.360037
178.2		0.360037
178.3		0.360037
178.4		0.360037
178.5		0.360037
178.6		0.360037
178.7		0.360037
178.8		0.360037
178.9		0.360037
179		0.360037
179.1		0.361522
179.2		0.361522
179.3		0.361522
179.4		0.361522
179.5		0.361522
179.6		0.361522
179.7		0.361522
179.8		0.361522
179.9		0.361522
180		0.361522
180.1		0.361729
180.2		0.361729
180.3		0.361729
180.4		0.361729
180.5		0.361729
180.6		0.361729
180.7		0.361729
180.8		0.361729
180.9		0.361729
181		0.361729
181.1		0.361962
181.2		0.361962
181.3		0.361962
181.4		0.361962
181.5		0.361962
181.6		0.361962
181.7		0.361962
181.8		0.361962
181.9		0.361962
182		0.361962
182.1		0.368055
182.2		0.368055
182.3		0.368055
182.4		0.368055
182.5		0.368055
182.6		0.368055
182.7		0.368055
182.8		0.368055
182.9		0.368055
183		0.368055
183.1		0.368969
183.2		0.368969
183.3		0.368969
183.4		0.368969
183.5		0.368969
183.6		0.368969
183.7		0.368969
183.8		0.368969
183.9		0.368969
184		0.368969
184.1		0.370611
184.2		0.370611
184.3		0.370611
184.4		0.370611
184.5		0.370611
184.6		0.370611
184.7		0.370611
184.8		0.370611
184.9		0.370611
185		0.370611
185.1		0.372576
185.2		0.372576
185.3		0.372576
185.4		0.372576
185.5		0.372576
185.6		0.372576
185.7		0.372576
185.8		0.372576
185.9		0.372576
186		0.372576
186.1		0.375737
186.2		0.375737
186.3		0.375737
186.4		0.375737
186.5		0.375737
186.6		0.375737
186.7		0.375737
186.8		0.375737
186.9		0.375737
187		0.375737
187.1		0.376657
187.2		0.376657
187.3		0.376657
187.4		0.376657
187.5		0.376657
187.6		0.376657
187.7		0.376657
187.8		0.376657
187.9		0.376657
188		0.376657
188.1		0.378638
188.2		0.378638
188.3		0.378638
188.4		0.378638
188.5		0.378638
188.6		0.378638
188.7		0.378638
188.8		0.378638
188.9		0.378638
189		0.378638
189.1		0.379969
189.2		0.379969
189.3		0.379969
189.4		0.379969
189.5		0.379969
189.6		0.379969
189.7		0.379969
189.8		0.379969
189.9		0.379969
190		0.379969
190.1		0.384744
190.2		0.384744
190.3		0.384744
190.4		0.384744
190.5		0.384744
190.6		0.384744
190.7		0.384744
190.8		0.384744
190.9		0.384744
191		0.384744
191.1		0.386091
191.2		0.386091
191.3		0.386091
191.4		0.386091
191.5		0.386091
191.6		0.386091
191.7		0.386091
191.8		0.386091
191.9		0.386091
192		0.386091
192.1		0.386258
192.2		0.386258
192.3		0.386258
192.4		0.386258
192.5		0.386258
192.6		0.386258
192.7		0.386258
192.8		0.386258
192.9		0.386258
193		0.386258
193.1		0.386405
193.2		0.386405
193.3		0.386405
193.4		0.386405
193.5		0.386405
193.6		0.386405
193.7		0.386405
193.8		0.386405
193.9		0.386405
194		0.386405
194.1		0.392998
194.2		0.392998
194.3		0.392998
194.4		0.392998
194.5		0.392998
194.6		0.392998
194.7		0.392998
194.8		0.392998
194.9		0.392998
195		0.392998
195.1		0.395462
195.2		0.395462
195.3		0.395462
195.4		0.395462
195.5		0.395462
195.6		0.395462
195.7		0.395462
195.8		0.395462
195.9		0.395462
196		0.395462
196.1		0.396643
196.2		0.396643
196.3		0.396643
196.4		0.396643
196.5		0.396643
196.6		0.396643
196.7		0.396643
196.8		0.396643
196.9		0.396643
197		0.396643
197.1		0.397669
197.2		0.397669
197.3		0.397669
197.4		0.397669
197.5		0.397669
197.6		0.397669
197.7		0.397669
197.8		0.397669
197.9		0.397669
198		0.397669
198.1		0.400765
198.2		0.400765
198.3		0.400765
198.4		0.400765
198.5		0.400765
198.6		0.400765
198.7		0.400765
198.8		0.400765
198.9		0.400765
199		0.400765
199.1		0.404482
199.2		0.404482
199.3		0.404482
199.4		0.404482
199.5		0.404482
199.6		0.404482
199.7		0.404482
199.8		0.404482
199.9		0.404482
200		0.404482
200.1		0.408507
200.2		0.408507
200.3		0.408507
200.4		0.408507
200.5		0.408507
200.6		0.408507
200.7		0.408507
200.8		0.408507
200.9		0.408507
201		0.408507
201.1		0.408679
201.2		0.408679
201.3		0.408679
201.4		0.408679
201.5		0.408679
201.6		0.408679
201.7		0.408679
201.8		0.408679
201.9		0.408679
202		0.408679
202.1		0.408849
202.2		0.408849
202.3		0.408849
202.4		0.408849
202.5		0.408849
202.6		0.408849
202.7		0.408849
202.8		0.408849
202.9		0.408849
203		0.408849
203.1		0.412064
203.2		0.412064
203.3		0.412064
203.4		0.412064
203.5		0.412064
203.6		0.412064
203.7		0.412064
203.8		0.412064
203.9		0.412064
204		0.412064
204.1		0.416543
204.2		0.416543
204.3		0.416543
204.4		0.416543
204.5		0.416543
204.6		0.416543
204.7		0.416543
204.8		0.416543
204.9		0.416543
205		0.416543
205.1		0.41929
205.2		0.41929
205.3		0.41929
205.4		0.41929
205.5		0.41929
205.6		0.41929
205.7		0.41929
205.8		0.41929
205.9		0.41929
206		0.41929
206.1		0.419482
206.2		0.419482
206.3		0.419482
206.4		0.419482
206.5		0.419482
206.6		0.419482
206.7		0.419482
206.8		0.419482
206.9		0.419482
207		0.419482
207.1		0.420694
207.2		0.420694
207.3		0.420694
207.4		0.420694
207.5		0.420694
207.6		0.420694
207.7		0.420694
207.8		0.420694
207.9		0.420694
208		0.420694
208.1		0.425513
208.2		0.425513
208.3		0.425513
208.4		0.425513
208.5		0.425513
208.6		0.425513
208.7		0.425513
208.8		0.425513
208.9		0.425513
209		0.425513
209.1		0.42841
209.2		0.42841
209.3		0.42841
209.4		0.42841
209.5		0.42841
209.6		0.42841
209.7		0.42841
209.8		0.42841
209.9		0.42841
210		0.42841
210.1		0.428649
210.2		0.428649
210.3		0.428649
210.4		0.428649
210.5		0.428649
210.6		0.428649
210.7		0.428649
210.8		0.428649
210.9		0.428649
211		0.428649
211.1		0.430734
211.2		0.430734
211.3		0.430734
211.4		0.430734
211.5		0.430734
211.6		0.430734
211.7		0.430734
211.8		0.430734
211.9		0.430734
212		0.430734
212.1		0.434272
212.2		0.434272
212.3		0.434272
212.4		0.434272
212.5		0.434272
212.6		0.434272
212.7		0.434272
212.8		0.434272
212.9		0.434272
213		0.434272
213.1		0.435835
213.2		0.435835
213.3		0.435835
213.4		0.435835
213.5		0.435835
213.6		0.435835
213.7		0.435835
213.8		0.435835
213.9		0.435835
214		0.435835
214.1		0.437477
214.2		0.437477
214.3		0.437477
214.4		0.437477
214.5		0.437477
214.6		0.437477
214.7		0.437477
214.8		0.437477
214.9		0.437477
215		0.437477
215.1		0.437794
215.2		0.437794
215.3		0.437794
215.4		0.437794
215.5		0.437794
215.6		0.437794
215.7		0.437794
215.8		0.437794
215.9		0.437794
216		0.437794
216.1		0.442475
216.2		0.442475
216.3		0.442475
216.4		0.442475
216.5		0.442475
216.6		0.442475
216.7		0.442475
216.8		0.442475
216.9		0.442475
217		0.442475
217.1		0.444371
217.2		0.444371
217.3		0.444371
217.4		0.444371
217.5		0.444371
217.6		0.444371
217.7		0.444371
217.8		0.444371
217.9		0.444371
218		0.444371
218.1		0.449046
218.2		0.449046
218.3		0.449046
218.4		0.449046
218.5		0.449046
218.6		0.449046
218.7		0.449046
218.8		0.449046
218.9		0.449046
219		0.449046
219.1		0.449758
219.2		0.449758
219.3		0.449758
219.4		0.449758
219.5		0.449758
219.6		0.449758
219.7		0.449758
219.8		0.449758
219.9		0.449758
220		0.449758
220.1		0.452191
220.2		0.452191
220.3		0.452191
220.4		0.452191
220.5		0.452191
220.6		0.452191
220.7		0.452191
220.8		0.452191
220.9		0.452191
221		0.452191
221.1		0.452923
221.2		0.452923
221.3		0.452923
221.4		0.452923
221.5		0.452923
221.6		0.452923
221.7		0.452923
221.8		0.452923
221.9		0.452923
222		0.452923
222.1		0.453074
222.2		0.453074
222.3		0.453074
222.4		0.453074
222.5		0.453074
222.6		0.453074
222.7		0.453074
222.8		0.453074
222.9		0.453074
223		0.453074
223.1		0.454499
223.2		0.454499
223.3		0.454499
223.4		0.454499
223.5		0.454499
223.6		0.454499
223.7		0.454499
223.8		0.454499
223.9		0.454499
224		0.454499
224.1		0.458364
224.2		0.458364
224.3		0.458364
224.4		0.458364
224.5		0.458364
224.6		0.458364
224.7		0.458364
224.8		0.458364
224.9		0.458364
225		0.458364
225.1		0.461908
225.2		0.461908
225.3		0.461908
225.4		0.461908
225.5		0.461908
225.6		0.461908
225.7		0.461908
225.8		0.461908
225.9		0.461908
226		0.461908
226.1		0.462131
226.2		0.462131
226.3		0.462131
226.4		0.462131
226.5		0.462131
226.6		0.462131
226.7		0.462131
226.8		0.462131
226.9		0.462131
227		0.462131
227.1		0.465311
227.2		0.465311
227.3		0.465311
227.4		0.465311
227.5		0.465311
227.6		0.465311
227.7		0.465311
227.8		0.465311
227.9		0.465311
228		0.465311
228.1		0.469251
228.2		0.469251
228.3		0.469251
228.4		0.469251
228.5		0.469251
228.6		0.469251
228.7		0.469251
228.8		0.469251
228.9		0.469251
229		0.469251
229.1		0.471527
229.2		0.471527
229.3		0.471527
229.4		0.471527
229.5		0.471527
229.6		0.471527
229.7		0.471527
229.8		0.471527
229.9		0.471527
230		0.471527
230.1		0.472042
230.2		0.472042
230.3		0.472042
230.4		0.472042
230.5		0.472042
230.6		0.472042
230.7		0.472042
230.8		0.472042
230.9		0.472042
231		0.472042
231.1		0.474224
231.2		0.474224
231.3		0.474224
231.4		0.474224
231.5		0.474224
231.6		0.474224
231.7		0.474224
231.8		0.474224
231.9		0.474224
232		0.474224
232.1		0.476296
232.2		0.476296
232.3		0.476296
232.4		0.476296
232.5		0.476296
232.6		0.476296
232.7		0.476296
232.8		0.476296
232.9		0.476296
233		0.476296
233.1		0.479479
233.2		0.479479
233.3		0.479479
233.4		0.479479
233.5		0.479479
233.6		0.479479
233.7		0.479479
233.8		0.479479
233.9		0.479479
234		0.479479
234.1		0.480738
234.2		0.480738
234.3		0.480738
234.4		0.480738
234.5		0.480738
234.6		0.480738
234.7		0.480738
234.8		0.480738
234.9		0.480738
235		0.480738
235.1		0.482948
235.2		0.482948
235.3		0.482948
235.4		0.482948
235.5		0.482948
235.6		0.482948
235.7		0.482948
235.8		0.482948
235.9		0.482948
236		0.482948
236.1		0.484078
236.2		0.484078
236.3		0.484078
236.4		0.484078
236.5		0.484078
236.6		0.484078
236.7		0.484078
236.8		0.484078
236.9		0.484078
237		0.484078
237.1		0.485607
237.2		0.485607
237.3		0.485607
237.4		0.485607
237.5		0.485607
237.6		0.485607
237.7		0.485607
237.8		0.485607
237.9		0.485607
238		0.485607
238.1		0.490298
238.2		0.490298
238.3		0.490298
238.4		0.490298
238.5		0.490298
238.6		0.490298
238.7		0.490298
238.8		0.490298
238.9		0.490298
239		0.490298
239.1		0.493264
239.2		0.493264
239.3		0.493264
239.4		0.493264
239.5		0.493264
239.6		0.493264
239.7		0.493264
239.8		0.493264
239.9		0.493264
240		0.493264
240.1		0.493682
240.2		0.493682
240.3		0.493682
240.4		0.493682
240.5		0.493682
240.6		0.493682
240.7		0.493682
240.8		0.493682
240.9		0.493682
241		0.493682
241.1		0.495305
241.2		0.495305
241.3		0.495305
241.4		0.495305
241.5		0.495305
241.6		0.495305
241.7		0.495305
241.8		0.495305
241.9		0.495305
242		0.495305
242.1		0.498573
242.2		0.498573
242.3		0.498573
242.4		0.498573
242.5		0.498573
242.6		0.498573
242.7		0.498573
242.8		0.498573
242.9		0.498573
243		0.498573
243.1		0.50132
243.2		0.50132
243.3		0.50132
243.4		0.50132
243.5		0.50132
243.6		0.50132
243.7		0.50132
243.8		0.50132
243.9		0.50132
244		0.50132
244.1		0.501731
244.2		0.501731
244.3		0.501731
244.4		0.501731
244.5		0.501731
244.6		0.501731
244.7		0.501731
244.8		0.501731
244.9		0.501731
245		0.501731
245.1		0.503251
245.2		0.503251
245.3		0.503251
245.4		0.503251
245.5		0.503251
245.6		0.503251
245.7		0.503251
245.8		0.503251
245.9		0.503251
246		0.503251
246.1		0.50779
246.2		0.50779
246.3		0.50779
246.4		0.50779
246.5		0.50779
246.6		0.50779
246.7		0.50779
246.8		0.50779
246.9		0.50779
247		0.50779
247.1		0.508378
247.2		0.508378
247.3		0.508378
247.4		0.508378
247.5		0.508378
247.6		0.508378
247.7		0.508378
247.8		0.508378
247.9		0.508378
248		0.508378
248.1		0.511504
248.2		0.511504
248.3		0.511504
248.4		0.511504
248.5		0.511504
248.6		0.511504
248.7		0.511504
248.8		0.511504
248.9		0.511504
249		0.511504
249.1		0.511787
249.2		0.511787
249.3		0.511787
249.4		0.511787
249.5		0.511787
249.6		0.511787
249.7		0.511787
249.8		0.511787
249.9		0.511787
250		0.511787
250.1		0.517739
250.2		0.517739
250.3		0.517739
250.4		0.517739
250.5		0.517739
250.6		0.517739
250.7		0.517739
250.8		0.517739
250.9		0.517739
251		0.517739
251.1		0.51929
251.2		0.51929
251.3		0.51929
251.4		0.51929
251.5		0.51929
251.6		0.51929
251.7		0.51929
251.8		0.51929
251.9		0.51929
252		0.51929
252.1		0.520018
252.2		0.520018
252.3		0.520018
252.4		0.520018
252.5		0.520018
252.6		0.520018
252.7		0.520018
252.8		0.520018
252.9		0.520018
253		0.520018
253.1		0.521007
253.2		0.521007
253.3		0.521007
253.4		0.521007
253.5		0.521007
253.6		0.521007
253.7		0.521007
253.8		0.521007
253.9		0.521007
254		0.521007
254.1		0.52761
254.2		0.52761
254.3		0.52761
254.4		0.52761
254.5		0.52761
254.6		0.52761
254.7		0.52761
254.8		0.52761
254.9		0.52761
255		0.52761
255.1		0.528781
255.2		0.528781
255.3		0.528781
255.4		0.528781
255.5		0.528781
255.6		0.528781
255.7		0.528781
255.8		0.528781
255.9		0.528781
256		0.528781
256.1		0.530105
256.2		0.530105
256.3		0.530105
256.4		0.530105
256.5		0.530105
256.6		0.530105
256.7		0.530105
256.8		0.530105
256.9		0.530105
257		0.530105
257.1		0.531606
257.2		0.531606
257.3		0.531606
257.4		0.531606
257.5		0.531606
257.6		0.531606
257.7		0.531606
257.8		0.531606
257.9		0.531606
258		0.531606
258.1		0.535537
258.2		0.535537
258.3		0.535537
258.4		0.535537
258.5		0.535537
258.6		0.535537
258.7		0.535537
258.8		0.535537
258.9		0.535537
259		0.535537
259.1		0.536441
259.2		0.536441
259.3		0.536441
259.4		0.536441
259.5		0.536441
259.6		0.536441
259.7		0.536441
259.8		0.536441
259.9		0.536441
260		0.536441
260.1		0.537508
260.2		0.537508
260.3		0.537508
260.4		0.537508
260.5		0.537508
260.6		0.537508
260.7		0.537508
260.8		0.537508
260.9		0.537508
261		0.537508
261.1		0.540547
261.2		0.540547
261.3		0.540547
261.4		0.540547
261.5		0.540547
261.6		0.540547
261.7		0.540547
261.8		0.540547
261.9		0.540547
262		0.540547
262.1		0.540911
262.2		0.540911
262.3		0.540911
262.4		0.540911
262.5		0.540911
262.6		0.540911
262.7		0.540911
262.8		0.540911
262.9		0.540911
263		0.540911
263.1		0.546719
263.2		0.546719
263.3		0.546719
263.4		0.546719
263.5		0.546719
263.6		0.546719
263.7		0.546719
263.8		0.546719
263.9		0.546719
264		0.546719
264.1		0.547661
264.2		0.547661
264.3		0.547661
264.4		0.547661
264.5		0.547661
264.6		0.547661
264.7		0.547661
264.8		0.547661
264.9		0.547661
265		0.547661
265.1		0.549096
265.2		0.549096
265.3		0.549096
265.4		0.549096
265.5		0.549096
265.6		0.549096
265.7		0.549096
265.8		0.549096
265.9		0.549096
266		0.549096
266.1		0.552194
266.2		0.552194
266.3		0.552194
266.4		0.552194
266.5		0.552194
266.6		0.552194
266.7		0.552194
266.8		0.552194
266.9		0.552194
267		0.552194
267.1		0.552533
267.2		0.552533
267.3		0.552533
267.4		0.552533
267.5		0.552533
267.6		0.552533
267.7		0.552533
267.8		0.552533
267.9		0.552533
268		0.552533
268.1		0.556169
268.2		0.556169
268.3		0.556169
268.4		0.556169
268.5		0.556169
268.6		0.556169
268.7		0.556169
268.8		0.556169
268.9		0.556169
269		0.556169
269.1		0.557798
269.2		0.557798
269.3		0.557798
269.4		0.557798
269.5		0.557798
269.6		0.557798
269.7		0.557798
269.8		0.557798
269.9		0.557798
270		0.557798
270.1		0.558925
270.2		0.558925
270.3		0.558925
270.4		0.558925
270.5		0.558925
270.6		0.558925
270.7		0.558925
270.8		0.558925
270.9		0.558925
271		0.558925
271.1		0.559716
271.2		0.559716
271.3		0.559716
271.4		0.559716
271.5		0.559716
271.6		0.559716
271.7		0.559716
271.8		0.559716
271.9		0.559716
272		0.559716
272.1		0.565289
272.2		0.565289
272.3		0.565289
272.4		0.565289
272.5		0.565289
272.6		0.565289
272.7		0.565289
272.8		0.565289
272.9		0.565289
273		0.565289
273.1		0.566469
273.2		0.566469
273.3		0.566469
273.4		0.566469
273.5		0.566469
273.6		0.566469
273.7		0.566469
273.8		0.566469
273.9		0.566469
274		0.566469
274.1		0.566683
274.2		0.566683
274.3		0.566683
274.4		0.566683
274.5		0.566683
274.6		0.566683
274.7		0.566683
274.8		0.566683
274.9		0.566683
275		0.566683
275.1		0.567574
275.2		0.567574
275.3		0.567574
275.4		0.567574
275.5		0.567574
275.6		0.567574
275.7		0.567574
275.8		0.567574
275.9		0.567574
276		0.567574
276.1		0.571285
276.2		0.571285
276.3		0.571285
276.4		0.571285
276.5		0.571285
276.6		0.571285
276.7		0.571285
276.8		0.571285
276.9		0.571285
277		0.571285
277.1		0.578129
277.2		0.578129
277.3		0.578129
277.4		0.578129
277.5		0.578129
277.6		0.578129
277.7		0.578129
277.8		0.578129
277.9		0.578129
278		0.578129
278.1		0.578314
278.2		0.578314
278.3		0.578314
278.4		0.578314
278.5		0.578314
278.6		0.578314
278.7		0.578314
278.8		0.578314
278.9		0.578314
279		0.578314
279.1		0.57855
279.2		0.57855
279.3		0.57855
279.4		0.57855
279.5		0.57855
279.6		0.57855
279.7		0.57855
279.8		0.57855
279.9		0.57855
280		0.57855
280.1		0.582424
280.2		0.582424
280.3		0.582424
280.4		0.582424
280.5		0.582424
280.6		0.582424
280.7		0.582424
280.8		0.582424
280.9		0.582424
281		0.582424
281.1		0.582512
281.2		0.582512
281.3		0.582512
281.4		0.582512
281.5		0.582512
281.6		0.582512
281.7		0.582512
281.8		0.582512
281.9		0.582512
282		0.582512
282.1		0.585899
282.2		0.585899
282.3		0.585899
282.4		0.585899
282.5		0.585899
282.6		0.585899
282.7		0.585899
282.8		0.585899
282.9		0.585899
283		0.585899
283.1		0.589735
283.2		0.589735
283.3		0.589735
283.4		0.589735
283.5		0.589735
283.6		0.589735
283.7		0.589735
283.8		0.589735
283.9		0.589735
284		0.589735
284.1		0.593481
284.2		0.593481
284.3		0.593481
284.4		0.593481
284.5		0.593481
284.6		0.593481
284.7		0.593481
284.8		0.593481
284.9		0.593481
285		0.593481
285.1		0.594288
285.2		0.594288
285.3		0.594288
285.4		0.594288
285.5		0.594288
285.6		0.594288
285.7		0.594288
285.8		0.594288
285.9		0.594288
286		0.594288
286.1		0.596881
286.2		0.596881
286.3		0.596881
286.4		0.596881
286.5		0.596881
286.6		0.596881
286.7		0.596881
286.8		0.596881
286.9		0.596881
287		0.596881
287.1		0.601222
287.2		0.601222
287.3		0.601222
287.4		0.601222
287.5		0.601222
287.6		0.601222
287.7		0.601222
287.8		0.601222
287.9		0.601222
288		0.601222
288.1		0.602111
288.2		0.602111
288.3		0.602111
288.4		0.602111
288.5		0.602111
288.6		0.602111
288.7		0.602111
288.8		0.602111
288.9		0.602111
289		0.602111
289.1		0.604892
289.2		0.604892
289.3		0.604892
289.4		0.604892
289.5		0.604892
289.6		0.604892
289.7		0.604892
289.8		0.604892
289.9		0.604892
290		0.604892
290.1		0.605407
290.2		0.605407
290.3		0.605407
290.4		0.605407
290.5		0.605407
290.6		0.605407
290.7		0.605407
290.8		0.605407
290.9		0.605407
291		0.605407
291.1		0.612053
291.2		0.612053
291.3		0.612053
291.4		0.612053
291.5		0.612053
291.6		0.612053
291.7		0.612053
291.8		0.612053
291.9		0.612053
292		0.612053
292.1		0.612995
292.2		0.612995
292.3		0.612995
292.4		0.612995
292.5		0.612995
292.6		0.612995
292.7		0.612995
292.8		0.612995
292.9		0.612995
293		0.612995
293.1		0.61302
293.2		0.61302
293.3		0.61302
293.4		0.61302
293.5		0.61302
293.6		0.61302
293.7		0.61302
293.8		0.61302
293.9		0.61302
294		0.61302
294.1		0.613344
294.2		0.613344
294.3		0.613344
294.4		0.613344
294.5		0.613344
294.6		0.613344
294.7		0.613344
294.8		0.613344
294.9		0.613344
295		0.613344
295.1		0.613623
295.2		0.613623
295.3		0.613623
295.4		0.613623
295.5		0.613623
295.6		0.613623
295.7		0.613623
295.8		0.613623
295.9		0.613623
296		0.613623
296.1		0.616342
296.2		0.616342
296.3		0.616342
296.4		0.616342
296.5		0.616342
296.6		0.616342
296.7		0.616342
296.8		0.616342
296.9		0.616342
297		0.616342
297.1		0.617428
297.2		0.617428
297.3		0.617428
297.4		0.617428
297.5		0.617428
297.6		0.617428
297.7		0.617428
297.8		0.617428
297.9		0.617428
298		0.617428
298.1		0.62096
298.2		0.62096
298.3		0.62096
298.4		0.62096
298.5		0.62096
298.6		0.62096
298.7		0.62096
298.8		0.62096
298.9		0.62096
299		0.62096
299.1		0.623588
299.2		0.623588
299.3		0.623588
299.4		0.623588
299.5		0.623588
299.6		0.623588
299.7		0.623588
299.8		0.623588
299.9		0.623588
300		0.623588
300.1		0.623955
300.2		0.623955
300.3		0.623955
300.4		0.623955
300.5		0.623955
300.6		0.623955
300.7		0.623955
300.8		0.623955
300.9		0.623955
301		0.623955
301.1		0.624564
301.2		0.624564
301.3		0.624564
301.4		0.624564
301.5		0.624564
301.6		0.624564
301.7		0.624564
301.8		0.624564
301.9		0.624564
302		0.624564
302.1		0.62711
302.2		0.62711
302.3		0.62711
302.4		0.62711
302.5		0.62711
302.6		0.62711
302.7		0.62711
302.8		0.62711
302.9		0.62711
303		0.62711
303.1		0.629126
303.2		0.629126
303.3		0.629126
303.4		0.629126
303.5		0.629126
303.6		0.629126
303.7		0.629126
303.8		0.629126
303.9		0.629126
304		0.629126
304.1		0.631982
304.2		0.631982
304.3		0.631982
304.4		0.631982
304.5		0.631982
304.6		0.631982
304.7		0.631982
304.8		0.631982
304.9		0.631982
305		0.631982
305.1		0.633248
305.2		0.633248
305.3		0.633248
305.4		0.633248
305.5		0.633248
305.6		0.633248
305.7		0.633248
305.8		0.633248
305.9		0.633248
306		0.633248
306.1		0.636092
306.2		0.636092
306.3		0.636092
306.4		0.636092
306.5		0.636092
306.6		0.636092
306.7		0.636092
306.8		0.636092
306.9		0.636092
307		0.636092
307.1		0.638023
307.2		0.638023
307.3		0.638023
307.4		0.638023
307.5		0.638023
307.6		0.638023
307.7		0.638023
307.8		0.638023
307.9		0.638023
308		0.638023
308.1		0.641244
308.2		0.641244
308.3		0.641244
308.4		0.641244
308.5		0.641244
308.6		0.641244
308.7		0.641244
308.8		0.641244
308.9		0.641244
309		0.641244
309.1		0.642434
309.2		0.642434
309.3		0.642434
309.4		0.642434
309.5		0.642434
309.6		0.642434
309.7		0.642434
309.8		0.642434
309.9		0.642434
310		0.642434
310.1		0.642861
310.2		0.642861
310.3		0.642861
310.4		0.642861
310.5		0.642861
310.6		0.642861
310.7		0.642861
310.8		0.642861
310.9		0.642861
311		0.642861
311.1		0.647127
311.2		0.647127
311.3		0.647127
311.4		0.647127
311.5		0.647127
311.6		0.647127
311.7		0.647127
311.8		0.647127
311.9		0.647127
312		0.647127
312.1		0.651004
312.2		0.651004
312.3		0.651004
312.4		0.651004
312.5		0.651004
312.6		0.651004
312.7		0.651004
312.8		0.651004
312.9		0.651004
313		0.651004
313.1		0.652018
313.2		0.652018
313.3		0.652018
313.4		0.652018
313.5		0.652018
313.6		0.652018
313.7		0.652018
313.8		0.652018
313.9		0.652018
314		0.652018
314.1		0.652382
314.2		0.652382
314.3		0.652382
314.4		0.652382
314.5		0.652382
314.6		0.652382
314.7		0.652382
314.8		0.652382
314.9		0.652382
315		0.652382
315.1		0.652781
315.2		0.652781
315.3		0.652781
315.4		0.652781
315.5		0.652781
315.6		0.652781
315.7		0.652781
315.8		0.652781
315.9		0.652781
316		0.652781
316.1		0.65939
316.2		0.65939
316.3		0.65939
316.4		0.65939
316.5		0.65939
316.6		0.65939
316.7		0.65939
316.8		0.65939
316.9		0.65939
317		0.65939
317.1		0.660815
317.2		0.660815
317.3		0.660815
317.4		0.660815
317.5		0.660815
317.6		0.660815
317.7		0.660815
317.8		0.660815
317.9		0.660815
318		0.660815
318.1		0.661876
318.2		0.661876
318.3		0.661876
318.4		0.661876
318.5		0.661876
318.6		0.661876
318.7		0.661876
318.8		0.661876
318.9		0.661876
319		0.661876
319.1		0.664309
319.2		0.664309
319.3		0.664309
319.4		0.664309
319.5		0.664309
319.6		0.664309
319.7		0.664309
319.8		0.664309
319.9		0.664309
320		0.664309
320.1		0.667317
320.2		0.667317
320.3		0.667317
320.4		0.667317
320.5		0.667317
320.6		0.667317
320.7		0.667317
320.8		0.667317
320.9		0.667317
321		0.667317
321.1		0.66769
321.2		0.66769
321.3		0.66769
321.4		0.66769
321.5		0.66769
321.6		0.66769
321.7		0.66769
321.8		0.66769
321.9		0.66769
322		0.66769
322.1		0.670924
322.2		0.670924
322.3		0.670924
322.4		0.670924
322.5		0.670924
322.6		0.670924
322.7		0.670924
322.8		0.670924
322.9		0.670924
323		0.670924
323.1		0.672236
323.2		0.672236
323.3		0.672236
323.4		0.672236
323.5		0.672236
323.6		0.672236
323.7		0.672236
323.8		0.672236
323.9		0.672236
324		0.672236
324.1		0.674933
324.2		0.674933
324.3		0.674933
324.4		0.674933
324.5		0.674933
324.6		0.674933
324.7		0.674933
324.8		0.674933
324.9		0.674933
325		0.674933
325.1		0.676546
325.2		0.676546
325.3		0.676546
325.4		0.676546
325.5		0.676546
325.6		0.676546
325.7		0.676546
325.8		0.676546
325.9		0.676546
326		0.676546
326.1		0.676801
326.2		0.676801
326.3		0.676801
326.4		0.676801
326.5		0.676801
326.6		0.676801
326.7		0.676801
326.8		0.676801
326.9		0.676801
327		0.676801
327.1		0.678967
327.2		0.678967
327.3		0.678967
327.4		0.678967
327.5		0.678967
327.6		0.678967
327.7		0.678967
327.8		0.678967
327.9		0.678967
328		0.678967
328.1		0.684508
328.2		0.684508
328.3		0.684508
328.4		0.684508
328.5		0.684508
328.6		0.684508
328.7		0.684508
328.8		0.684508
328.9		0.684508
329		0.684508
329.1		0.685544
329.2		0.685544
329.3		0.685544
329.4		0.685544
329.5		0.685544
329.6		0.685544
329.7		0.685544
329.8		0.685544
329.9		0.685544
330		0.685544
330.1		0.686043
330.2		0.686043
330.3		0.686043
330.4		0.686043
330.5		0.686043
330.6		0.686043
330.7		0.686043
330.8		0.686043
330.9		0.686043
331		0.686043
331.1		0.688282
331.2		0.688282
331.3		0.688282
331.4		0.688282
331.5		0.688282
331.6		0.688282
331.7		0.688282
331.8		0.688282
331.9		0.688282
332		0.688282
332.1		0.690711
332.2		0.690711
332.3		0.690711
332.4		0.690711
332.5		0.690711
332.6		0.690711
332.7		0.690711
332.8		0.690711
332.9		0.690711
333		0.690711
333.1		0.693292
333.2		0.693292
333.3		0.693292
333.4		0.693292
333.5		0.693292
333.6		0.693292
333.7		0.693292
333.8		0.693292
333.9		0.693292
334		0.693292
334.1		0.695326
334.2		0.695326
334.3		0.695326
334.4		0.695326
334.5		0.695326
334.6		0.695326
334.7		0.695326
334.8		0.695326
334.9		0.695326
335		0.695326
335.1		0.698795
335.2		0.698795
335.3		0.698795
335.4		0.698795
335.5		0.698795
335.6		0.698795
335.7		0.698795
335.8		0.698795
335.9		0.698795
336		0.698795
336.1		0.701194
336.2		0.701194
336.3		0.701194
336.4		0.701194
336.5		0.701194
336.6		0.701194
336.7		0.701194
336.8		0.701194
336.9		0.701194
337		0.701194
337.1		0.70147
337.2		0.70147
337.3		0.70147
337.4		0.70147
337.5		0.70147
337.6		0.70147
337.7		0.70147
337.8		0.70147
337.9		0.70147
338		0.70147
338.1		0.704669
338.2		0.704669
338.3		0.704669
338.4		0.704669
338.5		0.704669
338.6		0.704669
338.7		0.704669
338.8		0.704669
338.9		0.704669
339		0.704669
339.1		0.705655
339.2		0.705655
339.3		0.705655
339.4		0.705655
339.5		0.705655
339.6		0.705655
339.7		0.705655
339.8		0.705655
339.9		0.705655
340		0.705655
340.1		0.709049
340.2		0.709049
340.3		0.709049
340.4		0.709049
340.5		0.709049
340.6		0.709049
340.7		0.709049
340.8		0.709049
340.9		0.709049
341		0.709049
341.1		0.711146
341.2		0.711146
341.3		0.711146
341.4		0.711146
341.5		0.711146
341.6		0.711146
341.7		0.711146
341.8		0.711146
341.9		0.711146
342		0.711146
342.1		0.714477
342.2		0.714477
342.3		0.714477
342.4		0.714477
342.5		0.714477
342.6		0.714477
342.7		0.714477
342.8		0.714477
342.9		0.714477
343		0.714477
343.1		0.715444
343.2		0.715444
343.3		0.715444
343.4		0.715444
343.5		0.715444
343.6		0.715444
343.7		0.715444
343.8		0.715444
343.9		0.715444
344		0.715444
344.1		0.721132
344.2		0.721132
344.3		0.721132
344.4		0.721132
344.5		0.721132
344.6		0.721132
344.7		0.721132
344.8		0.721132
344.9		0.721132
345		0.721132
345.1		0.72474
345.2		0.72474
345.3		0.72474
345.4		0.72474
345.5		0.72474
345.6		0.72474
345.7		0.72474
345.8		0.72474
345.9		0.72474
346		0.72474
346.1		0.725151
346.2		0.725151
346.3		0.725151
346.4		0.725151
346.5		0.725151
346.6		0.725151
346.7		0.725151
346.8		0.725151
346.9		0.725151
347		0.725151
347.1		0.726959
347.2		0.726959
347.3		0.726959
347.4		0.726959
347.5		0.726959
347.6		0.726959
347.7		0.726959
347.8		0.726959
347.9		0.726959
348		0.726959
348.1		0.731546
348.2		0.731546
348.3		0.731546
348.4		0.731546
348.5		0.731546
348.6		0.731546
348.7		0.731546
348.8		0.731546
348.9		0.731546
349		0.731546
349.1		0.733806
349.2		0.733806
349.3		0.733806
349.4		0.733806
349.5		0.733806
349.6		0.733806
349.7		0.733806
349.8		0.733806
349.9		0.733806
350		0.733806
350.1		0.734249
350.2		0.734249
350.3		0.734249
350.4		0.734249
350.5		0.734249
350.6		0.734249
350.7		0.734249
350.8		0.734249
350.9		0.734249
351		0.734249
351.1		0.740685
351.2		0.740685
351.3		0.740685
351.4		0.740685
351.5		0.740685
351.6		0.740685
351.7		0.740685
351.8		0.740685
351.9		0.740685
352		0.740685
352.1		0.740926
352.2		0.740926
352.3		0.740926
352.4		0.740926
352.5		0.740926
352.6		0.740926
352.7		0.740926
352.8		0.740926
352.9		0.740926
353		0.740926
353.1		0.740958
353.2		0.740958
353.3		0.740958
353.4		0.740958
353.5		0.740958
353.6		0.740958
353.7		0.740958
353.8		0.740958
353.9		0.740958
354		0.740958
354.1		0.741777
354.2		0.741777
354.3		0.741777
354.4		0.741777
354.5		0.741777
354.6		0.741777
354.7		0.741777
354.8		0.741777
354.9		0.741777
355		0.741777
355.1		0.742672
355.2		0.742672
355.3		0.742672
355.4		0.742672
355.5		0.742672
355.6		0.742672
355.7		0.742672
355.8		0.742672
355.9		0.742672
356		0.742672
356.1		0.744625
356.2		0.744625
356.3		0.744625
356.4		0.744625
356.5		0.744625
356.6		0.744625
356.7		0.744625
356.8		0.744625
356.9		0.744625
357		0.744625
357.1		0.748128
357.2		0.748128
357.3		0.748128
357.4		0.748128
357.5		0.748128
357.6		0.748128
357.7		0.748128
357.8		0.748128
357.9		0.748128
358		0.748128
358.1		0.748181
358.2		0.748181
358.3		0.748181
358.4		0.748181
358.5		0.748181
358.6		0.748181
358.7		0.748181
358.8		0.748181
358.9		0.748181
359		0.748181
359.1		0.748423
359.2		0.748423
359.3		0.748423
359.4		0.748423
359.5		0.748423
359.6		0.748423
359.7		0.748423
359.8		0.748423
359.9		0.748423
360		0.748423
360.1		0.750222
360.2		0.750222
360.3		0.750222
360.4		0.750222
360.5		0.750222
360.6		0.750222
360.7		0.750222
360.8		0.750222
360.9		0.750222
361		0.750222
361.1		0.753902
361.2		0.753902
361.3		0.753902
361.4		0.753902
361.5		0.753902
361.6		0.753902
361.7		0.753902
361.8		0.753902
361.9		0.753902
362		0.753902
362.1		0.755952
362.2		0.755952
362.3		0.755952
362.4		0.755952
362.5		0.755952
362.6		0.755952
362.7		0.755952
362.8		0.755952
362.9		0.755952
363		0.755952
363.1		0.758815
363.2		0.758815
363.3		0.758815
363.4		0.758815
363.5		0.758815
363.6		0.758815
363.7		0.758815
363.8		0.758815
363.9		0.758815
364		0.758815
364.1		0.759612
364.2		0.759612
364.3		0.759612
364.4		0.759612
364.5		0.759612
364.6		0.759612
364.7		0.759612
364.8		0.759612
364.9		0.759612
365		0.759612
365.1		0.759716
365.2		0.759716
365.3		0.759716
365.4		0.759716
365.5		0.759716
365.6		0.759716
365.7		0.759716
365.8		0.759716
365.9		0.759716
366		0.759716
366.1		0.765024
366.2		0.765024
366.3		0.765024
366.4		0.765024
366.5		0.765024
366.6		0.765024
366.7		0.765024
366.8		0.765024
366.9		0.765024
367		0.765024
367.1		0.76737
367.2		0.76737
367.3		0.76737
367.4		0.76737
367.5		0.76737
367.6		0.76737
367.7		0.76737
367.8		0.76737
367.9		0.76737
368		0.76737
368.1		0.770594
368.2		0.770594
368.3		0.770594
368.4		0.770594
368.5		0.770594
368.6		0.770594
368.7		0.770594
368.8		0.770594
368.9		0.770594
369		0.770594
369.1		0.770955
369.2		0.770955
369.3		0.770955
369.4		0.770955
369.5		0.770955
369.6		0.770955
369.7		0.770955
369.8		0.770955
369.9		0.770955
370		0.770955
370.1		0.773382
370.2		0.773382
370.3		0.773382
370.4		0.773382
370.5		0.773382
370.6		0.773382
370.7		0.773382
370.8		0.773382
370.9		0.773382
371		0.773382
371.1		0.774618
371.2		0.774618
371.3		0.774618
371.4		0.774618
371.5		0.774618
371.6		0.774618
371.7		0.774618
371.8		0.774618
371.9		0.774618
372		0.774618
372.1		0.778091
372.2		0.778091
372.3		0.778091
372.4		0.778091
372.5		0.778091
372.6		0.778091
372.7		0.778091
372.8		0.778091
372.9		0.778091
373		0.778091
373.1		0.781192
373.2		0.781192
373.3		0.781192
373.4		0.781192
373.5		0.781192
373.6		0.781192
373.7		0.781192
373.8		0.781192
373.9		0.781192
374		0.781192
374.1		0.7815
374.2		0.7815
374.3		0.7815
374.4		0.7815
374.5		0.7815
374.6		0.7815
374.7		0.7815
374.8		0.7815
374.9		0.7815
375		0.7815
375.1		0.782907
375.2		0.782907
375.3		0.782907
375.4		0.782907
375.5		0.782907
375.6		0.782907
375.7		0.782907
375.8		0.782907
375.9		0.782907
376		0.782907
376.1		0.786096
376.2		0.786096
376.3		0.786096
376.4		0.786096
376.5		0.786096
376.6		0.786096
376.7		0.786096
376.8		0.786096
376.9		0.786096
377		0.786096
377.1		0.787299
377.2		0.787299
377.3		0.787299
377.4		0.787299
377.5		0.787299
377.6		0.787299
377.7		0.787299
377.8		0.787299
377.9		0.787299
378		0.787299
378.1		0.791386
378.2		0.791386
378.3		0.791386
378.4		0.791386
378.5		0.791386
378.6		0.791386
378.7		0.791386
378.8		0.791386
378.9		0.791386
379		0.791386
379.1		0.791873
379.2		0.791873
379.3		0.791873
379.4		0.791873
379.5		0.791873
379.6		0.791873
379.7		0.791873
379.8		0.791873
379.9		0.791873
380		0.791873
380.1		0.796833
380.2		0.796833
380.3		0.796833
380.4		0.796833
380.5		0.796833
380.6		0.796833
380.7		0.796833
380.8		0.796833
380.9		0.796833
381		0.796833
381.1		0.797307
381.2		0.797307
381.3		0.797307
381.4		0.797307
381.5		0.797307
381.6		0.797307
381.7		0.797307
381.8		0.797307
381.9		0.797307
382		0.797307
382.1		0.798776
382.2		0.798776
382.3		0.798776
382.4		0.798776
382.5		0.798776
382.6		0.798776
382.7		0.798776
382.8		0.798776
382.9		0.798776
383		0.798776
383.1		0.80034
383.2		0.80034
383.3		0.80034
383.4		0.80034
383.5		0.80034
383.6		0.80034
383.7		0.80034
383.8		0.80034
383.9		0.80034
384		0.80034
384.1		0.804697
384.2		0.804697
384.3		0.804697
384.4		0.804697
384.5		0.804697
384.6		0.804697
384.7		0.804697
384.8		0.804697
384.9		0.804697
385		0.804697
385.1		0.805068
385.2		0.805068
385.3		0.805068
385.4		0.805068
385.5		0.805068
385.6		0.805068
385.7		0.805068
385.8		0.805068
385.9		0.805068
386		0.805068
386.1		0.807793
386.2		0.807793
386.3		0.807793
386.4		0.807793
386.5		0.807793
386.6		0.807793
386.7		0.807793
386.8		0.807793
386.9		0.807793
387		0.807793
387.1		0.809598
387.2		0.809598
387.3		0.809598
387.4		0.809598
387.5		0.809598
387.6		0.809598
387.7		0.809598
387.8		0.809598
387.9		0.809598
388		0.809598
388.1		0.812408
388.2		0.812408
388.3		0.812408
388.4		0.812408
388.5		0.812408
388.6		0.812408
388.7		0.812408
388.8		0.812408
388.9		0.812408
389		0.812408
389.1		0.812747
389.2		0.812747
389.3		0.812747
389.4		0.812747
389.5		0.812747
389.6		0.812747
389.7		0.812747
389.8		0.812747
389.9		0.812747
390		0.812747
390.1		0.814175
390.2		0.814175
390.3		0.814175
390.4		0.814175
390.5		0.814175
390.6		0.814175
390.7		0.814175
390.8		0.814175
390.9		0.814175
391		0.814175
391.1		0.816618
391.2		0.816618
391.3		0.816618
391.4		0.816618
391.5		0.816618
391.6		0.816618
391.7		0.816618
391.8		0.816618
391.9		0.816618
392		0.816618
392.1		0.821333
392.2		0.821333
392.3		0.821333
392.4		0.821333
392.5		0.821333
392.6		0.821333
392.7		0.821333
392.8		0.821333
392.9		0.821333
393		0.821333
393.1		0.822538
393.2		0.822538
393.3		0.822538
393.4		0.822538
393.5		0.822538
393.6		0.822538
393.7		0.822538
393.8		0.822538
393.9		0.822538
394		0.822538
394.1		0.824645
394.2		0.824645
394.3		0.824645
394.4		0.824645
394.5		0.824645
394.6		0.824645
394.7		0.824645
394.8		0.824645
394.9		0.824645
395		0.824645
395.1		0.82526
395.2		0.82526
395.3		0.82526
395.4		0.82526
395.5		0.82526
395.6		0.82526
395.7		0.82526
395.8		0.82526
395.9		0.82526
396		0.82526
396.1		0.828557
396.2		0.828557
396.3		0.828557
396.4		0.828557
396.5		0.828557
396.6		0.828557
396.7		0.828557
396.8		0.828557
396.9		0.828557
397		0.828557
397.1		0.831454
397.2		0.831454
397.3		0.831454
397.4		0.831454
397.5		0.831454
397.6		0.831454
397.7		0.831454
397.8		0.831454
397.9		0.831454
398		0.831454
398.1		0.831847
398.2		0.831847
398.3		0.831847
398.4		0.831847
398.5		0.831847
398.6		0.831847
398.7		0.831847
398.8		0.831847
398.9		0.831847
399		0.831847
399.1		0.835168
399.2		0.835168
399.3		0.835168
399.4		0.835168
399.5		0.835168
399.6		0.835168
399.7		0.835168
399.8		0.835168
399.9		0.835168
400		0.835168
400.1		0.836886
400.2		0.836886
400.3		0.836886
400.4		0.836886
400.5		0.836886
400.6		0.836886
400.7		0.836886
400.8		0.836886
400.9		0.836886
401		0.836886
401.1		0.839127
401.2		0.839127
401.3		0.839127
401.4		0.839127
401.5		0.839127
401.6		0.839127
401.7		0.839127
401.8		0.839127
401.9		0.839127
402		0.839127
402.1		0.840637
402.2		0.840637
402.3		0.840637
402.4		0.840637
402.5		0.840637
402.6		0.840637
402.7		0.840637
402.8		0.840637
402.9		0.840637
403		0.840637
403.1		0.841252
403.2		0.841252
403.3		0.841252
403.4		0.841252
403.5		0.841252
403.6		0.841252
403.7		0.841252
403.8		0.841252
403.9		0.841252
404		0.841252
404.1		0.8454
404.2		0.8454
404.3		0.8454
404.4		0.8454
404.5		0.8454
404.6		0.8454
404.7		0.8454
404.8		0.8454
404.9		0.8454
405		0.8454
405.1		0.847145
405.2		0.847145
405.3		0.847145
405.4		0.847145
405.5		0.847145
405.6		0.847145
405.7		0.847145
405.8		0.847145
405.9		0.847145
406		0.847145
406.1		0.850627
406.2		0.850627
406.3		0.850627
406.4		0.850627
406.5		0.850627
406.6		0.850627
406.7		0.850627
406.8		0.850627
406.9		0.850627
407		0.850627
407.1		0.85139
407.2		0.85139
407.3		0.85139
407.4		0.85139
407.5		0.85139
407.6		0.85139
407.7		0.85139
407.8		0.85139
407.9		0.85139
408		0.85139
408.1		0.853044
408.2		0.853044
408.3		0.853044
408.4		0.853044
408.5		0.853044
408.6		0.853044
408.7		0.853044
408.8		0.853044
408.9		0.853044
409		0.853044
409.1		0.855857
409.2		0.855857
409.3		0.855857
409.4		0.855857
409.5		0.855857
409.6		0.855857
409.7		0.855857
409.8		0.855857
409.9		0.855857
410		0.855857
410.1		0.857844
410.2		0.857844
410.3		0.857844
410.4		0.857844
410.5		0.857844
410.6		0.857844
410.7		0.857844
410.8		0.857844
410.9		0.857844
411		0.857844
411.1		0.859276
411.2		0.859276
411.3		0.859276
411.4		0.859276
411.5		0.859276
411.6		0.859276
411.7		0.859276
411.8		0.859276
411.9		0.859276
412		0.859276
412.1		0.861451
412.2		0.861451
412.3		0.861451
412.4		0.861451
412.5		0.861451
412.6		0.861451
412.7		0.861451
412.8		0.861451
412.9		0.861451
413		0.861451
413.1		0.861863
413.2		0.861863
413.3		0.861863
413.4		0.861863
413.5		0.861863
413.6		0.861863
413.7		0.861863
413.8		0.861863
413.9		0.861863
414		0.861863
414.1		0.866832
414.2		0.866832
414.3		0.866832
414.4		0.866832
414.5		0.866832
414.6		0.866832
414.7		0.866832
414.8		0.866832
414.9		0.866832
415		0.866832
415.1		0.86708
415.2		0.86708
415.3		0.86708
415.4		0.86708
415.5		0.86708
415.6		0.86708
415.7		0.86708
415.8		0.86708
415.9		0.86708
416		0.86708
416.1		0.868154
416.2		0.868154
416.3		0.868154
416.4		0.868154
416.5		0.868154
416.6		0.868154
416.7		0.868154
416.8		0.868154
416.9		0.868154
417		0.868154
417.1		0.869416
417.2		0.869416
417.3		0.869416
417.4		0.869416
417.5		0.869416
417.6		0.869416
417.7		0.869416
417.8		0.869416
417.9		0.869416
418		0.869416
418.1		0.875271
418.2		0.875271
418.3		0.875271
418.4		0.875271
418.5		0.875271
418.6		0.875271
418.7		0.875271
418.8		0.875271
418.9		0.875271
419		0.875271
419.1		0.877585
419.2		0.877585
419.3		0.877585
419.4		0.877585
419.5		0.877585
419.6		0.877585
419.7		0.877585
419.8		0.877585
419.9		0.877585
420		0.877585
420.1		0.878172
420.2		0.878172
420.3		0.878172
420.4		0.878172
420.5		0.878172
420.6		0.878172
420.7		0.878172
420.8		0.878172
420.9		0.878172
421		0.878172
421.1		0.878615
421.2		0.878615
421.3		0.878615
421.4		0.878615
421.5		0.878615
421.6		0.878615
421.7		0.878615
421.8		0.878615
421.9		0.878615
422		0.878615
422.1		0.883795
422.2		0.883795
422.3		0.883795
422.4		0.883795
422.5		0.883795
422.6		0.883795
422.7		0.883795
422.8		0.883795
422.9		0.883795
423		0.883795
423.1		0.886039
423.2		0.886039
423.3		0.886039
423.4		0.886039
423.5		0.886039
423.6		0.886039
423.7		0.886039
423.8		0.886039
423.9		0.886039
424		0.886039
424.1		0.886438
424.2		0.886438
424.3		0.886438
424.4		0.886438
424.5		0.886438
424.6		0.886438
424.7		0.886438
424.8		0.886438
424.9		0.886438
425		0.886438
425.1		0.887873
425.2		0.887873
425.3		0.887873
425.4		0.887873
425.5		0.887873
425.6		0.887873
425.7		0.887873
425.8		0.887873
425.9		0.887873
426		0.887873
426.1		0.889756
426.2		0.889756
426.3		0.889756
426.4		0.889756
426.5		0.889756
426.6		0.889756
426.7		0.889756
426.8		0.889756
426.9		0.889756
427		0.889756
427.1		0.892412
427.2		0.892412
427.3		0.892412
427.4		0.892412
427.5		0.892412
427.6		0.892412
427.7		0.892412
427.8		0.892412
427.9		0.892412
428		0.892412
428.1		0.894638
428.2		0.894638
428.3		0.894638
428.4		0.894638
428.5		0.894638
428.6		0.894638
428.7		0.894638
428.8		0.894638
428.9		0.894638
429		0.894638
429.1		0.896519
429.2		0.896519
429.3		0.896519
429.4		0.896519
429.5		0.896519
429.6		0.896519
429.7		0.896519
429.8		0.896519
429.9		0.896519
430		0.896519
430.1		0.900512
430.2		0.900512
430.3		0.900512
430.4		0.900512
430.5		0.900512
430.6		0.900512
430.7		0.900512
430.8		0.900512
430.9		0.900512
431		0.900512
431.1		0.900914
431.2		0.900914
431.3		0.900914
431.4		0.900914
431.5		0.900914
431.6		0.900914
431.7		0.900914
431.8		0.900914
431.9		0.900914
432		0.900914
432.1		0.90319
432.2		0.90319
432.3		0.90319
432.4		0.90319
432.5		0.90319
432.6		0.90319
432.7		0.90319
432.8		0.90319
432.9		0.90319
433		0.90319
433.1		0.906304
433.2		0.906304
433.3		0.906304
433.4		0.906304
433.5		0.906304
433.6		0.906304
433.7		0.906304
433.8		0.906304
433.9		0.906304
434		0.906304
434.1		0.909098
434.2		0.909098
434.3		0.909098
434.4		0.909098
434.5		0.909098
434.6		0.909098
434.7		0.909098
434.8		0.909098
434.9		0.909098
435		0.909098
435.1		0.909877
435.2		0.909877
435.3		0.909877
435.4		0.909877
435.5		0.909877
435.6		0.909877
435.7		0.909877
435.8		0.909877
435.9		0.909877
436		0.909877
436.1		0.911899
436.2		0.911899
436.3		0.911899
436.4		0.911899
436.5		0.911899
436.6		0.911899
436.7		0.911899
436.8		0.911899
436.9		0.911899
437		0.911899
437.1		0.913594
437.2		0.913594
437.3		0.913594
437.4		0.913594
437.5		0.913594
437.6		0.913594
437.7		0.913594
437.8		0.913594
437.9		0.913594
438		0.913594
438.1		0.917656
438.2		0.917656
438.3		0.917656
438.4		0.917656
438.5		0.917656
438.6		0.917656
438.7		0.917656
438.8		0.917656
438.9		0.917656
439		0.917656
439.1		0.918407
439.2		0.918407
439.3		0.918407
439.4		0.918407
439.5		0.918407
439.6		0.918407
439.7		0.918407
439.8		0.918407
439.9		0.918407
440		0.918407
440.1		0.920645
440.2		0.920645
440.3		0.920645
440.4		0.920645
440.5		0.920645
440.6		0.920645
440.7		0.920645
440.8		0.920645
440.9		0.920645
441		0.920645
441.1		0.922814
441.2		0.922814
441.3		0.922814
441.4		0.922814
441.5		0.922814
441.6		0.922814
441.7		0.922814
441.8		0.922814
441.9		0.922814
442		0.922814
442.1		0.923455
442.2		0.923455
442.3		0.923455
442.4		0.923455
442.5		0.923455
442.6		0.923455
442.7		0.923455
442.8		0.923455
442.9		0.923455
443		0.923455
443.1		0.926205
443.2		0.926205
443.3		0.926205
443.4		0.926205
443.5		0.926205
443.6		0.926205
443.7		0.926205
443.8		0.926205
443.9		0.926205
444		0.926205
444.1		0.929774
444.2		0.929774
444.3		0.929774
444.4		0.929774
444.5		0.929774
444.6		0.929774
444.7		0.929774
444.8		0.929774
444.9		0.929774
445		0.929774
445.1		0.930854
445.2		0.930854
445.3		0.930854
445.4		0.930854
445.5		0.930854
445.6		0.930854
445.7		0.930854
445.8		0.930854
445.9		0.930854
446		0.930854
446.1		0.93243
446.2		0.93243
446.3		0.93243
446.4		0.93243
446.5		0.93243
446.6		0.93243
446.7		0.93243
446.8		0.93243
446.9		0.93243
447		0.93243
447.1		0.934606
447.2		0.934606
447.3		0.934606
447.4		0.934606
447.5		0.934606
447.6		0.934606
447.7		0.934606
447.8		0.934606
447.9		0.934606
448		0.934606
448.1		0.940028
448.2		0.940028
448.3		0.940028
448.4		0.940028
448.5		0.940028
448.6		0.940028
448.7		0.940028
448.8		0.940028
448.9		0.940028
449		0.940028
449.1		0.94069
449.2		0.94069
449.3		0.94069
449.4		0.94069
449.5		0.94069
449.6		0.94069
449.7		0.94069
449.8		0.94069
449.9		0.94069
450		0.94069
450.1		0.941359
450.2		0.941359
450.3		0.941359
450.4		0.941359
450.5		0.941359
450.6		0.941359
450.7		0.941359
450.8		0.941359
450.9		0.941359
451		0.941359
451.1		0.942031
451.2		0.942031
451.3		0.942031
451.4		0.942031
451.5		0.942031
451.6		0.942031
451.7		0.942031
451.8		0.942031
451.9		0.942031
452		0.942031
452.1		0.94884
452.2		0.94884
452.3		0.94884
452.4		0.94884
452.5		0.94884
452.6		0.94884
452.7		0.94884
452.8		0.94884
452.9		0.94884
453		0.94884
453.1		0.949424
453.2		0.949424
453.3		0.949424
453.4		0.949424
453.5		0.949424
453.6		0.949424
453.7		0.949424
453.8		0.949424
453.9		0.949424
454		0.949424
454.1		0.95122
454.2		0.95122
454.3		0.95122
454.4		0.95122
454.5		0.95122
454.6		0.95122
454.7		0.95122
454.8		0.95122
454.9		0.95122
455		0.95122
455.1		0.951728
455.2		0.951728
455.3		0.951728
455.4		0.951728
455.5		0.951728
455.6		0.951728
455.7		0.951728
455.8		0.951728
455.9		0.951728
456		0.951728
456.1		0.954529
456.2		0.954529
456.3		0.954529
456.4		0.954529
456.5		0.954529
456.6		0.954529
456.7		0.954529
456.8		0.954529
456.9		0.954529
457		0.954529
457.1		0.957621
457.2		0.957621
457.3		0.957621
457.4		0.957621
457.5		0.957621
457.6		0.957621
457.7		0.957621
457.8		0.957621
457.9		0.957621
458		0.957621
458.1		0.958067
458.2		0.958067
458.3		0.958067
458.4		0.958067
458.5		0.958067
458.6		0.958067
458.7		0.958067
458.8		0.958067
458.9		0.958067
459		0.958067
459.1		0.960447
459.2		0.960447
459.3		0.960447
459.4		0.960447
459.5		0.960447
459.6		0.960447
459.7		0.960447
459.8		0.960447
459.9		0.960447
460		0.960447
460.1		0.96466
460.2		0.96466
460.3		0.96466
460.4		0.96466
460.5		0.96466
460.6		0.96466
460.7		0.96466
460.8		0.96466
460.9		0.96466
461		0.96466
461.1		0.966339
461.2		0.966339
461.3		0.966339
461.4		0.966339
461.5		0.966339
461.6		0.966339
461.7		0.966339
461.8		0.966339
461.9		0.966339
462		0.966339
462.1		0.966882
462.2		0.966882
462.3		0.966882
462.4		0.966882
462.5		0.966882
462.6		0.966882
462.7		0.966882
462.8		0.966882
462.9		0.966882
463		0.966882
463.1		0.967972
463.2		0.967972
463.3		0.967972
463.4		0.967972
463.5		0.967972
463.6		0.967972
463.7		0.967972
463.8		0.967972
463.9		0.967972
464		0.967972
464.1		0.972427
464.2		0.972427
464.3		0.972427
464.4		0.972427
464.5		0.972427
464.6		0.972427
464.7		0.972427
464.8		0.972427
464.9		0.972427
465		0.972427
465.1		0.974238
465.2		0.974238
465.3		0.974238
465.4		0.974238
465.5		0.974238
465.6		0.974238
465.7		0.974238
465.8		0.974238
465.9		0.974238
466		0.974238
466.1		0.975688
466.2		0.975688
466.3		0.975688
466.4		0.975688
466.5		0.975688
466.6		0.975688
466.7		0.975688
466.8		0.975688
466.9		0.975688
467		0.975688
467.1		0.977845
467.2		0.977845
467.3		0.977845
467.4		0.977845
467.5		0.977845
467.6		0.977845
467.7		0.977845
467.8		0.977845
467.9		0.977845
468		0.977845
468.1		0.978354
468.2		0.978354
468.3		0.978354
468.4		0.978354
468.5		0.978354
468.6		0.978354
468.7		0.978354
468.8		0.978354
468.9		0.978354
469		0.978354
469.1		0.9823
469.2		0.9823
469.3		0.9823
469.4		0.9823
469.5		0.9823
469.6		0.9823
469.7		0.9823
469.8		0.9823
469.9		0.9823
470		0.9823
470.1		0.98402
470.2		0.98402
470.3		0.98402
470.4		0.98402
470.5		0.98402
470.6		0.98402
470.7		0.98402
470.8		0.98402
470.9		0.98402
471		0.98402
471.1		0.986362
471.2		0.986362
471.3		0.986362
471.4		0.986362
471.5		0.986362
471.6		0.986362
471.7		0.986362
471.8		0.986362
471.9		0.986362
472		0.986362
472.1		0.987141
472.2		0.987141
472.3		0.987141
472.4		0.987141
472.5		0.987141
472.6		0.987141
472.7		0.987141
472.8		0.987141
472.9		0.987141
473		0.987141
473.1		0.987737
473.2		0.987737
473.3		0.987737
473.4		0.987737
473.5		0.987737
473.6		0.987737
473.7		0.987737
473.8		0.987737
473.9		0.987737
474		0.987737
474.1		0.99088
474.2		0.99088
474.3		0.99088
474.4		0.99088
474.5		0.99088
474.6		0.99088
474.7		0.99088
474.8		0.99088
474.9		0.99088
475		0.99088
475.1		0.996346
475.2		0.996346
475.3		0.996346
475.4		0.996346
475.5		0.996346
475.6		0.996346
475.7		0.996346
475.8		0.996346
475.9		0.996346
476		0.996346
476.1		0.997438
476.2		0.997438
476.3		0.997438
476.4		0.997438
476.5		0.997438
476.6		0.997438
476.7		0.997438
476.8		0.997438
476.9		0.997438
477		0.997438
477.1		0.998468
477.2		0.998468
477.3		0.998468
477.4		0.998468
477.5		0.998468
477.6		0.998468
477.7		0.998468
477.8		0.998468
477.9		0.998468
478		0.998468
478.1		1
478.2		1
478.3		1
478.4		1
478.5		1
478.6		1
478.7		1
478.8		1
478.9		1
479		1
479.1		1
479.2		1
479.3		1
479.4		1
479.5		1
479.6		1
479.7		1
479.8		1
479.9		1
480		1
480.1		1
480.2		1
480.3		1
480.4		1
480.5		1
480.6		1
480.7		1
480.8		1
480.9		1
481		1
481.1		1
481.2		1
481.3		1
481.4		1
481.5		1
481.6		1
481.7		1
481.8		1
481.9		1
482		1
482.1		1
482.2		1
482.3		1
482.4		1
482.5		1
482.6		1
482.7		1
482.8		1
482.9		1
483		1
483.1		1
483.2		1
483.3		1
483.4		1
483.5		1
483.6		1
483.7		1
483.8		1
483.9		1
484		1
484.1		1
484.2		1
484.3		1
484.4		1
484.5		1
484.6		1
484.7		1
484.8		1
484.9		1
485		1
485.1		1
485.2		1
485.3		1
485.4		1
485.5		1
485.6		1
485.7		1
485.8		1
485.9		1
486		1
486.1		1
486.2		1
486.3		1
486.4		1
486.5		1
486.6		1
486.7		1
486.8		1
486.9		1
487		1
487.1		1
487.2		1
487.3		1
487.4		1
487.5		1
487.6		1
487.7		1
487.8		1
487.9		1
488		1
488.1		1
488.2		1
488.3		1
488.4		1
488.5		1
488.6		1
488.7		1
488.8		1
488.9		1
489		1
489.1		1
489.2		1
489.3		1
489.4		1
489.5		1
489.6		1
489.7		1
489.8		1
489.9		1
490		1
490.1		1
490.2		1
490.3		1
490.4		1
490.5		1
490.6		1
490.7		1
490.8		1
490.9		1
491		1
491.1		1
491.2		1
491.3		1
491.4		1
491.5		1
491.6		1
491.7		1
491.8		1
491.9		1
492		1
492.1		1
492.2		1
492.3		1
492.4		1
492.5		1
492.6		1
492.7		1
492.8		1
492.9		1
493		1
493.1		1
493.2		1
493.3		1
493.4		1
493.5		1
493.6		1
493.7		1
493.8		1
493.9		1
494		1
494.1		1
494.2		1
494.3		1
494.4		1
494.5		1
494.6		1
494.7		1
494.8		1
494.9		1
495		1
495.1		1
495.2		1
495.3		1
495.4		1
495.5		1
495.6		1
495.7		1
495.8		1
495.9		1
496		1
496.1		1
496.2		1
496.3		1
496.4		1
496.5		1
496.6		1
496.7		1
496.8		1
496.9		1
497		1
497.1		1
497.2		1
497.3		1
497.4		1
497.5		1
497.6		1
497.7		1
497.8		1
497.9		1
498		1
498.1		1
498.2		1
498.3		1
498.4		1
498.5		1
498.6		1
498.7		1
498.8		1
498.9		1
499		1
499.1		1
499.2		1
499.3		1
499.4		1
499.5		1
499.6		1
499.7		1
499.8		1
499.9		1
500		1
500.1		1
500.2		1
500.3		1
500.4		1
500.5		1
500.6		1
500.7		1
500.8		1
500.9		1
501		1
501.1		1
501.2		1
501.3		1
501.4		1
501.5		1
501.6		1
501.7		1
501.8		1
501.9		1
502		1
502.1		1
502.2		1
502.3		1
502.4		1
502.5		1
502.6		1
502.7		1
502.8		1
502.9		1
503		1
503.1		1
503.2		1
503.3		1
503.4		1
503.5		1
503.6		1
503.7		1
503.8		1
503.9		1
504		1
504.1		1
504.2		1
504.3		1
504.4		1
504.5		1
504.6		1
504.7		1
504.8		1
504.9		1
505		1
505.1		1
505.2		1
505.3		1
505.4		1
505.5		1
505.6		1
505.7		1
505.8		1
505.9		1
506		1
506.1		1
506.2		1
506.3		1
506.4		1
506.5		1
506.6		1
506.7		1
506.8		1
506.9		1
507		1
507.1		1
507.2		1
507.3		1
507.4		1
507.5		1
507.6		1
507.7		1
507.8		1
507.9		1
508		1
508.1		1
508.2		1
508.3		1
508.4		1
508.5		1
508.6		1
508.7		1
508.8		1
508.9		1
509		1
509.1		1
509.2		1
509.3		1
509.4		1
509.5		1
509.6		1
509.7		1
509.8		1
509.9		1
510		1
510.1		1
510.2		1
510.3		1
510.4		1
510.5		1
510.6		1
510.7		1
510.8		1
510.9		1
511		1
511.1		1
511.2		1
511.3		1
511.4		1
511.5		1
511.6		1
511.7		1
511.8		1
511.9		1
512		1
512.1		1
512.2		1
512.3		1
512.4		1
512.5		1
512.6		1
512.7		1
512.8		1
512.9		1
513		1
513.1		1
513.2		1
513.3		1
513.4		1
513.5		1
513.6		1
513.7		1
513.8		1
513.9		1
514		1
514.1		1
514.2		1
514.3		1
514.4		1
514.5		1
514.6		1
514.7		1
514.8		1
514.9		1
515		1
515.1		1
515.2		1
515.3		1
515.4		1
515.5		1
515.6		1
515.7		1
515.8		1
515.9		1
516		1
516.1		1
516.2		1
516.3		1
516.4		1
516.5		1
516.6		1
516.7		1
516.8		1
516.9		1
517		1
517.1		1
517.2		1
517.3		1
517.4		1
517.5		1
517.6		1
517.7		1
517.8		1
517.9		1
518		1
518.1		1
518.2		1
518.3		1
518.4		1
518.5		1
518.6		1
518.7		1
518.8		1
518.9		1
519		1
519.1		1
519.2		1
519.3		1
519.4		1
519.5		1
519.6		1
519.7		1
519.8		1
519.9		1
520		1
520.1		1
520.2		1
520.3		1
520.4		1
520.5		1
520.6		1
520.7		1
520.8		1
520.9		1
521		1
521.1		1
521.2		1
521.3		1
521.4		1
521.5		1
521.6		1
521.7		1
521.8		1
521.9		1
522		1
522.1		1
522.2		1
522.3		1
522.4		1
522.5		1
522.6		1
522.7		1
522.8		1
522.9		1
523		1
523.1		1
523.2		1
523.3		1
523.4		1
523.5		1
523.6		1
523.7		1
523.8		1
523.9		1
524		1
524.1		1
524.2		1
524.3		1
524.4		1
524.5		1
524.6		1
524.7		1
524.8		1
524.9		1
525		1
525.1		1
525.2		1
525.3		1
525.4		1
525.5		1
525.6		1
525.7		1
525.8		1
525.9		1
526		1
526.1		1
526.2		1
526.3		1
526.4		1
526.5		1
526.6		1
526.7		1
526.8		1
526.9		1
527		1
527.1		1
527.2		1
527.3		1
527.4		1
527.5		1
527.6		1
527.7		1
527.8		1
527.9		1
528		1
528.1		1
528.2		1
528.3		1
528.4		1
528.5		1
528.6		1
528.7		1
528.8		1
528.9		1
529		1
529.1		1
529.2		1
529.3		1
529.4		1
529.5		1
529.6		1
529.7		1
529.8		1
529.9		1
530		1
530.1		1
530.2		1
530.3		1
530.4		1
530.5		1
530.6		1
530.7		1
530.8		1
530.9		1
531		1
531.1		1
531.2		1
531.3		1
531.4		1
531.5		1
531.6		1
531.7		1
531.8		1
531.9		1
532		1
532.1		1
532.2		1
532.3		1
532.4		1
532.5		1
532.6		1
532.7		1
532.8		1
532.9		1
533		1
533.1		1
533.2		1
533.3		1
533.4		1
533.5		1
533.6		1
533.7		1
533.8		1
533.9		1
534		1
534.1		1
534.2		1
534.3		1
534.4		1
534.5		1
534.6		1
534.7		1
534.8		1
534.9		1
535		1
535.1		1
535.2		1
535.3		1
535.4		1
535.5		1
535.6		1
535.7		1
535.8		1
535.9		1
536		1
536.1		1
536.2		1
536.3		1
536.4		1
536.5		1
536.6		1
536.7		1
536.8		1
536.9		1
537		1
537.1		1
537.2		1
537.3		1
537.4		1
537.5		1
537.6		1
537.7		1
537.8		1
537.9		1
538		1
538.1		1
538.2		1
538.3		1
538.4		1
538.5		1
538.6		1
538.7		1
538.8		1
538.9		1
539		1
539.1		1
539.2		1
539.3		1
539.4		1
539.5		1
539.6		1
539.7		1
539.8		1
539.9		1
540		1
540.1		1
540.2		1
540.3		1
540.4		1
540.5		1
540.6		1
540.7		1
540.8		1
540.9		1
541		1
541.1		1
541.2		1
541.3		1
541.4		1
541.5		1
541.6		1
541.7		1
541.8		1
541.9		1
542		1
542.1		1
542.2		1
542.3		1
542.4		1
542.5		1
542.6		1
542.7		1
542.8		1
542.9		1
543		1
543.1		1
543.2		1
543.3		1
543.4		1
543.5		1
543.6		1
543.7		1
543.8		1
543.9		1
544		1
544.1		1
544.2		1
544.3		1
544.4		1
544.5		1
544.6		1
544.7		1
544.8		1
544.9		1
545		1
545.1		1
545.2		1
545.3		1
545.4		1
545.5		1
545.6		1
545.7		1
545.8		1
545.9		1
546		1
546.1		1
546.2		1
546.3		1
546.4		1
546.5		1
546.6		1
546.7		1
546.8		1
546.9		1
547		1
547.1		1
547.2		1
547.3		1
547.4		1
547.5		1
547.6		1
547.7		1
547.8		1
547.9		1
548		1
548.1		1
548.2		1
548.3		1
548.4		1
548.5		1
548.6		1
548.7		1
548.8		1
548.9		1
549		1
549.1		1
549.2		1
549.3		1
549.4		1
549.5		1
549.6		1
549.7		1
549.8		1
549.9		1
550		1
550.1		1
550.2		1
550.3		1
550.4		1
550.5		1
550.6		1
550.7		1
550.8		1
550.9		1
551		1
551.1		1
551.2		1
551.3		1
551.4		1
551.5		1
551.6		1
551.7		1
551.8		1
551.9		1
552		1
552.1		1
552.2		1
552.3		1
552.4		1
552.5		1
552.6		1
552.7		1
552.8		1
552.9		1
553		1
553.1		1
553.2		1
553.3		1
553.4		1
553.5		1
553.6		1
553.7		1
553.8		1
553.9		1
554		1
554.1		1
554.2		1
554.3		1
554.4		1
554.5		1
554.6		1
554.7		1
554.8		1
554.9		1
555		1
555.1		1
555.2		1
555.3		1
555.4		1
555.5		1
555.6		1
555.7		1
555.8		1
555.9		1
556		1
556.1		1
556.2		1
556.3		1
556.4		1
556.5		1
556.6		1
556.7		1
556.8		1
556.9		1
557		1
557.1		1
557.2		1
557.3		1
557.4		1
557.5		1
557.6		1
557.7		1
557.8		1
557.9		1
558		1
558.1		1
558.2		1
558.3		1
558.4		1
558.5		1
558.6		1
558.7		1
558.8		1
558.9		1
559		1
559.1		1
559.2		1
559.3		1
559.4		1
559.5		1
559.6		1
559.7		1
559.8		1
559.9		1
560		1
560.1		1
560.2		1
560.3		1
560.4		1
560.5		1
560.6		1
560.7		1
560.8		1
560.9		1
561		1
561.1		1
561.2		1
561.3		1
561.4		1
561.5		1
561.6		1
561.7		1
561.8		1
561.9		1
562		1
562.1		1
562.2		1
562.3		1
562.4		1
562.5		1
562.6		1
562.7		1
562.8		1
562.9		1
563		1
563.1		1
563.2		1
563.3		1
563.4		1
563.5		1
563.6		1
563.7		1
563.8		1
563.9		1
564		1
564.1		1
564.2		1
564.3		1
564.4		1
564.5		1
564.6		1
564.7		1
564.8		1
564.9		1
565		1
565.1		1
565.2		1
565.3		1
565.4		1
565.5		1
565.6		1
565.7		1
565.8		1
565.9		1
566		1
566.1		1
566.2		1
566.3		1
566.4		1
566.5		1
566.6		1
566.7		1
566.8		1
566.9		1
567		1
567.1		1
567.2		1
567.3		1
567.4		1
567.5		1
567.6		1
567.7		1
567.8		1
567.9		1
568		1
568.1		1
568.2		1
568.3		1
568.4		1
568.5		1
568.6		1
568.7		1
568.8		1
568.9		1
569		1
569.1		1
569.2		1
569.3		1
569.4		1
569.5		1
569.6		1
569.7		1
569.8		1
569.9		1
570		1
570.1		1
570.2		1
570.3		1
570.4		1
570.5		1
570.6		1
570.7		1
570.8		1
570.9		1
571		1
571.1		1
571.2		1
571.3		1
571.4		1
571.5		1
571.6		1
571.7		1
571.8		1
571.9		1
572		1
572.1		1
572.2		1
572.3		1
572.4		1
572.5		1
572.6		1
572.7		1
572.8		1
572.9		1
573		1
573.1		1
573.2		1
573.3		1
573.4		1
573.5		1
573.6		1
573.7		1
573.8		1
573.9		1
574		1
574.1		1
574.2		1
574.3		1
574.4		1
574.5		1
574.6		1
574.7		1
574.8		1
574.9		1
575		1
575.1		1
575.2		1
575.3		1
575.4		1
575.5		1
575.6		1
575.7		1
575.8		1
575.9		1
576		1
576.1		1
576.2		1
576.3		1
576.4		1
576.5		1
576.6		1
576.7		1
576.8		1
576.9		1
577		1
577.1		1
577.2		1
577.3		1
577.4		1
577.5		1
577.6		1
577.7		1
577.8		1
577.9		1
578		1
578.1		1
578.2		1
578.3		1
578.4		1
578.5		1
578.6		1
578.7		1
578.8		1
578.9		1
579		1
579.1		1
579.2		1
579.3		1
579.4		1
579.5		1
579.6		1
579.7		1
579.8		1
579.9		1
580		1
580.1		1
580.2		1
580.3		1
580.4		1
580.5		1
580.6		1
580.7		1
580.8		1
580.9		1
581		1
581.1		1
581.2		1
581.3		1
581.4		1
581.5		1
581.6		1
581.7		1
581.8		1
581.9		1
582		1
582.1		1
582.2		1
582.3		1
582.4		1
582.5		1
582.6		1
582.7		1
582.8		1
582.9		1
583		1
583.1		1
583.2		1
583.3		1
583.4		1
583.5		1
583.6		1
583.7		1
583.8		1
583.9		1
584		1
584.1		1
584.2		1
584.3		1
584.4		1
584.5		1
584.6		1
584.7		1
584.8		1
584.9		1
585		1
585.1		1
585.2		1
585.3		1
585.4		1
585.5		1
585.6		1
585.7		1
585.8		1
585.9		1
586		1
586.1		1
586.2		1
586.3		1
586.4		1
586.5		1
586.6		1
586.7		1
586.8		1
586.9		1
587		1
587.1		1
587.2		1
587.3		1
587.4		1
587.5		1
587.6		1
587.7		1
587.8		1
587.9		1
588		1
588.1		1
588.2		1
588.3		1
588.4		1
588.5		1
588.6		1
588.7		1
588.8		1
588.9		1
589		1
589.1		1
589.2		1
589.3		1
589.4		1
589.5		1
589.6		1
589.7		1
589.8		1
589.9		1
590		1
590.1		1
590.2		1
590.3		1
590.4		1
590.5		1
590.6		1
590.7		1
590.8		1
590.9		1
591		1
591.1		1
591.2		1
591.3		1
591.4		1
591.5		1
591.6		1
591.7		1
591.8		1
591.9		1
592		1
592.1		1
592.2		1
592.3		1
592.4		1
592.5		1
592.6		1
592.7		1
592.8		1
592.9		1
593		1
593.1		1
593.2		1
593.3		1
593.4		1
593.5		1
593.6		1
593.7		1
593.8		1
593.9		1
594		1
594.1		1
594.2		1
594.3		1
594.4		1
594.5		1
594.6		1
594.7		1
594.8		1
594.9		1
595		1
595.1		1
595.2		1
595.3		1
595.4		1
595.5		1
595.6		1
595.7		1
595.8		1
595.9		1
596		1
596.1		1
596.2		1
596.3		1
596.4		1
596.5		1
596.6		1
596.7		1
596.8		1
596.9		1
597		1
597.1		1
597.2		1
597.3		1
597.4		1
597.5		1
597.6		1
597.7		1
597.8		1
597.9		1
598		1
598.1		1
598.2		1
598.3		1
598.4		1
598.5		1
598.6		1
598.7		1
598.8		1
598.9		1
599		1
599.1		1
599.2		1
599.3		1
599.4		1
599.5		1
599.6		1
599.7		1
599.8		1
599.9		1
600		1
