# Calibration file of tamex_id 0 @ channel 21
# fine_T bin		 Calibration value
0.1		0
0.2		0
0.3		0
0.4		0
0.5		0
0.6		0
0.7		0
0.8		0
0.9		0
1		0
1.1		0
1.2		0
1.3		0
1.4		0
1.5		0
1.6		0
1.7		0
1.8		0
1.9		0
2		0
2.1		0
2.2		0
2.3		0
2.4		0
2.5		0
2.6		0
2.7		0
2.8		0
2.9		0
3		0
3.1		0
3.2		0
3.3		0
3.4		0
3.5		0
3.6		0
3.7		0
3.8		0
3.9		0
4		0
4.1		0
4.2		0
4.3		0
4.4		0
4.5		0
4.6		0
4.7		0
4.8		0
4.9		0
5		0
5.1		0
5.2		0
5.3		0
5.4		0
5.5		0
5.6		0
5.7		0
5.8		0
5.9		0
6		0
6.1		0
6.2		0
6.3		0
6.4		0
6.5		0
6.6		0
6.7		0
6.8		0
6.9		0
7		0
7.1		0
7.2		0
7.3		0
7.4		0
7.5		0
7.6		0
7.7		0
7.8		0
7.9		0
8		0
8.1		0
8.2		0
8.3		0
8.4		0
8.5		0
8.6		0
8.7		0
8.8		0
8.9		0
9		0
9.1		0
9.2		0
9.3		0
9.4		0
9.5		0
9.6		0
9.7		0
9.8		0
9.9		0
10		0
10.1		0
10.2		0
10.3		0
10.4		0
10.5		0
10.6		0
10.7		0
10.8		0
10.9		0
11		0
11.1		0
11.2		0
11.3		0
11.4		0
11.5		0
11.6		0
11.7		0
11.8		0
11.9		0
12		0
12.1		0
12.2		0
12.3		0
12.4		0
12.5		0
12.6		0
12.7		0
12.8		0
12.9		0
13		0
13.1		0
13.2		0
13.3		0
13.4		0
13.5		0
13.6		0
13.7		0
13.8		0
13.9		0
14		0
14.1		0
14.2		0
14.3		0
14.4		0
14.5		0
14.6		0
14.7		0
14.8		0
14.9		0
15		0
15.1		0
15.2		0
15.3		0
15.4		0
15.5		0
15.6		0
15.7		0
15.8		0
15.9		0
16		0
16.1		0.00115309
16.2		0.00115309
16.3		0.00115309
16.4		0.00115309
16.5		0.00115309
16.6		0.00115309
16.7		0.00115309
16.8		0.00115309
16.9		0.00115309
17		0.00115309
17.1		0.00961153
17.2		0.00961153
17.3		0.00961153
17.4		0.00961153
17.5		0.00961153
17.6		0.00961153
17.7		0.00961153
17.8		0.00961153
17.9		0.00961153
18		0.00961153
18.1		0.0122177
18.2		0.0122177
18.3		0.0122177
18.4		0.0122177
18.5		0.0122177
18.6		0.0122177
18.7		0.0122177
18.8		0.0122177
18.9		0.0122177
19		0.0122177
19.1		0.0123262
19.2		0.0123262
19.3		0.0123262
19.4		0.0123262
19.5		0.0123262
19.6		0.0123262
19.7		0.0123262
19.8		0.0123262
19.9		0.0123262
20		0.0123262
20.1		0.0176796
20.2		0.0176796
20.3		0.0176796
20.4		0.0176796
20.5		0.0176796
20.6		0.0176796
20.7		0.0176796
20.8		0.0176796
20.9		0.0176796
21		0.0176796
21.1		0.0185652
21.2		0.0185652
21.3		0.0185652
21.4		0.0185652
21.5		0.0185652
21.6		0.0185652
21.7		0.0185652
21.8		0.0185652
21.9		0.0185652
22		0.0185652
22.1		0.0211533
22.2		0.0211533
22.3		0.0211533
22.4		0.0211533
22.5		0.0211533
22.6		0.0211533
22.7		0.0211533
22.8		0.0211533
22.9		0.0211533
23		0.0211533
23.1		0.0217027
23.2		0.0217027
23.3		0.0217027
23.4		0.0217027
23.5		0.0217027
23.6		0.0217027
23.7		0.0217027
23.8		0.0217027
23.9		0.0217027
24		0.0217027
24.1		0.0251512
24.2		0.0251512
24.3		0.0251512
24.4		0.0251512
24.5		0.0251512
24.6		0.0251512
24.7		0.0251512
24.8		0.0251512
24.9		0.0251512
25		0.0251512
25.1		0.0271393
25.2		0.0271393
25.3		0.0271393
25.4		0.0271393
25.5		0.0271393
25.6		0.0271393
25.7		0.0271393
25.8		0.0271393
25.9		0.0271393
26		0.0271393
26.1		0.0285562
26.2		0.0285562
26.3		0.0285562
26.4		0.0285562
26.5		0.0285562
26.6		0.0285562
26.7		0.0285562
26.8		0.0285562
26.9		0.0285562
27		0.0285562
27.1		0.031636
27.2		0.031636
27.3		0.031636
27.4		0.031636
27.5		0.031636
27.6		0.031636
27.7		0.031636
27.8		0.031636
27.9		0.031636
28		0.031636
28.1		0.0332048
28.2		0.0332048
28.3		0.0332048
28.4		0.0332048
28.5		0.0332048
28.6		0.0332048
28.7		0.0332048
28.8		0.0332048
28.9		0.0332048
29		0.0332048
29.1		0.0341771
29.2		0.0341771
29.3		0.0341771
29.4		0.0341771
29.5		0.0341771
29.6		0.0341771
29.7		0.0341771
29.8		0.0341771
29.9		0.0341771
30		0.0341771
30.1		0.0360026
30.2		0.0360026
30.3		0.0360026
30.4		0.0360026
30.5		0.0360026
30.6		0.0360026
30.7		0.0360026
30.8		0.0360026
30.9		0.0360026
31		0.0360026
31.1		0.0372749
31.2		0.0372749
31.3		0.0372749
31.4		0.0372749
31.5		0.0372749
31.6		0.0372749
31.7		0.0372749
31.8		0.0372749
31.9		0.0372749
32		0.0372749
32.1		0.0388726
32.2		0.0388726
32.3		0.0388726
32.4		0.0388726
32.5		0.0388726
32.6		0.0388726
32.7		0.0388726
32.8		0.0388726
32.9		0.0388726
33		0.0388726
33.1		0.043091
33.2		0.043091
33.3		0.043091
33.4		0.043091
33.5		0.043091
33.6		0.043091
33.7		0.043091
33.8		0.043091
33.9		0.043091
34		0.043091
34.1		0.044255
34.2		0.044255
34.3		0.044255
34.4		0.044255
34.5		0.044255
34.6		0.044255
34.7		0.044255
34.8		0.044255
34.9		0.044255
35		0.044255
35.1		0.04539
35.2		0.04539
35.3		0.04539
35.4		0.04539
35.5		0.04539
35.6		0.04539
35.7		0.04539
35.8		0.04539
35.9		0.04539
36		0.04539
36.1		0.04903
36.2		0.04903
36.3		0.04903
36.4		0.04903
36.5		0.04903
36.6		0.04903
36.7		0.04903
36.8		0.04903
36.9		0.04903
37		0.04903
37.1		0.0501036
37.2		0.0501036
37.3		0.0501036
37.4		0.0501036
37.5		0.0501036
37.6		0.0501036
37.7		0.0501036
37.8		0.0501036
37.9		0.0501036
38		0.0501036
38.1		0.052182
38.2		0.052182
38.3		0.052182
38.4		0.052182
38.5		0.052182
38.6		0.052182
38.7		0.052182
38.8		0.052182
38.9		0.052182
39		0.052182
39.1		0.0537472
39.2		0.0537472
39.3		0.0537472
39.4		0.0537472
39.5		0.0537472
39.6		0.0537472
39.7		0.0537472
39.8		0.0537472
39.9		0.0537472
40		0.0537472
40.1		0.0562594
40.2		0.0562594
40.3		0.0562594
40.4		0.0562594
40.5		0.0562594
40.6		0.0562594
40.7		0.0562594
40.8		0.0562594
40.9		0.0562594
41		0.0562594
41.1		0.0585005
41.2		0.0585005
41.3		0.0585005
41.4		0.0585005
41.5		0.0585005
41.6		0.0585005
41.7		0.0585005
41.8		0.0585005
41.9		0.0585005
42		0.0585005
42.1		0.0607634
42.2		0.0607634
42.3		0.0607634
42.4		0.0607634
42.5		0.0607634
42.6		0.0607634
42.7		0.0607634
42.8		0.0607634
42.9		0.0607634
43		0.0607634
43.1		0.0622779
43.2		0.0622779
43.3		0.0622779
43.4		0.0622779
43.5		0.0622779
43.6		0.0622779
43.7		0.0622779
43.8		0.0622779
43.9		0.0622779
44		0.0622779
44.1		0.0652384
44.2		0.0652384
44.3		0.0652384
44.4		0.0652384
44.5		0.0652384
44.6		0.0652384
44.7		0.0652384
44.8		0.0652384
44.9		0.0652384
45		0.0652384
45.1		0.0656324
45.2		0.0656324
45.3		0.0656324
45.4		0.0656324
45.5		0.0656324
45.6		0.0656324
45.7		0.0656324
45.8		0.0656324
45.9		0.0656324
46		0.0656324
46.1		0.0722292
46.2		0.0722292
46.3		0.0722292
46.4		0.0722292
46.5		0.0722292
46.6		0.0722292
46.7		0.0722292
46.8		0.0722292
46.9		0.0722292
47		0.0722292
47.1		0.0729016
47.2		0.0729016
47.3		0.0729016
47.4		0.0729016
47.5		0.0729016
47.6		0.0729016
47.7		0.0729016
47.8		0.0729016
47.9		0.0729016
48		0.0729016
48.1		0.0735631
48.2		0.0735631
48.3		0.0735631
48.4		0.0735631
48.5		0.0735631
48.6		0.0735631
48.7		0.0735631
48.8		0.0735631
48.9		0.0735631
49		0.0735631
49.1		0.0751138
49.2		0.0751138
49.3		0.0751138
49.4		0.0751138
49.5		0.0751138
49.6		0.0751138
49.7		0.0751138
49.8		0.0751138
49.9		0.0751138
50		0.0751138
50.1		0.07939
50.2		0.07939
50.3		0.07939
50.4		0.07939
50.5		0.07939
50.6		0.07939
50.7		0.07939
50.8		0.07939
50.9		0.07939
51		0.07939
51.1		0.0801744
51.2		0.0801744
51.3		0.0801744
51.4		0.0801744
51.5		0.0801744
51.6		0.0801744
51.7		0.0801744
51.8		0.0801744
51.9		0.0801744
52		0.0801744
52.1		0.0824263
52.2		0.0824263
52.3		0.0824263
52.4		0.0824263
52.5		0.0824263
52.6		0.0824263
52.7		0.0824263
52.8		0.0824263
52.9		0.0824263
53		0.0824263
53.1		0.0830734
53.2		0.0830734
53.3		0.0830734
53.4		0.0830734
53.5		0.0830734
53.6		0.0830734
53.7		0.0830734
53.8		0.0830734
53.9		0.0830734
54		0.0830734
54.1		0.087505
54.2		0.087505
54.3		0.087505
54.4		0.087505
54.5		0.087505
54.6		0.087505
54.7		0.087505
54.8		0.087505
54.9		0.087505
55		0.087505
55.1		0.0886762
55.2		0.0886762
55.3		0.0886762
55.4		0.0886762
55.5		0.0886762
55.6		0.0886762
55.7		0.0886762
55.8		0.0886762
55.9		0.0886762
56		0.0886762
56.1		0.0896413
56.2		0.0896413
56.3		0.0896413
56.4		0.0896413
56.5		0.0896413
56.6		0.0896413
56.7		0.0896413
56.8		0.0896413
56.9		0.0896413
57		0.0896413
57.1		0.0905703
57.2		0.0905703
57.3		0.0905703
57.4		0.0905703
57.5		0.0905703
57.6		0.0905703
57.7		0.0905703
57.8		0.0905703
57.9		0.0905703
58		0.0905703
58.1		0.096531
58.2		0.096531
58.3		0.096531
58.4		0.096531
58.5		0.096531
58.6		0.096531
58.7		0.096531
58.8		0.096531
58.9		0.096531
59		0.096531
59.1		0.0968238
59.2		0.0968238
59.3		0.0968238
59.4		0.0968238
59.5		0.0968238
59.6		0.0968238
59.7		0.0968238
59.8		0.0968238
59.9		0.0968238
60		0.0968238
60.1		0.0978178
60.2		0.0978178
60.3		0.0978178
60.4		0.0978178
60.5		0.0978178
60.6		0.0978178
60.7		0.0978178
60.8		0.0978178
60.9		0.0978178
61		0.0978178
61.1		0.0985263
61.2		0.0985263
61.3		0.0985263
61.4		0.0985263
61.5		0.0985263
61.6		0.0985263
61.7		0.0985263
61.8		0.0985263
61.9		0.0985263
62		0.0985263
62.1		0.101924
62.2		0.101924
62.3		0.101924
62.4		0.101924
62.5		0.101924
62.6		0.101924
62.7		0.101924
62.8		0.101924
62.9		0.101924
63		0.101924
63.1		0.103674
63.2		0.103674
63.3		0.103674
63.4		0.103674
63.5		0.103674
63.6		0.103674
63.7		0.103674
63.8		0.103674
63.9		0.103674
64		0.103674
64.1		0.106822
64.2		0.106822
64.3		0.106822
64.4		0.106822
64.5		0.106822
64.6		0.106822
64.7		0.106822
64.8		0.106822
64.9		0.106822
65		0.106822
65.1		0.108734
65.2		0.108734
65.3		0.108734
65.4		0.108734
65.5		0.108734
65.6		0.108734
65.7		0.108734
65.8		0.108734
65.9		0.108734
66		0.108734
66.1		0.111904
66.2		0.111904
66.3		0.111904
66.4		0.111904
66.5		0.111904
66.6		0.111904
66.7		0.111904
66.8		0.111904
66.9		0.111904
67		0.111904
67.1		0.111959
67.2		0.111959
67.3		0.111959
67.4		0.111959
67.5		0.111959
67.6		0.111959
67.7		0.111959
67.8		0.111959
67.9		0.111959
68		0.111959
68.1		0.114655
68.2		0.114655
68.3		0.114655
68.4		0.114655
68.5		0.114655
68.6		0.114655
68.7		0.114655
68.8		0.114655
68.9		0.114655
69		0.114655
69.1		0.114796
69.2		0.114796
69.3		0.114796
69.4		0.114796
69.5		0.114796
69.6		0.114796
69.7		0.114796
69.8		0.114796
69.9		0.114796
70		0.114796
70.1		0.118834
70.2		0.118834
70.3		0.118834
70.4		0.118834
70.5		0.118834
70.6		0.118834
70.7		0.118834
70.8		0.118834
70.9		0.118834
71		0.118834
71.1		0.121053
71.2		0.121053
71.3		0.121053
71.4		0.121053
71.5		0.121053
71.6		0.121053
71.7		0.121053
71.8		0.121053
71.9		0.121053
72		0.121053
72.1		0.123956
72.2		0.123956
72.3		0.123956
72.4		0.123956
72.5		0.123956
72.6		0.123956
72.7		0.123956
72.8		0.123956
72.9		0.123956
73		0.123956
73.1		0.126052
73.2		0.126052
73.3		0.126052
73.4		0.126052
73.5		0.126052
73.6		0.126052
73.7		0.126052
73.8		0.126052
73.9		0.126052
74		0.126052
74.1		0.129302
74.2		0.129302
74.3		0.129302
74.4		0.129302
74.5		0.129302
74.6		0.129302
74.7		0.129302
74.8		0.129302
74.9		0.129302
75		0.129302
75.1		0.129504
75.2		0.129504
75.3		0.129504
75.4		0.129504
75.5		0.129504
75.6		0.129504
75.7		0.129504
75.8		0.129504
75.9		0.129504
76		0.129504
76.1		0.132219
76.2		0.132219
76.3		0.132219
76.4		0.132219
76.5		0.132219
76.6		0.132219
76.7		0.132219
76.8		0.132219
76.9		0.132219
77		0.132219
77.1		0.134995
77.2		0.134995
77.3		0.134995
77.4		0.134995
77.5		0.134995
77.6		0.134995
77.7		0.134995
77.8		0.134995
77.9		0.134995
78		0.134995
78.1		0.13677
78.2		0.13677
78.3		0.13677
78.4		0.13677
78.5		0.13677
78.6		0.13677
78.7		0.13677
78.8		0.13677
78.9		0.13677
79		0.13677
79.1		0.1393
79.2		0.1393
79.3		0.1393
79.4		0.1393
79.5		0.1393
79.6		0.1393
79.7		0.1393
79.8		0.1393
79.9		0.1393
80		0.1393
80.1		0.141129
80.2		0.141129
80.3		0.141129
80.4		0.141129
80.5		0.141129
80.6		0.141129
80.7		0.141129
80.8		0.141129
80.9		0.141129
81		0.141129
81.1		0.143649
81.2		0.143649
81.3		0.143649
81.4		0.143649
81.5		0.143649
81.6		0.143649
81.7		0.143649
81.8		0.143649
81.9		0.143649
82		0.143649
82.1		0.144408
82.2		0.144408
82.3		0.144408
82.4		0.144408
82.5		0.144408
82.6		0.144408
82.7		0.144408
82.8		0.144408
82.9		0.144408
83		0.144408
83.1		0.147509
83.2		0.147509
83.3		0.147509
83.4		0.147509
83.5		0.147509
83.6		0.147509
83.7		0.147509
83.8		0.147509
83.9		0.147509
84		0.147509
84.1		0.150329
84.2		0.150329
84.3		0.150329
84.4		0.150329
84.5		0.150329
84.6		0.150329
84.7		0.150329
84.8		0.150329
84.9		0.150329
85		0.150329
85.1		0.150734
85.2		0.150734
85.3		0.150734
85.4		0.150734
85.5		0.150734
85.6		0.150734
85.7		0.150734
85.8		0.150734
85.9		0.150734
86		0.150734
86.1		0.152158
86.2		0.152158
86.3		0.152158
86.4		0.152158
86.5		0.152158
86.6		0.152158
86.7		0.152158
86.8		0.152158
86.9		0.152158
87		0.152158
87.1		0.154269
87.2		0.154269
87.3		0.154269
87.4		0.154269
87.5		0.154269
87.6		0.154269
87.7		0.154269
87.8		0.154269
87.9		0.154269
88		0.154269
88.1		0.157067
88.2		0.157067
88.3		0.157067
88.4		0.157067
88.5		0.157067
88.6		0.157067
88.7		0.157067
88.8		0.157067
88.9		0.157067
89		0.157067
89.1		0.160096
89.2		0.160096
89.3		0.160096
89.4		0.160096
89.5		0.160096
89.6		0.160096
89.7		0.160096
89.8		0.160096
89.9		0.160096
90		0.160096
90.1		0.162995
90.2		0.162995
90.3		0.162995
90.4		0.162995
90.5		0.162995
90.6		0.162995
90.7		0.162995
90.8		0.162995
90.9		0.162995
91		0.162995
91.1		0.163194
91.2		0.163194
91.3		0.163194
91.4		0.163194
91.5		0.163194
91.6		0.163194
91.7		0.163194
91.8		0.163194
91.9		0.163194
92		0.163194
92.1		0.16747
92.2		0.16747
92.3		0.16747
92.4		0.16747
92.5		0.16747
92.6		0.16747
92.7		0.16747
92.8		0.16747
92.9		0.16747
93		0.16747
93.1		0.168616
93.2		0.168616
93.3		0.168616
93.4		0.168616
93.5		0.168616
93.6		0.168616
93.7		0.168616
93.8		0.168616
93.9		0.168616
94		0.168616
94.1		0.168966
94.2		0.168966
94.3		0.168966
94.4		0.168966
94.5		0.168966
94.6		0.168966
94.7		0.168966
94.8		0.168966
94.9		0.168966
95		0.168966
95.1		0.169414
95.2		0.169414
95.3		0.169414
95.4		0.169414
95.5		0.169414
95.6		0.169414
95.7		0.169414
95.8		0.169414
95.9		0.169414
96		0.169414
96.1		0.175017
96.2		0.175017
96.3		0.175017
96.4		0.175017
96.5		0.175017
96.6		0.175017
96.7		0.175017
96.8		0.175017
96.9		0.175017
97		0.175017
97.1		0.177685
97.2		0.177685
97.3		0.177685
97.4		0.177685
97.5		0.177685
97.6		0.177685
97.7		0.177685
97.8		0.177685
97.9		0.177685
98		0.177685
98.1		0.179434
98.2		0.179434
98.3		0.179434
98.4		0.179434
98.5		0.179434
98.6		0.179434
98.7		0.179434
98.8		0.179434
98.9		0.179434
99		0.179434
99.1		0.179753
99.2		0.179753
99.3		0.179753
99.4		0.179753
99.5		0.179753
99.6		0.179753
99.7		0.179753
99.8		0.179753
99.9		0.179753
100		0.179753
100.1		0.183761
100.2		0.183761
100.3		0.183761
100.4		0.183761
100.5		0.183761
100.6		0.183761
100.7		0.183761
100.8		0.183761
100.9		0.183761
101		0.183761
101.1		0.185251
101.2		0.185251
101.3		0.185251
101.4		0.185251
101.5		0.185251
101.6		0.185251
101.7		0.185251
101.8		0.185251
101.9		0.185251
102		0.185251
102.1		0.187853
102.2		0.187853
102.3		0.187853
102.4		0.187853
102.5		0.187853
102.6		0.187853
102.7		0.187853
102.8		0.187853
102.9		0.187853
103		0.187853
103.1		0.188977
103.2		0.188977
103.3		0.188977
103.4		0.188977
103.5		0.188977
103.6		0.188977
103.7		0.188977
103.8		0.188977
103.9		0.188977
104		0.188977
104.1		0.192661
104.2		0.192661
104.3		0.192661
104.4		0.192661
104.5		0.192661
104.6		0.192661
104.7		0.192661
104.8		0.192661
104.9		0.192661
105		0.192661
105.1		0.192856
105.2		0.192856
105.3		0.192856
105.4		0.192856
105.5		0.192856
105.6		0.192856
105.7		0.192856
105.8		0.192856
105.9		0.192856
106		0.192856
106.1		0.194461
106.2		0.194461
106.3		0.194461
106.4		0.194461
106.5		0.194461
106.6		0.194461
106.7		0.194461
106.8		0.194461
106.9		0.194461
107		0.194461
107.1		0.196485
107.2		0.196485
107.3		0.196485
107.4		0.196485
107.5		0.196485
107.6		0.196485
107.7		0.196485
107.8		0.196485
107.9		0.196485
108		0.196485
108.1		0.198639
108.2		0.198639
108.3		0.198639
108.4		0.198639
108.5		0.198639
108.6		0.198639
108.7		0.198639
108.8		0.198639
108.9		0.198639
109		0.198639
109.1		0.202695
109.2		0.202695
109.3		0.202695
109.4		0.202695
109.5		0.202695
109.6		0.202695
109.7		0.202695
109.8		0.202695
109.9		0.202695
110		0.202695
110.1		0.205504
110.2		0.205504
110.3		0.205504
110.4		0.205504
110.5		0.205504
110.6		0.205504
110.7		0.205504
110.8		0.205504
110.9		0.205504
111		0.205504
111.1		0.206574
111.2		0.206574
111.3		0.206574
111.4		0.206574
111.5		0.206574
111.6		0.206574
111.7		0.206574
111.8		0.206574
111.9		0.206574
112		0.206574
112.1		0.206823
112.2		0.206823
112.3		0.206823
112.4		0.206823
112.5		0.206823
112.6		0.206823
112.7		0.206823
112.8		0.206823
112.9		0.206823
113		0.206823
113.1		0.207091
113.2		0.207091
113.3		0.207091
113.4		0.207091
113.5		0.207091
113.6		0.207091
113.7		0.207091
113.8		0.207091
113.9		0.207091
114		0.207091
114.1		0.212773
114.2		0.212773
114.3		0.212773
114.4		0.212773
114.5		0.212773
114.6		0.212773
114.7		0.212773
114.8		0.212773
114.9		0.212773
115		0.212773
115.1		0.215267
115.2		0.215267
115.3		0.215267
115.4		0.215267
115.5		0.215267
115.6		0.215267
115.7		0.215267
115.8		0.215267
115.9		0.215267
116		0.215267
116.1		0.216713
116.2		0.216713
116.3		0.216713
116.4		0.216713
116.5		0.216713
116.6		0.216713
116.7		0.216713
116.8		0.216713
116.9		0.216713
117		0.216713
117.1		0.217935
117.2		0.217935
117.3		0.217935
117.4		0.217935
117.5		0.217935
117.6		0.217935
117.7		0.217935
117.8		0.217935
117.9		0.217935
118		0.217935
118.1		0.221557
118.2		0.221557
118.3		0.221557
118.4		0.221557
118.5		0.221557
118.6		0.221557
118.7		0.221557
118.8		0.221557
118.9		0.221557
119		0.221557
119.1		0.223368
119.2		0.223368
119.3		0.223368
119.4		0.223368
119.5		0.223368
119.6		0.223368
119.7		0.223368
119.8		0.223368
119.9		0.223368
120		0.223368
120.1		0.22554
120.2		0.22554
120.3		0.22554
120.4		0.22554
120.5		0.22554
120.6		0.22554
120.7		0.22554
120.8		0.22554
120.9		0.22554
121		0.22554
121.1		0.226343
121.2		0.226343
121.3		0.226343
121.4		0.226343
121.5		0.226343
121.6		0.226343
121.7		0.226343
121.8		0.226343
121.9		0.226343
122		0.226343
122.1		0.231855
122.2		0.231855
122.3		0.231855
122.4		0.231855
122.5		0.231855
122.6		0.231855
122.7		0.231855
122.8		0.231855
122.9		0.231855
123		0.231855
123.1		0.232798
123.2		0.232798
123.3		0.232798
123.4		0.232798
123.5		0.232798
123.6		0.232798
123.7		0.232798
123.8		0.232798
123.9		0.232798
124		0.232798
124.1		0.233236
124.2		0.233236
124.3		0.233236
124.4		0.233236
124.5		0.233236
124.6		0.233236
124.7		0.233236
124.8		0.233236
124.9		0.233236
125		0.233236
125.1		0.233699
125.2		0.233699
125.3		0.233699
125.4		0.233699
125.5		0.233699
125.6		0.233699
125.7		0.233699
125.8		0.233699
125.9		0.233699
126		0.233699
126.1		0.239674
126.2		0.239674
126.3		0.239674
126.4		0.239674
126.5		0.239674
126.6		0.239674
126.7		0.239674
126.8		0.239674
126.9		0.239674
127		0.239674
127.1		0.240024
127.2		0.240024
127.3		0.240024
127.4		0.240024
127.5		0.240024
127.6		0.240024
127.7		0.240024
127.8		0.240024
127.9		0.240024
128		0.240024
128.1		0.241376
128.2		0.241376
128.3		0.241376
128.4		0.241376
128.5		0.241376
128.6		0.241376
128.7		0.241376
128.8		0.241376
128.9		0.241376
129		0.241376
129.1		0.243372
129.2		0.243372
129.3		0.243372
129.4		0.243372
129.5		0.243372
129.6		0.243372
129.7		0.243372
129.8		0.243372
129.9		0.243372
130		0.243372
130.1		0.246867
130.2		0.246867
130.3		0.246867
130.4		0.246867
130.5		0.246867
130.6		0.246867
130.7		0.246867
130.8		0.246867
130.9		0.246867
131		0.246867
131.1		0.24759
131.2		0.24759
131.3		0.24759
131.4		0.24759
131.5		0.24759
131.6		0.24759
131.7		0.24759
131.8		0.24759
131.9		0.24759
132		0.24759
132.1		0.250699
132.2		0.250699
132.3		0.250699
132.4		0.250699
132.5		0.250699
132.6		0.250699
132.7		0.250699
132.8		0.250699
132.9		0.250699
133		0.250699
133.1		0.251342
133.2		0.251342
133.3		0.251342
133.4		0.251342
133.5		0.251342
133.6		0.251342
133.7		0.251342
133.8		0.251342
133.9		0.251342
134		0.251342
134.1		0.257201
134.2		0.257201
134.3		0.257201
134.4		0.257201
134.5		0.257201
134.6		0.257201
134.7		0.257201
134.8		0.257201
134.9		0.257201
135		0.257201
135.1		0.257671
135.2		0.257671
135.3		0.257671
135.4		0.257671
135.5		0.257671
135.6		0.257671
135.7		0.257671
135.8		0.257671
135.9		0.257671
136		0.257671
136.1		0.258889
136.2		0.258889
136.3		0.258889
136.4		0.258889
136.5		0.258889
136.6		0.258889
136.7		0.258889
136.8		0.258889
136.9		0.258889
137		0.258889
137.1		0.259186
137.2		0.259186
137.3		0.259186
137.4		0.259186
137.5		0.259186
137.6		0.259186
137.7		0.259186
137.8		0.259186
137.9		0.259186
138		0.259186
138.1		0.26296
138.2		0.26296
138.3		0.26296
138.4		0.26296
138.5		0.26296
138.6		0.26296
138.7		0.26296
138.8		0.26296
138.9		0.26296
139		0.26296
139.1		0.26343
139.2		0.26343
139.3		0.26343
139.4		0.26343
139.5		0.26343
139.6		0.26343
139.7		0.26343
139.8		0.26343
139.9		0.26343
140		0.26343
140.1		0.266423
140.2		0.266423
140.3		0.266423
140.4		0.266423
140.5		0.266423
140.6		0.266423
140.7		0.266423
140.8		0.266423
140.9		0.266423
141		0.266423
141.1		0.271086
141.2		0.271086
141.3		0.271086
141.4		0.271086
141.5		0.271086
141.6		0.271086
141.7		0.271086
141.8		0.271086
141.9		0.271086
142		0.271086
142.1		0.271776
142.2		0.271776
142.3		0.271776
142.4		0.271776
142.5		0.271776
142.6		0.271776
142.7		0.271776
142.8		0.271776
142.9		0.271776
143		0.271776
143.1		0.273862
143.2		0.273862
143.3		0.273862
143.4		0.273862
143.5		0.273862
143.6		0.273862
143.7		0.273862
143.8		0.273862
143.9		0.273862
144		0.273862
144.1		0.275058
144.2		0.275058
144.3		0.275058
144.4		0.275058
144.5		0.275058
144.6		0.275058
144.7		0.275058
144.8		0.275058
144.9		0.275058
145		0.275058
145.1		0.275485
145.2		0.275485
145.3		0.275485
145.4		0.275485
145.5		0.275485
145.6		0.275485
145.7		0.275485
145.8		0.275485
145.9		0.275485
146		0.275485
146.1		0.281232
146.2		0.281232
146.3		0.281232
146.4		0.281232
146.5		0.281232
146.6		0.281232
146.7		0.281232
146.8		0.281232
146.9		0.281232
147		0.281232
147.1		0.282627
147.2		0.282627
147.3		0.282627
147.4		0.282627
147.5		0.282627
147.6		0.282627
147.7		0.282627
147.8		0.282627
147.9		0.282627
148		0.282627
148.1		0.28592
148.2		0.28592
148.3		0.28592
148.4		0.28592
148.5		0.28592
148.6		0.28592
148.7		0.28592
148.8		0.28592
148.9		0.28592
149		0.28592
149.1		0.28647
149.2		0.28647
149.3		0.28647
149.4		0.28647
149.5		0.28647
149.6		0.28647
149.7		0.28647
149.8		0.28647
149.9		0.28647
150		0.28647
150.1		0.289466
150.2		0.289466
150.3		0.289466
150.4		0.289466
150.5		0.289466
150.6		0.289466
150.7		0.289466
150.8		0.289466
150.9		0.289466
151		0.289466
151.1		0.291726
151.2		0.291726
151.3		0.291726
151.4		0.291726
151.5		0.291726
151.6		0.291726
151.7		0.291726
151.8		0.291726
151.9		0.291726
152		0.291726
152.1		0.294643
152.2		0.294643
152.3		0.294643
152.4		0.294643
152.5		0.294643
152.6		0.294643
152.7		0.294643
152.8		0.294643
152.9		0.294643
153		0.294643
153.1		0.294841
153.2		0.294841
153.3		0.294841
153.4		0.294841
153.5		0.294841
153.6		0.294841
153.7		0.294841
153.8		0.294841
153.9		0.294841
154		0.294841
154.1		0.29684
154.2		0.29684
154.3		0.29684
154.4		0.29684
154.5		0.29684
154.6		0.29684
154.7		0.29684
154.8		0.29684
154.9		0.29684
155		0.29684
155.1		0.298514
155.2		0.298514
155.3		0.298514
155.4		0.298514
155.5		0.298514
155.6		0.298514
155.7		0.298514
155.8		0.298514
155.9		0.298514
156		0.298514
156.1		0.30219
156.2		0.30219
156.3		0.30219
156.4		0.30219
156.5		0.30219
156.6		0.30219
156.7		0.30219
156.8		0.30219
156.9		0.30219
157		0.30219
157.1		0.304941
157.2		0.304941
157.3		0.304941
157.4		0.304941
157.5		0.304941
157.6		0.304941
157.7		0.304941
157.8		0.304941
157.9		0.304941
158		0.304941
158.1		0.305241
158.2		0.305241
158.3		0.305241
158.4		0.305241
158.5		0.305241
158.6		0.305241
158.7		0.305241
158.8		0.305241
158.9		0.305241
159		0.305241
159.1		0.305339
159.2		0.305339
159.3		0.305339
159.4		0.305339
159.5		0.305339
159.6		0.305339
159.7		0.305339
159.8		0.305339
159.9		0.305339
160		0.305339
160.1		0.311202
160.2		0.311202
160.3		0.311202
160.4		0.311202
160.5		0.311202
160.6		0.311202
160.7		0.311202
160.8		0.311202
160.9		0.311202
161		0.311202
161.1		0.312669
161.2		0.312669
161.3		0.312669
161.4		0.312669
161.5		0.312669
161.6		0.312669
161.7		0.312669
161.8		0.312669
161.9		0.312669
162		0.312669
162.1		0.312937
162.2		0.312937
162.3		0.312937
162.4		0.312937
162.5		0.312937
162.6		0.312937
162.7		0.312937
162.8		0.312937
162.9		0.312937
163		0.312937
163.1		0.31478
163.2		0.31478
163.3		0.31478
163.4		0.31478
163.5		0.31478
163.6		0.31478
163.7		0.31478
163.8		0.31478
163.9		0.31478
164		0.31478
164.1		0.320166
164.2		0.320166
164.3		0.320166
164.4		0.320166
164.5		0.320166
164.6		0.320166
164.7		0.320166
164.8		0.320166
164.9		0.320166
165		0.320166
165.1		0.321218
165.2		0.321218
165.3		0.321218
165.4		0.321218
165.5		0.321218
165.6		0.321218
165.7		0.321218
165.8		0.321218
165.9		0.321218
166		0.321218
166.1		0.322378
166.2		0.322378
166.3		0.322378
166.4		0.322378
166.5		0.322378
166.6		0.322378
166.7		0.322378
166.8		0.322378
166.9		0.322378
167		0.322378
167.1		0.322707
167.2		0.322707
167.3		0.322707
167.4		0.322707
167.5		0.322707
167.6		0.322707
167.7		0.322707
167.8		0.322707
167.9		0.322707
168		0.322707
168.1		0.327584
168.2		0.327584
168.3		0.327584
168.4		0.327584
168.5		0.327584
168.6		0.327584
168.7		0.327584
168.8		0.327584
168.9		0.327584
169		0.327584
169.1		0.329008
169.2		0.329008
169.3		0.329008
169.4		0.329008
169.5		0.329008
169.6		0.329008
169.7		0.329008
169.8		0.329008
169.9		0.329008
170		0.329008
170.1		0.329474
170.2		0.329474
170.3		0.329474
170.4		0.329474
170.5		0.329474
170.6		0.329474
170.7		0.329474
170.8		0.329474
170.9		0.329474
171		0.329474
171.1		0.330786
171.2		0.330786
171.3		0.330786
171.4		0.330786
171.5		0.330786
171.6		0.330786
171.7		0.330786
171.8		0.330786
171.9		0.330786
172		0.330786
172.1		0.33747
172.2		0.33747
172.3		0.33747
172.4		0.33747
172.5		0.33747
172.6		0.33747
172.7		0.33747
172.8		0.33747
172.9		0.33747
173		0.33747
173.1		0.337694
173.2		0.337694
173.3		0.337694
173.4		0.337694
173.5		0.337694
173.6		0.337694
173.7		0.337694
173.8		0.337694
173.9		0.337694
174		0.337694
174.1		0.338757
174.2		0.338757
174.3		0.338757
174.4		0.338757
174.5		0.338757
174.6		0.338757
174.7		0.338757
174.8		0.338757
174.9		0.338757
175		0.338757
175.1		0.341435
175.2		0.341435
175.3		0.341435
175.4		0.341435
175.5		0.341435
175.6		0.341435
175.7		0.341435
175.8		0.341435
175.9		0.341435
176		0.341435
176.1		0.342198
176.2		0.342198
176.3		0.342198
176.4		0.342198
176.5		0.342198
176.6		0.342198
176.7		0.342198
176.8		0.342198
176.9		0.342198
177		0.342198
177.1		0.347584
177.2		0.347584
177.3		0.347584
177.4		0.347584
177.5		0.347584
177.6		0.347584
177.7		0.347584
177.8		0.347584
177.9		0.347584
178		0.347584
178.1		0.349171
178.2		0.349171
178.3		0.349171
178.4		0.349171
178.5		0.349171
178.6		0.349171
178.7		0.349171
178.8		0.349171
178.9		0.349171
179		0.349171
179.1		0.34951
179.2		0.34951
179.3		0.34951
179.4		0.34951
179.5		0.34951
179.6		0.34951
179.7		0.34951
179.8		0.34951
179.9		0.34951
180		0.34951
180.1		0.350056
180.2		0.350056
180.3		0.350056
180.4		0.350056
180.5		0.350056
180.6		0.350056
180.7		0.350056
180.8		0.350056
180.9		0.350056
181		0.350056
181.1		0.351618
181.2		0.351618
181.3		0.351618
181.4		0.351618
181.5		0.351618
181.6		0.351618
181.7		0.351618
181.8		0.351618
181.9		0.351618
182		0.351618
182.1		0.355948
182.2		0.355948
182.3		0.355948
182.4		0.355948
182.5		0.355948
182.6		0.355948
182.7		0.355948
182.8		0.355948
182.9		0.355948
183		0.355948
183.1		0.358919
183.2		0.358919
183.3		0.358919
183.4		0.358919
183.5		0.358919
183.6		0.358919
183.7		0.358919
183.8		0.358919
183.9		0.358919
184		0.358919
184.1		0.359429
184.2		0.359429
184.3		0.359429
184.4		0.359429
184.5		0.359429
184.6		0.359429
184.7		0.359429
184.8		0.359429
184.9		0.359429
185		0.359429
185.1		0.360261
185.2		0.360261
185.3		0.360261
185.4		0.360261
185.5		0.360261
185.6		0.360261
185.7		0.360261
185.8		0.360261
185.9		0.360261
186		0.360261
186.1		0.366048
186.2		0.366048
186.3		0.366048
186.4		0.366048
186.5		0.366048
186.6		0.366048
186.7		0.366048
186.8		0.366048
186.9		0.366048
187		0.366048
187.1		0.366456
187.2		0.366456
187.3		0.366456
187.4		0.366456
187.5		0.366456
187.6		0.366456
187.7		0.366456
187.8		0.366456
187.9		0.366456
188		0.366456
188.1		0.368697
188.2		0.368697
188.3		0.368697
188.4		0.368697
188.5		0.368697
188.6		0.368697
188.7		0.368697
188.8		0.368697
188.9		0.368697
189		0.368697
189.1		0.369167
189.2		0.369167
189.3		0.369167
189.4		0.369167
189.5		0.369167
189.6		0.369167
189.7		0.369167
189.8		0.369167
189.9		0.369167
190		0.369167
190.1		0.372771
190.2		0.372771
190.3		0.372771
190.4		0.372771
190.5		0.372771
190.6		0.372771
190.7		0.372771
190.8		0.372771
190.9		0.372771
191		0.372771
191.1		0.373458
191.2		0.373458
191.3		0.373458
191.4		0.373458
191.5		0.373458
191.6		0.373458
191.7		0.373458
191.8		0.373458
191.9		0.373458
192		0.373458
192.1		0.375562
192.2		0.375562
192.3		0.375562
192.4		0.375562
192.5		0.375562
192.6		0.375562
192.7		0.375562
192.8		0.375562
192.9		0.375562
193		0.375562
193.1		0.376982
193.2		0.376982
193.3		0.376982
193.4		0.376982
193.5		0.376982
193.6		0.376982
193.7		0.376982
193.8		0.376982
193.9		0.376982
194		0.376982
194.1		0.381417
194.2		0.381417
194.3		0.381417
194.4		0.381417
194.5		0.381417
194.6		0.381417
194.7		0.381417
194.8		0.381417
194.9		0.381417
195		0.381417
195.1		0.383044
195.2		0.383044
195.3		0.383044
195.4		0.383044
195.5		0.383044
195.6		0.383044
195.7		0.383044
195.8		0.383044
195.9		0.383044
196		0.383044
196.1		0.383713
196.2		0.383713
196.3		0.383713
196.4		0.383713
196.5		0.383713
196.6		0.383713
196.7		0.383713
196.8		0.383713
196.9		0.383713
197		0.383713
197.1		0.384985
197.2		0.384985
197.3		0.384985
197.4		0.384985
197.5		0.384985
197.6		0.384985
197.7		0.384985
197.8		0.384985
197.9		0.384985
198		0.384985
198.1		0.391025
198.2		0.391025
198.3		0.391025
198.4		0.391025
198.5		0.391025
198.6		0.391025
198.7		0.391025
198.8		0.391025
198.9		0.391025
199		0.391025
199.1		0.39233
199.2		0.39233
199.3		0.39233
199.4		0.39233
199.5		0.39233
199.6		0.39233
199.7		0.39233
199.8		0.39233
199.9		0.39233
200		0.39233
200.1		0.395439
200.2		0.395439
200.3		0.395439
200.4		0.395439
200.5		0.395439
200.6		0.395439
200.7		0.395439
200.8		0.395439
200.9		0.395439
201		0.395439
201.1		0.396708
201.2		0.396708
201.3		0.396708
201.4		0.396708
201.5		0.396708
201.6		0.396708
201.7		0.396708
201.8		0.396708
201.9		0.396708
202		0.396708
202.1		0.398121
202.2		0.398121
202.3		0.398121
202.4		0.398121
202.5		0.398121
202.6		0.398121
202.7		0.398121
202.8		0.398121
202.9		0.398121
203		0.398121
203.1		0.401479
203.2		0.401479
203.3		0.401479
203.4		0.401479
203.5		0.401479
203.6		0.401479
203.7		0.401479
203.8		0.401479
203.9		0.401479
204		0.401479
204.1		0.401692
204.2		0.401692
204.3		0.401692
204.4		0.401692
204.5		0.401692
204.6		0.401692
204.7		0.401692
204.8		0.401692
204.9		0.401692
205		0.401692
205.1		0.406851
205.2		0.406851
205.3		0.406851
205.4		0.406851
205.5		0.406851
205.6		0.406851
205.7		0.406851
205.8		0.406851
205.9		0.406851
206		0.406851
206.1		0.408448
206.2		0.408448
206.3		0.408448
206.4		0.408448
206.5		0.408448
206.6		0.408448
206.7		0.408448
206.8		0.408448
206.9		0.408448
207		0.408448
207.1		0.409413
207.2		0.409413
207.3		0.409413
207.4		0.409413
207.5		0.409413
207.6		0.409413
207.7		0.409413
207.8		0.409413
207.9		0.409413
208		0.409413
208.1		0.411011
208.2		0.411011
208.3		0.411011
208.4		0.411011
208.5		0.411011
208.6		0.411011
208.7		0.411011
208.8		0.411011
208.9		0.411011
209		0.411011
209.1		0.413961
209.2		0.413961
209.3		0.413961
209.4		0.413961
209.5		0.413961
209.6		0.413961
209.7		0.413961
209.8		0.413961
209.9		0.413961
210		0.413961
210.1		0.416502
210.2		0.416502
210.3		0.416502
210.4		0.416502
210.5		0.416502
210.6		0.416502
210.7		0.416502
210.8		0.416502
210.9		0.416502
211		0.416502
211.1		0.420572
211.2		0.420572
211.3		0.420572
211.4		0.420572
211.5		0.420572
211.6		0.420572
211.7		0.420572
211.8		0.420572
211.9		0.420572
212		0.420572
212.1		0.42204
212.2		0.42204
212.3		0.42204
212.4		0.42204
212.5		0.42204
212.6		0.42204
212.7		0.42204
212.8		0.42204
212.9		0.42204
213		0.42204
213.1		0.423814
213.2		0.423814
213.3		0.423814
213.4		0.423814
213.5		0.423814
213.6		0.423814
213.7		0.423814
213.8		0.423814
213.9		0.423814
214		0.423814
214.1		0.425597
214.2		0.425597
214.3		0.425597
214.4		0.425597
214.5		0.425597
214.6		0.425597
214.7		0.425597
214.8		0.425597
214.9		0.425597
215		0.425597
215.1		0.426717
215.2		0.426717
215.3		0.426717
215.4		0.426717
215.5		0.426717
215.6		0.426717
215.7		0.426717
215.8		0.426717
215.9		0.426717
216		0.426717
216.1		0.428
216.2		0.428
216.3		0.428
216.4		0.428
216.5		0.428
216.6		0.428
216.7		0.428
216.8		0.428
216.9		0.428
217		0.428
217.1		0.433083
217.2		0.433083
217.3		0.433083
217.4		0.433083
217.5		0.433083
217.6		0.433083
217.7		0.433083
217.8		0.433083
217.9		0.433083
218		0.433083
218.1		0.433979
218.2		0.433979
218.3		0.433979
218.4		0.433979
218.5		0.433979
218.6		0.433979
218.7		0.433979
218.8		0.433979
218.9		0.433979
219		0.433979
219.1		0.435407
219.2		0.435407
219.3		0.435407
219.4		0.435407
219.5		0.435407
219.6		0.435407
219.7		0.435407
219.8		0.435407
219.9		0.435407
220		0.435407
220.1		0.436227
220.2		0.436227
220.3		0.436227
220.4		0.436227
220.5		0.436227
220.6		0.436227
220.7		0.436227
220.8		0.436227
220.9		0.436227
221		0.436227
221.1		0.438812
221.2		0.438812
221.3		0.438812
221.4		0.438812
221.5		0.438812
221.6		0.438812
221.7		0.438812
221.8		0.438812
221.9		0.438812
222		0.438812
222.1		0.441042
222.2		0.441042
222.3		0.441042
222.4		0.441042
222.5		0.441042
222.6		0.441042
222.7		0.441042
222.8		0.441042
222.9		0.441042
223		0.441042
223.1		0.444599
223.2		0.444599
223.3		0.444599
223.4		0.444599
223.5		0.444599
223.6		0.444599
223.7		0.444599
223.8		0.444599
223.9		0.444599
224		0.444599
224.1		0.445224
224.2		0.445224
224.3		0.445224
224.4		0.445224
224.5		0.445224
224.6		0.445224
224.7		0.445224
224.8		0.445224
224.9		0.445224
225		0.445224
225.1		0.445882
225.2		0.445882
225.3		0.445882
225.4		0.445882
225.5		0.445882
225.6		0.445882
225.7		0.445882
225.8		0.445882
225.9		0.445882
226		0.445882
226.1		0.446135
226.2		0.446135
226.3		0.446135
226.4		0.446135
226.5		0.446135
226.6		0.446135
226.7		0.446135
226.8		0.446135
226.9		0.446135
227		0.446135
227.1		0.450704
227.2		0.450704
227.3		0.450704
227.4		0.450704
227.5		0.450704
227.6		0.450704
227.7		0.450704
227.8		0.450704
227.9		0.450704
228		0.450704
228.1		0.453383
228.2		0.453383
228.3		0.453383
228.4		0.453383
228.5		0.453383
228.6		0.453383
228.7		0.453383
228.8		0.453383
228.9		0.453383
229		0.453383
229.1		0.455599
229.2		0.455599
229.3		0.455599
229.4		0.455599
229.5		0.455599
229.6		0.455599
229.7		0.455599
229.8		0.455599
229.9		0.455599
230		0.455599
230.1		0.456763
230.2		0.456763
230.3		0.456763
230.4		0.456763
230.5		0.456763
230.6		0.456763
230.7		0.456763
230.8		0.456763
230.9		0.456763
231		0.456763
231.1		0.457417
231.2		0.457417
231.3		0.457417
231.4		0.457417
231.5		0.457417
231.6		0.457417
231.7		0.457417
231.8		0.457417
231.9		0.457417
232		0.457417
232.1		0.460106
232.2		0.460106
232.3		0.460106
232.4		0.460106
232.5		0.460106
232.6		0.460106
232.7		0.460106
232.8		0.460106
232.9		0.460106
233		0.460106
233.1		0.462864
233.2		0.462864
233.3		0.462864
233.4		0.462864
233.5		0.462864
233.6		0.462864
233.7		0.462864
233.8		0.462864
233.9		0.462864
234		0.462864
234.1		0.464632
234.2		0.464632
234.3		0.464632
234.4		0.464632
234.5		0.464632
234.6		0.464632
234.7		0.464632
234.8		0.464632
234.9		0.464632
235		0.464632
235.1		0.464849
235.2		0.464849
235.3		0.464849
235.4		0.464849
235.5		0.464849
235.6		0.464849
235.7		0.464849
235.8		0.464849
235.9		0.464849
236		0.464849
236.1		0.471196
236.2		0.471196
236.3		0.471196
236.4		0.471196
236.5		0.471196
236.6		0.471196
236.7		0.471196
236.8		0.471196
236.9		0.471196
237		0.471196
237.1		0.472808
237.2		0.472808
237.3		0.472808
237.4		0.472808
237.5		0.472808
237.6		0.472808
237.7		0.472808
237.8		0.472808
237.9		0.472808
238		0.472808
238.1		0.472971
238.2		0.472971
238.3		0.472971
238.4		0.472971
238.5		0.472971
238.6		0.472971
238.7		0.472971
238.8		0.472971
238.9		0.472971
239		0.472971
239.1		0.473314
239.2		0.473314
239.3		0.473314
239.4		0.473314
239.5		0.473314
239.6		0.473314
239.7		0.473314
239.8		0.473314
239.9		0.473314
240		0.473314
240.1		0.478183
240.2		0.478183
240.3		0.478183
240.4		0.478183
240.5		0.478183
240.6		0.478183
240.7		0.478183
240.8		0.478183
240.9		0.478183
241		0.478183
241.1		0.480479
241.2		0.480479
241.3		0.480479
241.4		0.480479
241.5		0.480479
241.6		0.480479
241.7		0.480479
241.8		0.480479
241.9		0.480479
242		0.480479
242.1		0.481545
242.2		0.481545
242.3		0.481545
242.4		0.481545
242.5		0.481545
242.6		0.481545
242.7		0.481545
242.8		0.481545
242.9		0.481545
243		0.481545
243.1		0.482188
243.2		0.482188
243.3		0.482188
243.4		0.482188
243.5		0.482188
243.6		0.482188
243.7		0.482188
243.8		0.482188
243.9		0.482188
244		0.482188
244.1		0.487741
244.2		0.487741
244.3		0.487741
244.4		0.487741
244.5		0.487741
244.6		0.487741
244.7		0.487741
244.8		0.487741
244.9		0.487741
245		0.487741
245.1		0.488637
245.2		0.488637
245.3		0.488637
245.4		0.488637
245.5		0.488637
245.6		0.488637
245.7		0.488637
245.8		0.488637
245.9		0.488637
246		0.488637
246.1		0.489714
246.2		0.489714
246.3		0.489714
246.4		0.489714
246.5		0.489714
246.6		0.489714
246.7		0.489714
246.8		0.489714
246.9		0.489714
247		0.489714
247.1		0.490936
247.2		0.490936
247.3		0.490936
247.4		0.490936
247.5		0.490936
247.6		0.490936
247.7		0.490936
247.8		0.490936
247.9		0.490936
248		0.490936
248.1		0.49741
248.2		0.49741
248.3		0.49741
248.4		0.49741
248.5		0.49741
248.6		0.49741
248.7		0.49741
248.8		0.49741
248.9		0.49741
249		0.49741
249.1		0.498805
249.2		0.498805
249.3		0.498805
249.4		0.498805
249.5		0.498805
249.6		0.498805
249.7		0.498805
249.8		0.498805
249.9		0.498805
250		0.498805
250.1		0.499467
250.2		0.499467
250.3		0.499467
250.4		0.499467
250.5		0.499467
250.6		0.499467
250.7		0.499467
250.8		0.499467
250.9		0.499467
251		0.499467
251.1		0.501994
251.2		0.501994
251.3		0.501994
251.4		0.501994
251.5		0.501994
251.6		0.501994
251.7		0.501994
251.8		0.501994
251.9		0.501994
252		0.501994
252.1		0.505583
252.2		0.505583
252.3		0.505583
252.4		0.505583
252.5		0.505583
252.6		0.505583
252.7		0.505583
252.8		0.505583
252.9		0.505583
253		0.505583
253.1		0.507166
253.2		0.507166
253.3		0.507166
253.4		0.507166
253.5		0.507166
253.6		0.507166
253.7		0.507166
253.8		0.507166
253.9		0.507166
254		0.507166
254.1		0.509595
254.2		0.509595
254.3		0.509595
254.4		0.509595
254.5		0.509595
254.6		0.509595
254.7		0.509595
254.8		0.509595
254.9		0.509595
255		0.509595
255.1		0.511891
255.2		0.511891
255.3		0.511891
255.4		0.511891
255.5		0.511891
255.6		0.511891
255.7		0.511891
255.8		0.511891
255.9		0.511891
256		0.511891
256.1		0.512089
256.2		0.512089
256.3		0.512089
256.4		0.512089
256.5		0.512089
256.6		0.512089
256.7		0.512089
256.8		0.512089
256.9		0.512089
257		0.512089
257.1		0.516767
257.2		0.516767
257.3		0.516767
257.4		0.516767
257.5		0.516767
257.6		0.516767
257.7		0.516767
257.8		0.516767
257.9		0.516767
258		0.516767
258.1		0.517121
258.2		0.517121
258.3		0.517121
258.4		0.517121
258.5		0.517121
258.6		0.517121
258.7		0.517121
258.8		0.517121
258.9		0.517121
259		0.517121
259.1		0.519044
259.2		0.519044
259.3		0.519044
259.4		0.519044
259.5		0.519044
259.6		0.519044
259.7		0.519044
259.8		0.519044
259.9		0.519044
260		0.519044
260.1		0.520501
260.2		0.520501
260.3		0.520501
260.4		0.520501
260.5		0.520501
260.6		0.520501
260.7		0.520501
260.8		0.520501
260.9		0.520501
261		0.520501
261.1		0.522012
261.2		0.522012
261.3		0.522012
261.4		0.522012
261.5		0.522012
261.6		0.522012
261.7		0.522012
261.8		0.522012
261.9		0.522012
262		0.522012
262.1		0.527813
262.2		0.527813
262.3		0.527813
262.4		0.527813
262.5		0.527813
262.6		0.527813
262.7		0.527813
262.8		0.527813
262.9		0.527813
263		0.527813
263.1		0.528446
263.2		0.528446
263.3		0.528446
263.4		0.528446
263.5		0.528446
263.6		0.528446
263.7		0.528446
263.8		0.528446
263.9		0.528446
264		0.528446
264.1		0.529404
264.2		0.529404
264.3		0.529404
264.4		0.529404
264.5		0.529404
264.6		0.529404
264.7		0.529404
264.8		0.529404
264.9		0.529404
265		0.529404
265.1		0.53098
265.2		0.53098
265.3		0.53098
265.4		0.53098
265.5		0.53098
265.6		0.53098
265.7		0.53098
265.8		0.53098
265.9		0.53098
266		0.53098
266.1		0.535502
266.2		0.535502
266.3		0.535502
266.4		0.535502
266.5		0.535502
266.6		0.535502
266.7		0.535502
266.8		0.535502
266.9		0.535502
267		0.535502
267.1		0.536377
267.2		0.536377
267.3		0.536377
267.4		0.536377
267.5		0.536377
267.6		0.536377
267.7		0.536377
267.8		0.536377
267.9		0.536377
268		0.536377
268.1		0.539767
268.2		0.539767
268.3		0.539767
268.4		0.539767
268.5		0.539767
268.6		0.539767
268.7		0.539767
268.8		0.539767
268.9		0.539767
269		0.539767
269.1		0.540732
269.2		0.540732
269.3		0.540732
269.4		0.540732
269.5		0.540732
269.6		0.540732
269.7		0.540732
269.8		0.540732
269.9		0.540732
270		0.540732
270.1		0.542641
270.2		0.542641
270.3		0.542641
270.4		0.542641
270.5		0.542641
270.6		0.542641
270.7		0.542641
270.8		0.542641
270.9		0.542641
271		0.542641
271.1		0.546183
271.2		0.546183
271.3		0.546183
271.4		0.546183
271.5		0.546183
271.6		0.546183
271.7		0.546183
271.8		0.546183
271.9		0.546183
272		0.546183
272.1		0.54635
272.2		0.54635
272.3		0.54635
272.4		0.54635
272.5		0.54635
272.6		0.54635
272.7		0.54635
272.8		0.54635
272.9		0.54635
273		0.54635
273.1		0.546614
273.2		0.546614
273.3		0.546614
273.4		0.546614
273.5		0.546614
273.6		0.546614
273.7		0.546614
273.8		0.546614
273.9		0.546614
274		0.546614
274.1		0.552487
274.2		0.552487
274.3		0.552487
274.4		0.552487
274.5		0.552487
274.6		0.552487
274.7		0.552487
274.8		0.552487
274.9		0.552487
275		0.552487
275.1		0.552657
275.2		0.552657
275.3		0.552657
275.4		0.552657
275.5		0.552657
275.6		0.552657
275.7		0.552657
275.8		0.552657
275.9		0.552657
276		0.552657
276.1		0.552798
276.2		0.552798
276.3		0.552798
276.4		0.552798
276.5		0.552798
276.6		0.552798
276.7		0.552798
276.8		0.552798
276.9		0.552798
277		0.552798
277.1		0.554562
277.2		0.554562
277.3		0.554562
277.4		0.554562
277.5		0.554562
277.6		0.554562
277.7		0.554562
277.8		0.554562
277.9		0.554562
278		0.554562
278.1		0.558488
278.2		0.558488
278.3		0.558488
278.4		0.558488
278.5		0.558488
278.6		0.558488
278.7		0.558488
278.8		0.558488
278.9		0.558488
279		0.558488
279.1		0.562348
279.2		0.562348
279.3		0.562348
279.4		0.562348
279.5		0.562348
279.6		0.562348
279.7		0.562348
279.8		0.562348
279.9		0.562348
280		0.562348
280.1		0.563097
280.2		0.563097
280.3		0.563097
280.4		0.563097
280.5		0.563097
280.6		0.563097
280.7		0.563097
280.8		0.563097
280.9		0.563097
281		0.563097
281.1		0.563816
281.2		0.563816
281.3		0.563816
281.4		0.563816
281.5		0.563816
281.6		0.563816
281.7		0.563816
281.8		0.563816
281.9		0.563816
282		0.563816
282.1		0.566285
282.2		0.566285
282.3		0.566285
282.4		0.566285
282.5		0.566285
282.6		0.566285
282.7		0.566285
282.8		0.566285
282.9		0.566285
283		0.566285
283.1		0.56854
283.2		0.56854
283.3		0.56854
283.4		0.56854
283.5		0.56854
283.6		0.56854
283.7		0.56854
283.8		0.56854
283.9		0.56854
284		0.56854
284.1		0.57153
284.2		0.57153
284.3		0.57153
284.4		0.57153
284.5		0.57153
284.6		0.57153
284.7		0.57153
284.8		0.57153
284.9		0.57153
285		0.57153
285.1		0.573308
285.2		0.573308
285.3		0.573308
285.4		0.573308
285.5		0.573308
285.6		0.573308
285.7		0.573308
285.8		0.573308
285.9		0.573308
286		0.573308
286.1		0.57688
286.2		0.57688
286.3		0.57688
286.4		0.57688
286.5		0.57688
286.6		0.57688
286.7		0.57688
286.8		0.57688
286.9		0.57688
287		0.57688
287.1		0.58018
287.2		0.58018
287.3		0.58018
287.4		0.58018
287.5		0.58018
287.6		0.58018
287.7		0.58018
287.8		0.58018
287.9		0.58018
288		0.58018
288.1		0.582074
288.2		0.582074
288.3		0.582074
288.4		0.582074
288.5		0.582074
288.6		0.582074
288.7		0.582074
288.8		0.582074
288.9		0.582074
289		0.582074
289.1		0.583296
289.2		0.583296
289.3		0.583296
289.4		0.583296
289.5		0.583296
289.6		0.583296
289.7		0.583296
289.8		0.583296
289.9		0.583296
290		0.583296
290.1		0.586509
290.2		0.586509
290.3		0.586509
290.4		0.586509
290.5		0.586509
290.6		0.586509
290.7		0.586509
290.8		0.586509
290.9		0.586509
291		0.586509
291.1		0.590171
291.2		0.590171
291.3		0.590171
291.4		0.590171
291.5		0.590171
291.6		0.590171
291.7		0.590171
291.8		0.590171
291.9		0.590171
292		0.590171
292.1		0.591241
292.2		0.591241
292.3		0.591241
292.4		0.591241
292.5		0.591241
292.6		0.591241
292.7		0.591241
292.8		0.591241
292.9		0.591241
293		0.591241
293.1		0.595734
293.2		0.595734
293.3		0.595734
293.4		0.595734
293.5		0.595734
293.6		0.595734
293.7		0.595734
293.8		0.595734
293.9		0.595734
294		0.595734
294.1		0.595759
294.2		0.595759
294.3		0.595759
294.4		0.595759
294.5		0.595759
294.6		0.595759
294.7		0.595759
294.8		0.595759
294.9		0.595759
295		0.595759
295.1		0.596804
295.2		0.596804
295.3		0.596804
295.4		0.596804
295.5		0.596804
295.6		0.596804
295.7		0.596804
295.8		0.596804
295.9		0.596804
296		0.596804
296.1		0.596804
296.2		0.596804
296.3		0.596804
296.4		0.596804
296.5		0.596804
296.6		0.596804
296.7		0.596804
296.8		0.596804
296.9		0.596804
297		0.596804
297.1		0.59996
297.2		0.59996
297.3		0.59996
297.4		0.59996
297.5		0.59996
297.6		0.59996
297.7		0.59996
297.8		0.59996
297.9		0.59996
298		0.59996
298.1		0.60026
298.2		0.60026
298.3		0.60026
298.4		0.60026
298.5		0.60026
298.6		0.60026
298.7		0.60026
298.8		0.60026
298.9		0.60026
299		0.60026
299.1		0.602602
299.2		0.602602
299.3		0.602602
299.4		0.602602
299.5		0.602602
299.6		0.602602
299.7		0.602602
299.8		0.602602
299.9		0.602602
300		0.602602
300.1		0.607153
300.2		0.607153
300.3		0.607153
300.4		0.607153
300.5		0.607153
300.6		0.607153
300.7		0.607153
300.8		0.607153
300.9		0.607153
301		0.607153
301.1		0.608172
301.2		0.608172
301.3		0.608172
301.4		0.608172
301.5		0.608172
301.6		0.608172
301.7		0.608172
301.8		0.608172
301.9		0.608172
302		0.608172
302.1		0.610963
302.2		0.610963
302.3		0.610963
302.4		0.610963
302.5		0.610963
302.6		0.610963
302.7		0.610963
302.8		0.610963
302.9		0.610963
303		0.610963
303.1		0.611302
303.2		0.611302
303.3		0.611302
303.4		0.611302
303.5		0.611302
303.6		0.611302
303.7		0.611302
303.8		0.611302
303.9		0.611302
304		0.611302
304.1		0.612351
304.2		0.612351
304.3		0.612351
304.4		0.612351
304.5		0.612351
304.6		0.612351
304.7		0.612351
304.8		0.612351
304.9		0.612351
305		0.612351
305.1		0.613674
305.2		0.613674
305.3		0.613674
305.4		0.613674
305.5		0.613674
305.6		0.613674
305.7		0.613674
305.8		0.613674
305.9		0.613674
306		0.613674
306.1		0.617505
306.2		0.617505
306.3		0.617505
306.4		0.617505
306.5		0.617505
306.6		0.617505
306.7		0.617505
306.8		0.617505
306.9		0.617505
307		0.617505
307.1		0.619855
307.2		0.619855
307.3		0.619855
307.4		0.619855
307.5		0.619855
307.6		0.619855
307.7		0.619855
307.8		0.619855
307.9		0.619855
308		0.619855
308.1		0.622356
308.2		0.622356
308.3		0.622356
308.4		0.622356
308.5		0.622356
308.6		0.622356
308.7		0.622356
308.8		0.622356
308.9		0.622356
309		0.622356
309.1		0.622837
309.2		0.622837
309.3		0.622837
309.4		0.622837
309.5		0.622837
309.6		0.622837
309.7		0.622837
309.8		0.622837
309.9		0.622837
310		0.622837
310.1		0.625028
310.2		0.625028
310.3		0.625028
310.4		0.625028
310.5		0.625028
310.6		0.625028
310.7		0.625028
310.8		0.625028
310.9		0.625028
311		0.625028
311.1		0.626502
311.2		0.626502
311.3		0.626502
311.4		0.626502
311.5		0.626502
311.6		0.626502
311.7		0.626502
311.8		0.626502
311.9		0.626502
312		0.626502
312.1		0.627601
312.2		0.627601
312.3		0.627601
312.4		0.627601
312.5		0.627601
312.6		0.627601
312.7		0.627601
312.8		0.627601
312.9		0.627601
313		0.627601
313.1		0.629235
313.2		0.629235
313.3		0.629235
313.4		0.629235
313.5		0.629235
313.6		0.629235
313.7		0.629235
313.8		0.629235
313.9		0.629235
314		0.629235
314.1		0.635113
314.2		0.635113
314.3		0.635113
314.4		0.635113
314.5		0.635113
314.6		0.635113
314.7		0.635113
314.8		0.635113
314.9		0.635113
315		0.635113
315.1		0.635485
315.2		0.635485
315.3		0.635485
315.4		0.635485
315.5		0.635485
315.6		0.635485
315.7		0.635485
315.8		0.635485
315.9		0.635485
316		0.635485
316.1		0.637379
316.2		0.637379
316.3		0.637379
316.4		0.637379
316.5		0.637379
316.6		0.637379
316.7		0.637379
316.8		0.637379
316.9		0.637379
317		0.637379
317.1		0.63786
317.2		0.63786
317.3		0.63786
317.4		0.63786
317.5		0.63786
317.6		0.63786
317.7		0.63786
317.8		0.63786
317.9		0.63786
318		0.63786
318.1		0.643304
318.2		0.643304
318.3		0.643304
318.4		0.643304
318.5		0.643304
318.6		0.643304
318.7		0.643304
318.8		0.643304
318.9		0.643304
319		0.643304
319.1		0.644688
319.2		0.644688
319.3		0.644688
319.4		0.644688
319.5		0.644688
319.6		0.644688
319.7		0.644688
319.8		0.644688
319.9		0.644688
320		0.644688
320.1		0.644934
320.2		0.644934
320.3		0.644934
320.4		0.644934
320.5		0.644934
320.6		0.644934
320.7		0.644934
320.8		0.644934
320.9		0.644934
321		0.644934
321.1		0.647305
321.2		0.647305
321.3		0.647305
321.4		0.647305
321.5		0.647305
321.6		0.647305
321.7		0.647305
321.8		0.647305
321.9		0.647305
322		0.647305
322.1		0.651368
322.2		0.651368
322.3		0.651368
322.4		0.651368
322.5		0.651368
322.6		0.651368
322.7		0.651368
322.8		0.651368
322.9		0.651368
323		0.651368
323.1		0.653215
323.2		0.653215
323.3		0.653215
323.4		0.653215
323.5		0.653215
323.6		0.653215
323.7		0.653215
323.8		0.653215
323.9		0.653215
324		0.653215
324.1		0.653519
324.2		0.653519
324.3		0.653519
324.4		0.653519
324.5		0.653519
324.6		0.653519
324.7		0.653519
324.8		0.653519
324.9		0.653519
325		0.653519
325.1		0.655322
325.2		0.655322
325.3		0.655322
325.4		0.655322
325.5		0.655322
325.6		0.655322
325.7		0.655322
325.8		0.655322
325.9		0.655322
326		0.655322
326.1		0.659028
326.2		0.659028
326.3		0.659028
326.4		0.659028
326.5		0.659028
326.6		0.659028
326.7		0.659028
326.8		0.659028
326.9		0.659028
327		0.659028
327.1		0.662899
327.2		0.662899
327.3		0.662899
327.4		0.662899
327.5		0.662899
327.6		0.662899
327.7		0.662899
327.8		0.662899
327.9		0.662899
328		0.662899
328.1		0.663228
328.2		0.663228
328.3		0.663228
328.4		0.663228
328.5		0.663228
328.6		0.663228
328.7		0.663228
328.8		0.663228
328.9		0.663228
329		0.663228
329.1		0.664341
329.2		0.664341
329.3		0.664341
329.4		0.664341
329.5		0.664341
329.6		0.664341
329.7		0.664341
329.8		0.664341
329.9		0.664341
330		0.664341
330.1		0.666524
330.2		0.666524
330.3		0.666524
330.4		0.666524
330.5		0.666524
330.6		0.666524
330.7		0.666524
330.8		0.666524
330.9		0.666524
331		0.666524
331.1		0.669268
331.2		0.669268
331.3		0.669268
331.4		0.669268
331.5		0.669268
331.6		0.669268
331.7		0.669268
331.8		0.669268
331.9		0.669268
332		0.669268
332.1		0.671357
332.2		0.671357
332.3		0.671357
332.4		0.671357
332.5		0.671357
332.6		0.671357
332.7		0.671357
332.8		0.671357
332.9		0.671357
333		0.671357
333.1		0.673494
333.2		0.673494
333.3		0.673494
333.4		0.673494
333.5		0.673494
333.6		0.673494
333.7		0.673494
333.8		0.673494
333.9		0.673494
334		0.673494
334.1		0.675583
334.2		0.675583
334.3		0.675583
334.4		0.675583
334.5		0.675583
334.6		0.675583
334.7		0.675583
334.8		0.675583
334.9		0.675583
335		0.675583
335.1		0.675869
335.2		0.675869
335.3		0.675869
335.4		0.675869
335.5		0.675869
335.6		0.675869
335.7		0.675869
335.8		0.675869
335.9		0.675869
336		0.675869
336.1		0.678822
336.2		0.678822
336.3		0.678822
336.4		0.678822
336.5		0.678822
336.6		0.678822
336.7		0.678822
336.8		0.678822
336.9		0.678822
337		0.678822
337.1		0.680224
337.2		0.680224
337.3		0.680224
337.4		0.680224
337.5		0.680224
337.6		0.680224
337.7		0.680224
337.8		0.680224
337.9		0.680224
338		0.680224
338.1		0.680839
338.2		0.680839
338.3		0.680839
338.4		0.680839
338.5		0.680839
338.6		0.680839
338.7		0.680839
338.8		0.680839
338.9		0.680839
339		0.680839
339.1		0.683752
339.2		0.683752
339.3		0.683752
339.4		0.683752
339.5		0.683752
339.6		0.683752
339.7		0.683752
339.8		0.683752
339.9		0.683752
340		0.683752
340.1		0.690154
340.2		0.690154
340.3		0.690154
340.4		0.690154
340.5		0.690154
340.6		0.690154
340.7		0.690154
340.8		0.690154
340.9		0.690154
341		0.690154
341.1		0.6904
341.2		0.6904
341.3		0.6904
341.4		0.6904
341.5		0.6904
341.6		0.6904
341.7		0.6904
341.8		0.6904
341.9		0.6904
342		0.6904
342.1		0.690682
342.2		0.690682
342.3		0.690682
342.4		0.690682
342.5		0.690682
342.6		0.690682
342.7		0.690682
342.8		0.690682
342.9		0.690682
343		0.690682
343.1		0.699046
343.2		0.699046
343.3		0.699046
343.4		0.699046
343.5		0.699046
343.6		0.699046
343.7		0.699046
343.8		0.699046
343.9		0.699046
344		0.699046
344.1		0.700102
344.2		0.700102
344.3		0.700102
344.4		0.700102
344.5		0.700102
344.6		0.700102
344.7		0.700102
344.8		0.700102
344.9		0.700102
345		0.700102
345.1		0.700669
345.2		0.700669
345.3		0.700669
345.4		0.700669
345.5		0.700669
345.6		0.700669
345.7		0.700669
345.8		0.700669
345.9		0.700669
346		0.700669
346.1		0.702032
346.2		0.702032
346.3		0.702032
346.4		0.702032
346.5		0.702032
346.6		0.702032
346.7		0.702032
346.8		0.702032
346.9		0.702032
347		0.702032
347.1		0.7056
347.2		0.7056
347.3		0.7056
347.4		0.7056
347.5		0.7056
347.6		0.7056
347.7		0.7056
347.8		0.7056
347.9		0.7056
348		0.7056
348.1		0.709099
348.2		0.709099
348.3		0.709099
348.4		0.709099
348.5		0.709099
348.6		0.709099
348.7		0.709099
348.8		0.709099
348.9		0.709099
349		0.709099
349.1		0.71224
349.2		0.71224
349.3		0.71224
349.4		0.71224
349.5		0.71224
349.6		0.71224
349.7		0.71224
349.8		0.71224
349.9		0.71224
350		0.71224
350.1		0.71224
350.2		0.71224
350.3		0.71224
350.4		0.71224
350.5		0.71224
350.6		0.71224
350.7		0.71224
350.8		0.71224
350.9		0.71224
351		0.71224
351.1		0.713237
351.2		0.713237
351.3		0.713237
351.4		0.713237
351.5		0.713237
351.6		0.713237
351.7		0.713237
351.8		0.713237
351.9		0.713237
352		0.713237
352.1		0.713809
352.2		0.713809
352.3		0.713809
352.4		0.713809
352.5		0.713809
352.6		0.713809
352.7		0.713809
352.8		0.713809
352.9		0.713809
353		0.713809
353.1		0.71511
353.2		0.71511
353.3		0.71511
353.4		0.71511
353.5		0.71511
353.6		0.71511
353.7		0.71511
353.8		0.71511
353.9		0.71511
354		0.71511
354.1		0.71575
354.2		0.71575
354.3		0.71575
354.4		0.71575
354.5		0.71575
354.6		0.71575
354.7		0.71575
354.8		0.71575
354.9		0.71575
355		0.71575
355.1		0.721775
355.2		0.721775
355.3		0.721775
355.4		0.721775
355.5		0.721775
355.6		0.721775
355.7		0.721775
355.8		0.721775
355.9		0.721775
356		0.721775
356.1		0.722632
356.2		0.722632
356.3		0.722632
356.4		0.722632
356.5		0.722632
356.6		0.722632
356.7		0.722632
356.8		0.722632
356.9		0.722632
357		0.722632
357.1		0.722632
357.2		0.722632
357.3		0.722632
357.4		0.722632
357.5		0.722632
357.6		0.722632
357.7		0.722632
357.8		0.722632
357.9		0.722632
358		0.722632
358.1		0.725705
358.2		0.725705
358.3		0.725705
358.4		0.725705
358.5		0.725705
358.6		0.725705
358.7		0.725705
358.8		0.725705
358.9		0.725705
359		0.725705
359.1		0.727606
359.2		0.727606
359.3		0.727606
359.4		0.727606
359.5		0.727606
359.6		0.727606
359.7		0.727606
359.8		0.727606
359.9		0.727606
360		0.727606
360.1		0.728907
360.2		0.728907
360.3		0.728907
360.4		0.728907
360.5		0.728907
360.6		0.728907
360.7		0.728907
360.8		0.728907
360.9		0.728907
361		0.728907
361.1		0.730013
361.2		0.730013
361.3		0.730013
361.4		0.730013
361.5		0.730013
361.6		0.730013
361.7		0.730013
361.8		0.730013
361.9		0.730013
362		0.730013
362.1		0.732891
362.2		0.732891
362.3		0.732891
362.4		0.732891
362.5		0.732891
362.6		0.732891
362.7		0.732891
362.8		0.732891
362.9		0.732891
363		0.732891
363.1		0.733115
363.2		0.733115
363.3		0.733115
363.4		0.733115
363.5		0.733115
363.6		0.733115
363.7		0.733115
363.8		0.733115
363.9		0.733115
364		0.733115
364.1		0.736722
364.2		0.736722
364.3		0.736722
364.4		0.736722
364.5		0.736722
364.6		0.736722
364.7		0.736722
364.8		0.736722
364.9		0.736722
365		0.736722
365.1		0.739997
365.2		0.739997
365.3		0.739997
365.4		0.739997
365.5		0.739997
365.6		0.739997
365.7		0.739997
365.8		0.739997
365.9		0.739997
366		0.739997
366.1		0.740604
366.2		0.740604
366.3		0.740604
366.4		0.740604
366.5		0.740604
366.6		0.740604
366.7		0.740604
366.8		0.740604
366.9		0.740604
367		0.740604
367.1		0.741588
367.2		0.741588
367.3		0.741588
367.4		0.741588
367.5		0.741588
367.6		0.741588
367.7		0.741588
367.8		0.741588
367.9		0.741588
368		0.741588
368.1		0.743713
368.2		0.743713
368.3		0.743713
368.4		0.743713
368.5		0.743713
368.6		0.743713
368.7		0.743713
368.8		0.743713
368.9		0.743713
369		0.743713
369.1		0.747639
369.2		0.747639
369.3		0.747639
369.4		0.747639
369.5		0.747639
369.6		0.747639
369.7		0.747639
369.8		0.747639
369.9		0.747639
370		0.747639
370.1		0.748716
370.2		0.748716
370.3		0.748716
370.4		0.748716
370.5		0.748716
370.6		0.748716
370.7		0.748716
370.8		0.748716
370.9		0.748716
371		0.748716
371.1		0.751496
371.2		0.751496
371.3		0.751496
371.4		0.751496
371.5		0.751496
371.6		0.751496
371.7		0.751496
371.8		0.751496
371.9		0.751496
372		0.751496
372.1		0.752302
372.2		0.752302
372.3		0.752302
372.4		0.752302
372.5		0.752302
372.6		0.752302
372.7		0.752302
372.8		0.752302
372.9		0.752302
373		0.752302
373.1		0.754724
373.2		0.754724
373.3		0.754724
373.4		0.754724
373.5		0.754724
373.6		0.754724
373.7		0.754724
373.8		0.754724
373.9		0.754724
374		0.754724
374.1		0.756614
374.2		0.756614
374.3		0.756614
374.4		0.756614
374.5		0.756614
374.6		0.756614
374.7		0.756614
374.8		0.756614
374.9		0.756614
375		0.756614
375.1		0.759499
375.2		0.759499
375.3		0.759499
375.4		0.759499
375.5		0.759499
375.6		0.759499
375.7		0.759499
375.8		0.759499
375.9		0.759499
376		0.759499
376.1		0.760146
376.2		0.760146
376.3		0.760146
376.4		0.760146
376.5		0.760146
376.6		0.760146
376.7		0.760146
376.8		0.760146
376.9		0.760146
377		0.760146
377.1		0.763453
377.2		0.763453
377.3		0.763453
377.4		0.763453
377.5		0.763453
377.6		0.763453
377.7		0.763453
377.8		0.763453
377.9		0.763453
378		0.763453
378.1		0.76765
378.2		0.76765
378.3		0.76765
378.4		0.76765
378.5		0.76765
378.6		0.76765
378.7		0.76765
378.8		0.76765
378.9		0.76765
379		0.76765
379.1		0.768297
379.2		0.768297
379.3		0.768297
379.4		0.768297
379.5		0.768297
379.6		0.768297
379.7		0.768297
379.8		0.768297
379.9		0.768297
380		0.768297
380.1		0.769815
380.2		0.769815
380.3		0.769815
380.4		0.769815
380.5		0.769815
380.6		0.769815
380.7		0.769815
380.8		0.769815
380.9		0.769815
381		0.769815
381.1		0.770682
381.2		0.770682
381.3		0.770682
381.4		0.770682
381.5		0.770682
381.6		0.770682
381.7		0.770682
381.8		0.770682
381.9		0.770682
382		0.770682
382.1		0.775443
382.2		0.775443
382.3		0.775443
382.4		0.775443
382.5		0.775443
382.6		0.775443
382.7		0.775443
382.8		0.775443
382.9		0.775443
383		0.775443
383.1		0.776188
383.2		0.776188
383.3		0.776188
383.4		0.776188
383.5		0.776188
383.6		0.776188
383.7		0.776188
383.8		0.776188
383.9		0.776188
384		0.776188
384.1		0.776759
384.2		0.776759
384.3		0.776759
384.4		0.776759
384.5		0.776759
384.6		0.776759
384.7		0.776759
384.8		0.776759
384.9		0.776759
385		0.776759
385.1		0.778591
385.2		0.778591
385.3		0.778591
385.4		0.778591
385.5		0.778591
385.6		0.778591
385.7		0.778591
385.8		0.778591
385.9		0.778591
386		0.778591
386.1		0.783945
386.2		0.783945
386.3		0.783945
386.4		0.783945
386.5		0.783945
386.6		0.783945
386.7		0.783945
386.8		0.783945
386.9		0.783945
387		0.783945
387.1		0.784661
387.2		0.784661
387.3		0.784661
387.4		0.784661
387.5		0.784661
387.6		0.784661
387.7		0.784661
387.8		0.784661
387.9		0.784661
388		0.784661
388.1		0.785506
388.2		0.785506
388.3		0.785506
388.4		0.785506
388.5		0.785506
388.6		0.785506
388.7		0.785506
388.8		0.785506
388.9		0.785506
389		0.785506
389.1		0.786182
389.2		0.786182
389.3		0.786182
389.4		0.786182
389.5		0.786182
389.6		0.786182
389.7		0.786182
389.8		0.786182
389.9		0.786182
390		0.786182
390.1		0.791709
390.2		0.791709
390.3		0.791709
390.4		0.791709
390.5		0.791709
390.6		0.791709
390.7		0.791709
390.8		0.791709
390.9		0.791709
391		0.791709
391.1		0.791988
391.2		0.791988
391.3		0.791988
391.4		0.791988
391.5		0.791988
391.6		0.791988
391.7		0.791988
391.8		0.791988
391.9		0.791988
392		0.791988
392.1		0.794081
392.2		0.794081
392.3		0.794081
392.4		0.794081
392.5		0.794081
392.6		0.794081
392.7		0.794081
392.8		0.794081
392.9		0.794081
393		0.794081
393.1		0.794352
393.2		0.794352
393.3		0.794352
393.4		0.794352
393.5		0.794352
393.6		0.794352
393.7		0.794352
393.8		0.794352
393.9		0.794352
394		0.794352
394.1		0.801035
394.2		0.801035
394.3		0.801035
394.4		0.801035
394.5		0.801035
394.6		0.801035
394.7		0.801035
394.8		0.801035
394.9		0.801035
395		0.801035
395.1		0.801512
395.2		0.801512
395.3		0.801512
395.4		0.801512
395.5		0.801512
395.6		0.801512
395.7		0.801512
395.8		0.801512
395.9		0.801512
396		0.801512
396.1		0.801946
396.2		0.801946
396.3		0.801946
396.4		0.801946
396.5		0.801946
396.6		0.801946
396.7		0.801946
396.8		0.801946
396.9		0.801946
397		0.801946
397.1		0.805586
397.2		0.805586
397.3		0.805586
397.4		0.805586
397.5		0.805586
397.6		0.805586
397.7		0.805586
397.8		0.805586
397.9		0.805586
398		0.805586
398.1		0.807318
398.2		0.807318
398.3		0.807318
398.4		0.807318
398.5		0.807318
398.6		0.807318
398.7		0.807318
398.8		0.807318
398.9		0.807318
399		0.807318
399.1		0.809273
399.2		0.809273
399.3		0.809273
399.4		0.809273
399.5		0.809273
399.6		0.809273
399.7		0.809273
399.8		0.809273
399.9		0.809273
400		0.809273
400.1		0.81172
400.2		0.81172
400.3		0.81172
400.4		0.81172
400.5		0.81172
400.6		0.81172
400.7		0.81172
400.8		0.81172
400.9		0.81172
401		0.81172
401.1		0.812281
401.2		0.812281
401.3		0.812281
401.4		0.812281
401.5		0.812281
401.6		0.812281
401.7		0.812281
401.8		0.812281
401.9		0.812281
402		0.812281
402.1		0.814956
402.2		0.814956
402.3		0.814956
402.4		0.814956
402.5		0.814956
402.6		0.814956
402.7		0.814956
402.8		0.814956
402.9		0.814956
403		0.814956
403.1		0.820117
403.2		0.820117
403.3		0.820117
403.4		0.820117
403.5		0.820117
403.6		0.820117
403.7		0.820117
403.8		0.820117
403.9		0.820117
404		0.820117
404.1		0.820349
404.2		0.820349
404.3		0.820349
404.4		0.820349
404.5		0.820349
404.6		0.820349
404.7		0.820349
404.8		0.820349
404.9		0.820349
405		0.820349
405.1		0.821643
405.2		0.821643
405.3		0.821643
405.4		0.821643
405.5		0.821643
405.6		0.821643
405.7		0.821643
405.8		0.821643
405.9		0.821643
406		0.821643
406.1		0.823692
406.2		0.823692
406.3		0.823692
406.4		0.823692
406.5		0.823692
406.6		0.823692
406.7		0.823692
406.8		0.823692
406.9		0.823692
407		0.823692
407.1		0.824574
407.2		0.824574
407.3		0.824574
407.4		0.824574
407.5		0.824574
407.6		0.824574
407.7		0.824574
407.8		0.824574
407.9		0.824574
408		0.824574
408.1		0.829826
408.2		0.829826
408.3		0.829826
408.4		0.829826
408.5		0.829826
408.6		0.829826
408.7		0.829826
408.8		0.829826
408.9		0.829826
409		0.829826
409.1		0.831233
409.2		0.831233
409.3		0.831233
409.4		0.831233
409.5		0.831233
409.6		0.831233
409.7		0.831233
409.8		0.831233
409.9		0.831233
410		0.831233
410.1		0.83492
410.2		0.83492
410.3		0.83492
410.4		0.83492
410.5		0.83492
410.6		0.83492
410.7		0.83492
410.8		0.83492
410.9		0.83492
411		0.83492
411.1		0.83565
411.2		0.83565
411.3		0.83565
411.4		0.83565
411.5		0.83565
411.6		0.83565
411.7		0.83565
411.8		0.83565
411.9		0.83565
412		0.83565
412.1		0.838401
412.2		0.838401
412.3		0.838401
412.4		0.838401
412.5		0.838401
412.6		0.838401
412.7		0.838401
412.8		0.838401
412.9		0.838401
413		0.838401
413.1		0.840645
413.2		0.840645
413.3		0.840645
413.4		0.840645
413.5		0.840645
413.6		0.840645
413.7		0.840645
413.8		0.840645
413.9		0.840645
414		0.840645
414.1		0.841473
414.2		0.841473
414.3		0.841473
414.4		0.841473
414.5		0.841473
414.6		0.841473
414.7		0.841473
414.8		0.841473
414.9		0.841473
415		0.841473
415.1		0.844018
415.2		0.844018
415.3		0.844018
415.4		0.844018
415.5		0.844018
415.6		0.844018
415.7		0.844018
415.8		0.844018
415.9		0.844018
416		0.844018
416.1		0.849447
416.2		0.849447
416.3		0.849447
416.4		0.849447
416.5		0.849447
416.6		0.849447
416.7		0.849447
416.8		0.849447
416.9		0.849447
417		0.849447
417.1		0.849794
417.2		0.849794
417.3		0.849794
417.4		0.849794
417.5		0.849794
417.6		0.849794
417.7		0.849794
417.8		0.849794
417.9		0.849794
418		0.849794
418.1		0.850101
418.2		0.850101
418.3		0.850101
418.4		0.850101
418.5		0.850101
418.6		0.850101
418.7		0.850101
418.8		0.850101
418.9		0.850101
419		0.850101
419.1		0.850466
419.2		0.850466
419.3		0.850466
419.4		0.850466
419.5		0.850466
419.6		0.850466
419.7		0.850466
419.8		0.850466
419.9		0.850466
420		0.850466
420.1		0.857063
420.2		0.857063
420.3		0.857063
420.4		0.857063
420.5		0.857063
420.6		0.857063
420.7		0.857063
420.8		0.857063
420.9		0.857063
421		0.857063
421.1		0.858495
421.2		0.858495
421.3		0.858495
421.4		0.858495
421.5		0.858495
421.6		0.858495
421.7		0.858495
421.8		0.858495
421.9		0.858495
422		0.858495
422.1		0.859561
422.2		0.859561
422.3		0.859561
422.4		0.859561
422.5		0.859561
422.6		0.859561
422.7		0.859561
422.8		0.859561
422.9		0.859561
423		0.859561
423.1		0.860888
423.2		0.860888
423.3		0.860888
423.4		0.860888
423.5		0.860888
423.6		0.860888
423.7		0.860888
423.8		0.860888
423.9		0.860888
424		0.860888
424.1		0.863638
424.2		0.863638
424.3		0.863638
424.4		0.863638
424.5		0.863638
424.6		0.863638
424.7		0.863638
424.8		0.863638
424.9		0.863638
425		0.863638
425.1		0.866046
425.2		0.866046
425.3		0.866046
425.4		0.866046
425.5		0.866046
425.6		0.866046
425.7		0.866046
425.8		0.866046
425.9		0.866046
426		0.866046
426.1		0.866248
426.2		0.866248
426.3		0.866248
426.4		0.866248
426.5		0.866248
426.6		0.866248
426.7		0.866248
426.8		0.866248
426.9		0.866248
427		0.866248
427.1		0.867767
427.2		0.867767
427.3		0.867767
427.4		0.867767
427.5		0.867767
427.6		0.867767
427.7		0.867767
427.8		0.867767
427.9		0.867767
428		0.867767
428.1		0.87124
428.2		0.87124
428.3		0.87124
428.4		0.87124
428.5		0.87124
428.6		0.87124
428.7		0.87124
428.8		0.87124
428.9		0.87124
429		0.87124
429.1		0.871815
429.2		0.871815
429.3		0.871815
429.4		0.871815
429.5		0.871815
429.6		0.871815
429.7		0.871815
429.8		0.871815
429.9		0.871815
430		0.871815
430.1		0.875057
430.2		0.875057
430.3		0.875057
430.4		0.875057
430.5		0.875057
430.6		0.875057
430.7		0.875057
430.8		0.875057
430.9		0.875057
431		0.875057
431.1		0.878499
431.2		0.878499
431.3		0.878499
431.4		0.878499
431.5		0.878499
431.6		0.878499
431.7		0.878499
431.8		0.878499
431.9		0.878499
432		0.878499
432.1		0.878813
432.2		0.878813
432.3		0.878813
432.4		0.878813
432.5		0.878813
432.6		0.878813
432.7		0.878813
432.8		0.878813
432.9		0.878813
433		0.878813
433.1		0.882637
433.2		0.882637
433.3		0.882637
433.4		0.882637
433.5		0.882637
433.6		0.882637
433.7		0.882637
433.8		0.882637
433.9		0.882637
434		0.882637
434.1		0.883089
434.2		0.883089
434.3		0.883089
434.4		0.883089
434.5		0.883089
434.6		0.883089
434.7		0.883089
434.8		0.883089
434.9		0.883089
435		0.883089
435.1		0.886975
435.2		0.886975
435.3		0.886975
435.4		0.886975
435.5		0.886975
435.6		0.886975
435.7		0.886975
435.8		0.886975
435.9		0.886975
436		0.886975
436.1		0.88764
436.2		0.88764
436.3		0.88764
436.4		0.88764
436.5		0.88764
436.6		0.88764
436.7		0.88764
436.8		0.88764
436.9		0.88764
437		0.88764
437.1		0.888837
437.2		0.888837
437.3		0.888837
437.4		0.888837
437.5		0.888837
437.6		0.888837
437.7		0.888837
437.8		0.888837
437.9		0.888837
438		0.888837
438.1		0.893398
438.2		0.893398
438.3		0.893398
438.4		0.893398
438.5		0.893398
438.6		0.893398
438.7		0.893398
438.8		0.893398
438.9		0.893398
439		0.893398
439.1		0.893543
439.2		0.893543
439.3		0.893543
439.4		0.893543
439.5		0.893543
439.6		0.893543
439.7		0.893543
439.8		0.893543
439.9		0.893543
440		0.893543
440.1		0.896623
440.2		0.896623
440.3		0.896623
440.4		0.896623
440.5		0.896623
440.6		0.896623
440.7		0.896623
440.8		0.896623
440.9		0.896623
441		0.896623
441.1		0.89817
441.2		0.89817
441.3		0.89817
441.4		0.89817
441.5		0.89817
441.6		0.89817
441.7		0.89817
441.8		0.89817
441.9		0.89817
442		0.89817
442.1		0.901662
442.2		0.901662
442.3		0.901662
442.4		0.901662
442.5		0.901662
442.6		0.901662
442.7		0.901662
442.8		0.901662
442.9		0.901662
443		0.901662
443.1		0.904998
443.2		0.904998
443.3		0.904998
443.4		0.904998
443.5		0.904998
443.6		0.904998
443.7		0.904998
443.8		0.904998
443.9		0.904998
444		0.904998
444.1		0.905262
444.2		0.905262
444.3		0.905262
444.4		0.905262
444.5		0.905262
444.6		0.905262
444.7		0.905262
444.8		0.905262
444.9		0.905262
445		0.905262
445.1		0.905443
445.2		0.905443
445.3		0.905443
445.4		0.905443
445.5		0.905443
445.6		0.905443
445.7		0.905443
445.8		0.905443
445.9		0.905443
446		0.905443
446.1		0.909773
446.2		0.909773
446.3		0.909773
446.4		0.909773
446.5		0.909773
446.6		0.909773
446.7		0.909773
446.8		0.909773
446.9		0.909773
447		0.909773
447.1		0.911964
447.2		0.911964
447.3		0.911964
447.4		0.911964
447.5		0.911964
447.6		0.911964
447.7		0.911964
447.8		0.911964
447.9		0.911964
448		0.911964
448.1		0.913999
448.2		0.913999
448.3		0.913999
448.4		0.913999
448.5		0.913999
448.6		0.913999
448.7		0.913999
448.8		0.913999
448.9		0.913999
449		0.913999
449.1		0.914248
449.2		0.914248
449.3		0.914248
449.4		0.914248
449.5		0.914248
449.6		0.914248
449.7		0.914248
449.8		0.914248
449.9		0.914248
450		0.914248
450.1		0.917599
450.2		0.917599
450.3		0.917599
450.4		0.917599
450.5		0.917599
450.6		0.917599
450.7		0.917599
450.8		0.917599
450.9		0.917599
451		0.917599
451.1		0.918466
451.2		0.918466
451.3		0.918466
451.4		0.918466
451.5		0.918466
451.6		0.918466
451.7		0.918466
451.8		0.918466
451.9		0.918466
452		0.918466
452.1		0.919967
452.2		0.919967
452.3		0.919967
452.4		0.919967
452.5		0.919967
452.6		0.919967
452.7		0.919967
452.8		0.919967
452.9		0.919967
453		0.919967
453.1		0.922649
453.2		0.922649
453.3		0.922649
453.4		0.922649
453.5		0.922649
453.6		0.922649
453.7		0.922649
453.8		0.922649
453.9		0.922649
454		0.922649
454.1		0.928233
454.2		0.928233
454.3		0.928233
454.4		0.928233
454.5		0.928233
454.6		0.928233
454.7		0.928233
454.8		0.928233
454.9		0.928233
455		0.928233
455.1		0.928888
455.2		0.928888
455.3		0.928888
455.4		0.928888
455.5		0.928888
455.6		0.928888
455.7		0.928888
455.8		0.928888
455.9		0.928888
456		0.928888
456.1		0.929958
456.2		0.929958
456.3		0.929958
456.4		0.929958
456.5		0.929958
456.6		0.929958
456.7		0.929958
456.8		0.929958
456.9		0.929958
457		0.929958
457.1		0.930973
457.2		0.930973
457.3		0.930973
457.4		0.930973
457.5		0.930973
457.6		0.930973
457.7		0.930973
457.8		0.930973
457.9		0.930973
458		0.930973
458.1		0.934375
458.2		0.934375
458.3		0.934375
458.4		0.934375
458.5		0.934375
458.6		0.934375
458.7		0.934375
458.8		0.934375
458.9		0.934375
459		0.934375
459.1		0.937574
459.2		0.937574
459.3		0.937574
459.4		0.937574
459.5		0.937574
459.6		0.937574
459.7		0.937574
459.8		0.937574
459.9		0.937574
460		0.937574
460.1		0.938535
460.2		0.938535
460.3		0.938535
460.4		0.938535
460.5		0.938535
460.6		0.938535
460.7		0.938535
460.8		0.938535
460.9		0.938535
461		0.938535
461.1		0.940444
461.2		0.940444
461.3		0.940444
461.4		0.940444
461.5		0.940444
461.6		0.940444
461.7		0.940444
461.8		0.940444
461.9		0.940444
462		0.940444
462.1		0.942841
462.2		0.942841
462.3		0.942841
462.4		0.942841
462.5		0.942841
462.6		0.942841
462.7		0.942841
462.8		0.942841
462.9		0.942841
463		0.942841
463.1		0.945642
463.2		0.945642
463.3		0.945642
463.4		0.945642
463.5		0.945642
463.6		0.945642
463.7		0.945642
463.8		0.945642
463.9		0.945642
464		0.945642
464.1		0.947981
464.2		0.947981
464.3		0.947981
464.4		0.947981
464.5		0.947981
464.6		0.947981
464.7		0.947981
464.8		0.947981
464.9		0.947981
465		0.947981
465.1		0.948924
465.2		0.948924
465.3		0.948924
465.4		0.948924
465.5		0.948924
465.6		0.948924
465.7		0.948924
465.8		0.948924
465.9		0.948924
466		0.948924
466.1		0.953128
466.2		0.953128
466.3		0.953128
466.4		0.953128
466.5		0.953128
466.6		0.953128
466.7		0.953128
466.8		0.953128
466.9		0.953128
467		0.953128
467.1		0.953612
467.2		0.953612
467.3		0.953612
467.4		0.953612
467.5		0.953612
467.6		0.953612
467.7		0.953612
467.8		0.953612
467.9		0.953612
468		0.953612
468.1		0.956898
468.2		0.956898
468.3		0.956898
468.4		0.956898
468.5		0.956898
468.6		0.956898
468.7		0.956898
468.8		0.956898
468.9		0.956898
469		0.956898
469.1		0.959866
469.2		0.959866
469.3		0.959866
469.4		0.959866
469.5		0.959866
469.6		0.959866
469.7		0.959866
469.8		0.959866
469.9		0.959866
470		0.959866
470.1		0.96069
470.2		0.96069
470.3		0.96069
470.4		0.96069
470.5		0.96069
470.6		0.96069
470.7		0.96069
470.8		0.96069
470.9		0.96069
471		0.96069
471.1		0.961427
471.2		0.961427
471.3		0.961427
471.4		0.961427
471.5		0.961427
471.6		0.961427
471.7		0.961427
471.8		0.961427
471.9		0.961427
472		0.961427
472.1		0.964348
472.2		0.964348
472.3		0.964348
472.4		0.964348
472.5		0.964348
472.6		0.964348
472.7		0.964348
472.8		0.964348
472.9		0.964348
473		0.964348
473.1		0.967359
473.2		0.967359
473.3		0.967359
473.4		0.967359
473.5		0.967359
473.6		0.967359
473.7		0.967359
473.8		0.967359
473.9		0.967359
474		0.967359
474.1		0.968957
474.2		0.968957
474.3		0.968957
474.4		0.968957
474.5		0.968957
474.6		0.968957
474.7		0.968957
474.8		0.968957
474.9		0.968957
475		0.968957
475.1		0.971274
475.2		0.971274
475.3		0.971274
475.4		0.971274
475.5		0.971274
475.6		0.971274
475.7		0.971274
475.8		0.971274
475.9		0.971274
476		0.971274
476.1		0.974617
476.2		0.974617
476.3		0.974617
476.4		0.974617
476.5		0.974617
476.6		0.974617
476.7		0.974617
476.8		0.974617
476.9		0.974617
477		0.974617
477.1		0.975163
477.2		0.975163
477.3		0.975163
477.4		0.975163
477.5		0.975163
477.6		0.975163
477.7		0.975163
477.8		0.975163
477.9		0.975163
478		0.975163
478.1		0.976989
478.2		0.976989
478.3		0.976989
478.4		0.976989
478.5		0.976989
478.6		0.976989
478.7		0.976989
478.8		0.976989
478.9		0.976989
479		0.976989
479.1		0.978312
479.2		0.978312
479.3		0.978312
479.4		0.978312
479.5		0.978312
479.6		0.978312
479.7		0.978312
479.8		0.978312
479.9		0.978312
480		0.978312
480.1		0.983445
480.2		0.983445
480.3		0.983445
480.4		0.983445
480.5		0.983445
480.6		0.983445
480.7		0.983445
480.8		0.983445
480.9		0.983445
481		0.983445
481.1		0.983857
481.2		0.983857
481.3		0.983857
481.4		0.983857
481.5		0.983857
481.6		0.983857
481.7		0.983857
481.8		0.983857
481.9		0.983857
482		0.983857
482.1		0.985635
482.2		0.985635
482.3		0.985635
482.4		0.985635
482.5		0.985635
482.6		0.985635
482.7		0.985635
482.8		0.985635
482.9		0.985635
483		0.985635
483.1		0.989434
483.2		0.989434
483.3		0.989434
483.4		0.989434
483.5		0.989434
483.6		0.989434
483.7		0.989434
483.8		0.989434
483.9		0.989434
484		0.989434
484.1		0.990638
484.2		0.990638
484.3		0.990638
484.4		0.990638
484.5		0.990638
484.6		0.990638
484.7		0.990638
484.8		0.990638
484.9		0.990638
485		0.990638
485.1		0.993512
485.2		0.993512
485.3		0.993512
485.4		0.993512
485.5		0.993512
485.6		0.993512
485.7		0.993512
485.8		0.993512
485.9		0.993512
486		0.993512
486.1		0.994068
486.2		0.994068
486.3		0.994068
486.4		0.994068
486.5		0.994068
486.6		0.994068
486.7		0.994068
486.8		0.994068
486.9		0.994068
487		0.994068
487.1		0.995279
487.2		0.995279
487.3		0.995279
487.4		0.995279
487.5		0.995279
487.6		0.995279
487.7		0.995279
487.8		0.995279
487.9		0.995279
488		0.995279
488.1		0.99978
488.2		0.99978
488.3		0.99978
488.4		0.99978
488.5		0.99978
488.6		0.99978
488.7		0.99978
488.8		0.99978
488.9		0.99978
489		0.99978
489.1		1
489.2		1
489.3		1
489.4		1
489.5		1
489.6		1
489.7		1
489.8		1
489.9		1
490		1
490.1		1
490.2		1
490.3		1
490.4		1
490.5		1
490.6		1
490.7		1
490.8		1
490.9		1
491		1
491.1		1
491.2		1
491.3		1
491.4		1
491.5		1
491.6		1
491.7		1
491.8		1
491.9		1
492		1
492.1		1
492.2		1
492.3		1
492.4		1
492.5		1
492.6		1
492.7		1
492.8		1
492.9		1
493		1
493.1		1
493.2		1
493.3		1
493.4		1
493.5		1
493.6		1
493.7		1
493.8		1
493.9		1
494		1
494.1		1
494.2		1
494.3		1
494.4		1
494.5		1
494.6		1
494.7		1
494.8		1
494.9		1
495		1
495.1		1
495.2		1
495.3		1
495.4		1
495.5		1
495.6		1
495.7		1
495.8		1
495.9		1
496		1
496.1		1
496.2		1
496.3		1
496.4		1
496.5		1
496.6		1
496.7		1
496.8		1
496.9		1
497		1
497.1		1
497.2		1
497.3		1
497.4		1
497.5		1
497.6		1
497.7		1
497.8		1
497.9		1
498		1
498.1		1
498.2		1
498.3		1
498.4		1
498.5		1
498.6		1
498.7		1
498.8		1
498.9		1
499		1
499.1		1
499.2		1
499.3		1
499.4		1
499.5		1
499.6		1
499.7		1
499.8		1
499.9		1
500		1
500.1		1
500.2		1
500.3		1
500.4		1
500.5		1
500.6		1
500.7		1
500.8		1
500.9		1
501		1
501.1		1
501.2		1
501.3		1
501.4		1
501.5		1
501.6		1
501.7		1
501.8		1
501.9		1
502		1
502.1		1
502.2		1
502.3		1
502.4		1
502.5		1
502.6		1
502.7		1
502.8		1
502.9		1
503		1
503.1		1
503.2		1
503.3		1
503.4		1
503.5		1
503.6		1
503.7		1
503.8		1
503.9		1
504		1
504.1		1
504.2		1
504.3		1
504.4		1
504.5		1
504.6		1
504.7		1
504.8		1
504.9		1
505		1
505.1		1
505.2		1
505.3		1
505.4		1
505.5		1
505.6		1
505.7		1
505.8		1
505.9		1
506		1
506.1		1
506.2		1
506.3		1
506.4		1
506.5		1
506.6		1
506.7		1
506.8		1
506.9		1
507		1
507.1		1
507.2		1
507.3		1
507.4		1
507.5		1
507.6		1
507.7		1
507.8		1
507.9		1
508		1
508.1		1
508.2		1
508.3		1
508.4		1
508.5		1
508.6		1
508.7		1
508.8		1
508.9		1
509		1
509.1		1
509.2		1
509.3		1
509.4		1
509.5		1
509.6		1
509.7		1
509.8		1
509.9		1
510		1
510.1		1
510.2		1
510.3		1
510.4		1
510.5		1
510.6		1
510.7		1
510.8		1
510.9		1
511		1
511.1		1
511.2		1
511.3		1
511.4		1
511.5		1
511.6		1
511.7		1
511.8		1
511.9		1
512		1
512.1		1
512.2		1
512.3		1
512.4		1
512.5		1
512.6		1
512.7		1
512.8		1
512.9		1
513		1
513.1		1
513.2		1
513.3		1
513.4		1
513.5		1
513.6		1
513.7		1
513.8		1
513.9		1
514		1
514.1		1
514.2		1
514.3		1
514.4		1
514.5		1
514.6		1
514.7		1
514.8		1
514.9		1
515		1
515.1		1
515.2		1
515.3		1
515.4		1
515.5		1
515.6		1
515.7		1
515.8		1
515.9		1
516		1
516.1		1
516.2		1
516.3		1
516.4		1
516.5		1
516.6		1
516.7		1
516.8		1
516.9		1
517		1
517.1		1
517.2		1
517.3		1
517.4		1
517.5		1
517.6		1
517.7		1
517.8		1
517.9		1
518		1
518.1		1
518.2		1
518.3		1
518.4		1
518.5		1
518.6		1
518.7		1
518.8		1
518.9		1
519		1
519.1		1
519.2		1
519.3		1
519.4		1
519.5		1
519.6		1
519.7		1
519.8		1
519.9		1
520		1
520.1		1
520.2		1
520.3		1
520.4		1
520.5		1
520.6		1
520.7		1
520.8		1
520.9		1
521		1
521.1		1
521.2		1
521.3		1
521.4		1
521.5		1
521.6		1
521.7		1
521.8		1
521.9		1
522		1
522.1		1
522.2		1
522.3		1
522.4		1
522.5		1
522.6		1
522.7		1
522.8		1
522.9		1
523		1
523.1		1
523.2		1
523.3		1
523.4		1
523.5		1
523.6		1
523.7		1
523.8		1
523.9		1
524		1
524.1		1
524.2		1
524.3		1
524.4		1
524.5		1
524.6		1
524.7		1
524.8		1
524.9		1
525		1
525.1		1
525.2		1
525.3		1
525.4		1
525.5		1
525.6		1
525.7		1
525.8		1
525.9		1
526		1
526.1		1
526.2		1
526.3		1
526.4		1
526.5		1
526.6		1
526.7		1
526.8		1
526.9		1
527		1
527.1		1
527.2		1
527.3		1
527.4		1
527.5		1
527.6		1
527.7		1
527.8		1
527.9		1
528		1
528.1		1
528.2		1
528.3		1
528.4		1
528.5		1
528.6		1
528.7		1
528.8		1
528.9		1
529		1
529.1		1
529.2		1
529.3		1
529.4		1
529.5		1
529.6		1
529.7		1
529.8		1
529.9		1
530		1
530.1		1
530.2		1
530.3		1
530.4		1
530.5		1
530.6		1
530.7		1
530.8		1
530.9		1
531		1
531.1		1
531.2		1
531.3		1
531.4		1
531.5		1
531.6		1
531.7		1
531.8		1
531.9		1
532		1
532.1		1
532.2		1
532.3		1
532.4		1
532.5		1
532.6		1
532.7		1
532.8		1
532.9		1
533		1
533.1		1
533.2		1
533.3		1
533.4		1
533.5		1
533.6		1
533.7		1
533.8		1
533.9		1
534		1
534.1		1
534.2		1
534.3		1
534.4		1
534.5		1
534.6		1
534.7		1
534.8		1
534.9		1
535		1
535.1		1
535.2		1
535.3		1
535.4		1
535.5		1
535.6		1
535.7		1
535.8		1
535.9		1
536		1
536.1		1
536.2		1
536.3		1
536.4		1
536.5		1
536.6		1
536.7		1
536.8		1
536.9		1
537		1
537.1		1
537.2		1
537.3		1
537.4		1
537.5		1
537.6		1
537.7		1
537.8		1
537.9		1
538		1
538.1		1
538.2		1
538.3		1
538.4		1
538.5		1
538.6		1
538.7		1
538.8		1
538.9		1
539		1
539.1		1
539.2		1
539.3		1
539.4		1
539.5		1
539.6		1
539.7		1
539.8		1
539.9		1
540		1
540.1		1
540.2		1
540.3		1
540.4		1
540.5		1
540.6		1
540.7		1
540.8		1
540.9		1
541		1
541.1		1
541.2		1
541.3		1
541.4		1
541.5		1
541.6		1
541.7		1
541.8		1
541.9		1
542		1
542.1		1
542.2		1
542.3		1
542.4		1
542.5		1
542.6		1
542.7		1
542.8		1
542.9		1
543		1
543.1		1
543.2		1
543.3		1
543.4		1
543.5		1
543.6		1
543.7		1
543.8		1
543.9		1
544		1
544.1		1
544.2		1
544.3		1
544.4		1
544.5		1
544.6		1
544.7		1
544.8		1
544.9		1
545		1
545.1		1
545.2		1
545.3		1
545.4		1
545.5		1
545.6		1
545.7		1
545.8		1
545.9		1
546		1
546.1		1
546.2		1
546.3		1
546.4		1
546.5		1
546.6		1
546.7		1
546.8		1
546.9		1
547		1
547.1		1
547.2		1
547.3		1
547.4		1
547.5		1
547.6		1
547.7		1
547.8		1
547.9		1
548		1
548.1		1
548.2		1
548.3		1
548.4		1
548.5		1
548.6		1
548.7		1
548.8		1
548.9		1
549		1
549.1		1
549.2		1
549.3		1
549.4		1
549.5		1
549.6		1
549.7		1
549.8		1
549.9		1
550		1
550.1		1
550.2		1
550.3		1
550.4		1
550.5		1
550.6		1
550.7		1
550.8		1
550.9		1
551		1
551.1		1
551.2		1
551.3		1
551.4		1
551.5		1
551.6		1
551.7		1
551.8		1
551.9		1
552		1
552.1		1
552.2		1
552.3		1
552.4		1
552.5		1
552.6		1
552.7		1
552.8		1
552.9		1
553		1
553.1		1
553.2		1
553.3		1
553.4		1
553.5		1
553.6		1
553.7		1
553.8		1
553.9		1
554		1
554.1		1
554.2		1
554.3		1
554.4		1
554.5		1
554.6		1
554.7		1
554.8		1
554.9		1
555		1
555.1		1
555.2		1
555.3		1
555.4		1
555.5		1
555.6		1
555.7		1
555.8		1
555.9		1
556		1
556.1		1
556.2		1
556.3		1
556.4		1
556.5		1
556.6		1
556.7		1
556.8		1
556.9		1
557		1
557.1		1
557.2		1
557.3		1
557.4		1
557.5		1
557.6		1
557.7		1
557.8		1
557.9		1
558		1
558.1		1
558.2		1
558.3		1
558.4		1
558.5		1
558.6		1
558.7		1
558.8		1
558.9		1
559		1
559.1		1
559.2		1
559.3		1
559.4		1
559.5		1
559.6		1
559.7		1
559.8		1
559.9		1
560		1
560.1		1
560.2		1
560.3		1
560.4		1
560.5		1
560.6		1
560.7		1
560.8		1
560.9		1
561		1
561.1		1
561.2		1
561.3		1
561.4		1
561.5		1
561.6		1
561.7		1
561.8		1
561.9		1
562		1
562.1		1
562.2		1
562.3		1
562.4		1
562.5		1
562.6		1
562.7		1
562.8		1
562.9		1
563		1
563.1		1
563.2		1
563.3		1
563.4		1
563.5		1
563.6		1
563.7		1
563.8		1
563.9		1
564		1
564.1		1
564.2		1
564.3		1
564.4		1
564.5		1
564.6		1
564.7		1
564.8		1
564.9		1
565		1
565.1		1
565.2		1
565.3		1
565.4		1
565.5		1
565.6		1
565.7		1
565.8		1
565.9		1
566		1
566.1		1
566.2		1
566.3		1
566.4		1
566.5		1
566.6		1
566.7		1
566.8		1
566.9		1
567		1
567.1		1
567.2		1
567.3		1
567.4		1
567.5		1
567.6		1
567.7		1
567.8		1
567.9		1
568		1
568.1		1
568.2		1
568.3		1
568.4		1
568.5		1
568.6		1
568.7		1
568.8		1
568.9		1
569		1
569.1		1
569.2		1
569.3		1
569.4		1
569.5		1
569.6		1
569.7		1
569.8		1
569.9		1
570		1
570.1		1
570.2		1
570.3		1
570.4		1
570.5		1
570.6		1
570.7		1
570.8		1
570.9		1
571		1
571.1		1
571.2		1
571.3		1
571.4		1
571.5		1
571.6		1
571.7		1
571.8		1
571.9		1
572		1
572.1		1
572.2		1
572.3		1
572.4		1
572.5		1
572.6		1
572.7		1
572.8		1
572.9		1
573		1
573.1		1
573.2		1
573.3		1
573.4		1
573.5		1
573.6		1
573.7		1
573.8		1
573.9		1
574		1
574.1		1
574.2		1
574.3		1
574.4		1
574.5		1
574.6		1
574.7		1
574.8		1
574.9		1
575		1
575.1		1
575.2		1
575.3		1
575.4		1
575.5		1
575.6		1
575.7		1
575.8		1
575.9		1
576		1
576.1		1
576.2		1
576.3		1
576.4		1
576.5		1
576.6		1
576.7		1
576.8		1
576.9		1
577		1
577.1		1
577.2		1
577.3		1
577.4		1
577.5		1
577.6		1
577.7		1
577.8		1
577.9		1
578		1
578.1		1
578.2		1
578.3		1
578.4		1
578.5		1
578.6		1
578.7		1
578.8		1
578.9		1
579		1
579.1		1
579.2		1
579.3		1
579.4		1
579.5		1
579.6		1
579.7		1
579.8		1
579.9		1
580		1
580.1		1
580.2		1
580.3		1
580.4		1
580.5		1
580.6		1
580.7		1
580.8		1
580.9		1
581		1
581.1		1
581.2		1
581.3		1
581.4		1
581.5		1
581.6		1
581.7		1
581.8		1
581.9		1
582		1
582.1		1
582.2		1
582.3		1
582.4		1
582.5		1
582.6		1
582.7		1
582.8		1
582.9		1
583		1
583.1		1
583.2		1
583.3		1
583.4		1
583.5		1
583.6		1
583.7		1
583.8		1
583.9		1
584		1
584.1		1
584.2		1
584.3		1
584.4		1
584.5		1
584.6		1
584.7		1
584.8		1
584.9		1
585		1
585.1		1
585.2		1
585.3		1
585.4		1
585.5		1
585.6		1
585.7		1
585.8		1
585.9		1
586		1
586.1		1
586.2		1
586.3		1
586.4		1
586.5		1
586.6		1
586.7		1
586.8		1
586.9		1
587		1
587.1		1
587.2		1
587.3		1
587.4		1
587.5		1
587.6		1
587.7		1
587.8		1
587.9		1
588		1
588.1		1
588.2		1
588.3		1
588.4		1
588.5		1
588.6		1
588.7		1
588.8		1
588.9		1
589		1
589.1		1
589.2		1
589.3		1
589.4		1
589.5		1
589.6		1
589.7		1
589.8		1
589.9		1
590		1
590.1		1
590.2		1
590.3		1
590.4		1
590.5		1
590.6		1
590.7		1
590.8		1
590.9		1
591		1
591.1		1
591.2		1
591.3		1
591.4		1
591.5		1
591.6		1
591.7		1
591.8		1
591.9		1
592		1
592.1		1
592.2		1
592.3		1
592.4		1
592.5		1
592.6		1
592.7		1
592.8		1
592.9		1
593		1
593.1		1
593.2		1
593.3		1
593.4		1
593.5		1
593.6		1
593.7		1
593.8		1
593.9		1
594		1
594.1		1
594.2		1
594.3		1
594.4		1
594.5		1
594.6		1
594.7		1
594.8		1
594.9		1
595		1
595.1		1
595.2		1
595.3		1
595.4		1
595.5		1
595.6		1
595.7		1
595.8		1
595.9		1
596		1
596.1		1
596.2		1
596.3		1
596.4		1
596.5		1
596.6		1
596.7		1
596.8		1
596.9		1
597		1
597.1		1
597.2		1
597.3		1
597.4		1
597.5		1
597.6		1
597.7		1
597.8		1
597.9		1
598		1
598.1		1
598.2		1
598.3		1
598.4		1
598.5		1
598.6		1
598.7		1
598.8		1
598.9		1
599		1
599.1		1
599.2		1
599.3		1
599.4		1
599.5		1
599.6		1
599.7		1
599.8		1
599.9		1
600		1
