# Calibration file of tamex_id 1 @ channel 34
# fine_T bin		 Calibration value
0.1		0
0.2		0
0.3		0
0.4		0
0.5		0
0.6		0
0.7		0
0.8		0
0.9		0
1		0
1.1		0
1.2		0
1.3		0
1.4		0
1.5		0
1.6		0
1.7		0
1.8		0
1.9		0
2		0
2.1		0
2.2		0
2.3		0
2.4		0
2.5		0
2.6		0
2.7		0
2.8		0
2.9		0
3		0
3.1		0
3.2		0
3.3		0
3.4		0
3.5		0
3.6		0
3.7		0
3.8		0
3.9		0
4		0
4.1		0
4.2		0
4.3		0
4.4		0
4.5		0
4.6		0
4.7		0
4.8		0
4.9		0
5		0
5.1		0
5.2		0
5.3		0
5.4		0
5.5		0
5.6		0
5.7		0
5.8		0
5.9		0
6		0
6.1		0
6.2		0
6.3		0
6.4		0
6.5		0
6.6		0
6.7		0
6.8		0
6.9		0
7		0
7.1		0
7.2		0
7.3		0
7.4		0
7.5		0
7.6		0
7.7		0
7.8		0
7.9		0
8		0
8.1		0
8.2		0
8.3		0
8.4		0
8.5		0
8.6		0
8.7		0
8.8		0
8.9		0
9		0
9.1		0
9.2		0
9.3		0
9.4		0
9.5		0
9.6		0
9.7		0
9.8		0
9.9		0
10		0
10.1		0
10.2		0
10.3		0
10.4		0
10.5		0
10.6		0
10.7		0
10.8		0
10.9		0
11		0
11.1		0
11.2		0
11.3		0
11.4		0
11.5		0
11.6		0
11.7		0
11.8		0
11.9		0
12		0
12.1		0
12.2		0
12.3		0
12.4		0
12.5		0
12.6		0
12.7		0
12.8		0
12.9		0
13		0
13.1		0
13.2		0
13.3		0
13.4		0
13.5		0
13.6		0
13.7		0
13.8		0
13.9		0
14		0
14.1		0
14.2		0
14.3		0
14.4		0
14.5		0
14.6		0
14.7		0
14.8		0
14.9		0
15		0
15.1		0
15.2		0
15.3		0
15.4		0
15.5		0
15.6		0
15.7		0
15.8		0
15.9		0
16		0
16.1		0.00167595
16.2		0.00167595
16.3		0.00167595
16.4		0.00167595
16.5		0.00167595
16.6		0.00167595
16.7		0.00167595
16.8		0.00167595
16.9		0.00167595
17		0.00167595
17.1		0.00954133
17.2		0.00954133
17.3		0.00954133
17.4		0.00954133
17.5		0.00954133
17.6		0.00954133
17.7		0.00954133
17.8		0.00954133
17.9		0.00954133
18		0.00954133
18.1		0.011081
18.2		0.011081
18.3		0.011081
18.4		0.011081
18.5		0.011081
18.6		0.011081
18.7		0.011081
18.8		0.011081
18.9		0.011081
19		0.011081
19.1		0.0126139
19.2		0.0126139
19.3		0.0126139
19.4		0.0126139
19.5		0.0126139
19.6		0.0126139
19.7		0.0126139
19.8		0.0126139
19.9		0.0126139
20		0.0126139
20.1		0.0182719
20.2		0.0182719
20.3		0.0182719
20.4		0.0182719
20.5		0.0182719
20.6		0.0182719
20.7		0.0182719
20.8		0.0182719
20.9		0.0182719
21		0.0182719
21.1		0.0189975
21.2		0.0189975
21.3		0.0189975
21.4		0.0189975
21.5		0.0189975
21.6		0.0189975
21.7		0.0189975
21.8		0.0189975
21.9		0.0189975
22		0.0189975
22.1		0.020636
22.2		0.020636
22.3		0.020636
22.4		0.020636
22.5		0.020636
22.6		0.020636
22.7		0.020636
22.8		0.020636
22.9		0.020636
23		0.020636
23.1		0.0214535
23.2		0.0214535
23.3		0.0214535
23.4		0.0214535
23.5		0.0214535
23.6		0.0214535
23.7		0.0214535
23.8		0.0214535
23.9		0.0214535
24		0.0214535
24.1		0.0215693
24.2		0.0215693
24.3		0.0215693
24.4		0.0215693
24.5		0.0215693
24.6		0.0215693
24.7		0.0215693
24.8		0.0215693
24.9		0.0215693
25		0.0215693
25.1		0.0266823
25.2		0.0266823
25.3		0.0266823
25.4		0.0266823
25.5		0.0266823
25.6		0.0266823
25.7		0.0266823
25.8		0.0266823
25.9		0.0266823
26		0.0266823
26.1		0.0282697
26.2		0.0282697
26.3		0.0282697
26.4		0.0282697
26.5		0.0282697
26.6		0.0282697
26.7		0.0282697
26.8		0.0282697
26.9		0.0282697
27		0.0282697
27.1		0.0293359
27.2		0.0293359
27.3		0.0293359
27.4		0.0293359
27.5		0.0293359
27.6		0.0293359
27.7		0.0293359
27.8		0.0293359
27.9		0.0293359
28		0.0293359
28.1		0.0295505
28.2		0.0295505
28.3		0.0295505
28.4		0.0295505
28.5		0.0295505
28.6		0.0295505
28.7		0.0295505
28.8		0.0295505
28.9		0.0295505
29		0.0295505
29.1		0.0319623
29.2		0.0319623
29.3		0.0319623
29.4		0.0319623
29.5		0.0319623
29.6		0.0319623
29.7		0.0319623
29.8		0.0319623
29.9		0.0319623
30		0.0319623
30.1		0.0359682
30.2		0.0359682
30.3		0.0359682
30.4		0.0359682
30.5		0.0359682
30.6		0.0359682
30.7		0.0359682
30.8		0.0359682
30.9		0.0359682
31		0.0359682
31.1		0.0366937
31.2		0.0366937
31.3		0.0366937
31.4		0.0366937
31.5		0.0366937
31.6		0.0366937
31.7		0.0366937
31.8		0.0366937
31.9		0.0366937
32		0.0366937
32.1		0.037232
32.2		0.037232
32.3		0.037232
32.4		0.037232
32.5		0.037232
32.6		0.037232
32.7		0.037232
32.8		0.037232
32.9		0.037232
33		0.037232
33.1		0.0391532
33.2		0.0391532
33.3		0.0391532
33.4		0.0391532
33.5		0.0391532
33.6		0.0391532
33.7		0.0391532
33.8		0.0391532
33.9		0.0391532
34		0.0391532
34.1		0.0442457
34.2		0.0442457
34.3		0.0442457
34.4		0.0442457
34.5		0.0442457
34.6		0.0442457
34.7		0.0442457
34.8		0.0442457
34.9		0.0442457
35		0.0442457
35.1		0.0460205
35.2		0.0460205
35.3		0.0460205
35.4		0.0460205
35.5		0.0460205
35.6		0.0460205
35.7		0.0460205
35.8		0.0460205
35.9		0.0460205
36		0.0460205
36.1		0.0463032
36.2		0.0463032
36.3		0.0463032
36.4		0.0463032
36.5		0.0463032
36.6		0.0463032
36.7		0.0463032
36.8		0.0463032
36.9		0.0463032
37		0.0463032
37.1		0.0486502
37.2		0.0486502
37.3		0.0486502
37.4		0.0486502
37.5		0.0486502
37.6		0.0486502
37.7		0.0486502
37.8		0.0486502
37.9		0.0486502
38		0.0486502
38.1		0.0523189
38.2		0.0523189
38.3		0.0523189
38.4		0.0523189
38.5		0.0523189
38.6		0.0523189
38.7		0.0523189
38.8		0.0523189
38.9		0.0523189
39		0.0523189
39.1		0.0551428
39.2		0.0551428
39.3		0.0551428
39.4		0.0551428
39.5		0.0551428
39.6		0.0551428
39.7		0.0551428
39.8		0.0551428
39.9		0.0551428
40		0.0551428
40.1		0.0552518
40.2		0.0552518
40.3		0.0552518
40.4		0.0552518
40.5		0.0552518
40.6		0.0552518
40.7		0.0552518
40.8		0.0552518
40.9		0.0552518
41		0.0552518
41.1		0.0577964
41.2		0.0577964
41.3		0.0577964
41.4		0.0577964
41.5		0.0577964
41.6		0.0577964
41.7		0.0577964
41.8		0.0577964
41.9		0.0577964
42		0.0577964
42.1		0.06076
42.2		0.06076
42.3		0.06076
42.4		0.06076
42.5		0.06076
42.6		0.06076
42.7		0.06076
42.8		0.06076
42.9		0.06076
43		0.06076
43.1		0.0623303
43.2		0.0623303
43.3		0.0623303
43.4		0.0623303
43.5		0.0623303
43.6		0.0623303
43.7		0.0623303
43.8		0.0623303
43.9		0.0623303
44		0.0623303
44.1		0.0627084
44.2		0.0627084
44.3		0.0627084
44.4		0.0627084
44.5		0.0627084
44.6		0.0627084
44.7		0.0627084
44.8		0.0627084
44.9		0.0627084
45		0.0627084
45.1		0.0643026
45.2		0.0643026
45.3		0.0643026
45.4		0.0643026
45.5		0.0643026
45.6		0.0643026
45.7		0.0643026
45.8		0.0643026
45.9		0.0643026
46		0.0643026
46.1		0.0669971
46.2		0.0669971
46.3		0.0669971
46.4		0.0669971
46.5		0.0669971
46.6		0.0669971
46.7		0.0669971
46.8		0.0669971
46.9		0.0669971
47		0.0669971
47.1		0.0679373
47.2		0.0679373
47.3		0.0679373
47.4		0.0679373
47.5		0.0679373
47.6		0.0679373
47.7		0.0679373
47.8		0.0679373
47.9		0.0679373
48		0.0679373
48.1		0.0707339
48.2		0.0707339
48.3		0.0707339
48.4		0.0707339
48.5		0.0707339
48.6		0.0707339
48.7		0.0707339
48.8		0.0707339
48.9		0.0707339
49		0.0707339
49.1		0.0739564
49.2		0.0739564
49.3		0.0739564
49.4		0.0739564
49.5		0.0739564
49.6		0.0739564
49.7		0.0739564
49.8		0.0739564
49.9		0.0739564
50		0.0739564
50.1		0.0753802
50.2		0.0753802
50.3		0.0753802
50.4		0.0753802
50.5		0.0753802
50.6		0.0753802
50.7		0.0753802
50.8		0.0753802
50.9		0.0753802
51		0.0753802
51.1		0.0763647
51.2		0.0763647
51.3		0.0763647
51.4		0.0763647
51.5		0.0763647
51.6		0.0763647
51.7		0.0763647
51.8		0.0763647
51.9		0.0763647
52		0.0763647
52.1		0.0778976
52.2		0.0778976
52.3		0.0778976
52.4		0.0778976
52.5		0.0778976
52.6		0.0778976
52.7		0.0778976
52.8		0.0778976
52.9		0.0778976
53		0.0778976
53.1		0.0789093
53.2		0.0789093
53.3		0.0789093
53.4		0.0789093
53.5		0.0789093
53.6		0.0789093
53.7		0.0789093
53.8		0.0789093
53.9		0.0789093
54		0.0789093
54.1		0.0836203
54.2		0.0836203
54.3		0.0836203
54.4		0.0836203
54.5		0.0836203
54.6		0.0836203
54.7		0.0836203
54.8		0.0836203
54.9		0.0836203
55		0.0836203
55.1		0.0864136
55.2		0.0864136
55.3		0.0864136
55.4		0.0864136
55.5		0.0864136
55.6		0.0864136
55.7		0.0864136
55.8		0.0864136
55.9		0.0864136
56		0.0864136
56.1		0.0870029
56.2		0.0870029
56.3		0.0870029
56.4		0.0870029
56.5		0.0870029
56.6		0.0870029
56.7		0.0870029
56.8		0.0870029
56.9		0.0870029
57		0.0870029
57.1		0.0878204
57.2		0.0878204
57.3		0.0878204
57.4		0.0878204
57.5		0.0878204
57.6		0.0878204
57.7		0.0878204
57.8		0.0878204
57.9		0.0878204
58		0.0878204
58.1		0.0934887
58.2		0.0934887
58.3		0.0934887
58.4		0.0934887
58.5		0.0934887
58.6		0.0934887
58.7		0.0934887
58.8		0.0934887
58.9		0.0934887
59		0.0934887
59.1		0.0953894
59.2		0.0953894
59.3		0.0953894
59.4		0.0953894
59.5		0.0953894
59.6		0.0953894
59.7		0.0953894
59.8		0.0953894
59.9		0.0953894
60		0.0953894
60.1		0.0969189
60.2		0.0969189
60.3		0.0969189
60.4		0.0969189
60.5		0.0969189
60.6		0.0969189
60.7		0.0969189
60.8		0.0969189
60.9		0.0969189
61		0.0969189
61.1		0.0975968
61.2		0.0975968
61.3		0.0975968
61.4		0.0975968
61.5		0.0975968
61.6		0.0975968
61.7		0.0975968
61.8		0.0975968
61.9		0.0975968
62		0.0975968
62.1		0.0993102
62.2		0.0993102
62.3		0.0993102
62.4		0.0993102
62.5		0.0993102
62.6		0.0993102
62.7		0.0993102
62.8		0.0993102
62.9		0.0993102
63		0.0993102
63.1		0.103442
63.2		0.103442
63.3		0.103442
63.4		0.103442
63.5		0.103442
63.6		0.103442
63.7		0.103442
63.8		0.103442
63.9		0.103442
64		0.103442
64.1		0.10413
64.2		0.10413
64.3		0.10413
64.4		0.10413
64.5		0.10413
64.6		0.10413
64.7		0.10413
64.8		0.10413
64.9		0.10413
65		0.10413
65.1		0.109591
65.2		0.109591
65.3		0.109591
65.4		0.109591
65.5		0.109591
65.6		0.109591
65.7		0.109591
65.8		0.109591
65.9		0.109591
66		0.109591
66.1		0.109809
66.2		0.109809
66.3		0.109809
66.4		0.109809
66.5		0.109809
66.6		0.109809
66.7		0.109809
66.8		0.109809
66.9		0.109809
67		0.109809
67.1		0.11078
67.2		0.11078
67.3		0.11078
67.4		0.11078
67.5		0.11078
67.6		0.11078
67.7		0.11078
67.8		0.11078
67.9		0.11078
68		0.11078
68.1		0.113171
68.2		0.113171
68.3		0.113171
68.4		0.113171
68.5		0.113171
68.6		0.113171
68.7		0.113171
68.8		0.113171
68.9		0.113171
69		0.113171
69.1		0.116421
69.2		0.116421
69.3		0.116421
69.4		0.116421
69.5		0.116421
69.6		0.116421
69.7		0.116421
69.8		0.116421
69.9		0.116421
70		0.116421
70.1		0.117487
70.2		0.117487
70.3		0.117487
70.4		0.117487
70.5		0.117487
70.6		0.117487
70.7		0.117487
70.8		0.117487
70.9		0.117487
71		0.117487
71.1		0.120781
71.2		0.120781
71.3		0.120781
71.4		0.120781
71.5		0.120781
71.6		0.120781
71.7		0.120781
71.8		0.120781
71.9		0.120781
72		0.120781
72.1		0.122303
72.2		0.122303
72.3		0.122303
72.4		0.122303
72.5		0.122303
72.6		0.122303
72.7		0.122303
72.8		0.122303
72.9		0.122303
73		0.122303
73.1		0.123799
73.2		0.123799
73.3		0.123799
73.4		0.123799
73.5		0.123799
73.6		0.123799
73.7		0.123799
73.8		0.123799
73.9		0.123799
74		0.123799
74.1		0.125468
74.2		0.125468
74.3		0.125468
74.4		0.125468
74.5		0.125468
74.6		0.125468
74.7		0.125468
74.8		0.125468
74.9		0.125468
75		0.125468
75.1		0.126316
75.2		0.126316
75.3		0.126316
75.4		0.126316
75.5		0.126316
75.6		0.126316
75.7		0.126316
75.8		0.126316
75.9		0.126316
76		0.126316
76.1		0.132257
76.2		0.132257
76.3		0.132257
76.4		0.132257
76.5		0.132257
76.6		0.132257
76.7		0.132257
76.8		0.132257
76.9		0.132257
77		0.132257
77.1		0.134454
77.2		0.134454
77.3		0.134454
77.4		0.134454
77.5		0.134454
77.6		0.134454
77.7		0.134454
77.8		0.134454
77.9		0.134454
78		0.134454
78.1		0.135224
78.2		0.135224
78.3		0.135224
78.4		0.135224
78.5		0.135224
78.6		0.135224
78.7		0.135224
78.8		0.135224
78.9		0.135224
79		0.135224
79.1		0.135415
79.2		0.135415
79.3		0.135415
79.4		0.135415
79.5		0.135415
79.6		0.135415
79.7		0.135415
79.8		0.135415
79.9		0.135415
80		0.135415
80.1		0.139918
80.2		0.139918
80.3		0.139918
80.4		0.139918
80.5		0.139918
80.6		0.139918
80.7		0.139918
80.8		0.139918
80.9		0.139918
81		0.139918
81.1		0.141049
81.2		0.141049
81.3		0.141049
81.4		0.141049
81.5		0.141049
81.6		0.141049
81.7		0.141049
81.8		0.141049
81.9		0.141049
82		0.141049
82.1		0.143447
82.2		0.143447
82.3		0.143447
82.4		0.143447
82.5		0.143447
82.6		0.143447
82.7		0.143447
82.8		0.143447
82.9		0.143447
83		0.143447
83.1		0.143627
83.2		0.143627
83.3		0.143627
83.4		0.143627
83.5		0.143627
83.6		0.143627
83.7		0.143627
83.8		0.143627
83.9		0.143627
84		0.143627
84.1		0.147378
84.2		0.147378
84.3		0.147378
84.4		0.147378
84.5		0.147378
84.6		0.147378
84.7		0.147378
84.8		0.147378
84.9		0.147378
85		0.147378
85.1		0.148999
85.2		0.148999
85.3		0.148999
85.4		0.148999
85.5		0.148999
85.6		0.148999
85.7		0.148999
85.8		0.148999
85.9		0.148999
86		0.148999
86.1		0.152484
86.2		0.152484
86.3		0.152484
86.4		0.152484
86.5		0.152484
86.6		0.152484
86.7		0.152484
86.8		0.152484
86.9		0.152484
87		0.152484
87.1		0.152859
87.2		0.152859
87.3		0.152859
87.4		0.152859
87.5		0.152859
87.6		0.152859
87.7		0.152859
87.8		0.152859
87.9		0.152859
88		0.152859
88.1		0.155332
88.2		0.155332
88.3		0.155332
88.4		0.155332
88.5		0.155332
88.6		0.155332
88.7		0.155332
88.8		0.155332
88.9		0.155332
89		0.155332
89.1		0.15833
89.2		0.15833
89.3		0.15833
89.4		0.15833
89.5		0.15833
89.6		0.15833
89.7		0.15833
89.8		0.15833
89.9		0.15833
90		0.15833
90.1		0.159157
90.2		0.159157
90.3		0.159157
90.4		0.159157
90.5		0.159157
90.6		0.159157
90.7		0.159157
90.8		0.159157
90.9		0.159157
91		0.159157
91.1		0.160966
91.2		0.160966
91.3		0.160966
91.4		0.160966
91.5		0.160966
91.6		0.160966
91.7		0.160966
91.8		0.160966
91.9		0.160966
92		0.160966
92.1		0.164744
92.2		0.164744
92.3		0.164744
92.4		0.164744
92.5		0.164744
92.6		0.164744
92.7		0.164744
92.8		0.164744
92.9		0.164744
93		0.164744
93.1		0.165537
93.2		0.165537
93.3		0.165537
93.4		0.165537
93.5		0.165537
93.6		0.165537
93.7		0.165537
93.8		0.165537
93.9		0.165537
94		0.165537
94.1		0.168702
94.2		0.168702
94.3		0.168702
94.4		0.168702
94.5		0.168702
94.6		0.168702
94.7		0.168702
94.8		0.168702
94.9		0.168702
95		0.168702
95.1		0.170851
95.2		0.170851
95.3		0.170851
95.4		0.170851
95.5		0.170851
95.6		0.170851
95.7		0.170851
95.8		0.170851
95.9		0.170851
96		0.170851
96.1		0.171243
96.2		0.171243
96.3		0.171243
96.4		0.171243
96.5		0.171243
96.6		0.171243
96.7		0.171243
96.8		0.171243
96.9		0.171243
97		0.171243
97.1		0.174224
97.2		0.174224
97.3		0.174224
97.4		0.174224
97.5		0.174224
97.6		0.174224
97.7		0.174224
97.8		0.174224
97.9		0.174224
98		0.174224
98.1		0.178659
98.2		0.178659
98.3		0.178659
98.4		0.178659
98.5		0.178659
98.6		0.178659
98.7		0.178659
98.8		0.178659
98.9		0.178659
99		0.178659
99.1		0.179473
99.2		0.179473
99.3		0.179473
99.4		0.179473
99.5		0.179473
99.6		0.179473
99.7		0.179473
99.8		0.179473
99.9		0.179473
100		0.179473
100.1		0.181105
100.2		0.181105
100.3		0.181105
100.4		0.181105
100.5		0.181105
100.6		0.181105
100.7		0.181105
100.8		0.181105
100.9		0.181105
101		0.181105
101.1		0.181932
101.2		0.181932
101.3		0.181932
101.4		0.181932
101.5		0.181932
101.6		0.181932
101.7		0.181932
101.8		0.181932
101.9		0.181932
102		0.181932
102.1		0.185012
102.2		0.185012
102.3		0.185012
102.4		0.185012
102.5		0.185012
102.6		0.185012
102.7		0.185012
102.8		0.185012
102.9		0.185012
103		0.185012
103.1		0.187717
103.2		0.187717
103.3		0.187717
103.4		0.187717
103.5		0.187717
103.6		0.187717
103.7		0.187717
103.8		0.187717
103.9		0.187717
104		0.187717
104.1		0.190387
104.2		0.190387
104.3		0.190387
104.4		0.190387
104.5		0.190387
104.6		0.190387
104.7		0.190387
104.8		0.190387
104.9		0.190387
105		0.190387
105.1		0.191082
105.2		0.191082
105.3		0.191082
105.4		0.191082
105.5		0.191082
105.6		0.191082
105.7		0.191082
105.8		0.191082
105.9		0.191082
106		0.191082
106.1		0.194465
106.2		0.194465
106.3		0.194465
106.4		0.194465
106.5		0.194465
106.6		0.194465
106.7		0.194465
106.8		0.194465
106.9		0.194465
107		0.194465
107.1		0.196958
107.2		0.196958
107.3		0.196958
107.4		0.196958
107.5		0.196958
107.6		0.196958
107.7		0.196958
107.8		0.196958
107.9		0.196958
108		0.196958
108.1		0.19721
108.2		0.19721
108.3		0.19721
108.4		0.19721
108.5		0.19721
108.6		0.19721
108.7		0.19721
108.8		0.19721
108.9		0.19721
109		0.19721
109.1		0.198631
109.2		0.198631
109.3		0.198631
109.4		0.198631
109.5		0.198631
109.6		0.198631
109.7		0.198631
109.8		0.198631
109.9		0.198631
110		0.198631
110.1		0.201257
110.2		0.201257
110.3		0.201257
110.4		0.201257
110.5		0.201257
110.6		0.201257
110.7		0.201257
110.8		0.201257
110.9		0.201257
111		0.201257
111.1		0.204135
111.2		0.204135
111.3		0.204135
111.4		0.204135
111.5		0.204135
111.6		0.204135
111.7		0.204135
111.8		0.204135
111.9		0.204135
112		0.204135
112.1		0.205607
112.2		0.205607
112.3		0.205607
112.4		0.205607
112.5		0.205607
112.6		0.205607
112.7		0.205607
112.8		0.205607
112.9		0.205607
113		0.205607
113.1		0.208659
113.2		0.208659
113.3		0.208659
113.4		0.208659
113.5		0.208659
113.6		0.208659
113.7		0.208659
113.8		0.208659
113.9		0.208659
114		0.208659
114.1		0.210349
114.2		0.210349
114.3		0.210349
114.4		0.210349
114.5		0.210349
114.6		0.210349
114.7		0.210349
114.8		0.210349
114.9		0.210349
115		0.210349
115.1		0.212978
115.2		0.212978
115.3		0.212978
115.4		0.212978
115.5		0.212978
115.6		0.212978
115.7		0.212978
115.8		0.212978
115.9		0.212978
116		0.212978
116.1		0.213745
116.2		0.213745
116.3		0.213745
116.4		0.213745
116.5		0.213745
116.6		0.213745
116.7		0.213745
116.8		0.213745
116.9		0.213745
117		0.213745
117.1		0.215727
117.2		0.215727
117.3		0.215727
117.4		0.215727
117.5		0.215727
117.6		0.215727
117.7		0.215727
117.8		0.215727
117.9		0.215727
118		0.215727
118.1		0.218023
118.2		0.218023
118.3		0.218023
118.4		0.218023
118.5		0.218023
118.6		0.218023
118.7		0.218023
118.8		0.218023
118.9		0.218023
119		0.218023
119.1		0.220581
119.2		0.220581
119.3		0.220581
119.4		0.220581
119.5		0.220581
119.6		0.220581
119.7		0.220581
119.8		0.220581
119.9		0.220581
120		0.220581
120.1		0.222813
120.2		0.222813
120.3		0.222813
120.4		0.222813
120.5		0.222813
120.6		0.222813
120.7		0.222813
120.8		0.222813
120.9		0.222813
121		0.222813
121.1		0.224083
121.2		0.224083
121.3		0.224083
121.4		0.224083
121.5		0.224083
121.6		0.224083
121.7		0.224083
121.8		0.224083
121.9		0.224083
122		0.224083
122.1		0.225705
122.2		0.225705
122.3		0.225705
122.4		0.225705
122.5		0.225705
122.6		0.225705
122.7		0.225705
122.8		0.225705
122.9		0.225705
123		0.225705
123.1		0.227398
123.2		0.227398
123.3		0.227398
123.4		0.227398
123.5		0.227398
123.6		0.227398
123.7		0.227398
123.8		0.227398
123.9		0.227398
124		0.227398
124.1		0.23217
124.2		0.23217
124.3		0.23217
124.4		0.23217
124.5		0.23217
124.6		0.23217
124.7		0.23217
124.8		0.23217
124.9		0.23217
125		0.23217
125.1		0.232923
125.2		0.232923
125.3		0.232923
125.4		0.232923
125.5		0.232923
125.6		0.232923
125.7		0.232923
125.8		0.232923
125.9		0.232923
126		0.232923
126.1		0.233754
126.2		0.233754
126.3		0.233754
126.4		0.233754
126.5		0.233754
126.6		0.233754
126.7		0.233754
126.8		0.233754
126.9		0.233754
127		0.233754
127.1		0.236421
127.2		0.236421
127.3		0.236421
127.4		0.236421
127.5		0.236421
127.6		0.236421
127.7		0.236421
127.8		0.236421
127.9		0.236421
128		0.236421
128.1		0.2398
128.2		0.2398
128.3		0.2398
128.4		0.2398
128.5		0.2398
128.6		0.2398
128.7		0.2398
128.8		0.2398
128.9		0.2398
129		0.2398
129.1		0.241599
129.2		0.241599
129.3		0.241599
129.4		0.241599
129.5		0.241599
129.6		0.241599
129.7		0.241599
129.8		0.241599
129.9		0.241599
130		0.241599
130.1		0.243258
130.2		0.243258
130.3		0.243258
130.4		0.243258
130.5		0.243258
130.6		0.243258
130.7		0.243258
130.8		0.243258
130.9		0.243258
131		0.243258
131.1		0.246456
131.2		0.246456
131.3		0.246456
131.4		0.246456
131.5		0.246456
131.6		0.246456
131.7		0.246456
131.8		0.246456
131.9		0.246456
132		0.246456
132.1		0.248429
132.2		0.248429
132.3		0.248429
132.4		0.248429
132.5		0.248429
132.6		0.248429
132.7		0.248429
132.8		0.248429
132.9		0.248429
133		0.248429
133.1		0.249345
133.2		0.249345
133.3		0.249345
133.4		0.249345
133.5		0.249345
133.6		0.249345
133.7		0.249345
133.8		0.249345
133.9		0.249345
134		0.249345
134.1		0.251168
134.2		0.251168
134.3		0.251168
134.4		0.251168
134.5		0.251168
134.6		0.251168
134.7		0.251168
134.8		0.251168
134.9		0.251168
135		0.251168
135.1		0.252857
135.2		0.252857
135.3		0.252857
135.4		0.252857
135.5		0.252857
135.6		0.252857
135.7		0.252857
135.8		0.252857
135.9		0.252857
136		0.252857
136.1		0.258031
136.2		0.258031
136.3		0.258031
136.4		0.258031
136.5		0.258031
136.6		0.258031
136.7		0.258031
136.8		0.258031
136.9		0.258031
137		0.258031
137.1		0.259796
137.2		0.259796
137.3		0.259796
137.4		0.259796
137.5		0.259796
137.6		0.259796
137.7		0.259796
137.8		0.259796
137.9		0.259796
138		0.259796
138.1		0.262126
138.2		0.262126
138.3		0.262126
138.4		0.262126
138.5		0.262126
138.6		0.262126
138.7		0.262126
138.8		0.262126
138.9		0.262126
139		0.262126
139.1		0.262306
139.2		0.262306
139.3		0.262306
139.4		0.262306
139.5		0.262306
139.6		0.262306
139.7		0.262306
139.8		0.262306
139.9		0.262306
140		0.262306
140.1		0.265382
140.2		0.265382
140.3		0.265382
140.4		0.265382
140.5		0.265382
140.6		0.265382
140.7		0.265382
140.8		0.265382
140.9		0.265382
141		0.265382
141.1		0.267225
141.2		0.267225
141.3		0.267225
141.4		0.267225
141.5		0.267225
141.6		0.267225
141.7		0.267225
141.8		0.267225
141.9		0.267225
142		0.267225
142.1		0.269225
142.2		0.269225
142.3		0.269225
142.4		0.269225
142.5		0.269225
142.6		0.269225
142.7		0.269225
142.8		0.269225
142.9		0.269225
143		0.269225
143.1		0.270257
143.2		0.270257
143.3		0.270257
143.4		0.270257
143.5		0.270257
143.6		0.270257
143.7		0.270257
143.8		0.270257
143.9		0.270257
144		0.270257
144.1		0.273248
144.2		0.273248
144.3		0.273248
144.4		0.273248
144.5		0.273248
144.6		0.273248
144.7		0.273248
144.8		0.273248
144.9		0.273248
145		0.273248
145.1		0.274062
145.2		0.274062
145.3		0.274062
145.4		0.274062
145.5		0.274062
145.6		0.274062
145.7		0.274062
145.8		0.274062
145.9		0.274062
146		0.274062
146.1		0.276859
146.2		0.276859
146.3		0.276859
146.4		0.276859
146.5		0.276859
146.6		0.276859
146.7		0.276859
146.8		0.276859
146.9		0.276859
147		0.276859
147.1		0.277271
147.2		0.277271
147.3		0.277271
147.4		0.277271
147.5		0.277271
147.6		0.277271
147.7		0.277271
147.8		0.277271
147.9		0.277271
148		0.277271
148.1		0.281546
148.2		0.281546
148.3		0.281546
148.4		0.281546
148.5		0.281546
148.6		0.281546
148.7		0.281546
148.8		0.281546
148.9		0.281546
149		0.281546
149.1		0.283678
149.2		0.283678
149.3		0.283678
149.4		0.283678
149.5		0.283678
149.6		0.283678
149.7		0.283678
149.8		0.283678
149.9		0.283678
150		0.283678
150.1		0.285477
150.2		0.285477
150.3		0.285477
150.4		0.285477
150.5		0.285477
150.6		0.285477
150.7		0.285477
150.8		0.285477
150.9		0.285477
151		0.285477
151.1		0.287098
151.2		0.287098
151.3		0.287098
151.4		0.287098
151.5		0.287098
151.6		0.287098
151.7		0.287098
151.8		0.287098
151.9		0.287098
152		0.287098
152.1		0.287698
152.2		0.287698
152.3		0.287698
152.4		0.287698
152.5		0.287698
152.6		0.287698
152.7		0.287698
152.8		0.287698
152.9		0.287698
153		0.287698
153.1		0.293107
153.2		0.293107
153.3		0.293107
153.4		0.293107
153.5		0.293107
153.6		0.293107
153.7		0.293107
153.8		0.293107
153.9		0.293107
154		0.293107
154.1		0.29353
154.2		0.29353
154.3		0.29353
154.4		0.29353
154.5		0.29353
154.6		0.29353
154.7		0.29353
154.8		0.29353
154.9		0.29353
155		0.29353
155.1		0.29603
155.2		0.29603
155.3		0.29603
155.4		0.29603
155.5		0.29603
155.6		0.29603
155.7		0.29603
155.8		0.29603
155.9		0.29603
156		0.29603
156.1		0.29727
156.2		0.29727
156.3		0.29727
156.4		0.29727
156.5		0.29727
156.6		0.29727
156.7		0.29727
156.8		0.29727
156.9		0.29727
157		0.29727
157.1		0.29835
157.2		0.29835
157.3		0.29835
157.4		0.29835
157.5		0.29835
157.6		0.29835
157.7		0.29835
157.8		0.29835
157.9		0.29835
158		0.29835
158.1		0.301875
158.2		0.301875
158.3		0.301875
158.4		0.301875
158.5		0.301875
158.6		0.301875
158.7		0.301875
158.8		0.301875
158.9		0.301875
159		0.301875
159.1		0.302093
159.2		0.302093
159.3		0.302093
159.4		0.302093
159.5		0.302093
159.6		0.302093
159.7		0.302093
159.8		0.302093
159.9		0.302093
160		0.302093
160.1		0.303994
160.2		0.303994
160.3		0.303994
160.4		0.303994
160.5		0.303994
160.6		0.303994
160.7		0.303994
160.8		0.303994
160.9		0.303994
161		0.303994
161.1		0.307128
161.2		0.307128
161.3		0.307128
161.4		0.307128
161.5		0.307128
161.6		0.307128
161.7		0.307128
161.8		0.307128
161.9		0.307128
162		0.307128
162.1		0.311474
162.2		0.311474
162.3		0.311474
162.4		0.311474
162.5		0.311474
162.6		0.311474
162.7		0.311474
162.8		0.311474
162.9		0.311474
163		0.311474
163.1		0.311669
163.2		0.311669
163.3		0.311669
163.4		0.311669
163.5		0.311669
163.6		0.311669
163.7		0.311669
163.8		0.311669
163.9		0.311669
164		0.311669
164.1		0.312462
164.2		0.312462
164.3		0.312462
164.4		0.312462
164.5		0.312462
164.6		0.312462
164.7		0.312462
164.8		0.312462
164.9		0.312462
165		0.312462
165.1		0.313586
165.2		0.313586
165.3		0.313586
165.4		0.313586
165.5		0.313586
165.6		0.313586
165.7		0.313586
165.8		0.313586
165.9		0.313586
166		0.313586
166.1		0.31917
166.2		0.31917
166.3		0.31917
166.4		0.31917
166.5		0.31917
166.6		0.31917
166.7		0.31917
166.8		0.31917
166.9		0.31917
167		0.31917
167.1		0.319946
167.2		0.319946
167.3		0.319946
167.4		0.319946
167.5		0.319946
167.6		0.319946
167.7		0.319946
167.8		0.319946
167.9		0.319946
168		0.319946
168.1		0.32088
168.2		0.32088
168.3		0.32088
168.4		0.32088
168.5		0.32088
168.6		0.32088
168.7		0.32088
168.8		0.32088
168.9		0.32088
169		0.32088
169.1		0.324436
169.2		0.324436
169.3		0.324436
169.4		0.324436
169.5		0.324436
169.6		0.324436
169.7		0.324436
169.8		0.324436
169.9		0.324436
170		0.324436
170.1		0.328036
170.2		0.328036
170.3		0.328036
170.4		0.328036
170.5		0.328036
170.6		0.328036
170.7		0.328036
170.8		0.328036
170.9		0.328036
171		0.328036
171.1		0.328554
171.2		0.328554
171.3		0.328554
171.4		0.328554
171.5		0.328554
171.6		0.328554
171.7		0.328554
171.8		0.328554
171.9		0.328554
172		0.328554
172.1		0.329893
172.2		0.329893
172.3		0.329893
172.4		0.329893
172.5		0.329893
172.6		0.329893
172.7		0.329893
172.8		0.329893
172.9		0.329893
173		0.329893
173.1		0.330104
173.2		0.330104
173.3		0.330104
173.4		0.330104
173.5		0.330104
173.6		0.330104
173.7		0.330104
173.8		0.330104
173.9		0.330104
174		0.330104
174.1		0.335006
174.2		0.335006
174.3		0.335006
174.4		0.335006
174.5		0.335006
174.6		0.335006
174.7		0.335006
174.8		0.335006
174.9		0.335006
175		0.335006
175.1		0.33846
175.2		0.33846
175.3		0.33846
175.4		0.33846
175.5		0.33846
175.6		0.33846
175.7		0.33846
175.8		0.33846
175.9		0.33846
176		0.33846
176.1		0.339448
176.2		0.339448
176.3		0.339448
176.4		0.339448
176.5		0.339448
176.6		0.339448
176.7		0.339448
176.8		0.339448
176.9		0.339448
177		0.339448
177.1		0.339557
177.2		0.339557
177.3		0.339557
177.4		0.339557
177.5		0.339557
177.6		0.339557
177.7		0.339557
177.8		0.339557
177.9		0.339557
178		0.339557
178.1		0.344489
178.2		0.344489
178.3		0.344489
178.4		0.344489
178.5		0.344489
178.6		0.344489
178.7		0.344489
178.8		0.344489
178.9		0.344489
179		0.344489
179.1		0.346414
179.2		0.346414
179.3		0.346414
179.4		0.346414
179.5		0.346414
179.6		0.346414
179.7		0.346414
179.8		0.346414
179.9		0.346414
180		0.346414
180.1		0.347851
180.2		0.347851
180.3		0.347851
180.4		0.347851
180.5		0.347851
180.6		0.347851
180.7		0.347851
180.8		0.347851
180.9		0.347851
181		0.347851
181.1		0.349793
181.2		0.349793
181.3		0.349793
181.4		0.349793
181.5		0.349793
181.6		0.349793
181.7		0.349793
181.8		0.349793
181.9		0.349793
182		0.349793
182.1		0.350825
182.2		0.350825
182.3		0.350825
182.4		0.350825
182.5		0.350825
182.6		0.350825
182.7		0.350825
182.8		0.350825
182.9		0.350825
183		0.350825
183.1		0.35399
183.2		0.35399
183.3		0.35399
183.4		0.35399
183.5		0.35399
183.6		0.35399
183.7		0.35399
183.8		0.35399
183.9		0.35399
184		0.35399
184.1		0.35433
184.2		0.35433
184.3		0.35433
184.4		0.35433
184.5		0.35433
184.6		0.35433
184.7		0.35433
184.8		0.35433
184.9		0.35433
185		0.35433
185.1		0.356241
185.2		0.356241
185.3		0.356241
185.4		0.356241
185.5		0.356241
185.6		0.356241
185.7		0.356241
185.8		0.356241
185.9		0.356241
186		0.356241
186.1		0.361072
186.2		0.361072
186.3		0.361072
186.4		0.361072
186.5		0.361072
186.6		0.361072
186.7		0.361072
186.8		0.361072
186.9		0.361072
187		0.361072
187.1		0.361293
187.2		0.361293
187.3		0.361293
187.4		0.361293
187.5		0.361293
187.6		0.361293
187.7		0.361293
187.8		0.361293
187.9		0.361293
188		0.361293
188.1		0.364458
188.2		0.364458
188.3		0.364458
188.4		0.364458
188.5		0.364458
188.6		0.364458
188.7		0.364458
188.8		0.364458
188.9		0.364458
189		0.364458
189.1		0.365302
189.2		0.365302
189.3		0.365302
189.4		0.365302
189.5		0.365302
189.6		0.365302
189.7		0.365302
189.8		0.365302
189.9		0.365302
190		0.365302
190.1		0.366202
190.2		0.366202
190.3		0.366202
190.4		0.366202
190.5		0.366202
190.6		0.366202
190.7		0.366202
190.8		0.366202
190.9		0.366202
191		0.366202
191.1		0.368603
191.2		0.368603
191.3		0.368603
191.4		0.368603
191.5		0.368603
191.6		0.368603
191.7		0.368603
191.8		0.368603
191.9		0.368603
192		0.368603
192.1		0.372793
192.2		0.372793
192.3		0.372793
192.4		0.372793
192.5		0.372793
192.6		0.372793
192.7		0.372793
192.8		0.372793
192.9		0.372793
193		0.372793
193.1		0.374813
193.2		0.374813
193.3		0.374813
193.4		0.374813
193.5		0.374813
193.6		0.374813
193.7		0.374813
193.8		0.374813
193.9		0.374813
194		0.374813
194.1		0.376424
194.2		0.376424
194.3		0.376424
194.4		0.376424
194.5		0.376424
194.6		0.376424
194.7		0.376424
194.8		0.376424
194.9		0.376424
195		0.376424
195.1		0.377606
195.2		0.377606
195.3		0.377606
195.4		0.377606
195.5		0.377606
195.6		0.377606
195.7		0.377606
195.8		0.377606
195.9		0.377606
196		0.377606
196.1		0.382753
196.2		0.382753
196.3		0.382753
196.4		0.382753
196.5		0.382753
196.6		0.382753
196.7		0.382753
196.8		0.382753
196.9		0.382753
197		0.382753
197.1		0.382995
197.2		0.382995
197.3		0.382995
197.4		0.382995
197.5		0.382995
197.6		0.382995
197.7		0.382995
197.8		0.382995
197.9		0.382995
198		0.382995
198.1		0.383251
198.2		0.383251
198.3		0.383251
198.4		0.383251
198.5		0.383251
198.6		0.383251
198.7		0.383251
198.8		0.383251
198.9		0.383251
199		0.383251
199.1		0.387097
199.2		0.387097
199.3		0.387097
199.4		0.387097
199.5		0.387097
199.6		0.387097
199.7		0.387097
199.8		0.387097
199.9		0.387097
200		0.387097
200.1		0.389777
200.2		0.389777
200.3		0.389777
200.4		0.389777
200.5		0.389777
200.6		0.389777
200.7		0.389777
200.8		0.389777
200.9		0.389777
201		0.389777
201.1		0.390581
201.2		0.390581
201.3		0.390581
201.4		0.390581
201.5		0.390581
201.6		0.390581
201.7		0.390581
201.8		0.390581
201.9		0.390581
202		0.390581
202.1		0.392128
202.2		0.392128
202.3		0.392128
202.4		0.392128
202.5		0.392128
202.6		0.392128
202.7		0.392128
202.8		0.392128
202.9		0.392128
203		0.392128
203.1		0.394414
203.2		0.394414
203.3		0.394414
203.4		0.394414
203.5		0.394414
203.6		0.394414
203.7		0.394414
203.8		0.394414
203.9		0.394414
204		0.394414
204.1		0.398825
204.2		0.398825
204.3		0.398825
204.4		0.398825
204.5		0.398825
204.6		0.398825
204.7		0.398825
204.8		0.398825
204.9		0.398825
205		0.398825
205.1		0.400095
205.2		0.400095
205.3		0.400095
205.4		0.400095
205.5		0.400095
205.6		0.400095
205.7		0.400095
205.8		0.400095
205.9		0.400095
206		0.400095
206.1		0.400753
206.2		0.400753
206.3		0.400753
206.4		0.400753
206.5		0.400753
206.6		0.400753
206.7		0.400753
206.8		0.400753
206.9		0.400753
207		0.400753
207.1		0.40109
207.2		0.40109
207.3		0.40109
207.4		0.40109
207.5		0.40109
207.6		0.40109
207.7		0.40109
207.8		0.40109
207.9		0.40109
208		0.40109
208.1		0.408632
208.2		0.408632
208.3		0.408632
208.4		0.408632
208.5		0.408632
208.6		0.408632
208.7		0.408632
208.8		0.408632
208.9		0.408632
209		0.408632
209.1		0.408898
209.2		0.408898
209.3		0.408898
209.4		0.408898
209.5		0.408898
209.6		0.408898
209.7		0.408898
209.8		0.408898
209.9		0.408898
210		0.408898
210.1		0.409354
210.2		0.409354
210.3		0.409354
210.4		0.409354
210.5		0.409354
210.6		0.409354
210.7		0.409354
210.8		0.409354
210.9		0.409354
211		0.409354
211.1		0.411384
211.2		0.411384
211.3		0.411384
211.4		0.411384
211.5		0.411384
211.6		0.411384
211.7		0.411384
211.8		0.411384
211.9		0.411384
212		0.411384
212.1		0.416146
212.2		0.416146
212.3		0.416146
212.4		0.416146
212.5		0.416146
212.6		0.416146
212.7		0.416146
212.8		0.416146
212.9		0.416146
213		0.416146
213.1		0.418153
213.2		0.418153
213.3		0.418153
213.4		0.418153
213.5		0.418153
213.6		0.418153
213.7		0.418153
213.8		0.418153
213.9		0.418153
214		0.418153
214.1		0.419665
214.2		0.419665
214.3		0.419665
214.4		0.419665
214.5		0.419665
214.6		0.419665
214.7		0.419665
214.8		0.419665
214.9		0.419665
215		0.419665
215.1		0.420622
215.2		0.420622
215.3		0.420622
215.4		0.420622
215.5		0.420622
215.6		0.420622
215.7		0.420622
215.8		0.420622
215.9		0.420622
216		0.420622
216.1		0.424553
216.2		0.424553
216.3		0.424553
216.4		0.424553
216.5		0.424553
216.6		0.424553
216.7		0.424553
216.8		0.424553
216.9		0.424553
217		0.424553
217.1		0.426607
217.2		0.426607
217.3		0.426607
217.4		0.426607
217.5		0.426607
217.6		0.426607
217.7		0.426607
217.8		0.426607
217.9		0.426607
218		0.426607
218.1		0.429942
218.2		0.429942
218.3		0.429942
218.4		0.429942
218.5		0.429942
218.6		0.429942
218.7		0.429942
218.8		0.429942
218.9		0.429942
219		0.429942
219.1		0.431261
219.2		0.431261
219.3		0.431261
219.4		0.431261
219.5		0.431261
219.6		0.431261
219.7		0.431261
219.8		0.431261
219.9		0.431261
220		0.431261
220.1		0.43262
220.2		0.43262
220.3		0.43262
220.4		0.43262
220.5		0.43262
220.6		0.43262
220.7		0.43262
220.8		0.43262
220.9		0.43262
221		0.43262
221.1		0.436391
221.2		0.436391
221.3		0.436391
221.4		0.436391
221.5		0.436391
221.6		0.436391
221.7		0.436391
221.8		0.436391
221.9		0.436391
222		0.436391
222.1		0.437348
222.2		0.437348
222.3		0.437348
222.4		0.437348
222.5		0.437348
222.6		0.437348
222.7		0.437348
222.8		0.437348
222.9		0.437348
223		0.437348
223.1		0.439095
223.2		0.439095
223.3		0.439095
223.4		0.439095
223.5		0.439095
223.6		0.439095
223.7		0.439095
223.8		0.439095
223.9		0.439095
224		0.439095
224.1		0.440349
224.2		0.440349
224.3		0.440349
224.4		0.440349
224.5		0.440349
224.6		0.440349
224.7		0.440349
224.8		0.440349
224.9		0.440349
225		0.440349
225.1		0.441742
225.2		0.441742
225.3		0.441742
225.4		0.441742
225.5		0.441742
225.6		0.441742
225.7		0.441742
225.8		0.441742
225.9		0.441742
226		0.441742
226.1		0.446228
226.2		0.446228
226.3		0.446228
226.4		0.446228
226.5		0.446228
226.6		0.446228
226.7		0.446228
226.8		0.446228
226.9		0.446228
227		0.446228
227.1		0.44802
227.2		0.44802
227.3		0.44802
227.4		0.44802
227.5		0.44802
227.6		0.44802
227.7		0.44802
227.8		0.44802
227.9		0.44802
228		0.44802
228.1		0.448494
228.2		0.448494
228.3		0.448494
228.4		0.448494
228.5		0.448494
228.6		0.448494
228.7		0.448494
228.8		0.448494
228.9		0.448494
229		0.448494
229.1		0.450343
229.2		0.450343
229.3		0.450343
229.4		0.450343
229.5		0.450343
229.6		0.450343
229.7		0.450343
229.8		0.450343
229.9		0.450343
230		0.450343
230.1		0.455436
230.2		0.455436
230.3		0.455436
230.4		0.455436
230.5		0.455436
230.6		0.455436
230.7		0.455436
230.8		0.455436
230.9		0.455436
231		0.455436
231.1		0.45639
231.2		0.45639
231.3		0.45639
231.4		0.45639
231.5		0.45639
231.6		0.45639
231.7		0.45639
231.8		0.45639
231.9		0.45639
232		0.45639
232.1		0.457013
232.2		0.457013
232.3		0.457013
232.4		0.457013
232.5		0.457013
232.6		0.457013
232.7		0.457013
232.8		0.457013
232.9		0.457013
233		0.457013
233.1		0.460286
233.2		0.460286
233.3		0.460286
233.4		0.460286
233.5		0.460286
233.6		0.460286
233.7		0.460286
233.8		0.460286
233.9		0.460286
234		0.460286
234.1		0.462419
234.2		0.462419
234.3		0.462419
234.4		0.462419
234.5		0.462419
234.6		0.462419
234.7		0.462419
234.8		0.462419
234.9		0.462419
235		0.462419
235.1		0.462616
235.2		0.462616
235.3		0.462616
235.4		0.462616
235.5		0.462616
235.6		0.462616
235.7		0.462616
235.8		0.462616
235.9		0.462616
236		0.462616
236.1		0.465883
236.2		0.465883
236.3		0.465883
236.4		0.465883
236.5		0.465883
236.6		0.465883
236.7		0.465883
236.8		0.465883
236.9		0.465883
237		0.465883
237.1		0.467917
237.2		0.467917
237.3		0.467917
237.4		0.467917
237.5		0.467917
237.6		0.467917
237.7		0.467917
237.8		0.467917
237.9		0.467917
238		0.467917
238.1		0.472427
238.2		0.472427
238.3		0.472427
238.4		0.472427
238.5		0.472427
238.6		0.472427
238.7		0.472427
238.8		0.472427
238.9		0.472427
239		0.472427
239.1		0.473013
239.2		0.473013
239.3		0.473013
239.4		0.473013
239.5		0.473013
239.6		0.473013
239.7		0.473013
239.8		0.473013
239.9		0.473013
240		0.473013
240.1		0.474185
240.2		0.474185
240.3		0.474185
240.4		0.474185
240.5		0.474185
240.6		0.474185
240.7		0.474185
240.8		0.474185
240.9		0.474185
241		0.474185
241.1		0.475646
241.2		0.475646
241.3		0.475646
241.4		0.475646
241.5		0.475646
241.6		0.475646
241.7		0.475646
241.8		0.475646
241.9		0.475646
242		0.475646
242.1		0.479417
242.2		0.479417
242.3		0.479417
242.4		0.479417
242.5		0.479417
242.6		0.479417
242.7		0.479417
242.8		0.479417
242.9		0.479417
243		0.479417
243.1		0.481209
243.2		0.481209
243.3		0.481209
243.4		0.481209
243.5		0.481209
243.6		0.481209
243.7		0.481209
243.8		0.481209
243.9		0.481209
244		0.481209
244.1		0.483654
244.2		0.483654
244.3		0.483654
244.4		0.483654
244.5		0.483654
244.6		0.483654
244.7		0.483654
244.8		0.483654
244.9		0.483654
245		0.483654
245.1		0.484189
245.2		0.484189
245.3		0.484189
245.4		0.484189
245.5		0.484189
245.6		0.484189
245.7		0.484189
245.8		0.484189
245.9		0.484189
246		0.484189
246.1		0.487766
246.2		0.487766
246.3		0.487766
246.4		0.487766
246.5		0.487766
246.6		0.487766
246.7		0.487766
246.8		0.487766
246.9		0.487766
247		0.487766
247.1		0.489684
247.2		0.489684
247.3		0.489684
247.4		0.489684
247.5		0.489684
247.6		0.489684
247.7		0.489684
247.8		0.489684
247.9		0.489684
248		0.489684
248.1		0.490287
248.2		0.490287
248.3		0.490287
248.4		0.490287
248.5		0.490287
248.6		0.490287
248.7		0.490287
248.8		0.490287
248.9		0.490287
249		0.490287
249.1		0.493097
249.2		0.493097
249.3		0.493097
249.4		0.493097
249.5		0.493097
249.6		0.493097
249.7		0.493097
249.8		0.493097
249.9		0.493097
250		0.493097
250.1		0.4937
250.2		0.4937
250.3		0.4937
250.4		0.4937
250.5		0.4937
250.6		0.4937
250.7		0.4937
250.8		0.4937
250.9		0.4937
251		0.4937
251.1		0.50023
251.2		0.50023
251.3		0.50023
251.4		0.50023
251.5		0.50023
251.6		0.50023
251.7		0.50023
251.8		0.50023
251.9		0.50023
252		0.50023
252.1		0.50085
252.2		0.50085
252.3		0.50085
252.4		0.50085
252.5		0.50085
252.6		0.50085
252.7		0.50085
252.8		0.50085
252.9		0.50085
253		0.50085
253.1		0.501177
253.2		0.501177
253.3		0.501177
253.4		0.501177
253.5		0.501177
253.6		0.501177
253.7		0.501177
253.8		0.501177
253.9		0.501177
254		0.501177
254.1		0.501824
254.2		0.501824
254.3		0.501824
254.4		0.501824
254.5		0.501824
254.6		0.501824
254.7		0.501824
254.8		0.501824
254.9		0.501824
255		0.501824
255.1		0.503687
255.2		0.503687
255.3		0.503687
255.4		0.503687
255.5		0.503687
255.6		0.503687
255.7		0.503687
255.8		0.503687
255.9		0.503687
256		0.503687
256.1		0.50846
256.2		0.50846
256.3		0.50846
256.4		0.50846
256.5		0.50846
256.6		0.50846
256.7		0.50846
256.8		0.50846
256.9		0.50846
257		0.50846
257.1		0.510136
257.2		0.510136
257.3		0.510136
257.4		0.510136
257.5		0.510136
257.6		0.510136
257.7		0.510136
257.8		0.510136
257.9		0.510136
258		0.510136
258.1		0.511883
258.2		0.511883
258.3		0.511883
258.4		0.511883
258.5		0.511883
258.6		0.511883
258.7		0.511883
258.8		0.511883
258.9		0.511883
259		0.511883
259.1		0.512605
259.2		0.512605
259.3		0.512605
259.4		0.512605
259.5		0.512605
259.6		0.512605
259.7		0.512605
259.8		0.512605
259.9		0.512605
260		0.512605
260.1		0.517787
260.2		0.517787
260.3		0.517787
260.4		0.517787
260.5		0.517787
260.6		0.517787
260.7		0.517787
260.8		0.517787
260.9		0.517787
261		0.517787
261.1		0.518349
261.2		0.518349
261.3		0.518349
261.4		0.518349
261.5		0.518349
261.6		0.518349
261.7		0.518349
261.8		0.518349
261.9		0.518349
262		0.518349
262.1		0.51935
262.2		0.51935
262.3		0.51935
262.4		0.51935
262.5		0.51935
262.6		0.51935
262.7		0.51935
262.8		0.51935
262.9		0.51935
263		0.51935
263.1		0.52216
263.2		0.52216
263.3		0.52216
263.4		0.52216
263.5		0.52216
263.6		0.52216
263.7		0.52216
263.8		0.52216
263.9		0.52216
264		0.52216
264.1		0.524773
264.2		0.524773
264.3		0.524773
264.4		0.524773
264.5		0.524773
264.6		0.524773
264.7		0.524773
264.8		0.524773
264.9		0.524773
265		0.524773
265.1		0.527277
265.2		0.527277
265.3		0.527277
265.4		0.527277
265.5		0.527277
265.6		0.527277
265.7		0.527277
265.8		0.527277
265.9		0.527277
266		0.527277
266.1		0.529808
266.2		0.529808
266.3		0.529808
266.4		0.529808
266.5		0.529808
266.6		0.529808
266.7		0.529808
266.8		0.529808
266.9		0.529808
267		0.529808
267.1		0.530125
267.2		0.530125
267.3		0.530125
267.4		0.530125
267.5		0.530125
267.6		0.530125
267.7		0.530125
267.8		0.530125
267.9		0.530125
268		0.530125
268.1		0.53133
268.2		0.53133
268.3		0.53133
268.4		0.53133
268.5		0.53133
268.6		0.53133
268.7		0.53133
268.8		0.53133
268.9		0.53133
269		0.53133
269.1		0.534825
269.2		0.534825
269.3		0.534825
269.4		0.534825
269.5		0.534825
269.6		0.534825
269.7		0.534825
269.8		0.534825
269.9		0.534825
270		0.534825
270.1		0.535299
270.2		0.535299
270.3		0.535299
270.4		0.535299
270.5		0.535299
270.6		0.535299
270.7		0.535299
270.8		0.535299
270.9		0.535299
271		0.535299
271.1		0.539724
271.2		0.539724
271.3		0.539724
271.4		0.539724
271.5		0.539724
271.6		0.539724
271.7		0.539724
271.8		0.539724
271.9		0.539724
272		0.539724
272.1		0.540623
272.2		0.540623
272.3		0.540623
272.4		0.540623
272.5		0.540623
272.6		0.540623
272.7		0.540623
272.8		0.540623
272.9		0.540623
273		0.540623
273.1		0.542064
273.2		0.542064
273.3		0.542064
273.4		0.542064
273.5		0.542064
273.6		0.542064
273.7		0.542064
273.8		0.542064
273.9		0.542064
274		0.542064
274.1		0.545487
274.2		0.545487
274.3		0.545487
274.4		0.545487
274.5		0.545487
274.6		0.545487
274.7		0.545487
274.8		0.545487
274.9		0.545487
275		0.545487
275.1		0.546254
275.2		0.546254
275.3		0.546254
275.4		0.546254
275.5		0.546254
275.6		0.546254
275.7		0.546254
275.8		0.546254
275.9		0.546254
276		0.546254
276.1		0.54792
276.2		0.54792
276.3		0.54792
276.4		0.54792
276.5		0.54792
276.6		0.54792
276.7		0.54792
276.8		0.54792
276.9		0.54792
277		0.54792
277.1		0.550955
277.2		0.550955
277.3		0.550955
277.4		0.550955
277.5		0.550955
277.6		0.550955
277.7		0.550955
277.8		0.550955
277.9		0.550955
278		0.550955
278.1		0.554664
278.2		0.554664
278.3		0.554664
278.4		0.554664
278.5		0.554664
278.6		0.554664
278.7		0.554664
278.8		0.554664
278.9		0.554664
279		0.554664
279.1		0.555625
279.2		0.555625
279.3		0.555625
279.4		0.555625
279.5		0.555625
279.6		0.555625
279.7		0.555625
279.8		0.555625
279.9		0.555625
280		0.555625
280.1		0.557403
280.2		0.557403
280.3		0.557403
280.4		0.557403
280.5		0.557403
280.6		0.557403
280.7		0.557403
280.8		0.557403
280.9		0.557403
281		0.557403
281.1		0.557583
281.2		0.557583
281.3		0.557583
281.4		0.557583
281.5		0.557583
281.6		0.557583
281.7		0.557583
281.8		0.557583
281.9		0.557583
282		0.557583
282.1		0.561968
282.2		0.561968
282.3		0.561968
282.4		0.561968
282.5		0.561968
282.6		0.561968
282.7		0.561968
282.8		0.561968
282.9		0.561968
283		0.561968
283.1		0.566648
283.2		0.566648
283.3		0.566648
283.4		0.566648
283.5		0.566648
283.6		0.566648
283.7		0.566648
283.8		0.566648
283.9		0.566648
284		0.566648
284.1		0.56766
284.2		0.56766
284.3		0.56766
284.4		0.56766
284.5		0.56766
284.6		0.56766
284.7		0.56766
284.8		0.56766
284.9		0.56766
285		0.56766
285.1		0.571887
285.2		0.571887
285.3		0.571887
285.4		0.571887
285.5		0.571887
285.6		0.571887
285.7		0.571887
285.8		0.571887
285.9		0.571887
286		0.571887
286.1		0.572108
286.2		0.572108
286.3		0.572108
286.4		0.572108
286.5		0.572108
286.6		0.572108
286.7		0.572108
286.8		0.572108
286.9		0.572108
287		0.572108
287.1		0.573508
287.2		0.573508
287.3		0.573508
287.4		0.573508
287.5		0.573508
287.6		0.573508
287.7		0.573508
287.8		0.573508
287.9		0.573508
288		0.573508
288.1		0.576843
288.2		0.576843
288.3		0.576843
288.4		0.576843
288.5		0.576843
288.6		0.576843
288.7		0.576843
288.8		0.576843
288.9		0.576843
289		0.576843
289.1		0.581905
289.2		0.581905
289.3		0.581905
289.4		0.581905
289.5		0.581905
289.6		0.581905
289.7		0.581905
289.8		0.581905
289.9		0.581905
290		0.581905
290.1		0.583476
290.2		0.583476
290.3		0.583476
290.4		0.583476
290.5		0.583476
290.6		0.583476
290.7		0.583476
290.8		0.583476
290.9		0.583476
291		0.583476
291.1		0.583769
291.2		0.583769
291.3		0.583769
291.4		0.583769
291.5		0.583769
291.6		0.583769
291.7		0.583769
291.8		0.583769
291.9		0.583769
292		0.583769
292.1		0.584082
292.2		0.584082
292.3		0.584082
292.4		0.584082
292.5		0.584082
292.6		0.584082
292.7		0.584082
292.8		0.584082
292.9		0.584082
293		0.584082
293.1		0.587563
293.2		0.587563
293.3		0.587563
293.4		0.587563
293.5		0.587563
293.6		0.587563
293.7		0.587563
293.8		0.587563
293.9		0.587563
294		0.587563
294.1		0.587751
294.2		0.587751
294.3		0.587751
294.4		0.587751
294.5		0.587751
294.6		0.587751
294.7		0.587751
294.8		0.587751
294.9		0.587751
295		0.587751
295.1		0.590925
295.2		0.590925
295.3		0.590925
295.4		0.590925
295.5		0.590925
295.6		0.590925
295.7		0.590925
295.8		0.590925
295.9		0.590925
296		0.590925
296.1		0.595258
296.2		0.595258
296.3		0.595258
296.4		0.595258
296.5		0.595258
296.6		0.595258
296.7		0.595258
296.8		0.595258
296.9		0.595258
297		0.595258
297.1		0.597009
297.2		0.597009
297.3		0.597009
297.4		0.597009
297.5		0.597009
297.6		0.597009
297.7		0.597009
297.8		0.597009
297.9		0.597009
298		0.597009
298.1		0.598126
298.2		0.598126
298.3		0.598126
298.4		0.598126
298.5		0.598126
298.6		0.598126
298.7		0.598126
298.8		0.598126
298.9		0.598126
299		0.598126
299.1		0.604268
299.2		0.604268
299.3		0.604268
299.4		0.604268
299.5		0.604268
299.6		0.604268
299.7		0.604268
299.8		0.604268
299.9		0.604268
300		0.604268
300.1		0.605171
300.2		0.605171
300.3		0.605171
300.4		0.605171
300.5		0.605171
300.6		0.605171
300.7		0.605171
300.8		0.605171
300.9		0.605171
301		0.605171
301.1		0.606281
301.2		0.606281
301.3		0.606281
301.4		0.606281
301.5		0.606281
301.6		0.606281
301.7		0.606281
301.8		0.606281
301.9		0.606281
302		0.606281
302.1		0.611555
302.2		0.611555
302.3		0.611555
302.4		0.611555
302.5		0.611555
302.6		0.611555
302.7		0.611555
302.8		0.611555
302.9		0.611555
303		0.611555
303.1		0.612048
303.2		0.612048
303.3		0.612048
303.4		0.612048
303.5		0.612048
303.6		0.612048
303.7		0.612048
303.8		0.612048
303.9		0.612048
304		0.612048
304.1		0.615063
304.2		0.615063
304.3		0.615063
304.4		0.615063
304.5		0.615063
304.6		0.615063
304.7		0.615063
304.8		0.615063
304.9		0.615063
305		0.615063
305.1		0.615867
305.2		0.615867
305.3		0.615867
305.4		0.615867
305.5		0.615867
305.6		0.615867
305.7		0.615867
305.8		0.615867
305.9		0.615867
306		0.615867
306.1		0.617032
306.2		0.617032
306.3		0.617032
306.4		0.617032
306.5		0.617032
306.6		0.617032
306.7		0.617032
306.8		0.617032
306.9		0.617032
307		0.617032
307.1		0.622915
307.2		0.622915
307.3		0.622915
307.4		0.622915
307.5		0.622915
307.6		0.622915
307.7		0.622915
307.8		0.622915
307.9		0.622915
308		0.622915
308.1		0.623644
308.2		0.623644
308.3		0.623644
308.4		0.623644
308.5		0.623644
308.6		0.623644
308.7		0.623644
308.8		0.623644
308.9		0.623644
309		0.623644
309.1		0.625432
309.2		0.625432
309.3		0.625432
309.4		0.625432
309.5		0.625432
309.6		0.625432
309.7		0.625432
309.8		0.625432
309.9		0.625432
310		0.625432
310.1		0.627967
310.2		0.627967
310.3		0.627967
310.4		0.627967
310.5		0.627967
310.6		0.627967
310.7		0.627967
310.8		0.627967
310.9		0.627967
311		0.627967
311.1		0.628965
311.2		0.628965
311.3		0.628965
311.4		0.628965
311.5		0.628965
311.6		0.628965
311.7		0.628965
311.8		0.628965
311.9		0.628965
312		0.628965
312.1		0.630743
312.2		0.630743
312.3		0.630743
312.4		0.630743
312.5		0.630743
312.6		0.630743
312.7		0.630743
312.8		0.630743
312.9		0.630743
313		0.630743
313.1		0.633461
313.2		0.633461
313.3		0.633461
313.4		0.633461
313.5		0.633461
313.6		0.633461
313.7		0.633461
313.8		0.633461
313.9		0.633461
314		0.633461
314.1		0.636326
314.2		0.636326
314.3		0.636326
314.4		0.636326
314.5		0.636326
314.6		0.636326
314.7		0.636326
314.8		0.636326
314.9		0.636326
315		0.636326
315.1		0.638513
315.2		0.638513
315.3		0.638513
315.4		0.638513
315.5		0.638513
315.6		0.638513
315.7		0.638513
315.8		0.638513
315.9		0.638513
316		0.638513
316.1		0.640655
316.2		0.640655
316.3		0.640655
316.4		0.640655
316.5		0.640655
316.6		0.640655
316.7		0.640655
316.8		0.640655
316.9		0.640655
317		0.640655
317.1		0.641361
317.2		0.641361
317.3		0.641361
317.4		0.641361
317.5		0.641361
317.6		0.641361
317.7		0.641361
317.8		0.641361
317.9		0.641361
318		0.641361
318.1		0.643466
318.2		0.643466
318.3		0.643466
318.4		0.643466
318.5		0.643466
318.6		0.643466
318.7		0.643466
318.8		0.643466
318.9		0.643466
319		0.643466
319.1		0.646341
319.2		0.646341
319.3		0.646341
319.4		0.646341
319.5		0.646341
319.6		0.646341
319.7		0.646341
319.8		0.646341
319.9		0.646341
320		0.646341
320.1		0.647073
320.2		0.647073
320.3		0.647073
320.4		0.647073
320.5		0.647073
320.6		0.647073
320.7		0.647073
320.8		0.647073
320.9		0.647073
321		0.647073
321.1		0.6499
321.2		0.6499
321.3		0.6499
321.4		0.6499
321.5		0.6499
321.6		0.6499
321.7		0.6499
321.8		0.6499
321.9		0.6499
322		0.6499
322.1		0.650398
322.2		0.650398
322.3		0.650398
322.4		0.650398
322.5		0.650398
322.6		0.650398
322.7		0.650398
322.8		0.650398
322.9		0.650398
323		0.650398
323.1		0.652138
323.2		0.652138
323.3		0.652138
323.4		0.652138
323.5		0.652138
323.6		0.652138
323.7		0.652138
323.8		0.652138
323.9		0.652138
324		0.652138
324.1		0.657299
324.2		0.657299
324.3		0.657299
324.4		0.657299
324.5		0.657299
324.6		0.657299
324.7		0.657299
324.8		0.657299
324.9		0.657299
325		0.657299
325.1		0.657807
325.2		0.657807
325.3		0.657807
325.4		0.657807
325.5		0.657807
325.6		0.657807
325.7		0.657807
325.8		0.657807
325.9		0.657807
326		0.657807
326.1		0.657916
326.2		0.657916
326.3		0.657916
326.4		0.657916
326.5		0.657916
326.6		0.657916
326.7		0.657916
326.8		0.657916
326.9		0.657916
327		0.657916
327.1		0.660814
327.2		0.660814
327.3		0.660814
327.4		0.660814
327.5		0.660814
327.6		0.660814
327.7		0.660814
327.8		0.660814
327.9		0.660814
328		0.660814
328.1		0.664289
328.2		0.664289
328.3		0.664289
328.4		0.664289
328.5		0.664289
328.6		0.664289
328.7		0.664289
328.8		0.664289
328.9		0.664289
329		0.664289
329.1		0.667307
329.2		0.667307
329.3		0.667307
329.4		0.667307
329.5		0.667307
329.6		0.667307
329.7		0.667307
329.8		0.667307
329.9		0.667307
330		0.667307
330.1		0.668574
330.2		0.668574
330.3		0.668574
330.4		0.668574
330.5		0.668574
330.6		0.668574
330.7		0.668574
330.8		0.668574
330.9		0.668574
331		0.668574
331.1		0.669085
331.2		0.669085
331.3		0.669085
331.4		0.669085
331.5		0.669085
331.6		0.669085
331.7		0.669085
331.8		0.669085
331.9		0.669085
332		0.669085
332.1		0.673653
332.2		0.673653
332.3		0.673653
332.4		0.673653
332.5		0.673653
332.6		0.673653
332.7		0.673653
332.8		0.673653
332.9		0.673653
333		0.673653
333.1		0.674406
333.2		0.674406
333.3		0.674406
333.4		0.674406
333.5		0.674406
333.6		0.674406
333.7		0.674406
333.8		0.674406
333.9		0.674406
334		0.674406
334.1		0.675159
334.2		0.675159
334.3		0.675159
334.4		0.675159
334.5		0.675159
334.6		0.675159
334.7		0.675159
334.8		0.675159
334.9		0.675159
335		0.675159
335.1		0.678872
335.2		0.678872
335.3		0.678872
335.4		0.678872
335.5		0.678872
335.6		0.678872
335.7		0.678872
335.8		0.678872
335.9		0.678872
336		0.678872
336.1		0.683651
336.2		0.683651
336.3		0.683651
336.4		0.683651
336.5		0.683651
336.6		0.683651
336.7		0.683651
336.8		0.683651
336.9		0.683651
337		0.683651
337.1		0.685313
337.2		0.685313
337.3		0.685313
337.4		0.685313
337.5		0.685313
337.6		0.685313
337.7		0.685313
337.8		0.685313
337.9		0.685313
338		0.685313
338.1		0.686546
338.2		0.686546
338.3		0.686546
338.4		0.686546
338.5		0.686546
338.6		0.686546
338.7		0.686546
338.8		0.686546
338.9		0.686546
339		0.686546
339.1		0.687946
339.2		0.687946
339.3		0.687946
339.4		0.687946
339.5		0.687946
339.6		0.687946
339.7		0.687946
339.8		0.687946
339.9		0.687946
340		0.687946
340.1		0.693223
340.2		0.693223
340.3		0.693223
340.4		0.693223
340.5		0.693223
340.6		0.693223
340.7		0.693223
340.8		0.693223
340.9		0.693223
341		0.693223
341.1		0.698063
341.2		0.698063
341.3		0.698063
341.4		0.698063
341.5		0.698063
341.6		0.698063
341.7		0.698063
341.8		0.698063
341.9		0.698063
342		0.698063
342.1		0.698499
342.2		0.698499
342.3		0.698499
342.4		0.698499
342.5		0.698499
342.6		0.698499
342.7		0.698499
342.8		0.698499
342.9		0.698499
343		0.698499
343.1		0.701184
343.2		0.701184
343.3		0.701184
343.4		0.701184
343.5		0.701184
343.6		0.701184
343.7		0.701184
343.8		0.701184
343.9		0.701184
344		0.701184
344.1		0.70193
344.2		0.70193
344.3		0.70193
344.4		0.70193
344.5		0.70193
344.6		0.70193
344.7		0.70193
344.8		0.70193
344.9		0.70193
345		0.70193
345.1		0.703916
345.2		0.703916
345.3		0.703916
345.4		0.703916
345.5		0.703916
345.6		0.703916
345.7		0.703916
345.8		0.703916
345.9		0.703916
346		0.703916
346.1		0.707312
346.2		0.707312
346.3		0.707312
346.4		0.707312
346.5		0.707312
346.6		0.707312
346.7		0.707312
346.8		0.707312
346.9		0.707312
347		0.707312
347.1		0.710619
347.2		0.710619
347.3		0.710619
347.4		0.710619
347.5		0.710619
347.6		0.710619
347.7		0.710619
347.8		0.710619
347.9		0.710619
348		0.710619
348.1		0.710977
348.2		0.710977
348.3		0.710977
348.4		0.710977
348.5		0.710977
348.6		0.710977
348.7		0.710977
348.8		0.710977
348.9		0.710977
349		0.710977
349.1		0.711236
349.2		0.711236
349.3		0.711236
349.4		0.711236
349.5		0.711236
349.6		0.711236
349.7		0.711236
349.8		0.711236
349.9		0.711236
350		0.711236
350.1		0.71251
350.2		0.71251
350.3		0.71251
350.4		0.71251
350.5		0.71251
350.6		0.71251
350.7		0.71251
350.8		0.71251
350.9		0.71251
351		0.71251
351.1		0.713498
351.2		0.713498
351.3		0.713498
351.4		0.713498
351.5		0.713498
351.6		0.713498
351.7		0.713498
351.8		0.713498
351.9		0.713498
352		0.713498
352.1		0.721081
352.2		0.721081
352.3		0.721081
352.4		0.721081
352.5		0.721081
352.6		0.721081
352.7		0.721081
352.8		0.721081
352.9		0.721081
353		0.721081
353.1		0.721847
353.2		0.721847
353.3		0.721847
353.4		0.721847
353.5		0.721847
353.6		0.721847
353.7		0.721847
353.8		0.721847
353.9		0.721847
354		0.721847
354.1		0.722981
354.2		0.722981
354.3		0.722981
354.4		0.722981
354.5		0.722981
354.6		0.722981
354.7		0.722981
354.8		0.722981
354.9		0.722981
355		0.722981
355.1		0.72774
355.2		0.72774
355.3		0.72774
355.4		0.72774
355.5		0.72774
355.6		0.72774
355.7		0.72774
355.8		0.72774
355.9		0.72774
356		0.72774
356.1		0.731804
356.2		0.731804
356.3		0.731804
356.4		0.731804
356.5		0.731804
356.6		0.731804
356.7		0.731804
356.8		0.731804
356.9		0.731804
357		0.731804
357.1		0.732816
357.2		0.732816
357.3		0.732816
357.4		0.732816
357.5		0.732816
357.6		0.732816
357.7		0.732816
357.8		0.732816
357.9		0.732816
358		0.732816
358.1		0.734631
358.2		0.734631
358.3		0.734631
358.4		0.734631
358.5		0.734631
358.6		0.734631
358.7		0.734631
358.8		0.734631
358.9		0.734631
359		0.734631
359.1		0.737966
359.2		0.737966
359.3		0.737966
359.4		0.737966
359.5		0.737966
359.6		0.737966
359.7		0.737966
359.8		0.737966
359.9		0.737966
360		0.737966
360.1		0.742827
360.2		0.742827
360.3		0.742827
360.4		0.742827
360.5		0.742827
360.6		0.742827
360.7		0.742827
360.8		0.742827
360.9		0.742827
361		0.742827
361.1		0.742936
361.2		0.742936
361.3		0.742936
361.4		0.742936
361.5		0.742936
361.6		0.742936
361.7		0.742936
361.8		0.742936
361.9		0.742936
362		0.742936
362.1		0.74392
362.2		0.74392
362.3		0.74392
362.4		0.74392
362.5		0.74392
362.6		0.74392
362.7		0.74392
362.8		0.74392
362.9		0.74392
363		0.74392
363.1		0.745372
363.2		0.745372
363.3		0.745372
363.4		0.745372
363.5		0.745372
363.6		0.745372
363.7		0.745372
363.8		0.745372
363.9		0.745372
364		0.745372
364.1		0.748253
364.2		0.748253
364.3		0.748253
364.4		0.748253
364.5		0.748253
364.6		0.748253
364.7		0.748253
364.8		0.748253
364.9		0.748253
365		0.748253
365.1		0.751966
365.2		0.751966
365.3		0.751966
365.4		0.751966
365.5		0.751966
365.6		0.751966
365.7		0.751966
365.8		0.751966
365.9		0.751966
366		0.751966
366.1		0.753867
366.2		0.753867
366.3		0.753867
366.4		0.753867
366.5		0.753867
366.6		0.753867
366.7		0.753867
366.8		0.753867
366.9		0.753867
367		0.753867
367.1		0.754133
367.2		0.754133
367.3		0.754133
367.4		0.754133
367.5		0.754133
367.6		0.754133
367.7		0.754133
367.8		0.754133
367.9		0.754133
368		0.754133
368.1		0.756756
368.2		0.756756
368.3		0.756756
368.4		0.756756
368.5		0.756756
368.6		0.756756
368.7		0.756756
368.8		0.756756
368.9		0.756756
369		0.756756
369.1		0.75865
369.2		0.75865
369.3		0.75865
369.4		0.75865
369.5		0.75865
369.6		0.75865
369.7		0.75865
369.8		0.75865
369.9		0.75865
370		0.75865
370.1		0.759358
370.2		0.759358
370.3		0.759358
370.4		0.759358
370.5		0.759358
370.6		0.759358
370.7		0.759358
370.8		0.759358
370.9		0.759358
371		0.759358
371.1		0.761576
371.2		0.761576
371.3		0.761576
371.4		0.761576
371.5		0.761576
371.6		0.761576
371.7		0.761576
371.8		0.761576
371.9		0.761576
372		0.761576
372.1		0.766621
372.2		0.766621
372.3		0.766621
372.4		0.766621
372.5		0.766621
372.6		0.766621
372.7		0.766621
372.8		0.766621
372.9		0.766621
373		0.766621
373.1		0.767806
373.2		0.767806
373.3		0.767806
373.4		0.767806
373.5		0.767806
373.6		0.767806
373.7		0.767806
373.8		0.767806
373.9		0.767806
374		0.767806
374.1		0.769724
374.2		0.769724
374.3		0.769724
374.4		0.769724
374.5		0.769724
374.6		0.769724
374.7		0.769724
374.8		0.769724
374.9		0.769724
375		0.769724
375.1		0.770524
375.2		0.770524
375.3		0.770524
375.4		0.770524
375.5		0.770524
375.6		0.770524
375.7		0.770524
375.8		0.770524
375.9		0.770524
376		0.770524
376.1		0.77295
376.2		0.77295
376.3		0.77295
376.4		0.77295
376.5		0.77295
376.6		0.77295
376.7		0.77295
376.8		0.77295
376.9		0.77295
377		0.77295
377.1		0.775218
377.2		0.775218
377.3		0.775218
377.4		0.775218
377.5		0.775218
377.6		0.775218
377.7		0.775218
377.8		0.775218
377.9		0.775218
378		0.775218
378.1		0.777225
378.2		0.777225
378.3		0.777225
378.4		0.777225
378.5		0.777225
378.6		0.777225
378.7		0.777225
378.8		0.777225
378.9		0.777225
379		0.777225
379.1		0.77839
379.2		0.77839
379.3		0.77839
379.4		0.77839
379.5		0.77839
379.6		0.77839
379.7		0.77839
379.8		0.77839
379.9		0.77839
380		0.77839
380.1		0.782113
380.2		0.782113
380.3		0.782113
380.4		0.782113
380.5		0.782113
380.6		0.782113
380.7		0.782113
380.8		0.782113
380.9		0.782113
381		0.782113
381.1		0.784341
381.2		0.784341
381.3		0.784341
381.4		0.784341
381.5		0.784341
381.6		0.784341
381.7		0.784341
381.8		0.784341
381.9		0.784341
382		0.784341
382.1		0.785063
382.2		0.785063
382.3		0.785063
382.4		0.785063
382.5		0.785063
382.6		0.785063
382.7		0.785063
382.8		0.785063
382.9		0.785063
383		0.785063
383.1		0.785499
383.2		0.785499
383.3		0.785499
383.4		0.785499
383.5		0.785499
383.6		0.785499
383.7		0.785499
383.8		0.785499
383.9		0.785499
384		0.785499
384.1		0.787042
384.2		0.787042
384.3		0.787042
384.4		0.787042
384.5		0.787042
384.6		0.787042
384.7		0.787042
384.8		0.787042
384.9		0.787042
385		0.787042
385.1		0.792285
385.2		0.792285
385.3		0.792285
385.4		0.792285
385.5		0.792285
385.6		0.792285
385.7		0.792285
385.8		0.792285
385.9		0.792285
386		0.792285
386.1		0.79505
386.2		0.79505
386.3		0.79505
386.4		0.79505
386.5		0.79505
386.6		0.79505
386.7		0.79505
386.8		0.79505
386.9		0.79505
387		0.79505
387.1		0.795398
387.2		0.795398
387.3		0.795398
387.4		0.795398
387.5		0.795398
387.6		0.795398
387.7		0.795398
387.8		0.795398
387.9		0.795398
388		0.795398
388.1		0.795848
388.2		0.795848
388.3		0.795848
388.4		0.795848
388.5		0.795848
388.6		0.795848
388.7		0.795848
388.8		0.795848
388.9		0.795848
389		0.795848
389.1		0.797891
389.2		0.797891
389.3		0.797891
389.4		0.797891
389.5		0.797891
389.6		0.797891
389.7		0.797891
389.8		0.797891
389.9		0.797891
390		0.797891
390.1		0.803761
390.2		0.803761
390.3		0.803761
390.4		0.803761
390.5		0.803761
390.6		0.803761
390.7		0.803761
390.8		0.803761
390.9		0.803761
391		0.803761
391.1		0.804125
391.2		0.804125
391.3		0.804125
391.4		0.804125
391.5		0.804125
391.6		0.804125
391.7		0.804125
391.8		0.804125
391.9		0.804125
392		0.804125
392.1		0.804997
392.2		0.804997
392.3		0.804997
392.4		0.804997
392.5		0.804997
392.6		0.804997
392.7		0.804997
392.8		0.804997
392.9		0.804997
393		0.804997
393.1		0.805866
393.2		0.805866
393.3		0.805866
393.4		0.805866
393.5		0.805866
393.6		0.805866
393.7		0.805866
393.8		0.805866
393.9		0.805866
394		0.805866
394.1		0.811892
394.2		0.811892
394.3		0.811892
394.4		0.811892
394.5		0.811892
394.6		0.811892
394.7		0.811892
394.8		0.811892
394.9		0.811892
395		0.811892
395.1		0.81336
395.2		0.81336
395.3		0.81336
395.4		0.81336
395.5		0.81336
395.6		0.81336
395.7		0.81336
395.8		0.81336
395.9		0.81336
396		0.81336
396.1		0.81398
396.2		0.81398
396.3		0.81398
396.4		0.81398
396.5		0.81398
396.6		0.81398
396.7		0.81398
396.8		0.81398
396.9		0.81398
397		0.81398
397.1		0.816388
397.2		0.816388
397.3		0.816388
397.4		0.816388
397.5		0.816388
397.6		0.816388
397.7		0.816388
397.8		0.816388
397.9		0.816388
398		0.816388
398.1		0.819229
398.2		0.819229
398.3		0.819229
398.4		0.819229
398.5		0.819229
398.6		0.819229
398.7		0.819229
398.8		0.819229
398.9		0.819229
399		0.819229
399.1		0.821995
399.2		0.821995
399.3		0.821995
399.4		0.821995
399.5		0.821995
399.6		0.821995
399.7		0.821995
399.8		0.821995
399.9		0.821995
400		0.821995
400.1		0.822234
400.2		0.822234
400.3		0.822234
400.4		0.822234
400.5		0.822234
400.6		0.822234
400.7		0.822234
400.8		0.822234
400.9		0.822234
401		0.822234
401.1		0.823569
401.2		0.823569
401.3		0.823569
401.4		0.823569
401.5		0.823569
401.6		0.823569
401.7		0.823569
401.8		0.823569
401.9		0.823569
402		0.823569
402.1		0.825626
402.2		0.825626
402.3		0.825626
402.4		0.825626
402.5		0.825626
402.6		0.825626
402.7		0.825626
402.8		0.825626
402.9		0.825626
403		0.825626
403.1		0.828171
403.2		0.828171
403.3		0.828171
403.4		0.828171
403.5		0.828171
403.6		0.828171
403.7		0.828171
403.8		0.828171
403.9		0.828171
404		0.828171
404.1		0.82904
404.2		0.82904
404.3		0.82904
404.4		0.82904
404.5		0.82904
404.6		0.82904
404.7		0.82904
404.8		0.82904
404.9		0.82904
405		0.82904
405.1		0.832521
405.2		0.832521
405.3		0.832521
405.4		0.832521
405.5		0.832521
405.6		0.832521
405.7		0.832521
405.8		0.832521
405.9		0.832521
406		0.832521
406.1		0.83419
406.2		0.83419
406.3		0.83419
406.4		0.83419
406.5		0.83419
406.6		0.83419
406.7		0.83419
406.8		0.83419
406.9		0.83419
407		0.83419
407.1		0.837801
407.2		0.837801
407.3		0.837801
407.4		0.837801
407.5		0.837801
407.6		0.837801
407.7		0.837801
407.8		0.837801
407.9		0.837801
408		0.837801
408.1		0.838077
408.2		0.838077
408.3		0.838077
408.4		0.838077
408.5		0.838077
408.6		0.838077
408.7		0.838077
408.8		0.838077
408.9		0.838077
409		0.838077
409.1		0.84072
409.2		0.84072
409.3		0.84072
409.4		0.84072
409.5		0.84072
409.6		0.84072
409.7		0.84072
409.8		0.84072
409.9		0.84072
410		0.84072
410.1		0.843748
410.2		0.843748
410.3		0.843748
410.4		0.843748
410.5		0.843748
410.6		0.843748
410.7		0.843748
410.8		0.843748
410.9		0.843748
411		0.843748
411.1		0.846058
411.2		0.846058
411.3		0.846058
411.4		0.846058
411.5		0.846058
411.6		0.846058
411.7		0.846058
411.8		0.846058
411.9		0.846058
412		0.846058
412.1		0.847059
412.2		0.847059
412.3		0.847059
412.4		0.847059
412.5		0.847059
412.6		0.847059
412.7		0.847059
412.8		0.847059
412.9		0.847059
413		0.847059
413.1		0.849328
413.2		0.849328
413.3		0.849328
413.4		0.849328
413.5		0.849328
413.6		0.849328
413.7		0.849328
413.8		0.849328
413.9		0.849328
414		0.849328
414.1		0.850139
414.2		0.850139
414.3		0.850139
414.4		0.850139
414.5		0.850139
414.6		0.850139
414.7		0.850139
414.8		0.850139
414.9		0.850139
415		0.850139
415.1		0.853528
415.2		0.853528
415.3		0.853528
415.4		0.853528
415.5		0.853528
415.6		0.853528
415.7		0.853528
415.8		0.853528
415.9		0.853528
416		0.853528
416.1		0.85409
416.2		0.85409
416.3		0.85409
416.4		0.85409
416.5		0.85409
416.6		0.85409
416.7		0.85409
416.8		0.85409
416.9		0.85409
417		0.85409
417.1		0.85905
417.2		0.85905
417.3		0.85905
417.4		0.85905
417.5		0.85905
417.6		0.85905
417.7		0.85905
417.8		0.85905
417.9		0.85905
418		0.85905
418.1		0.859612
418.2		0.859612
418.3		0.859612
418.4		0.859612
418.5		0.859612
418.6		0.859612
418.7		0.859612
418.8		0.859612
418.9		0.859612
419		0.859612
419.1		0.859731
419.2		0.859731
419.3		0.859731
419.4		0.859731
419.5		0.859731
419.6		0.859731
419.7		0.859731
419.8		0.859731
419.9		0.859731
420		0.859731
420.1		0.864691
420.2		0.864691
420.3		0.864691
420.4		0.864691
420.5		0.864691
420.6		0.864691
420.7		0.864691
420.8		0.864691
420.9		0.864691
421		0.864691
421.1		0.865617
421.2		0.865617
421.3		0.865617
421.4		0.865617
421.5		0.865617
421.6		0.865617
421.7		0.865617
421.8		0.865617
421.9		0.865617
422		0.865617
422.1		0.866326
422.2		0.866326
422.3		0.866326
422.4		0.866326
422.5		0.866326
422.6		0.866326
422.7		0.866326
422.8		0.866326
422.9		0.866326
423		0.866326
423.1		0.868918
423.2		0.868918
423.3		0.868918
423.4		0.868918
423.5		0.868918
423.6		0.868918
423.7		0.868918
423.8		0.868918
423.9		0.868918
424		0.868918
424.1		0.873156
424.2		0.873156
424.3		0.873156
424.4		0.873156
424.5		0.873156
424.6		0.873156
424.7		0.873156
424.8		0.873156
424.9		0.873156
425		0.873156
425.1		0.874133
425.2		0.874133
425.3		0.874133
425.4		0.874133
425.5		0.874133
425.6		0.874133
425.7		0.874133
425.8		0.874133
425.9		0.874133
426		0.874133
426.1		0.876027
426.2		0.876027
426.3		0.876027
426.4		0.876027
426.5		0.876027
426.6		0.876027
426.7		0.876027
426.8		0.876027
426.9		0.876027
427		0.876027
427.1		0.877581
427.2		0.877581
427.3		0.877581
427.4		0.877581
427.5		0.877581
427.6		0.877581
427.7		0.877581
427.8		0.877581
427.9		0.877581
428		0.877581
428.1		0.882833
428.2		0.882833
428.3		0.882833
428.4		0.882833
428.5		0.882833
428.6		0.882833
428.7		0.882833
428.8		0.882833
428.9		0.882833
429		0.882833
429.1		0.883068
429.2		0.883068
429.3		0.883068
429.4		0.883068
429.5		0.883068
429.6		0.883068
429.7		0.883068
429.8		0.883068
429.9		0.883068
430		0.883068
430.1		0.883263
430.2		0.883263
430.3		0.883263
430.4		0.883263
430.5		0.883263
430.6		0.883263
430.7		0.883263
430.8		0.883263
430.9		0.883263
431		0.883263
431.1		0.884993
431.2		0.884993
431.3		0.884993
431.4		0.884993
431.5		0.884993
431.6		0.884993
431.7		0.884993
431.8		0.884993
431.9		0.884993
432		0.884993
432.1		0.88719
432.2		0.88719
432.3		0.88719
432.4		0.88719
432.5		0.88719
432.6		0.88719
432.7		0.88719
432.8		0.88719
432.9		0.88719
433		0.88719
433.1		0.892501
433.2		0.892501
433.3		0.892501
433.4		0.892501
433.5		0.892501
433.6		0.892501
433.7		0.892501
433.8		0.892501
433.9		0.892501
434		0.892501
434.1		0.892841
434.2		0.892841
434.3		0.892841
434.4		0.892841
434.5		0.892841
434.6		0.892841
434.7		0.892841
434.8		0.892841
434.9		0.892841
435		0.892841
435.1		0.893059
435.2		0.893059
435.3		0.893059
435.4		0.893059
435.5		0.893059
435.6		0.893059
435.7		0.893059
435.8		0.893059
435.9		0.893059
436		0.893059
436.1		0.895233
436.2		0.895233
436.3		0.895233
436.4		0.895233
436.5		0.895233
436.6		0.895233
436.7		0.895233
436.8		0.895233
436.9		0.895233
437		0.895233
437.1		0.897825
437.2		0.897825
437.3		0.897825
437.4		0.897825
437.5		0.897825
437.6		0.897825
437.7		0.897825
437.8		0.897825
437.9		0.897825
438		0.897825
438.1		0.90115
438.2		0.90115
438.3		0.90115
438.4		0.90115
438.5		0.90115
438.6		0.90115
438.7		0.90115
438.8		0.90115
438.9		0.90115
439		0.90115
439.1		0.902631
439.2		0.902631
439.3		0.902631
439.4		0.902631
439.5		0.902631
439.6		0.902631
439.7		0.902631
439.8		0.902631
439.9		0.902631
440		0.902631
440.1		0.903401
440.2		0.903401
440.3		0.903401
440.4		0.903401
440.5		0.903401
440.6		0.903401
440.7		0.903401
440.8		0.903401
440.9		0.903401
441		0.903401
441.1		0.905963
441.2		0.905963
441.3		0.905963
441.4		0.905963
441.5		0.905963
441.6		0.905963
441.7		0.905963
441.8		0.905963
441.9		0.905963
442		0.905963
442.1		0.908041
442.2		0.908041
442.3		0.908041
442.4		0.908041
442.5		0.908041
442.6		0.908041
442.7		0.908041
442.8		0.908041
442.9		0.908041
443		0.908041
443.1		0.908371
443.2		0.908371
443.3		0.908371
443.4		0.908371
443.5		0.908371
443.6		0.908371
443.7		0.908371
443.8		0.908371
443.9		0.908371
444		0.908371
444.1		0.911822
444.2		0.911822
444.3		0.911822
444.4		0.911822
444.5		0.911822
444.6		0.911822
444.7		0.911822
444.8		0.911822
444.9		0.911822
445		0.911822
445.1		0.913552
445.2		0.913552
445.3		0.913552
445.4		0.913552
445.5		0.913552
445.6		0.913552
445.7		0.913552
445.8		0.913552
445.9		0.913552
446		0.913552
446.1		0.915964
446.2		0.915964
446.3		0.915964
446.4		0.915964
446.5		0.915964
446.6		0.915964
446.7		0.915964
446.8		0.915964
446.9		0.915964
447		0.915964
447.1		0.918778
447.2		0.918778
447.3		0.918778
447.4		0.918778
447.5		0.918778
447.6		0.918778
447.7		0.918778
447.8		0.918778
447.9		0.918778
448		0.918778
448.1		0.919122
448.2		0.919122
448.3		0.919122
448.4		0.919122
448.5		0.919122
448.6		0.919122
448.7		0.919122
448.8		0.919122
448.9		0.919122
449		0.919122
449.1		0.919418
449.2		0.919418
449.3		0.919418
449.4		0.919418
449.5		0.919418
449.6		0.919418
449.7		0.919418
449.8		0.919418
449.9		0.919418
450		0.919418
450.1		0.927246
450.2		0.927246
450.3		0.927246
450.4		0.927246
450.5		0.927246
450.6		0.927246
450.7		0.927246
450.8		0.927246
450.9		0.927246
451		0.927246
451.1		0.927835
451.2		0.927835
451.3		0.927835
451.4		0.927835
451.5		0.927835
451.6		0.927835
451.7		0.927835
451.8		0.927835
451.9		0.927835
452		0.927835
452.1		0.928217
452.2		0.928217
452.3		0.928217
452.4		0.928217
452.5		0.928217
452.6		0.928217
452.7		0.928217
452.8		0.928217
452.9		0.928217
453		0.928217
453.1		0.929862
453.2		0.929862
453.3		0.929862
453.4		0.929862
453.5		0.929862
453.6		0.929862
453.7		0.929862
453.8		0.929862
453.9		0.929862
454		0.929862
454.1		0.932345
454.2		0.932345
454.3		0.932345
454.4		0.932345
454.5		0.932345
454.6		0.932345
454.7		0.932345
454.8		0.932345
454.9		0.932345
455		0.932345
455.1		0.936236
455.2		0.936236
455.3		0.936236
455.4		0.936236
455.5		0.936236
455.6		0.936236
455.7		0.936236
455.8		0.936236
455.9		0.936236
456		0.936236
456.1		0.93737
456.2		0.93737
456.3		0.93737
456.4		0.93737
456.5		0.93737
456.6		0.93737
456.7		0.93737
456.8		0.93737
456.9		0.93737
457		0.93737
457.1		0.937806
457.2		0.937806
457.3		0.937806
457.4		0.937806
457.5		0.937806
457.6		0.937806
457.7		0.937806
457.8		0.937806
457.9		0.937806
458		0.937806
458.1		0.941103
458.2		0.941103
458.3		0.941103
458.4		0.941103
458.5		0.941103
458.6		0.941103
458.7		0.941103
458.8		0.941103
458.9		0.941103
459		0.941103
459.1		0.941417
459.2		0.941417
459.3		0.941417
459.4		0.941417
459.5		0.941417
459.6		0.941417
459.7		0.941417
459.8		0.941417
459.9		0.941417
460		0.941417
460.1		0.942163
460.2		0.942163
460.3		0.942163
460.4		0.942163
460.5		0.942163
460.6		0.942163
460.7		0.942163
460.8		0.942163
460.9		0.942163
461		0.942163
461.1		0.947865
461.2		0.947865
461.3		0.947865
461.4		0.947865
461.5		0.947865
461.6		0.947865
461.7		0.947865
461.8		0.947865
461.9		0.947865
462		0.947865
462.1		0.949619
462.2		0.949619
462.3		0.949619
462.4		0.949619
462.5		0.949619
462.6		0.949619
462.7		0.949619
462.8		0.949619
462.9		0.949619
463		0.949619
463.1		0.951707
463.2		0.951707
463.3		0.951707
463.4		0.951707
463.5		0.951707
463.6		0.951707
463.7		0.951707
463.8		0.951707
463.9		0.951707
464		0.951707
464.1		0.952484
464.2		0.952484
464.3		0.952484
464.4		0.952484
464.5		0.952484
464.6		0.952484
464.7		0.952484
464.8		0.952484
464.9		0.952484
465		0.952484
465.1		0.952811
465.2		0.952811
465.3		0.952811
465.4		0.952811
465.5		0.952811
465.6		0.952811
465.7		0.952811
465.8		0.952811
465.9		0.952811
466		0.952811
466.1		0.958091
466.2		0.958091
466.3		0.958091
466.4		0.958091
466.5		0.958091
466.6		0.958091
466.7		0.958091
466.8		0.958091
466.9		0.958091
467		0.958091
467.1		0.960649
467.2		0.960649
467.3		0.960649
467.4		0.960649
467.5		0.960649
467.6		0.960649
467.7		0.960649
467.8		0.960649
467.9		0.960649
468		0.960649
468.1		0.960973
468.2		0.960973
468.3		0.960973
468.4		0.960973
468.5		0.960973
468.6		0.960973
468.7		0.960973
468.8		0.960973
468.9		0.960973
469		0.960973
469.1		0.962972
469.2		0.962972
469.3		0.962972
469.4		0.962972
469.5		0.962972
469.6		0.962972
469.7		0.962972
469.8		0.962972
469.9		0.962972
470		0.962972
470.1		0.965326
470.2		0.965326
470.3		0.965326
470.4		0.965326
470.5		0.965326
470.6		0.965326
470.7		0.965326
470.8		0.965326
470.9		0.965326
471		0.965326
471.1		0.967561
471.2		0.967561
471.3		0.967561
471.4		0.967561
471.5		0.967561
471.6		0.967561
471.7		0.967561
471.8		0.967561
471.9		0.967561
472		0.967561
472.1		0.971914
472.2		0.971914
472.3		0.971914
472.4		0.971914
472.5		0.971914
472.6		0.971914
472.7		0.971914
472.8		0.971914
472.9		0.971914
473		0.971914
473.1		0.972149
473.2		0.972149
473.3		0.972149
473.4		0.972149
473.5		0.972149
473.6		0.972149
473.7		0.972149
473.8		0.972149
473.9		0.972149
474		0.972149
474.1		0.972374
474.2		0.972374
474.3		0.972374
474.4		0.972374
474.5		0.972374
474.6		0.972374
474.7		0.972374
474.8		0.972374
474.9		0.972374
475		0.972374
475.1		0.976796
475.2		0.976796
475.3		0.976796
475.4		0.976796
475.5		0.976796
475.6		0.976796
475.7		0.976796
475.8		0.976796
475.9		0.976796
476		0.976796
476.1		0.977054
476.2		0.977054
476.3		0.977054
476.4		0.977054
476.5		0.977054
476.6		0.977054
476.7		0.977054
476.8		0.977054
476.9		0.977054
477		0.977054
477.1		0.97979
477.2		0.97979
477.3		0.97979
477.4		0.97979
477.5		0.97979
477.6		0.97979
477.7		0.97979
477.8		0.97979
477.9		0.97979
478		0.97979
478.1		0.981234
478.2		0.981234
478.3		0.981234
478.4		0.981234
478.5		0.981234
478.6		0.981234
478.7		0.981234
478.8		0.981234
478.9		0.981234
479		0.981234
479.1		0.983213
479.2		0.983213
479.3		0.983213
479.4		0.983213
479.5		0.983213
479.6		0.983213
479.7		0.983213
479.8		0.983213
479.9		0.983213
480		0.983213
480.1		0.987267
480.2		0.987267
480.3		0.987267
480.4		0.987267
480.5		0.987267
480.6		0.987267
480.7		0.987267
480.8		0.987267
480.9		0.987267
481		0.987267
481.1		0.987635
481.2		0.987635
481.3		0.987635
481.4		0.987635
481.5		0.987635
481.6		0.987635
481.7		0.987635
481.8		0.987635
481.9		0.987635
482		0.987635
482.1		0.988302
482.2		0.988302
482.3		0.988302
482.4		0.988302
482.5		0.988302
482.6		0.988302
482.7		0.988302
482.8		0.988302
482.9		0.988302
483		0.988302
483.1		0.991651
483.2		0.991651
483.3		0.991651
483.4		0.991651
483.5		0.991651
483.6		0.991651
483.7		0.991651
483.8		0.991651
483.9		0.991651
484		0.991651
484.1		0.99644
484.2		0.99644
484.3		0.99644
484.4		0.99644
484.5		0.99644
484.6		0.99644
484.7		0.99644
484.8		0.99644
484.9		0.99644
485		0.99644
485.1		0.997261
485.2		0.997261
485.3		0.997261
485.4		0.997261
485.5		0.997261
485.6		0.997261
485.7		0.997261
485.8		0.997261
485.9		0.997261
486		0.997261
486.1		0.997537
486.2		0.997537
486.3		0.997537
486.4		0.997537
486.5		0.997537
486.6		0.997537
486.7		0.997537
486.8		0.997537
486.9		0.997537
487		0.997537
487.1		0.997748
487.2		0.997748
487.3		0.997748
487.4		0.997748
487.5		0.997748
487.6		0.997748
487.7		0.997748
487.8		0.997748
487.9		0.997748
488		0.997748
488.1		1
488.2		1
488.3		1
488.4		1
488.5		1
488.6		1
488.7		1
488.8		1
488.9		1
489		1
489.1		1
489.2		1
489.3		1
489.4		1
489.5		1
489.6		1
489.7		1
489.8		1
489.9		1
490		1
490.1		1
490.2		1
490.3		1
490.4		1
490.5		1
490.6		1
490.7		1
490.8		1
490.9		1
491		1
491.1		1
491.2		1
491.3		1
491.4		1
491.5		1
491.6		1
491.7		1
491.8		1
491.9		1
492		1
492.1		1
492.2		1
492.3		1
492.4		1
492.5		1
492.6		1
492.7		1
492.8		1
492.9		1
493		1
493.1		1
493.2		1
493.3		1
493.4		1
493.5		1
493.6		1
493.7		1
493.8		1
493.9		1
494		1
494.1		1
494.2		1
494.3		1
494.4		1
494.5		1
494.6		1
494.7		1
494.8		1
494.9		1
495		1
495.1		1
495.2		1
495.3		1
495.4		1
495.5		1
495.6		1
495.7		1
495.8		1
495.9		1
496		1
496.1		1
496.2		1
496.3		1
496.4		1
496.5		1
496.6		1
496.7		1
496.8		1
496.9		1
497		1
497.1		1
497.2		1
497.3		1
497.4		1
497.5		1
497.6		1
497.7		1
497.8		1
497.9		1
498		1
498.1		1
498.2		1
498.3		1
498.4		1
498.5		1
498.6		1
498.7		1
498.8		1
498.9		1
499		1
499.1		1
499.2		1
499.3		1
499.4		1
499.5		1
499.6		1
499.7		1
499.8		1
499.9		1
500		1
500.1		1
500.2		1
500.3		1
500.4		1
500.5		1
500.6		1
500.7		1
500.8		1
500.9		1
501		1
501.1		1
501.2		1
501.3		1
501.4		1
501.5		1
501.6		1
501.7		1
501.8		1
501.9		1
502		1
502.1		1
502.2		1
502.3		1
502.4		1
502.5		1
502.6		1
502.7		1
502.8		1
502.9		1
503		1
503.1		1
503.2		1
503.3		1
503.4		1
503.5		1
503.6		1
503.7		1
503.8		1
503.9		1
504		1
504.1		1
504.2		1
504.3		1
504.4		1
504.5		1
504.6		1
504.7		1
504.8		1
504.9		1
505		1
505.1		1
505.2		1
505.3		1
505.4		1
505.5		1
505.6		1
505.7		1
505.8		1
505.9		1
506		1
506.1		1
506.2		1
506.3		1
506.4		1
506.5		1
506.6		1
506.7		1
506.8		1
506.9		1
507		1
507.1		1
507.2		1
507.3		1
507.4		1
507.5		1
507.6		1
507.7		1
507.8		1
507.9		1
508		1
508.1		1
508.2		1
508.3		1
508.4		1
508.5		1
508.6		1
508.7		1
508.8		1
508.9		1
509		1
509.1		1
509.2		1
509.3		1
509.4		1
509.5		1
509.6		1
509.7		1
509.8		1
509.9		1
510		1
510.1		1
510.2		1
510.3		1
510.4		1
510.5		1
510.6		1
510.7		1
510.8		1
510.9		1
511		1
511.1		1
511.2		1
511.3		1
511.4		1
511.5		1
511.6		1
511.7		1
511.8		1
511.9		1
512		1
512.1		1
512.2		1
512.3		1
512.4		1
512.5		1
512.6		1
512.7		1
512.8		1
512.9		1
513		1
513.1		1
513.2		1
513.3		1
513.4		1
513.5		1
513.6		1
513.7		1
513.8		1
513.9		1
514		1
514.1		1
514.2		1
514.3		1
514.4		1
514.5		1
514.6		1
514.7		1
514.8		1
514.9		1
515		1
515.1		1
515.2		1
515.3		1
515.4		1
515.5		1
515.6		1
515.7		1
515.8		1
515.9		1
516		1
516.1		1
516.2		1
516.3		1
516.4		1
516.5		1
516.6		1
516.7		1
516.8		1
516.9		1
517		1
517.1		1
517.2		1
517.3		1
517.4		1
517.5		1
517.6		1
517.7		1
517.8		1
517.9		1
518		1
518.1		1
518.2		1
518.3		1
518.4		1
518.5		1
518.6		1
518.7		1
518.8		1
518.9		1
519		1
519.1		1
519.2		1
519.3		1
519.4		1
519.5		1
519.6		1
519.7		1
519.8		1
519.9		1
520		1
520.1		1
520.2		1
520.3		1
520.4		1
520.5		1
520.6		1
520.7		1
520.8		1
520.9		1
521		1
521.1		1
521.2		1
521.3		1
521.4		1
521.5		1
521.6		1
521.7		1
521.8		1
521.9		1
522		1
522.1		1
522.2		1
522.3		1
522.4		1
522.5		1
522.6		1
522.7		1
522.8		1
522.9		1
523		1
523.1		1
523.2		1
523.3		1
523.4		1
523.5		1
523.6		1
523.7		1
523.8		1
523.9		1
524		1
524.1		1
524.2		1
524.3		1
524.4		1
524.5		1
524.6		1
524.7		1
524.8		1
524.9		1
525		1
525.1		1
525.2		1
525.3		1
525.4		1
525.5		1
525.6		1
525.7		1
525.8		1
525.9		1
526		1
526.1		1
526.2		1
526.3		1
526.4		1
526.5		1
526.6		1
526.7		1
526.8		1
526.9		1
527		1
527.1		1
527.2		1
527.3		1
527.4		1
527.5		1
527.6		1
527.7		1
527.8		1
527.9		1
528		1
528.1		1
528.2		1
528.3		1
528.4		1
528.5		1
528.6		1
528.7		1
528.8		1
528.9		1
529		1
529.1		1
529.2		1
529.3		1
529.4		1
529.5		1
529.6		1
529.7		1
529.8		1
529.9		1
530		1
530.1		1
530.2		1
530.3		1
530.4		1
530.5		1
530.6		1
530.7		1
530.8		1
530.9		1
531		1
531.1		1
531.2		1
531.3		1
531.4		1
531.5		1
531.6		1
531.7		1
531.8		1
531.9		1
532		1
532.1		1
532.2		1
532.3		1
532.4		1
532.5		1
532.6		1
532.7		1
532.8		1
532.9		1
533		1
533.1		1
533.2		1
533.3		1
533.4		1
533.5		1
533.6		1
533.7		1
533.8		1
533.9		1
534		1
534.1		1
534.2		1
534.3		1
534.4		1
534.5		1
534.6		1
534.7		1
534.8		1
534.9		1
535		1
535.1		1
535.2		1
535.3		1
535.4		1
535.5		1
535.6		1
535.7		1
535.8		1
535.9		1
536		1
536.1		1
536.2		1
536.3		1
536.4		1
536.5		1
536.6		1
536.7		1
536.8		1
536.9		1
537		1
537.1		1
537.2		1
537.3		1
537.4		1
537.5		1
537.6		1
537.7		1
537.8		1
537.9		1
538		1
538.1		1
538.2		1
538.3		1
538.4		1
538.5		1
538.6		1
538.7		1
538.8		1
538.9		1
539		1
539.1		1
539.2		1
539.3		1
539.4		1
539.5		1
539.6		1
539.7		1
539.8		1
539.9		1
540		1
540.1		1
540.2		1
540.3		1
540.4		1
540.5		1
540.6		1
540.7		1
540.8		1
540.9		1
541		1
541.1		1
541.2		1
541.3		1
541.4		1
541.5		1
541.6		1
541.7		1
541.8		1
541.9		1
542		1
542.1		1
542.2		1
542.3		1
542.4		1
542.5		1
542.6		1
542.7		1
542.8		1
542.9		1
543		1
543.1		1
543.2		1
543.3		1
543.4		1
543.5		1
543.6		1
543.7		1
543.8		1
543.9		1
544		1
544.1		1
544.2		1
544.3		1
544.4		1
544.5		1
544.6		1
544.7		1
544.8		1
544.9		1
545		1
545.1		1
545.2		1
545.3		1
545.4		1
545.5		1
545.6		1
545.7		1
545.8		1
545.9		1
546		1
546.1		1
546.2		1
546.3		1
546.4		1
546.5		1
546.6		1
546.7		1
546.8		1
546.9		1
547		1
547.1		1
547.2		1
547.3		1
547.4		1
547.5		1
547.6		1
547.7		1
547.8		1
547.9		1
548		1
548.1		1
548.2		1
548.3		1
548.4		1
548.5		1
548.6		1
548.7		1
548.8		1
548.9		1
549		1
549.1		1
549.2		1
549.3		1
549.4		1
549.5		1
549.6		1
549.7		1
549.8		1
549.9		1
550		1
550.1		1
550.2		1
550.3		1
550.4		1
550.5		1
550.6		1
550.7		1
550.8		1
550.9		1
551		1
551.1		1
551.2		1
551.3		1
551.4		1
551.5		1
551.6		1
551.7		1
551.8		1
551.9		1
552		1
552.1		1
552.2		1
552.3		1
552.4		1
552.5		1
552.6		1
552.7		1
552.8		1
552.9		1
553		1
553.1		1
553.2		1
553.3		1
553.4		1
553.5		1
553.6		1
553.7		1
553.8		1
553.9		1
554		1
554.1		1
554.2		1
554.3		1
554.4		1
554.5		1
554.6		1
554.7		1
554.8		1
554.9		1
555		1
555.1		1
555.2		1
555.3		1
555.4		1
555.5		1
555.6		1
555.7		1
555.8		1
555.9		1
556		1
556.1		1
556.2		1
556.3		1
556.4		1
556.5		1
556.6		1
556.7		1
556.8		1
556.9		1
557		1
557.1		1
557.2		1
557.3		1
557.4		1
557.5		1
557.6		1
557.7		1
557.8		1
557.9		1
558		1
558.1		1
558.2		1
558.3		1
558.4		1
558.5		1
558.6		1
558.7		1
558.8		1
558.9		1
559		1
559.1		1
559.2		1
559.3		1
559.4		1
559.5		1
559.6		1
559.7		1
559.8		1
559.9		1
560		1
560.1		1
560.2		1
560.3		1
560.4		1
560.5		1
560.6		1
560.7		1
560.8		1
560.9		1
561		1
561.1		1
561.2		1
561.3		1
561.4		1
561.5		1
561.6		1
561.7		1
561.8		1
561.9		1
562		1
562.1		1
562.2		1
562.3		1
562.4		1
562.5		1
562.6		1
562.7		1
562.8		1
562.9		1
563		1
563.1		1
563.2		1
563.3		1
563.4		1
563.5		1
563.6		1
563.7		1
563.8		1
563.9		1
564		1
564.1		1
564.2		1
564.3		1
564.4		1
564.5		1
564.6		1
564.7		1
564.8		1
564.9		1
565		1
565.1		1
565.2		1
565.3		1
565.4		1
565.5		1
565.6		1
565.7		1
565.8		1
565.9		1
566		1
566.1		1
566.2		1
566.3		1
566.4		1
566.5		1
566.6		1
566.7		1
566.8		1
566.9		1
567		1
567.1		1
567.2		1
567.3		1
567.4		1
567.5		1
567.6		1
567.7		1
567.8		1
567.9		1
568		1
568.1		1
568.2		1
568.3		1
568.4		1
568.5		1
568.6		1
568.7		1
568.8		1
568.9		1
569		1
569.1		1
569.2		1
569.3		1
569.4		1
569.5		1
569.6		1
569.7		1
569.8		1
569.9		1
570		1
570.1		1
570.2		1
570.3		1
570.4		1
570.5		1
570.6		1
570.7		1
570.8		1
570.9		1
571		1
571.1		1
571.2		1
571.3		1
571.4		1
571.5		1
571.6		1
571.7		1
571.8		1
571.9		1
572		1
572.1		1
572.2		1
572.3		1
572.4		1
572.5		1
572.6		1
572.7		1
572.8		1
572.9		1
573		1
573.1		1
573.2		1
573.3		1
573.4		1
573.5		1
573.6		1
573.7		1
573.8		1
573.9		1
574		1
574.1		1
574.2		1
574.3		1
574.4		1
574.5		1
574.6		1
574.7		1
574.8		1
574.9		1
575		1
575.1		1
575.2		1
575.3		1
575.4		1
575.5		1
575.6		1
575.7		1
575.8		1
575.9		1
576		1
576.1		1
576.2		1
576.3		1
576.4		1
576.5		1
576.6		1
576.7		1
576.8		1
576.9		1
577		1
577.1		1
577.2		1
577.3		1
577.4		1
577.5		1
577.6		1
577.7		1
577.8		1
577.9		1
578		1
578.1		1
578.2		1
578.3		1
578.4		1
578.5		1
578.6		1
578.7		1
578.8		1
578.9		1
579		1
579.1		1
579.2		1
579.3		1
579.4		1
579.5		1
579.6		1
579.7		1
579.8		1
579.9		1
580		1
580.1		1
580.2		1
580.3		1
580.4		1
580.5		1
580.6		1
580.7		1
580.8		1
580.9		1
581		1
581.1		1
581.2		1
581.3		1
581.4		1
581.5		1
581.6		1
581.7		1
581.8		1
581.9		1
582		1
582.1		1
582.2		1
582.3		1
582.4		1
582.5		1
582.6		1
582.7		1
582.8		1
582.9		1
583		1
583.1		1
583.2		1
583.3		1
583.4		1
583.5		1
583.6		1
583.7		1
583.8		1
583.9		1
584		1
584.1		1
584.2		1
584.3		1
584.4		1
584.5		1
584.6		1
584.7		1
584.8		1
584.9		1
585		1
585.1		1
585.2		1
585.3		1
585.4		1
585.5		1
585.6		1
585.7		1
585.8		1
585.9		1
586		1
586.1		1
586.2		1
586.3		1
586.4		1
586.5		1
586.6		1
586.7		1
586.8		1
586.9		1
587		1
587.1		1
587.2		1
587.3		1
587.4		1
587.5		1
587.6		1
587.7		1
587.8		1
587.9		1
588		1
588.1		1
588.2		1
588.3		1
588.4		1
588.5		1
588.6		1
588.7		1
588.8		1
588.9		1
589		1
589.1		1
589.2		1
589.3		1
589.4		1
589.5		1
589.6		1
589.7		1
589.8		1
589.9		1
590		1
590.1		1
590.2		1
590.3		1
590.4		1
590.5		1
590.6		1
590.7		1
590.8		1
590.9		1
591		1
591.1		1
591.2		1
591.3		1
591.4		1
591.5		1
591.6		1
591.7		1
591.8		1
591.9		1
592		1
592.1		1
592.2		1
592.3		1
592.4		1
592.5		1
592.6		1
592.7		1
592.8		1
592.9		1
593		1
593.1		1
593.2		1
593.3		1
593.4		1
593.5		1
593.6		1
593.7		1
593.8		1
593.9		1
594		1
594.1		1
594.2		1
594.3		1
594.4		1
594.5		1
594.6		1
594.7		1
594.8		1
594.9		1
595		1
595.1		1
595.2		1
595.3		1
595.4		1
595.5		1
595.6		1
595.7		1
595.8		1
595.9		1
596		1
596.1		1
596.2		1
596.3		1
596.4		1
596.5		1
596.6		1
596.7		1
596.8		1
596.9		1
597		1
597.1		1
597.2		1
597.3		1
597.4		1
597.5		1
597.6		1
597.7		1
597.8		1
597.9		1
598		1
598.1		1
598.2		1
598.3		1
598.4		1
598.5		1
598.6		1
598.7		1
598.8		1
598.9		1
599		1
599.1		1
599.2		1
599.3		1
599.4		1
599.5		1
599.6		1
599.7		1
599.8		1
599.9		1
600		1
