# Calibration file of tamex_id 1 @ channel 60
# fine_T bin		 Calibration value
0.1		0
0.2		0
0.3		0
0.4		0
0.5		0
0.6		0
0.7		0
0.8		0
0.9		0
1		0
1.1		0
1.2		0
1.3		0
1.4		0
1.5		0
1.6		0
1.7		0
1.8		0
1.9		0
2		0
2.1		0
2.2		0
2.3		0
2.4		0
2.5		0
2.6		0
2.7		0
2.8		0
2.9		0
3		0
3.1		0
3.2		0
3.3		0
3.4		0
3.5		0
3.6		0
3.7		0
3.8		0
3.9		0
4		0
4.1		0
4.2		0
4.3		0
4.4		0
4.5		0
4.6		0
4.7		0
4.8		0
4.9		0
5		0
5.1		0
5.2		0
5.3		0
5.4		0
5.5		0
5.6		0
5.7		0
5.8		0
5.9		0
6		0
6.1		0
6.2		0
6.3		0
6.4		0
6.5		0
6.6		0
6.7		0
6.8		0
6.9		0
7		0
7.1		0
7.2		0
7.3		0
7.4		0
7.5		0
7.6		0
7.7		0
7.8		0
7.9		0
8		0
8.1		0
8.2		0
8.3		0
8.4		0
8.5		0
8.6		0
8.7		0
8.8		0
8.9		0
9		0
9.1		0
9.2		0
9.3		0
9.4		0
9.5		0
9.6		0
9.7		0
9.8		0
9.9		0
10		0
10.1		0
10.2		0
10.3		0
10.4		0
10.5		0
10.6		0
10.7		0
10.8		0
10.9		0
11		0
11.1		0
11.2		0
11.3		0
11.4		0
11.5		0
11.6		0
11.7		0
11.8		0
11.9		0
12		0
12.1		0
12.2		0
12.3		0
12.4		0
12.5		0
12.6		0
12.7		0
12.8		0
12.9		0
13		0
13.1		0
13.2		0
13.3		0
13.4		0
13.5		0
13.6		0
13.7		0
13.8		0
13.9		0
14		0
14.1		0
14.2		0
14.3		0
14.4		0
14.5		0
14.6		0
14.7		0
14.8		0
14.9		0
15		0
15.1		0
15.2		0
15.3		0
15.4		0
15.5		0
15.6		0
15.7		0
15.8		0
15.9		0
16		0
16.1		0.00396033
16.2		0.00396033
16.3		0.00396033
16.4		0.00396033
16.5		0.00396033
16.6		0.00396033
16.7		0.00396033
16.8		0.00396033
16.9		0.00396033
17		0.00396033
17.1		0.00708284
17.2		0.00708284
17.3		0.00708284
17.4		0.00708284
17.5		0.00708284
17.6		0.00708284
17.7		0.00708284
17.8		0.00708284
17.9		0.00708284
18		0.00708284
18.1		0.00756512
18.2		0.00756512
18.3		0.00756512
18.4		0.00756512
18.5		0.00756512
18.6		0.00756512
18.7		0.00756512
18.8		0.00756512
18.9		0.00756512
19		0.00756512
19.1		0.0115571
19.2		0.0115571
19.3		0.0115571
19.4		0.0115571
19.5		0.0115571
19.6		0.0115571
19.7		0.0115571
19.8		0.0115571
19.9		0.0115571
20		0.0115571
20.1		0.017869
20.2		0.017869
20.3		0.017869
20.4		0.017869
20.5		0.017869
20.6		0.017869
20.7		0.017869
20.8		0.017869
20.9		0.017869
21		0.017869
21.1		0.0189885
21.2		0.0189885
21.3		0.0189885
21.4		0.0189885
21.5		0.0189885
21.6		0.0189885
21.7		0.0189885
21.8		0.0189885
21.9		0.0189885
22		0.0189885
22.1		0.0196785
22.2		0.0196785
22.3		0.0196785
22.4		0.0196785
22.5		0.0196785
22.6		0.0196785
22.7		0.0196785
22.8		0.0196785
22.9		0.0196785
23		0.0196785
23.1		0.0228115
23.2		0.0228115
23.3		0.0228115
23.4		0.0228115
23.5		0.0228115
23.6		0.0228115
23.7		0.0228115
23.8		0.0228115
23.9		0.0228115
24		0.0228115
24.1		0.0266275
24.2		0.0266275
24.3		0.0266275
24.4		0.0266275
24.5		0.0266275
24.6		0.0266275
24.7		0.0266275
24.8		0.0266275
24.9		0.0266275
25		0.0266275
25.1		0.0275604
25.2		0.0275604
25.3		0.0275604
25.4		0.0275604
25.5		0.0275604
25.6		0.0275604
25.7		0.0275604
25.8		0.0275604
25.9		0.0275604
26		0.0275604
26.1		0.0293065
26.2		0.0293065
26.3		0.0293065
26.4		0.0293065
26.5		0.0293065
26.6		0.0293065
26.7		0.0293065
26.8		0.0293065
26.9		0.0293065
27		0.0293065
27.1		0.0302041
27.2		0.0302041
27.3		0.0302041
27.4		0.0302041
27.5		0.0302041
27.6		0.0302041
27.7		0.0302041
27.8		0.0302041
27.9		0.0302041
28		0.0302041
28.1		0.0329218
28.2		0.0329218
28.3		0.0329218
28.4		0.0329218
28.5		0.0329218
28.6		0.0329218
28.7		0.0329218
28.8		0.0329218
28.9		0.0329218
29		0.0329218
29.1		0.033471
29.2		0.033471
29.3		0.033471
29.4		0.033471
29.5		0.033471
29.6		0.033471
29.7		0.033471
29.8		0.033471
29.9		0.033471
30		0.033471
30.1		0.0369702
30.2		0.0369702
30.3		0.0369702
30.4		0.0369702
30.5		0.0369702
30.6		0.0369702
30.7		0.0369702
30.8		0.0369702
30.9		0.0369702
31		0.0369702
31.1		0.0371532
31.2		0.0371532
31.3		0.0371532
31.4		0.0371532
31.5		0.0371532
31.6		0.0371532
31.7		0.0371532
31.8		0.0371532
31.9		0.0371532
32		0.0371532
32.1		0.0428983
32.2		0.0428983
32.3		0.0428983
32.4		0.0428983
32.5		0.0428983
32.6		0.0428983
32.7		0.0428983
32.8		0.0428983
32.9		0.0428983
33		0.0428983
33.1		0.0443276
33.2		0.0443276
33.3		0.0443276
33.4		0.0443276
33.5		0.0443276
33.6		0.0443276
33.7		0.0443276
33.8		0.0443276
33.9		0.0443276
34		0.0443276
34.1		0.0459328
34.2		0.0459328
34.3		0.0459328
34.4		0.0459328
34.5		0.0459328
34.6		0.0459328
34.7		0.0459328
34.8		0.0459328
34.9		0.0459328
35		0.0459328
35.1		0.0465207
35.2		0.0465207
35.3		0.0465207
35.4		0.0465207
35.5		0.0465207
35.6		0.0465207
35.7		0.0465207
35.8		0.0465207
35.9		0.0465207
36		0.0465207
36.1		0.0500833
36.2		0.0500833
36.3		0.0500833
36.4		0.0500833
36.5		0.0500833
36.6		0.0500833
36.7		0.0500833
36.8		0.0500833
36.9		0.0500833
37		0.0500833
37.1		0.0509211
37.2		0.0509211
37.3		0.0509211
37.4		0.0509211
37.5		0.0509211
37.6		0.0509211
37.7		0.0509211
37.8		0.0509211
37.9		0.0509211
38		0.0509211
38.1		0.0540189
38.2		0.0540189
38.3		0.0540189
38.4		0.0540189
38.5		0.0540189
38.6		0.0540189
38.7		0.0540189
38.8		0.0540189
38.9		0.0540189
39		0.0540189
39.1		0.0544731
39.2		0.0544731
39.3		0.0544731
39.4		0.0544731
39.5		0.0544731
39.6		0.0544731
39.7		0.0544731
39.8		0.0544731
39.9		0.0544731
40		0.0544731
40.1		0.0588699
40.2		0.0588699
40.3		0.0588699
40.4		0.0588699
40.5		0.0588699
40.6		0.0588699
40.7		0.0588699
40.8		0.0588699
40.9		0.0588699
41		0.0588699
41.1		0.059845
41.2		0.059845
41.3		0.059845
41.4		0.059845
41.5		0.059845
41.6		0.059845
41.7		0.059845
41.8		0.059845
41.9		0.059845
42		0.059845
42.1		0.0617249
42.2		0.0617249
42.3		0.0617249
42.4		0.0617249
42.5		0.0617249
42.6		0.0617249
42.7		0.0617249
42.8		0.0617249
42.9		0.0617249
43		0.0617249
43.1		0.0621156
43.2		0.0621156
43.3		0.0621156
43.4		0.0621156
43.5		0.0621156
43.6		0.0621156
43.7		0.0621156
43.8		0.0621156
43.9		0.0621156
44		0.0621156
44.1		0.0660232
44.2		0.0660232
44.3		0.0660232
44.4		0.0660232
44.5		0.0660232
44.6		0.0660232
44.7		0.0660232
44.8		0.0660232
44.9		0.0660232
45		0.0660232
45.1		0.0688359
45.2		0.0688359
45.3		0.0688359
45.4		0.0688359
45.5		0.0688359
45.6		0.0688359
45.7		0.0688359
45.8		0.0688359
45.9		0.0688359
46		0.0688359
46.1		0.070163
46.2		0.070163
46.3		0.070163
46.4		0.070163
46.5		0.070163
46.6		0.070163
46.7		0.070163
46.8		0.070163
46.9		0.070163
47		0.070163
47.1		0.0704517
47.2		0.0704517
47.3		0.0704517
47.4		0.0704517
47.5		0.0704517
47.6		0.0704517
47.7		0.0704517
47.8		0.0704517
47.9		0.0704517
48		0.0704517
48.1		0.0752147
48.2		0.0752147
48.3		0.0752147
48.4		0.0752147
48.5		0.0752147
48.6		0.0752147
48.7		0.0752147
48.8		0.0752147
48.9		0.0752147
49		0.0752147
49.1		0.0792454
49.2		0.0792454
49.3		0.0792454
49.4		0.0792454
49.5		0.0792454
49.6		0.0792454
49.7		0.0792454
49.8		0.0792454
49.9		0.0792454
50		0.0792454
50.1		0.0794496
50.2		0.0794496
50.3		0.0794496
50.4		0.0794496
50.5		0.0794496
50.6		0.0794496
50.7		0.0794496
50.8		0.0794496
50.9		0.0794496
51		0.0794496
51.1		0.0810548
51.2		0.0810548
51.3		0.0810548
51.4		0.0810548
51.5		0.0810548
51.6		0.0810548
51.7		0.0810548
51.8		0.0810548
51.9		0.0810548
52		0.0810548
52.1		0.0829417
52.2		0.0829417
52.3		0.0829417
52.4		0.0829417
52.5		0.0829417
52.6		0.0829417
52.7		0.0829417
52.8		0.0829417
52.9		0.0829417
53		0.0829417
53.1		0.0831494
53.2		0.0831494
53.3		0.0831494
53.4		0.0831494
53.5		0.0831494
53.6		0.0831494
53.7		0.0831494
53.8		0.0831494
53.9		0.0831494
54		0.0831494
54.1		0.088465
54.2		0.088465
54.3		0.088465
54.4		0.088465
54.5		0.088465
54.6		0.088465
54.7		0.088465
54.8		0.088465
54.9		0.088465
55		0.088465
55.1		0.0904646
55.2		0.0904646
55.3		0.0904646
55.4		0.0904646
55.5		0.0904646
55.6		0.0904646
55.7		0.0904646
55.8		0.0904646
55.9		0.0904646
56		0.0904646
56.1		0.0907427
56.2		0.0907427
56.3		0.0907427
56.4		0.0907427
56.5		0.0907427
56.6		0.0907427
56.7		0.0907427
56.8		0.0907427
56.9		0.0907427
57		0.0907427
57.1		0.094087
57.2		0.094087
57.3		0.094087
57.4		0.094087
57.5		0.094087
57.6		0.094087
57.7		0.094087
57.8		0.094087
57.9		0.094087
58		0.094087
58.1		0.097213
58.2		0.097213
58.3		0.097213
58.4		0.097213
58.5		0.097213
58.6		0.097213
58.7		0.097213
58.8		0.097213
58.9		0.097213
59		0.097213
59.1		0.0973045
59.2		0.0973045
59.3		0.0973045
59.4		0.0973045
59.5		0.0973045
59.6		0.0973045
59.7		0.0973045
59.8		0.0973045
59.9		0.0973045
60		0.0973045
60.1		0.0988534
60.2		0.0988534
60.3		0.0988534
60.4		0.0988534
60.5		0.0988534
60.6		0.0988534
60.7		0.0988534
60.8		0.0988534
60.9		0.0988534
61		0.0988534
61.1		0.100723
61.2		0.100723
61.3		0.100723
61.4		0.100723
61.5		0.100723
61.6		0.100723
61.7		0.100723
61.8		0.100723
61.9		0.100723
62		0.100723
62.1		0.104715
62.2		0.104715
62.3		0.104715
62.4		0.104715
62.5		0.104715
62.6		0.104715
62.7		0.104715
62.8		0.104715
62.9		0.104715
63		0.104715
63.1		0.105781
63.2		0.105781
63.3		0.105781
63.4		0.105781
63.5		0.105781
63.6		0.105781
63.7		0.105781
63.8		0.105781
63.9		0.105781
64		0.105781
64.1		0.109911
64.2		0.109911
64.3		0.109911
64.4		0.109911
64.5		0.109911
64.6		0.109911
64.7		0.109911
64.8		0.109911
64.9		0.109911
65		0.109911
65.1		0.110104
65.2		0.110104
65.3		0.110104
65.4		0.110104
65.5		0.110104
65.6		0.110104
65.7		0.110104
65.8		0.110104
65.9		0.110104
66		0.110104
66.1		0.113209
66.2		0.113209
66.3		0.113209
66.4		0.113209
66.5		0.113209
66.6		0.113209
66.7		0.113209
66.8		0.113209
66.9		0.113209
67		0.113209
67.1		0.114617
67.2		0.114617
67.3		0.114617
67.4		0.114617
67.5		0.114617
67.6		0.114617
67.7		0.114617
67.8		0.114617
67.9		0.114617
68		0.114617
68.1		0.114952
68.2		0.114952
68.3		0.114952
68.4		0.114952
68.5		0.114952
68.6		0.114952
68.7		0.114952
68.8		0.114952
68.9		0.114952
69		0.114952
69.1		0.11511
69.2		0.11511
69.3		0.11511
69.4		0.11511
69.5		0.11511
69.6		0.11511
69.7		0.11511
69.8		0.11511
69.9		0.11511
70		0.11511
70.1		0.123263
70.2		0.123263
70.3		0.123263
70.4		0.123263
70.5		0.123263
70.6		0.123263
70.7		0.123263
70.8		0.123263
70.9		0.123263
71		0.123263
71.1		0.124119
71.2		0.124119
71.3		0.124119
71.4		0.124119
71.5		0.124119
71.6		0.124119
71.7		0.124119
71.8		0.124119
71.9		0.124119
72		0.124119
72.1		0.124696
72.2		0.124696
72.3		0.124696
72.4		0.124696
72.5		0.124696
72.6		0.124696
72.7		0.124696
72.8		0.124696
72.9		0.124696
73		0.124696
73.1		0.12584
73.2		0.12584
73.3		0.12584
73.4		0.12584
73.5		0.12584
73.6		0.12584
73.7		0.12584
73.8		0.12584
73.9		0.12584
74		0.12584
74.1		0.131321
74.2		0.131321
74.3		0.131321
74.4		0.131321
74.5		0.131321
74.6		0.131321
74.7		0.131321
74.8		0.131321
74.9		0.131321
75		0.131321
75.1		0.132177
75.2		0.132177
75.3		0.132177
75.4		0.132177
75.5		0.132177
75.6		0.132177
75.7		0.132177
75.8		0.132177
75.9		0.132177
76		0.132177
76.1		0.13431
76.2		0.13431
76.3		0.13431
76.4		0.13431
76.5		0.13431
76.6		0.13431
76.7		0.13431
76.8		0.13431
76.9		0.13431
77		0.13431
77.1		0.136876
77.2		0.136876
77.3		0.136876
77.4		0.136876
77.5		0.136876
77.6		0.136876
77.7		0.136876
77.8		0.136876
77.9		0.136876
78		0.136876
78.1		0.141449
78.2		0.141449
78.3		0.141449
78.4		0.141449
78.5		0.141449
78.6		0.141449
78.7		0.141449
78.8		0.141449
78.9		0.141449
79		0.141449
79.1		0.141974
79.2		0.141974
79.3		0.141974
79.4		0.141974
79.5		0.141974
79.6		0.141974
79.7		0.141974
79.8		0.141974
79.9		0.141974
80		0.141974
80.1		0.143051
80.2		0.143051
80.3		0.143051
80.4		0.143051
80.5		0.143051
80.6		0.143051
80.7		0.143051
80.8		0.143051
80.9		0.143051
81		0.143051
81.1		0.143977
81.2		0.143977
81.3		0.143977
81.4		0.143977
81.5		0.143977
81.6		0.143977
81.7		0.143977
81.8		0.143977
81.9		0.143977
82		0.143977
82.1		0.147331
82.2		0.147331
82.3		0.147331
82.4		0.147331
82.5		0.147331
82.6		0.147331
82.7		0.147331
82.8		0.147331
82.9		0.147331
83		0.147331
83.1		0.150894
83.2		0.150894
83.3		0.150894
83.4		0.150894
83.5		0.150894
83.6		0.150894
83.7		0.150894
83.8		0.150894
83.9		0.150894
84		0.150894
84.1		0.152147
84.2		0.152147
84.3		0.152147
84.4		0.152147
84.5		0.152147
84.6		0.152147
84.7		0.152147
84.8		0.152147
84.9		0.152147
85		0.152147
85.1		0.15283
85.2		0.15283
85.3		0.15283
85.4		0.15283
85.5		0.15283
85.6		0.15283
85.7		0.15283
85.8		0.15283
85.9		0.15283
86		0.15283
86.1		0.154488
86.2		0.154488
86.3		0.154488
86.4		0.154488
86.5		0.154488
86.6		0.154488
86.7		0.154488
86.8		0.154488
86.9		0.154488
87		0.154488
87.1		0.158547
87.2		0.158547
87.3		0.158547
87.4		0.158547
87.5		0.158547
87.6		0.158547
87.7		0.158547
87.8		0.158547
87.9		0.158547
88		0.158547
88.1		0.159744
88.2		0.159744
88.3		0.159744
88.4		0.159744
88.5		0.159744
88.6		0.159744
88.7		0.159744
88.8		0.159744
88.9		0.159744
89		0.159744
89.1		0.161427
89.2		0.161427
89.3		0.161427
89.4		0.161427
89.5		0.161427
89.6		0.161427
89.7		0.161427
89.8		0.161427
89.9		0.161427
90		0.161427
90.1		0.164532
90.2		0.164532
90.3		0.164532
90.4		0.164532
90.5		0.164532
90.6		0.164532
90.7		0.164532
90.8		0.164532
90.9		0.164532
91		0.164532
91.1		0.166345
91.2		0.166345
91.3		0.166345
91.4		0.166345
91.5		0.166345
91.6		0.166345
91.7		0.166345
91.8		0.166345
91.9		0.166345
92		0.166345
92.1		0.168407
92.2		0.168407
92.3		0.168407
92.4		0.168407
92.5		0.168407
92.6		0.168407
92.7		0.168407
92.8		0.168407
92.9		0.168407
93		0.168407
93.1		0.169699
93.2		0.169699
93.3		0.169699
93.4		0.169699
93.5		0.169699
93.6		0.169699
93.7		0.169699
93.8		0.169699
93.9		0.169699
94		0.169699
94.1		0.173846
94.2		0.173846
94.3		0.173846
94.4		0.173846
94.5		0.173846
94.6		0.173846
94.7		0.173846
94.8		0.173846
94.9		0.173846
95		0.173846
95.1		0.176905
95.2		0.176905
95.3		0.176905
95.4		0.176905
95.5		0.176905
95.6		0.176905
95.7		0.176905
95.8		0.176905
95.9		0.176905
96		0.176905
96.1		0.179627
96.2		0.179627
96.3		0.179627
96.4		0.179627
96.5		0.179627
96.6		0.179627
96.7		0.179627
96.8		0.179627
96.9		0.179627
97		0.179627
97.1		0.18
97.2		0.18
97.3		0.18
97.4		0.18
97.5		0.18
97.6		0.18
97.7		0.18
97.8		0.18
97.9		0.18
98		0.18
98.1		0.181334
98.2		0.181334
98.3		0.181334
98.4		0.181334
98.5		0.181334
98.6		0.181334
98.7		0.181334
98.8		0.181334
98.9		0.181334
99		0.181334
99.1		0.183587
99.2		0.183587
99.3		0.183587
99.4		0.183587
99.5		0.183587
99.6		0.183587
99.7		0.183587
99.8		0.183587
99.9		0.183587
100		0.183587
100.1		0.18665
100.2		0.18665
100.3		0.18665
100.4		0.18665
100.5		0.18665
100.6		0.18665
100.7		0.18665
100.8		0.18665
100.9		0.18665
101		0.18665
101.1		0.189033
101.2		0.189033
101.3		0.189033
101.4		0.189033
101.5		0.189033
101.6		0.189033
101.7		0.189033
101.8		0.189033
101.9		0.189033
102		0.189033
102.1		0.192011
102.2		0.192011
102.3		0.192011
102.4		0.192011
102.5		0.192011
102.6		0.192011
102.7		0.192011
102.8		0.192011
102.9		0.192011
103		0.192011
103.1		0.192296
103.2		0.192296
103.3		0.192296
103.4		0.192296
103.5		0.192296
103.6		0.192296
103.7		0.192296
103.8		0.192296
103.9		0.192296
104		0.192296
104.1		0.195391
104.2		0.195391
104.3		0.195391
104.4		0.195391
104.5		0.195391
104.6		0.195391
104.7		0.195391
104.8		0.195391
104.9		0.195391
105		0.195391
105.1		0.198358
105.2		0.198358
105.3		0.198358
105.4		0.198358
105.5		0.198358
105.6		0.198358
105.7		0.198358
105.8		0.198358
105.9		0.198358
106		0.198358
106.1		0.199178
106.2		0.199178
106.3		0.199178
106.4		0.199178
106.5		0.199178
106.6		0.199178
106.7		0.199178
106.8		0.199178
106.9		0.199178
107		0.199178
107.1		0.201224
107.2		0.201224
107.3		0.201224
107.4		0.201224
107.5		0.201224
107.6		0.201224
107.7		0.201224
107.8		0.201224
107.9		0.201224
108		0.201224
108.1		0.20435
108.2		0.20435
108.3		0.20435
108.4		0.20435
108.5		0.20435
108.6		0.20435
108.7		0.20435
108.8		0.20435
108.9		0.20435
109		0.20435
109.1		0.205071
109.2		0.205071
109.3		0.205071
109.4		0.205071
109.5		0.205071
109.6		0.205071
109.7		0.205071
109.8		0.205071
109.9		0.205071
110		0.205071
110.1		0.208335
110.2		0.208335
110.3		0.208335
110.4		0.208335
110.5		0.208335
110.6		0.208335
110.7		0.208335
110.8		0.208335
110.9		0.208335
111		0.208335
111.1		0.209384
111.2		0.209384
111.3		0.209384
111.4		0.209384
111.5		0.209384
111.6		0.209384
111.7		0.209384
111.8		0.209384
111.9		0.209384
112		0.209384
112.1		0.212686
112.2		0.212686
112.3		0.212686
112.4		0.212686
112.5		0.212686
112.6		0.212686
112.7		0.212686
112.8		0.212686
112.9		0.212686
113		0.212686
113.1		0.213119
113.2		0.213119
113.3		0.213119
113.4		0.213119
113.5		0.213119
113.6		0.213119
113.7		0.213119
113.8		0.213119
113.9		0.213119
114		0.213119
114.1		0.215601
114.2		0.215601
114.3		0.215601
114.4		0.215601
114.5		0.215601
114.6		0.215601
114.7		0.215601
114.8		0.215601
114.9		0.215601
115		0.215601
115.1		0.21848
115.2		0.21848
115.3		0.21848
115.4		0.21848
115.5		0.21848
115.6		0.21848
115.7		0.21848
115.8		0.21848
115.9		0.21848
116		0.21848
116.1		0.221497
116.2		0.221497
116.3		0.221497
116.4		0.221497
116.5		0.221497
116.6		0.221497
116.7		0.221497
116.8		0.221497
116.9		0.221497
117		0.221497
117.1		0.222958
117.2		0.222958
117.3		0.222958
117.4		0.222958
117.5		0.222958
117.6		0.222958
117.7		0.222958
117.8		0.222958
117.9		0.222958
118		0.222958
118.1		0.224598
118.2		0.224598
118.3		0.224598
118.4		0.224598
118.5		0.224598
118.6		0.224598
118.7		0.224598
118.8		0.224598
118.9		0.224598
119		0.224598
119.1		0.226485
119.2		0.226485
119.3		0.226485
119.4		0.226485
119.5		0.226485
119.6		0.226485
119.7		0.226485
119.8		0.226485
119.9		0.226485
120		0.226485
120.1		0.228545
120.2		0.228545
120.3		0.228545
120.4		0.228545
120.5		0.228545
120.6		0.228545
120.7		0.228545
120.8		0.228545
120.9		0.228545
121		0.228545
121.1		0.233209
121.2		0.233209
121.3		0.233209
121.4		0.233209
121.5		0.233209
121.6		0.233209
121.7		0.233209
121.8		0.233209
121.9		0.233209
122		0.233209
122.1		0.236078
122.2		0.236078
122.3		0.236078
122.4		0.236078
122.5		0.236078
122.6		0.236078
122.7		0.236078
122.8		0.236078
122.9		0.236078
123		0.236078
123.1		0.236479
123.2		0.236479
123.3		0.236479
123.4		0.236479
123.5		0.236479
123.6		0.236479
123.7		0.236479
123.8		0.236479
123.9		0.236479
124		0.236479
124.1		0.237585
124.2		0.237585
124.3		0.237585
124.4		0.237585
124.5		0.237585
124.6		0.237585
124.7		0.237585
124.8		0.237585
124.9		0.237585
125		0.237585
125.1		0.238328
125.2		0.238328
125.3		0.238328
125.4		0.238328
125.5		0.238328
125.6		0.238328
125.7		0.238328
125.8		0.238328
125.9		0.238328
126		0.238328
126.1		0.242186
126.2		0.242186
126.3		0.242186
126.4		0.242186
126.5		0.242186
126.6		0.242186
126.7		0.242186
126.8		0.242186
126.9		0.242186
127		0.242186
127.1		0.243228
127.2		0.243228
127.3		0.243228
127.4		0.243228
127.5		0.243228
127.6		0.243228
127.7		0.243228
127.8		0.243228
127.9		0.243228
128		0.243228
128.1		0.245502
128.2		0.245502
128.3		0.245502
128.4		0.245502
128.5		0.245502
128.6		0.245502
128.7		0.245502
128.8		0.245502
128.9		0.245502
129		0.245502
129.1		0.24634
129.2		0.24634
129.3		0.24634
129.4		0.24634
129.5		0.24634
129.6		0.24634
129.7		0.24634
129.8		0.24634
129.9		0.24634
130		0.24634
130.1		0.25073
130.2		0.25073
130.3		0.25073
130.4		0.25073
130.5		0.25073
130.6		0.25073
130.7		0.25073
130.8		0.25073
130.9		0.25073
131		0.25073
131.1		0.252141
131.2		0.252141
131.3		0.252141
131.4		0.252141
131.5		0.252141
131.6		0.252141
131.7		0.252141
131.8		0.252141
131.9		0.252141
132		0.252141
132.1		0.254345
132.2		0.254345
132.3		0.254345
132.4		0.254345
132.5		0.254345
132.6		0.254345
132.7		0.254345
132.8		0.254345
132.9		0.254345
133		0.254345
133.1		0.254588
133.2		0.254588
133.3		0.254588
133.4		0.254588
133.5		0.254588
133.6		0.254588
133.7		0.254588
133.8		0.254588
133.9		0.254588
134		0.254588
134.1		0.258999
134.2		0.258999
134.3		0.258999
134.4		0.258999
134.5		0.258999
134.6		0.258999
134.7		0.258999
134.8		0.258999
134.9		0.258999
135		0.258999
135.1		0.260439
135.2		0.260439
135.3		0.260439
135.4		0.260439
135.5		0.260439
135.6		0.260439
135.7		0.260439
135.8		0.260439
135.9		0.260439
136		0.260439
136.1		0.261484
136.2		0.261484
136.3		0.261484
136.4		0.261484
136.5		0.261484
136.6		0.261484
136.7		0.261484
136.8		0.261484
136.9		0.261484
137		0.261484
137.1		0.262149
137.2		0.262149
137.3		0.262149
137.4		0.262149
137.5		0.262149
137.6		0.262149
137.7		0.262149
137.8		0.262149
137.9		0.262149
138		0.262149
138.1		0.266617
138.2		0.266617
138.3		0.266617
138.4		0.266617
138.5		0.266617
138.6		0.266617
138.7		0.266617
138.8		0.266617
138.9		0.266617
139		0.266617
139.1		0.268732
139.2		0.268732
139.3		0.268732
139.4		0.268732
139.5		0.268732
139.6		0.268732
139.7		0.268732
139.8		0.268732
139.9		0.268732
140		0.268732
140.1		0.269401
140.2		0.269401
140.3		0.269401
140.4		0.269401
140.5		0.269401
140.6		0.269401
140.7		0.269401
140.8		0.269401
140.9		0.269401
141		0.269401
141.1		0.271985
141.2		0.271985
141.3		0.271985
141.4		0.271985
141.5		0.271985
141.6		0.271985
141.7		0.271985
141.8		0.271985
141.9		0.271985
142		0.271985
142.1		0.274361
142.2		0.274361
142.3		0.274361
142.4		0.274361
142.5		0.274361
142.6		0.274361
142.7		0.274361
142.8		0.274361
142.9		0.274361
143		0.274361
143.1		0.278994
143.2		0.278994
143.3		0.278994
143.4		0.278994
143.5		0.278994
143.6		0.278994
143.7		0.278994
143.8		0.278994
143.9		0.278994
144		0.278994
144.1		0.279445
144.2		0.279445
144.3		0.279445
144.4		0.279445
144.5		0.279445
144.6		0.279445
144.7		0.279445
144.8		0.279445
144.9		0.279445
145		0.279445
145.1		0.281641
145.2		0.281641
145.3		0.281641
145.4		0.281641
145.5		0.281641
145.6		0.281641
145.7		0.281641
145.8		0.281641
145.9		0.281641
146		0.281641
146.1		0.28206
146.2		0.28206
146.3		0.28206
146.4		0.28206
146.5		0.28206
146.6		0.28206
146.7		0.28206
146.8		0.28206
146.9		0.28206
147		0.28206
147.1		0.284686
147.2		0.284686
147.3		0.284686
147.4		0.284686
147.5		0.284686
147.6		0.284686
147.7		0.284686
147.8		0.284686
147.9		0.284686
148		0.284686
148.1		0.289432
148.2		0.289432
148.3		0.289432
148.4		0.289432
148.5		0.289432
148.6		0.289432
148.7		0.289432
148.8		0.289432
148.9		0.289432
149		0.289432
149.1		0.290935
149.2		0.290935
149.3		0.290935
149.4		0.290935
149.5		0.290935
149.6		0.290935
149.7		0.290935
149.8		0.290935
149.9		0.290935
150		0.290935
150.1		0.291107
150.2		0.291107
150.3		0.291107
150.4		0.291107
150.5		0.291107
150.6		0.291107
150.7		0.291107
150.8		0.291107
150.9		0.291107
151		0.291107
151.1		0.29386
151.2		0.29386
151.3		0.29386
151.4		0.29386
151.5		0.29386
151.6		0.29386
151.7		0.29386
151.8		0.29386
151.9		0.29386
152		0.29386
152.1		0.298208
152.2		0.298208
152.3		0.298208
152.4		0.298208
152.5		0.298208
152.6		0.298208
152.7		0.298208
152.8		0.298208
152.9		0.298208
153		0.298208
153.1		0.29843
153.2		0.29843
153.3		0.29843
153.4		0.29843
153.5		0.29843
153.6		0.29843
153.7		0.29843
153.8		0.29843
153.9		0.29843
154		0.29843
154.1		0.299852
154.2		0.299852
154.3		0.299852
154.4		0.299852
154.5		0.299852
154.6		0.299852
154.7		0.299852
154.8		0.299852
154.9		0.299852
155		0.299852
155.1		0.302133
155.2		0.302133
155.3		0.302133
155.4		0.302133
155.5		0.302133
155.6		0.302133
155.7		0.302133
155.8		0.302133
155.9		0.302133
156		0.302133
156.1		0.304273
156.2		0.304273
156.3		0.304273
156.4		0.304273
156.5		0.304273
156.6		0.304273
156.7		0.304273
156.8		0.304273
156.9		0.304273
157		0.304273
157.1		0.30477
157.2		0.30477
157.3		0.30477
157.4		0.30477
157.5		0.30477
157.6		0.30477
157.7		0.30477
157.8		0.30477
157.9		0.30477
158		0.30477
158.1		0.307853
158.2		0.307853
158.3		0.307853
158.4		0.307853
158.5		0.307853
158.6		0.307853
158.7		0.307853
158.8		0.307853
158.9		0.307853
159		0.307853
159.1		0.308022
159.2		0.308022
159.3		0.308022
159.4		0.308022
159.5		0.308022
159.6		0.308022
159.7		0.308022
159.8		0.308022
159.9		0.308022
160		0.308022
160.1		0.314859
160.2		0.314859
160.3		0.314859
160.4		0.314859
160.5		0.314859
160.6		0.314859
160.7		0.314859
160.8		0.314859
160.9		0.314859
161		0.314859
161.1		0.316499
161.2		0.316499
161.3		0.316499
161.4		0.316499
161.5		0.316499
161.6		0.316499
161.7		0.316499
161.8		0.316499
161.9		0.316499
162		0.316499
162.1		0.316696
162.2		0.316696
162.3		0.316696
162.4		0.316696
162.5		0.316696
162.6		0.316696
162.7		0.316696
162.8		0.316696
162.9		0.316696
163		0.316696
163.1		0.316894
163.2		0.316894
163.3		0.316894
163.4		0.316894
163.5		0.316894
163.6		0.316894
163.7		0.316894
163.8		0.316894
163.9		0.316894
164		0.316894
164.1		0.322266
164.2		0.322266
164.3		0.322266
164.4		0.322266
164.5		0.322266
164.6		0.322266
164.7		0.322266
164.8		0.322266
164.9		0.322266
165		0.322266
165.1		0.323737
165.2		0.323737
165.3		0.323737
165.4		0.323737
165.5		0.323737
165.6		0.323737
165.7		0.323737
165.8		0.323737
165.9		0.323737
166		0.323737
166.1		0.325744
166.2		0.325744
166.3		0.325744
166.4		0.325744
166.5		0.325744
166.6		0.325744
166.7		0.325744
166.8		0.325744
166.9		0.325744
167		0.325744
167.1		0.326342
167.2		0.326342
167.3		0.326342
167.4		0.326342
167.5		0.326342
167.6		0.326342
167.7		0.326342
167.8		0.326342
167.9		0.326342
168		0.326342
168.1		0.33251
168.2		0.33251
168.3		0.33251
168.4		0.33251
168.5		0.33251
168.6		0.33251
168.7		0.33251
168.8		0.33251
168.9		0.33251
169		0.33251
169.1		0.333671
169.2		0.333671
169.3		0.333671
169.4		0.333671
169.5		0.333671
169.6		0.333671
169.7		0.333671
169.8		0.333671
169.9		0.333671
170		0.333671
170.1		0.33384
170.2		0.33384
170.3		0.33384
170.4		0.33384
170.5		0.33384
170.6		0.33384
170.7		0.33384
170.8		0.33384
170.9		0.33384
171		0.33384
171.1		0.335009
171.2		0.335009
171.3		0.335009
171.4		0.335009
171.5		0.335009
171.6		0.335009
171.7		0.335009
171.8		0.335009
171.9		0.335009
172		0.335009
172.1		0.340138
172.2		0.340138
172.3		0.340138
172.4		0.340138
172.5		0.340138
172.6		0.340138
172.7		0.340138
172.8		0.340138
172.9		0.340138
173		0.340138
173.1		0.342271
173.2		0.342271
173.3		0.342271
173.4		0.342271
173.5		0.342271
173.6		0.342271
173.7		0.342271
173.8		0.342271
173.9		0.342271
174		0.342271
174.1		0.343408
174.2		0.343408
174.3		0.343408
174.4		0.343408
174.5		0.343408
174.6		0.343408
174.7		0.343408
174.8		0.343408
174.9		0.343408
175		0.343408
175.1		0.343834
175.2		0.343834
175.3		0.343834
175.4		0.343834
175.5		0.343834
175.6		0.343834
175.7		0.343834
175.8		0.343834
175.9		0.343834
176		0.343834
176.1		0.34739
176.2		0.34739
176.3		0.34739
176.4		0.34739
176.5		0.34739
176.6		0.34739
176.7		0.34739
176.8		0.34739
176.9		0.34739
177		0.34739
177.1		0.349886
177.2		0.349886
177.3		0.349886
177.4		0.349886
177.5		0.349886
177.6		0.349886
177.7		0.349886
177.8		0.349886
177.9		0.349886
178		0.349886
178.1		0.351234
178.2		0.351234
178.3		0.351234
178.4		0.351234
178.5		0.351234
178.6		0.351234
178.7		0.351234
178.8		0.351234
178.9		0.351234
179		0.351234
179.1		0.353445
179.2		0.353445
179.3		0.353445
179.4		0.353445
179.5		0.353445
179.6		0.353445
179.7		0.353445
179.8		0.353445
179.9		0.353445
180		0.353445
180.1		0.356272
180.2		0.356272
180.3		0.356272
180.4		0.356272
180.5		0.356272
180.6		0.356272
180.7		0.356272
180.8		0.356272
180.9		0.356272
181		0.356272
181.1		0.358109
181.2		0.358109
181.3		0.358109
181.4		0.358109
181.5		0.358109
181.6		0.358109
181.7		0.358109
181.8		0.358109
181.9		0.358109
182		0.358109
182.1		0.359806
182.2		0.359806
182.3		0.359806
182.4		0.359806
182.5		0.359806
182.6		0.359806
182.7		0.359806
182.8		0.359806
182.9		0.359806
183		0.359806
183.1		0.360447
183.2		0.360447
183.3		0.360447
183.4		0.360447
183.5		0.360447
183.6		0.360447
183.7		0.360447
183.8		0.360447
183.9		0.360447
184		0.360447
184.1		0.361211
184.2		0.361211
184.3		0.361211
184.4		0.361211
184.5		0.361211
184.6		0.361211
184.7		0.361211
184.8		0.361211
184.9		0.361211
185		0.361211
185.1		0.365607
185.2		0.365607
185.3		0.365607
185.4		0.365607
185.5		0.365607
185.6		0.365607
185.7		0.365607
185.8		0.365607
185.9		0.365607
186		0.365607
186.1		0.36905
186.2		0.36905
186.3		0.36905
186.4		0.36905
186.5		0.36905
186.6		0.36905
186.7		0.36905
186.8		0.36905
186.9		0.36905
187		0.36905
187.1		0.37056
187.2		0.37056
187.3		0.37056
187.4		0.37056
187.5		0.37056
187.6		0.37056
187.7		0.37056
187.8		0.37056
187.9		0.37056
188		0.37056
188.1		0.370941
188.2		0.370941
188.3		0.370941
188.4		0.370941
188.5		0.370941
188.6		0.370941
188.7		0.370941
188.8		0.370941
188.9		0.370941
189		0.370941
189.1		0.37187
189.2		0.37187
189.3		0.37187
189.4		0.37187
189.5		0.37187
189.6		0.37187
189.7		0.37187
189.8		0.37187
189.9		0.37187
190		0.37187
190.1		0.376675
190.2		0.376675
190.3		0.376675
190.4		0.376675
190.5		0.376675
190.6		0.376675
190.7		0.376675
190.8		0.376675
190.9		0.376675
191		0.376675
191.1		0.379291
191.2		0.379291
191.3		0.379291
191.4		0.379291
191.5		0.379291
191.6		0.379291
191.7		0.379291
191.8		0.379291
191.9		0.379291
192		0.379291
192.1		0.38034
192.2		0.38034
192.3		0.38034
192.4		0.38034
192.5		0.38034
192.6		0.38034
192.7		0.38034
192.8		0.38034
192.9		0.38034
193		0.38034
193.1		0.380963
193.2		0.380963
193.3		0.380963
193.4		0.380963
193.5		0.380963
193.6		0.380963
193.7		0.380963
193.8		0.380963
193.9		0.380963
194		0.380963
194.1		0.385487
194.2		0.385487
194.3		0.385487
194.4		0.385487
194.5		0.385487
194.6		0.385487
194.7		0.385487
194.8		0.385487
194.9		0.385487
195		0.385487
195.1		0.38636
195.2		0.38636
195.3		0.38636
195.4		0.38636
195.5		0.38636
195.6		0.38636
195.7		0.38636
195.8		0.38636
195.9		0.38636
196		0.38636
196.1		0.388232
196.2		0.388232
196.3		0.388232
196.4		0.388232
196.5		0.388232
196.6		0.388232
196.7		0.388232
196.8		0.388232
196.9		0.388232
197		0.388232
197.1		0.388679
197.2		0.388679
197.3		0.388679
197.4		0.388679
197.5		0.388679
197.6		0.388679
197.7		0.388679
197.8		0.388679
197.9		0.388679
198		0.388679
198.1		0.394206
198.2		0.394206
198.3		0.394206
198.4		0.394206
198.5		0.394206
198.6		0.394206
198.7		0.394206
198.8		0.394206
198.9		0.394206
199		0.394206
199.1		0.39603
199.2		0.39603
199.3		0.39603
199.4		0.39603
199.5		0.39603
199.6		0.39603
199.7		0.39603
199.8		0.39603
199.9		0.39603
200		0.39603
200.1		0.397656
200.2		0.397656
200.3		0.397656
200.4		0.397656
200.5		0.397656
200.6		0.397656
200.7		0.397656
200.8		0.397656
200.9		0.397656
201		0.397656
201.1		0.399209
201.2		0.399209
201.3		0.399209
201.4		0.399209
201.5		0.399209
201.6		0.399209
201.7		0.399209
201.8		0.399209
201.9		0.399209
202		0.399209
202.1		0.40294
202.2		0.40294
202.3		0.40294
202.4		0.40294
202.5		0.40294
202.6		0.40294
202.7		0.40294
202.8		0.40294
202.9		0.40294
203		0.40294
203.1		0.405904
203.2		0.405904
203.3		0.405904
203.4		0.405904
203.5		0.405904
203.6		0.405904
203.7		0.405904
203.8		0.405904
203.9		0.405904
204		0.405904
204.1		0.406865
204.2		0.406865
204.3		0.406865
204.4		0.406865
204.5		0.406865
204.6		0.406865
204.7		0.406865
204.8		0.406865
204.9		0.406865
205		0.406865
205.1		0.41065
205.2		0.41065
205.3		0.41065
205.4		0.41065
205.5		0.41065
205.6		0.41065
205.7		0.41065
205.8		0.41065
205.9		0.41065
206		0.41065
206.1		0.412603
206.2		0.412603
206.3		0.412603
206.4		0.412603
206.5		0.412603
206.6		0.412603
206.7		0.412603
206.8		0.412603
206.9		0.412603
207		0.412603
207.1		0.413797
207.2		0.413797
207.3		0.413797
207.4		0.413797
207.5		0.413797
207.6		0.413797
207.7		0.413797
207.8		0.413797
207.9		0.413797
208		0.413797
208.1		0.416743
208.2		0.416743
208.3		0.416743
208.4		0.416743
208.5		0.416743
208.6		0.416743
208.7		0.416743
208.8		0.416743
208.9		0.416743
209		0.416743
209.1		0.417011
209.2		0.417011
209.3		0.417011
209.4		0.417011
209.5		0.417011
209.6		0.417011
209.7		0.417011
209.8		0.417011
209.9		0.417011
210		0.417011
210.1		0.418838
210.2		0.418838
210.3		0.418838
210.4		0.418838
210.5		0.418838
210.6		0.418838
210.7		0.418838
210.8		0.418838
210.9		0.418838
211		0.418838
211.1		0.423418
211.2		0.423418
211.3		0.423418
211.4		0.423418
211.5		0.423418
211.6		0.423418
211.7		0.423418
211.8		0.423418
211.9		0.423418
212		0.423418
212.1		0.424706
212.2		0.424706
212.3		0.424706
212.4		0.424706
212.5		0.424706
212.6		0.424706
212.7		0.424706
212.8		0.424706
212.9		0.424706
213		0.424706
213.1		0.427892
213.2		0.427892
213.3		0.427892
213.4		0.427892
213.5		0.427892
213.6		0.427892
213.7		0.427892
213.8		0.427892
213.9		0.427892
214		0.427892
214.1		0.428121
214.2		0.428121
214.3		0.428121
214.4		0.428121
214.5		0.428121
214.6		0.428121
214.7		0.428121
214.8		0.428121
214.9		0.428121
215		0.428121
215.1		0.428241
215.2		0.428241
215.3		0.428241
215.4		0.428241
215.5		0.428241
215.6		0.428241
215.7		0.428241
215.8		0.428241
215.9		0.428241
216		0.428241
216.1		0.432352
216.2		0.432352
216.3		0.432352
216.4		0.432352
216.5		0.432352
216.6		0.432352
216.7		0.432352
216.8		0.432352
216.9		0.432352
217		0.432352
217.1		0.436316
217.2		0.436316
217.3		0.436316
217.4		0.436316
217.5		0.436316
217.6		0.436316
217.7		0.436316
217.8		0.436316
217.9		0.436316
218		0.436316
218.1		0.436601
218.2		0.436601
218.3		0.436601
218.4		0.436601
218.5		0.436601
218.6		0.436601
218.7		0.436601
218.8		0.436601
218.9		0.436601
219		0.436601
219.1		0.438126
219.2		0.438126
219.3		0.438126
219.4		0.438126
219.5		0.438126
219.6		0.438126
219.7		0.438126
219.8		0.438126
219.9		0.438126
220		0.438126
220.1		0.442065
220.2		0.442065
220.3		0.442065
220.4		0.442065
220.5		0.442065
220.6		0.442065
220.7		0.442065
220.8		0.442065
220.9		0.442065
221		0.442065
221.1		0.442864
221.2		0.442864
221.3		0.442864
221.4		0.442864
221.5		0.442864
221.6		0.442864
221.7		0.442864
221.8		0.442864
221.9		0.442864
222		0.442864
222.1		0.443012
222.2		0.443012
222.3		0.443012
222.4		0.443012
222.5		0.443012
222.6		0.443012
222.7		0.443012
222.8		0.443012
222.9		0.443012
223		0.443012
223.1		0.446866
223.2		0.446866
223.3		0.446866
223.4		0.446866
223.5		0.446866
223.6		0.446866
223.7		0.446866
223.8		0.446866
223.9		0.446866
224		0.446866
224.1		0.449985
224.2		0.449985
224.3		0.449985
224.4		0.449985
224.5		0.449985
224.6		0.449985
224.7		0.449985
224.8		0.449985
224.9		0.449985
225		0.449985
225.1		0.450848
225.2		0.450848
225.3		0.450848
225.4		0.450848
225.5		0.450848
225.6		0.450848
225.7		0.450848
225.8		0.450848
225.9		0.450848
226		0.450848
226.1		0.452685
226.2		0.452685
226.3		0.452685
226.4		0.452685
226.5		0.452685
226.6		0.452685
226.7		0.452685
226.8		0.452685
226.9		0.452685
227		0.452685
227.1		0.452844
227.2		0.452844
227.3		0.452844
227.4		0.452844
227.5		0.452844
227.6		0.452844
227.7		0.452844
227.8		0.452844
227.9		0.452844
228		0.452844
228.1		0.459194
228.2		0.459194
228.3		0.459194
228.4		0.459194
228.5		0.459194
228.6		0.459194
228.7		0.459194
228.8		0.459194
228.9		0.459194
229		0.459194
229.1		0.459606
229.2		0.459606
229.3		0.459606
229.4		0.459606
229.5		0.459606
229.6		0.459606
229.7		0.459606
229.8		0.459606
229.9		0.459606
230		0.459606
230.1		0.460786
230.2		0.460786
230.3		0.460786
230.4		0.460786
230.5		0.460786
230.6		0.460786
230.7		0.460786
230.8		0.460786
230.9		0.460786
231		0.460786
231.1		0.462433
231.2		0.462433
231.3		0.462433
231.4		0.462433
231.5		0.462433
231.6		0.462433
231.7		0.462433
231.8		0.462433
231.9		0.462433
232		0.462433
232.1		0.467664
232.2		0.467664
232.3		0.467664
232.4		0.467664
232.5		0.467664
232.6		0.467664
232.7		0.467664
232.8		0.467664
232.9		0.467664
233		0.467664
233.1		0.468763
233.2		0.468763
233.3		0.468763
233.4		0.468763
233.5		0.468763
233.6		0.468763
233.7		0.468763
233.8		0.468763
233.9		0.468763
234		0.468763
234.1		0.469164
234.2		0.469164
234.3		0.469164
234.4		0.469164
234.5		0.469164
234.6		0.469164
234.7		0.469164
234.8		0.469164
234.9		0.469164
235		0.469164
235.1		0.469931
235.2		0.469931
235.3		0.469931
235.4		0.469931
235.5		0.469931
235.6		0.469931
235.7		0.469931
235.8		0.469931
235.9		0.469931
236		0.469931
236.1		0.47619
236.2		0.47619
236.3		0.47619
236.4		0.47619
236.5		0.47619
236.6		0.47619
236.7		0.47619
236.8		0.47619
236.9		0.47619
237		0.47619
237.1		0.478521
237.2		0.478521
237.3		0.478521
237.4		0.478521
237.5		0.478521
237.6		0.478521
237.7		0.478521
237.8		0.478521
237.9		0.478521
238		0.478521
238.1		0.478894
238.2		0.478894
238.3		0.478894
238.4		0.478894
238.5		0.478894
238.6		0.478894
238.7		0.478894
238.8		0.478894
238.9		0.478894
239		0.478894
239.1		0.479679
239.2		0.479679
239.3		0.479679
239.4		0.479679
239.5		0.479679
239.6		0.479679
239.7		0.479679
239.8		0.479679
239.9		0.479679
240		0.479679
240.1		0.484548
240.2		0.484548
240.3		0.484548
240.4		0.484548
240.5		0.484548
240.6		0.484548
240.7		0.484548
240.8		0.484548
240.9		0.484548
241		0.484548
241.1		0.486533
241.2		0.486533
241.3		0.486533
241.4		0.486533
241.5		0.486533
241.6		0.486533
241.7		0.486533
241.8		0.486533
241.9		0.486533
242		0.486533
242.1		0.486815
242.2		0.486815
242.3		0.486815
242.4		0.486815
242.5		0.486815
242.6		0.486815
242.7		0.486815
242.8		0.486815
242.9		0.486815
243		0.486815
243.1		0.487202
243.2		0.487202
243.3		0.487202
243.4		0.487202
243.5		0.487202
243.6		0.487202
243.7		0.487202
243.8		0.487202
243.9		0.487202
244		0.487202
244.1		0.490092
244.2		0.490092
244.3		0.490092
244.4		0.490092
244.5		0.490092
244.6		0.490092
244.7		0.490092
244.8		0.490092
244.9		0.490092
245		0.490092
245.1		0.493704
245.2		0.493704
245.3		0.493704
245.4		0.493704
245.5		0.493704
245.6		0.493704
245.7		0.493704
245.8		0.493704
245.9		0.493704
246		0.493704
246.1		0.494355
246.2		0.494355
246.3		0.494355
246.4		0.494355
246.5		0.494355
246.6		0.494355
246.7		0.494355
246.8		0.494355
246.9		0.494355
247		0.494355
247.1		0.49683
247.2		0.49683
247.3		0.49683
247.4		0.49683
247.5		0.49683
247.6		0.49683
247.7		0.49683
247.8		0.49683
247.9		0.49683
248		0.49683
248.1		0.497809
248.2		0.497809
248.3		0.497809
248.4		0.497809
248.5		0.497809
248.6		0.497809
248.7		0.497809
248.8		0.497809
248.9		0.497809
249		0.497809
249.1		0.497932
249.2		0.497932
249.3		0.497932
249.4		0.497932
249.5		0.497932
249.6		0.497932
249.7		0.497932
249.8		0.497932
249.9		0.497932
250		0.497932
250.1		0.507461
250.2		0.507461
250.3		0.507461
250.4		0.507461
250.5		0.507461
250.6		0.507461
250.7		0.507461
250.8		0.507461
250.9		0.507461
251		0.507461
251.1		0.508281
251.2		0.508281
251.3		0.508281
251.4		0.508281
251.5		0.508281
251.6		0.508281
251.7		0.508281
251.8		0.508281
251.9		0.508281
252		0.508281
252.1		0.508535
252.2		0.508535
252.3		0.508535
252.4		0.508535
252.5		0.508535
252.6		0.508535
252.7		0.508535
252.8		0.508535
252.9		0.508535
253		0.508535
253.1		0.509739
253.2		0.509739
253.3		0.509739
253.4		0.509739
253.5		0.509739
253.6		0.509739
253.7		0.509739
253.8		0.509739
253.9		0.509739
254		0.509739
254.1		0.514741
254.2		0.514741
254.3		0.514741
254.4		0.514741
254.5		0.514741
254.6		0.514741
254.7		0.514741
254.8		0.514741
254.9		0.514741
255		0.514741
255.1		0.515181
255.2		0.515181
255.3		0.515181
255.4		0.515181
255.5		0.515181
255.6		0.515181
255.7		0.515181
255.8		0.515181
255.9		0.515181
256		0.515181
256.1		0.518913
256.2		0.518913
256.3		0.518913
256.4		0.518913
256.5		0.518913
256.6		0.518913
256.7		0.518913
256.8		0.518913
256.9		0.518913
257		0.518913
257.1		0.519561
257.2		0.519561
257.3		0.519561
257.4		0.519561
257.5		0.519561
257.6		0.519561
257.7		0.519561
257.8		0.519561
257.9		0.519561
258		0.519561
258.1		0.521817
258.2		0.521817
258.3		0.521817
258.4		0.521817
258.5		0.521817
258.6		0.521817
258.7		0.521817
258.8		0.521817
258.9		0.521817
259		0.521817
259.1		0.525225
259.2		0.525225
259.3		0.525225
259.4		0.525225
259.5		0.525225
259.6		0.525225
259.7		0.525225
259.8		0.525225
259.9		0.525225
260		0.525225
260.1		0.525943
260.2		0.525943
260.3		0.525943
260.4		0.525943
260.5		0.525943
260.6		0.525943
260.7		0.525943
260.8		0.525943
260.9		0.525943
261		0.525943
261.1		0.526654
261.2		0.526654
261.3		0.526654
261.4		0.526654
261.5		0.526654
261.6		0.526654
261.7		0.526654
261.8		0.526654
261.9		0.526654
262		0.526654
262.1		0.531688
262.2		0.531688
262.3		0.531688
262.4		0.531688
262.5		0.531688
262.6		0.531688
262.7		0.531688
262.8		0.531688
262.9		0.531688
263		0.531688
263.1		0.532867
263.2		0.532867
263.3		0.532867
263.4		0.532867
263.5		0.532867
263.6		0.532867
263.7		0.532867
263.8		0.532867
263.9		0.532867
264		0.532867
264.1		0.534029
264.2		0.534029
264.3		0.534029
264.4		0.534029
264.5		0.534029
264.6		0.534029
264.7		0.534029
264.8		0.534029
264.9		0.534029
265		0.534029
265.1		0.534194
265.2		0.534194
265.3		0.534194
265.4		0.534194
265.5		0.534194
265.6		0.534194
265.7		0.534194
265.8		0.534194
265.9		0.534194
266		0.534194
266.1		0.538366
266.2		0.538366
266.3		0.538366
266.4		0.538366
266.5		0.538366
266.6		0.538366
266.7		0.538366
266.8		0.538366
266.9		0.538366
267		0.538366
267.1		0.542559
267.2		0.542559
267.3		0.542559
267.4		0.542559
267.5		0.542559
267.6		0.542559
267.7		0.542559
267.8		0.542559
267.9		0.542559
268		0.542559
268.1		0.543516
268.2		0.543516
268.3		0.543516
268.4		0.543516
268.5		0.543516
268.6		0.543516
268.7		0.543516
268.8		0.543516
268.9		0.543516
269		0.543516
269.1		0.544632
269.2		0.544632
269.3		0.544632
269.4		0.544632
269.5		0.544632
269.6		0.544632
269.7		0.544632
269.8		0.544632
269.9		0.544632
270		0.544632
270.1		0.546283
270.2		0.546283
270.3		0.546283
270.4		0.546283
270.5		0.546283
270.6		0.546283
270.7		0.546283
270.8		0.546283
270.9		0.546283
271		0.546283
271.1		0.548166
271.2		0.548166
271.3		0.548166
271.4		0.548166
271.5		0.548166
271.6		0.548166
271.7		0.548166
271.8		0.548166
271.9		0.548166
272		0.548166
272.1		0.554123
272.2		0.554123
272.3		0.554123
272.4		0.554123
272.5		0.554123
272.6		0.554123
272.7		0.554123
272.8		0.554123
272.9		0.554123
273		0.554123
273.1		0.555165
273.2		0.555165
273.3		0.555165
273.4		0.555165
273.5		0.555165
273.6		0.555165
273.7		0.555165
273.8		0.555165
273.9		0.555165
274		0.555165
274.1		0.555524
274.2		0.555524
274.3		0.555524
274.4		0.555524
274.5		0.555524
274.6		0.555524
274.7		0.555524
274.8		0.555524
274.9		0.555524
275		0.555524
275.1		0.557552
275.2		0.557552
275.3		0.557552
275.4		0.557552
275.5		0.557552
275.6		0.557552
275.7		0.557552
275.8		0.557552
275.9		0.557552
276		0.557552
276.1		0.562357
276.2		0.562357
276.3		0.562357
276.4		0.562357
276.5		0.562357
276.6		0.562357
276.7		0.562357
276.8		0.562357
276.9		0.562357
277		0.562357
277.1		0.563441
277.2		0.563441
277.3		0.563441
277.4		0.563441
277.5		0.563441
277.6		0.563441
277.7		0.563441
277.8		0.563441
277.9		0.563441
278		0.563441
278.1		0.564082
278.2		0.564082
278.3		0.564082
278.4		0.564082
278.5		0.564082
278.6		0.564082
278.7		0.564082
278.8		0.564082
278.9		0.564082
279		0.564082
279.1		0.56757
279.2		0.56757
279.3		0.56757
279.4		0.56757
279.5		0.56757
279.6		0.56757
279.7		0.56757
279.8		0.56757
279.9		0.56757
280		0.56757
280.1		0.569901
280.2		0.569901
280.3		0.569901
280.4		0.569901
280.5		0.569901
280.6		0.569901
280.7		0.569901
280.8		0.569901
280.9		0.569901
281		0.569901
281.1		0.571006
281.2		0.571006
281.3		0.571006
281.4		0.571006
281.5		0.571006
281.6		0.571006
281.7		0.571006
281.8		0.571006
281.9		0.571006
282		0.571006
282.1		0.573843
282.2		0.573843
282.3		0.573843
282.4		0.573843
282.5		0.573843
282.6		0.573843
282.7		0.573843
282.8		0.573843
282.9		0.573843
283		0.573843
283.1		0.574981
283.2		0.574981
283.3		0.574981
283.4		0.574981
283.5		0.574981
283.6		0.574981
283.7		0.574981
283.8		0.574981
283.9		0.574981
284		0.574981
284.1		0.581155
284.2		0.581155
284.3		0.581155
284.4		0.581155
284.5		0.581155
284.6		0.581155
284.7		0.581155
284.8		0.581155
284.9		0.581155
285		0.581155
285.1		0.58212
285.2		0.58212
285.3		0.58212
285.4		0.58212
285.5		0.58212
285.6		0.58212
285.7		0.58212
285.8		0.58212
285.9		0.58212
286		0.58212
286.1		0.582915
286.2		0.582915
286.3		0.582915
286.4		0.582915
286.5		0.582915
286.6		0.582915
286.7		0.582915
286.8		0.582915
286.9		0.582915
287		0.582915
287.1		0.588632
287.2		0.588632
287.3		0.588632
287.4		0.588632
287.5		0.588632
287.6		0.588632
287.7		0.588632
287.8		0.588632
287.9		0.588632
288		0.588632
288.1		0.592265
288.2		0.592265
288.3		0.592265
288.4		0.592265
288.5		0.592265
288.6		0.592265
288.7		0.592265
288.8		0.592265
288.9		0.592265
289		0.592265
289.1		0.593233
289.2		0.593233
289.3		0.593233
289.4		0.593233
289.5		0.593233
289.6		0.593233
289.7		0.593233
289.8		0.593233
289.9		0.593233
290		0.593233
290.1		0.593966
290.2		0.593966
290.3		0.593966
290.4		0.593966
290.5		0.593966
290.6		0.593966
290.7		0.593966
290.8		0.593966
290.9		0.593966
291		0.593966
291.1		0.597088
291.2		0.597088
291.3		0.597088
291.4		0.597088
291.5		0.597088
291.6		0.597088
291.7		0.597088
291.8		0.597088
291.9		0.597088
292		0.597088
292.1		0.600098
292.2		0.600098
292.3		0.600098
292.4		0.600098
292.5		0.600098
292.6		0.600098
292.7		0.600098
292.8		0.600098
292.9		0.600098
293		0.600098
293.1		0.600098
293.2		0.600098
293.3		0.600098
293.4		0.600098
293.5		0.600098
293.6		0.600098
293.7		0.600098
293.8		0.600098
293.9		0.600098
294		0.600098
294.1		0.600098
294.2		0.600098
294.3		0.600098
294.4		0.600098
294.5		0.600098
294.6		0.600098
294.7		0.600098
294.8		0.600098
294.9		0.600098
295		0.600098
295.1		0.600098
295.2		0.600098
295.3		0.600098
295.4		0.600098
295.5		0.600098
295.6		0.600098
295.7		0.600098
295.8		0.600098
295.9		0.600098
296		0.600098
296.1		0.6034
296.2		0.6034
296.3		0.6034
296.4		0.6034
296.5		0.6034
296.6		0.6034
296.7		0.6034
296.8		0.6034
296.9		0.6034
297		0.6034
297.1		0.606241
297.2		0.606241
297.3		0.606241
297.4		0.606241
297.5		0.606241
297.6		0.606241
297.7		0.606241
297.8		0.606241
297.9		0.606241
298		0.606241
298.1		0.606755
298.2		0.606755
298.3		0.606755
298.4		0.606755
298.5		0.606755
298.6		0.606755
298.7		0.606755
298.8		0.606755
298.9		0.606755
299		0.606755
299.1		0.608026
299.2		0.608026
299.3		0.608026
299.4		0.608026
299.5		0.608026
299.6		0.608026
299.7		0.608026
299.8		0.608026
299.9		0.608026
300		0.608026
300.1		0.608205
300.2		0.608205
300.3		0.608205
300.4		0.608205
300.5		0.608205
300.6		0.608205
300.7		0.608205
300.8		0.608205
300.9		0.608205
301		0.608205
301.1		0.612412
301.2		0.612412
301.3		0.612412
301.4		0.612412
301.5		0.612412
301.6		0.612412
301.7		0.612412
301.8		0.612412
301.9		0.612412
302		0.612412
302.1		0.615006
302.2		0.615006
302.3		0.615006
302.4		0.615006
302.5		0.615006
302.6		0.615006
302.7		0.615006
302.8		0.615006
302.9		0.615006
303		0.615006
303.1		0.615724
303.2		0.615724
303.3		0.615724
303.4		0.615724
303.5		0.615724
303.6		0.615724
303.7		0.615724
303.8		0.615724
303.9		0.615724
304		0.615724
304.1		0.619005
304.2		0.619005
304.3		0.619005
304.4		0.619005
304.5		0.619005
304.6		0.619005
304.7		0.619005
304.8		0.619005
304.9		0.619005
305		0.619005
305.1		0.619305
305.2		0.619305
305.3		0.619305
305.4		0.619305
305.5		0.619305
305.6		0.619305
305.7		0.619305
305.8		0.619305
305.9		0.619305
306		0.619305
306.1		0.623701
306.2		0.623701
306.3		0.623701
306.4		0.623701
306.5		0.623701
306.6		0.623701
306.7		0.623701
306.8		0.623701
306.9		0.623701
307		0.623701
307.1		0.625293
307.2		0.625293
307.3		0.625293
307.4		0.625293
307.5		0.625293
307.6		0.625293
307.7		0.625293
307.8		0.625293
307.9		0.625293
308		0.625293
308.1		0.628362
308.2		0.628362
308.3		0.628362
308.4		0.628362
308.5		0.628362
308.6		0.628362
308.7		0.628362
308.8		0.628362
308.9		0.628362
309		0.628362
309.1		0.62951
309.2		0.62951
309.3		0.62951
309.4		0.62951
309.5		0.62951
309.6		0.62951
309.7		0.62951
309.8		0.62951
309.9		0.62951
310		0.62951
310.1		0.631235
310.2		0.631235
310.3		0.631235
310.4		0.631235
310.5		0.631235
310.6		0.631235
310.7		0.631235
310.8		0.631235
310.9		0.631235
311		0.631235
311.1		0.634794
311.2		0.634794
311.3		0.634794
311.4		0.634794
311.5		0.634794
311.6		0.634794
311.7		0.634794
311.8		0.634794
311.9		0.634794
312		0.634794
312.1		0.635023
312.2		0.635023
312.3		0.635023
312.4		0.635023
312.5		0.635023
312.6		0.635023
312.7		0.635023
312.8		0.635023
312.9		0.635023
313		0.635023
313.1		0.638561
313.2		0.638561
313.3		0.638561
313.4		0.638561
313.5		0.638561
313.6		0.638561
313.7		0.638561
313.8		0.638561
313.9		0.638561
314		0.638561
314.1		0.638804
314.2		0.638804
314.3		0.638804
314.4		0.638804
314.5		0.638804
314.6		0.638804
314.7		0.638804
314.8		0.638804
314.9		0.638804
315		0.638804
315.1		0.640764
315.2		0.640764
315.3		0.640764
315.4		0.640764
315.5		0.640764
315.6		0.640764
315.7		0.640764
315.8		0.640764
315.9		0.640764
316		0.640764
316.1		0.645992
316.2		0.645992
316.3		0.645992
316.4		0.645992
316.5		0.645992
316.6		0.645992
316.7		0.645992
316.8		0.645992
316.9		0.645992
317		0.645992
317.1		0.646805
317.2		0.646805
317.3		0.646805
317.4		0.646805
317.5		0.646805
317.6		0.646805
317.7		0.646805
317.8		0.646805
317.9		0.646805
318		0.646805
318.1		0.648977
318.2		0.648977
318.3		0.648977
318.4		0.648977
318.5		0.648977
318.6		0.648977
318.7		0.648977
318.8		0.648977
318.9		0.648977
319		0.648977
319.1		0.650202
319.2		0.650202
319.3		0.650202
319.4		0.650202
319.5		0.650202
319.6		0.650202
319.7		0.650202
319.8		0.650202
319.9		0.650202
320		0.650202
320.1		0.653342
320.2		0.653342
320.3		0.653342
320.4		0.653342
320.5		0.653342
320.6		0.653342
320.7		0.653342
320.8		0.653342
320.9		0.653342
321		0.653342
321.1		0.654701
321.2		0.654701
321.3		0.654701
321.4		0.654701
321.5		0.654701
321.6		0.654701
321.7		0.654701
321.8		0.654701
321.9		0.654701
322		0.654701
322.1		0.657683
322.2		0.657683
322.3		0.657683
322.4		0.657683
322.5		0.657683
322.6		0.657683
322.7		0.657683
322.8		0.657683
322.9		0.657683
323		0.657683
323.1		0.659753
323.2		0.659753
323.3		0.659753
323.4		0.659753
323.5		0.659753
323.6		0.659753
323.7		0.659753
323.8		0.659753
323.9		0.659753
324		0.659753
324.1		0.662016
324.2		0.662016
324.3		0.662016
324.4		0.662016
324.5		0.662016
324.6		0.662016
324.7		0.662016
324.8		0.662016
324.9		0.662016
325		0.662016
325.1		0.664625
325.2		0.664625
325.3		0.664625
325.4		0.664625
325.5		0.664625
325.6		0.664625
325.7		0.664625
325.8		0.664625
325.9		0.664625
326		0.664625
326.1		0.664829
326.2		0.664829
326.3		0.664829
326.4		0.664829
326.5		0.664829
326.6		0.664829
326.7		0.664829
326.8		0.664829
326.9		0.664829
327		0.664829
327.1		0.665389
327.2		0.665389
327.3		0.665389
327.4		0.665389
327.5		0.665389
327.6		0.665389
327.7		0.665389
327.8		0.665389
327.9		0.665389
328		0.665389
328.1		0.673148
328.2		0.673148
328.3		0.673148
328.4		0.673148
328.5		0.673148
328.6		0.673148
328.7		0.673148
328.8		0.673148
328.9		0.673148
329		0.673148
329.1		0.673848
329.2		0.673848
329.3		0.673848
329.4		0.673848
329.5		0.673848
329.6		0.673848
329.7		0.673848
329.8		0.673848
329.9		0.673848
330		0.673848
330.1		0.674728
330.2		0.674728
330.3		0.674728
330.4		0.674728
330.5		0.674728
330.6		0.674728
330.7		0.674728
330.8		0.674728
330.9		0.674728
331		0.674728
331.1		0.67703
331.2		0.67703
331.3		0.67703
331.4		0.67703
331.5		0.67703
331.6		0.67703
331.7		0.67703
331.8		0.67703
331.9		0.67703
332		0.67703
332.1		0.678006
332.2		0.678006
332.3		0.678006
332.4		0.678006
332.5		0.678006
332.6		0.678006
332.7		0.678006
332.8		0.678006
332.9		0.678006
333		0.678006
333.1		0.682983
333.2		0.682983
333.3		0.682983
333.4		0.682983
333.5		0.682983
333.6		0.682983
333.7		0.682983
333.8		0.682983
333.9		0.682983
334		0.682983
334.1		0.683261
334.2		0.683261
334.3		0.683261
334.4		0.683261
334.5		0.683261
334.6		0.683261
334.7		0.683261
334.8		0.683261
334.9		0.683261
335		0.683261
335.1		0.688253
335.2		0.688253
335.3		0.688253
335.4		0.688253
335.5		0.688253
335.6		0.688253
335.7		0.688253
335.8		0.688253
335.9		0.688253
336		0.688253
336.1		0.689415
336.2		0.689415
336.3		0.689415
336.4		0.689415
336.5		0.689415
336.6		0.689415
336.7		0.689415
336.8		0.689415
336.9		0.689415
337		0.689415
337.1		0.690397
337.2		0.690397
337.3		0.690397
337.4		0.690397
337.5		0.690397
337.6		0.690397
337.7		0.690397
337.8		0.690397
337.9		0.690397
338		0.690397
338.1		0.69065
338.2		0.69065
338.3		0.69065
338.4		0.69065
338.5		0.69065
338.6		0.69065
338.7		0.69065
338.8		0.69065
338.9		0.69065
339		0.69065
339.1		0.692439
339.2		0.692439
339.3		0.692439
339.4		0.692439
339.5		0.692439
339.6		0.692439
339.7		0.692439
339.8		0.692439
339.9		0.692439
340		0.692439
340.1		0.697476
340.2		0.697476
340.3		0.697476
340.4		0.697476
340.5		0.697476
340.6		0.697476
340.7		0.697476
340.8		0.697476
340.9		0.697476
341		0.697476
341.1		0.699205
341.2		0.699205
341.3		0.699205
341.4		0.699205
341.5		0.699205
341.6		0.699205
341.7		0.699205
341.8		0.699205
341.9		0.699205
342		0.699205
342.1		0.702105
342.2		0.702105
342.3		0.702105
342.4		0.702105
342.5		0.702105
342.6		0.702105
342.7		0.702105
342.8		0.702105
342.9		0.702105
343		0.702105
343.1		0.704728
343.2		0.704728
343.3		0.704728
343.4		0.704728
343.5		0.704728
343.6		0.704728
343.7		0.704728
343.8		0.704728
343.9		0.704728
344		0.704728
344.1		0.707164
344.2		0.707164
344.3		0.707164
344.4		0.707164
344.5		0.707164
344.6		0.707164
344.7		0.707164
344.8		0.707164
344.9		0.707164
345		0.707164
345.1		0.711931
345.2		0.711931
345.3		0.711931
345.4		0.711931
345.5		0.711931
345.6		0.711931
345.7		0.711931
345.8		0.711931
345.9		0.711931
346		0.711931
346.1		0.713934
346.2		0.713934
346.3		0.713934
346.4		0.713934
346.5		0.713934
346.6		0.713934
346.7		0.713934
346.8		0.713934
346.9		0.713934
347		0.713934
347.1		0.714469
347.2		0.714469
347.3		0.714469
347.4		0.714469
347.5		0.714469
347.6		0.714469
347.7		0.714469
347.8		0.714469
347.9		0.714469
348		0.714469
348.1		0.717898
348.2		0.717898
348.3		0.717898
348.4		0.717898
348.5		0.717898
348.6		0.717898
348.7		0.717898
348.8		0.717898
348.9		0.717898
349		0.717898
349.1		0.721354
349.2		0.721354
349.3		0.721354
349.4		0.721354
349.5		0.721354
349.6		0.721354
349.7		0.721354
349.8		0.721354
349.9		0.721354
350		0.721354
350.1		0.723115
350.2		0.723115
350.3		0.723115
350.4		0.723115
350.5		0.723115
350.6		0.723115
350.7		0.723115
350.8		0.723115
350.9		0.723115
351		0.723115
351.1		0.725515
351.2		0.725515
351.3		0.725515
351.4		0.725515
351.5		0.725515
351.6		0.725515
351.7		0.725515
351.8		0.725515
351.9		0.725515
352		0.725515
352.1		0.725515
352.2		0.725515
352.3		0.725515
352.4		0.725515
352.5		0.725515
352.6		0.725515
352.7		0.725515
352.8		0.725515
352.9		0.725515
353		0.725515
353.1		0.727103
353.2		0.727103
353.3		0.727103
353.4		0.727103
353.5		0.727103
353.6		0.727103
353.7		0.727103
353.8		0.727103
353.9		0.727103
354		0.727103
354.1		0.727103
354.2		0.727103
354.3		0.727103
354.4		0.727103
354.5		0.727103
354.6		0.727103
354.7		0.727103
354.8		0.727103
354.9		0.727103
355		0.727103
355.1		0.729296
355.2		0.729296
355.3		0.729296
355.4		0.729296
355.5		0.729296
355.6		0.729296
355.7		0.729296
355.8		0.729296
355.9		0.729296
356		0.729296
356.1		0.731944
356.2		0.731944
356.3		0.731944
356.4		0.731944
356.5		0.731944
356.6		0.731944
356.7		0.731944
356.8		0.731944
356.9		0.731944
357		0.731944
357.1		0.732971
357.2		0.732971
357.3		0.732971
357.4		0.732971
357.5		0.732971
357.6		0.732971
357.7		0.732971
357.8		0.732971
357.9		0.732971
358		0.732971
358.1		0.732971
358.2		0.732971
358.3		0.732971
358.4		0.732971
358.5		0.732971
358.6		0.732971
358.7		0.732971
358.8		0.732971
358.9		0.732971
359		0.732971
359.1		0.737097
359.2		0.737097
359.3		0.737097
359.4		0.737097
359.5		0.737097
359.6		0.737097
359.7		0.737097
359.8		0.737097
359.9		0.737097
360		0.737097
360.1		0.737956
360.2		0.737956
360.3		0.737956
360.4		0.737956
360.5		0.737956
360.6		0.737956
360.7		0.737956
360.8		0.737956
360.9		0.737956
361		0.737956
361.1		0.739628
361.2		0.739628
361.3		0.739628
361.4		0.739628
361.5		0.739628
361.6		0.739628
361.7		0.739628
361.8		0.739628
361.9		0.739628
362		0.739628
362.1		0.743888
362.2		0.743888
362.3		0.743888
362.4		0.743888
362.5		0.743888
362.6		0.743888
362.7		0.743888
362.8		0.743888
362.9		0.743888
363		0.743888
363.1		0.744198
363.2		0.744198
363.3		0.744198
363.4		0.744198
363.5		0.744198
363.6		0.744198
363.7		0.744198
363.8		0.744198
363.9		0.744198
364		0.744198
364.1		0.744426
364.2		0.744426
364.3		0.744426
364.4		0.744426
364.5		0.744426
364.6		0.744426
364.7		0.744426
364.8		0.744426
364.9		0.744426
365		0.744426
365.1		0.747862
365.2		0.747862
365.3		0.747862
365.4		0.747862
365.5		0.747862
365.6		0.747862
365.7		0.747862
365.8		0.747862
365.9		0.747862
366		0.747862
366.1		0.751893
366.2		0.751893
366.3		0.751893
366.4		0.751893
366.5		0.751893
366.6		0.751893
366.7		0.751893
366.8		0.751893
366.9		0.751893
367		0.751893
367.1		0.75246
367.2		0.75246
367.3		0.75246
367.4		0.75246
367.5		0.75246
367.6		0.75246
367.7		0.75246
367.8		0.75246
367.9		0.75246
368		0.75246
368.1		0.755202
368.2		0.755202
368.3		0.755202
368.4		0.755202
368.5		0.755202
368.6		0.755202
368.7		0.755202
368.8		0.755202
368.9		0.755202
369		0.755202
369.1		0.756128
369.2		0.756128
369.3		0.756128
369.4		0.756128
369.5		0.756128
369.6		0.756128
369.7		0.756128
369.8		0.756128
369.9		0.756128
370		0.756128
370.1		0.760775
370.2		0.760775
370.3		0.760775
370.4		0.760775
370.5		0.760775
370.6		0.760775
370.7		0.760775
370.8		0.760775
370.9		0.760775
371		0.760775
371.1		0.762225
371.2		0.762225
371.3		0.762225
371.4		0.762225
371.5		0.762225
371.6		0.762225
371.7		0.762225
371.8		0.762225
371.9		0.762225
372		0.762225
372.1		0.762954
372.2		0.762954
372.3		0.762954
372.4		0.762954
372.5		0.762954
372.6		0.762954
372.7		0.762954
372.8		0.762954
372.9		0.762954
373		0.762954
373.1		0.764383
373.2		0.764383
373.3		0.764383
373.4		0.764383
373.5		0.764383
373.6		0.764383
373.7		0.764383
373.8		0.764383
373.9		0.764383
374		0.764383
374.1		0.771776
374.2		0.771776
374.3		0.771776
374.4		0.771776
374.5		0.771776
374.6		0.771776
374.7		0.771776
374.8		0.771776
374.9		0.771776
375		0.771776
375.1		0.771945
375.2		0.771945
375.3		0.771945
375.4		0.771945
375.5		0.771945
375.6		0.771945
375.7		0.771945
375.8		0.771945
375.9		0.771945
376		0.771945
376.1		0.772107
376.2		0.772107
376.3		0.772107
376.4		0.772107
376.5		0.772107
376.6		0.772107
376.7		0.772107
376.8		0.772107
376.9		0.772107
377		0.772107
377.1		0.772962
377.2		0.772962
377.3		0.772962
377.4		0.772962
377.5		0.772962
377.6		0.772962
377.7		0.772962
377.8		0.772962
377.9		0.772962
378		0.772962
378.1		0.777549
378.2		0.777549
378.3		0.777549
378.4		0.777549
378.5		0.777549
378.6		0.777549
378.7		0.777549
378.8		0.777549
378.9		0.777549
379		0.777549
379.1		0.78039
379.2		0.78039
379.3		0.78039
379.4		0.78039
379.5		0.78039
379.6		0.78039
379.7		0.78039
379.8		0.78039
379.9		0.78039
380		0.78039
380.1		0.783122
380.2		0.783122
380.3		0.783122
380.4		0.783122
380.5		0.783122
380.6		0.783122
380.7		0.783122
380.8		0.783122
380.9		0.783122
381		0.783122
381.1		0.784076
381.2		0.784076
381.3		0.784076
381.4		0.784076
381.5		0.784076
381.6		0.784076
381.7		0.784076
381.8		0.784076
381.9		0.784076
382		0.784076
382.1		0.785318
382.2		0.785318
382.3		0.785318
382.4		0.785318
382.5		0.785318
382.6		0.785318
382.7		0.785318
382.8		0.785318
382.9		0.785318
383		0.785318
383.1		0.787578
383.2		0.787578
383.3		0.787578
383.4		0.787578
383.5		0.787578
383.6		0.787578
383.7		0.787578
383.8		0.787578
383.9		0.787578
384		0.787578
384.1		0.790616
384.2		0.790616
384.3		0.790616
384.4		0.790616
384.5		0.790616
384.6		0.790616
384.7		0.790616
384.8		0.790616
384.9		0.790616
385		0.790616
385.1		0.793119
385.2		0.793119
385.3		0.793119
385.4		0.793119
385.5		0.793119
385.6		0.793119
385.7		0.793119
385.8		0.793119
385.9		0.793119
386		0.793119
386.1		0.795277
386.2		0.795277
386.3		0.795277
386.4		0.795277
386.5		0.795277
386.6		0.795277
386.7		0.795277
386.8		0.795277
386.9		0.795277
387		0.795277
387.1		0.796087
387.2		0.796087
387.3		0.796087
387.4		0.796087
387.5		0.796087
387.6		0.796087
387.7		0.796087
387.8		0.796087
387.9		0.796087
388		0.796087
388.1		0.799903
388.2		0.799903
388.3		0.799903
388.4		0.799903
388.5		0.799903
388.6		0.799903
388.7		0.799903
388.8		0.799903
388.9		0.799903
389		0.799903
389.1		0.800899
389.2		0.800899
389.3		0.800899
389.4		0.800899
389.5		0.800899
389.6		0.800899
389.7		0.800899
389.8		0.800899
389.9		0.800899
390		0.800899
390.1		0.801318
390.2		0.801318
390.3		0.801318
390.4		0.801318
390.5		0.801318
390.6		0.801318
390.7		0.801318
390.8		0.801318
390.9		0.801318
391		0.801318
391.1		0.804377
391.2		0.804377
391.3		0.804377
391.4		0.804377
391.5		0.804377
391.6		0.804377
391.7		0.804377
391.8		0.804377
391.9		0.804377
392		0.804377
392.1		0.807989
392.2		0.807989
392.3		0.807989
392.4		0.807989
392.5		0.807989
392.6		0.807989
392.7		0.807989
392.8		0.807989
392.9		0.807989
393		0.807989
393.1		0.809024
393.2		0.809024
393.3		0.809024
393.4		0.809024
393.5		0.809024
393.6		0.809024
393.7		0.809024
393.8		0.809024
393.9		0.809024
394		0.809024
394.1		0.811615
394.2		0.811615
394.3		0.811615
394.4		0.811615
394.5		0.811615
394.6		0.811615
394.7		0.811615
394.8		0.811615
394.9		0.811615
395		0.811615
395.1		0.812414
395.2		0.812414
395.3		0.812414
395.4		0.812414
395.5		0.812414
395.6		0.812414
395.7		0.812414
395.8		0.812414
395.9		0.812414
396		0.812414
396.1		0.816114
396.2		0.816114
396.3		0.816114
396.4		0.816114
396.5		0.816114
396.6		0.816114
396.7		0.816114
396.8		0.816114
396.9		0.816114
397		0.816114
397.1		0.818501
397.2		0.818501
397.3		0.818501
397.4		0.818501
397.5		0.818501
397.6		0.818501
397.7		0.818501
397.8		0.818501
397.9		0.818501
398		0.818501
398.1		0.819398
398.2		0.819398
398.3		0.819398
398.4		0.819398
398.5		0.819398
398.6		0.819398
398.7		0.819398
398.8		0.819398
398.9		0.819398
399		0.819398
399.1		0.821264
399.2		0.821264
399.3		0.821264
399.4		0.821264
399.5		0.821264
399.6		0.821264
399.7		0.821264
399.8		0.821264
399.9		0.821264
400		0.821264
400.1		0.822647
400.2		0.822647
400.3		0.822647
400.4		0.822647
400.5		0.822647
400.6		0.822647
400.7		0.822647
400.8		0.822647
400.9		0.822647
401		0.822647
401.1		0.82727
401.2		0.82727
401.3		0.82727
401.4		0.82727
401.5		0.82727
401.6		0.82727
401.7		0.82727
401.8		0.82727
401.9		0.82727
402		0.82727
402.1		0.827766
402.2		0.827766
402.3		0.827766
402.4		0.827766
402.5		0.827766
402.6		0.827766
402.7		0.827766
402.8		0.827766
402.9		0.827766
403		0.827766
403.1		0.829142
403.2		0.829142
403.3		0.829142
403.4		0.829142
403.5		0.829142
403.6		0.829142
403.7		0.829142
403.8		0.829142
403.9		0.829142
404		0.829142
404.1		0.833603
404.2		0.833603
404.3		0.833603
404.4		0.833603
404.5		0.833603
404.6		0.833603
404.7		0.833603
404.8		0.833603
404.9		0.833603
405		0.833603
405.1		0.835444
405.2		0.835444
405.3		0.835444
405.4		0.835444
405.5		0.835444
405.6		0.835444
405.7		0.835444
405.8		0.835444
405.9		0.835444
406		0.835444
406.1		0.837697
406.2		0.837697
406.3		0.837697
406.4		0.837697
406.5		0.837697
406.6		0.837697
406.7		0.837697
406.8		0.837697
406.9		0.837697
407		0.837697
407.1		0.840393
407.2		0.840393
407.3		0.840393
407.4		0.840393
407.5		0.840393
407.6		0.840393
407.7		0.840393
407.8		0.840393
407.9		0.840393
408		0.840393
408.1		0.841263
408.2		0.841263
408.3		0.841263
408.4		0.841263
408.5		0.841263
408.6		0.841263
408.7		0.841263
408.8		0.841263
408.9		0.841263
409		0.841263
409.1		0.845279
409.2		0.845279
409.3		0.845279
409.4		0.845279
409.5		0.845279
409.6		0.845279
409.7		0.845279
409.8		0.845279
409.9		0.845279
410		0.845279
410.1		0.846114
410.2		0.846114
410.3		0.846114
410.4		0.846114
410.5		0.846114
410.6		0.846114
410.7		0.846114
410.8		0.846114
410.9		0.846114
411		0.846114
411.1		0.850521
411.2		0.850521
411.3		0.850521
411.4		0.850521
411.5		0.850521
411.6		0.850521
411.7		0.850521
411.8		0.850521
411.9		0.850521
412		0.850521
412.1		0.851313
412.2		0.851313
412.3		0.851313
412.4		0.851313
412.5		0.851313
412.6		0.851313
412.7		0.851313
412.8		0.851313
412.9		0.851313
413		0.851313
413.1		0.851845
413.2		0.851845
413.3		0.851845
413.4		0.851845
413.5		0.851845
413.6		0.851845
413.7		0.851845
413.8		0.851845
413.9		0.851845
414		0.851845
414.1		0.856685
414.2		0.856685
414.3		0.856685
414.4		0.856685
414.5		0.856685
414.6		0.856685
414.7		0.856685
414.8		0.856685
414.9		0.856685
415		0.856685
415.1		0.857146
415.2		0.857146
415.3		0.857146
415.4		0.857146
415.5		0.857146
415.6		0.857146
415.7		0.857146
415.8		0.857146
415.9		0.857146
416		0.857146
416.1		0.857703
416.2		0.857703
416.3		0.857703
416.4		0.857703
416.5		0.857703
416.6		0.857703
416.7		0.857703
416.8		0.857703
416.9		0.857703
417		0.857703
417.1		0.861339
417.2		0.861339
417.3		0.861339
417.4		0.861339
417.5		0.861339
417.6		0.861339
417.7		0.861339
417.8		0.861339
417.9		0.861339
418		0.861339
418.1		0.864141
418.2		0.864141
418.3		0.864141
418.4		0.864141
418.5		0.864141
418.6		0.864141
418.7		0.864141
418.8		0.864141
418.9		0.864141
419		0.864141
419.1		0.864409
419.2		0.864409
419.3		0.864409
419.4		0.864409
419.5		0.864409
419.6		0.864409
419.7		0.864409
419.8		0.864409
419.9		0.864409
420		0.864409
420.1		0.867471
420.2		0.867471
420.3		0.867471
420.4		0.867471
420.5		0.867471
420.6		0.867471
420.7		0.867471
420.8		0.867471
420.9		0.867471
421		0.867471
421.1		0.86794
421.2		0.86794
421.3		0.86794
421.4		0.86794
421.5		0.86794
421.6		0.86794
421.7		0.86794
421.8		0.86794
421.9		0.86794
422		0.86794
422.1		0.874118
422.2		0.874118
422.3		0.874118
422.4		0.874118
422.5		0.874118
422.6		0.874118
422.7		0.874118
422.8		0.874118
422.9		0.874118
423		0.874118
423.1		0.875561
423.2		0.875561
423.3		0.875561
423.4		0.875561
423.5		0.875561
423.6		0.875561
423.7		0.875561
423.8		0.875561
423.9		0.875561
424		0.875561
424.1		0.87591
424.2		0.87591
424.3		0.87591
424.4		0.87591
424.5		0.87591
424.6		0.87591
424.7		0.87591
424.8		0.87591
424.9		0.87591
425		0.87591
425.1		0.876131
425.2		0.876131
425.3		0.876131
425.4		0.876131
425.5		0.876131
425.6		0.876131
425.7		0.876131
425.8		0.876131
425.9		0.876131
426		0.876131
426.1		0.881274
426.2		0.881274
426.3		0.881274
426.4		0.881274
426.5		0.881274
426.6		0.881274
426.7		0.881274
426.8		0.881274
426.9		0.881274
427		0.881274
427.1		0.882778
427.2		0.882778
427.3		0.882778
427.4		0.882778
427.5		0.882778
427.6		0.882778
427.7		0.882778
427.8		0.882778
427.9		0.882778
428		0.882778
428.1		0.88452
428.2		0.88452
428.3		0.88452
428.4		0.88452
428.5		0.88452
428.6		0.88452
428.7		0.88452
428.8		0.88452
428.9		0.88452
429		0.88452
429.1		0.884844
429.2		0.884844
429.3		0.884844
429.4		0.884844
429.5		0.884844
429.6		0.884844
429.7		0.884844
429.8		0.884844
429.9		0.884844
430		0.884844
430.1		0.891071
430.2		0.891071
430.3		0.891071
430.4		0.891071
430.5		0.891071
430.6		0.891071
430.7		0.891071
430.8		0.891071
430.9		0.891071
431		0.891071
431.1		0.892546
431.2		0.892546
431.3		0.892546
431.4		0.892546
431.5		0.892546
431.6		0.892546
431.7		0.892546
431.8		0.892546
431.9		0.892546
432		0.892546
432.1		0.893258
432.2		0.893258
432.3		0.893258
432.4		0.893258
432.5		0.893258
432.6		0.893258
432.7		0.893258
432.8		0.893258
432.9		0.893258
433		0.893258
433.1		0.894803
433.2		0.894803
433.3		0.894803
433.4		0.894803
433.5		0.894803
433.6		0.894803
433.7		0.894803
433.8		0.894803
433.9		0.894803
434		0.894803
434.1		0.896862
434.2		0.896862
434.3		0.896862
434.4		0.896862
434.5		0.896862
434.6		0.896862
434.7		0.896862
434.8		0.896862
434.9		0.896862
435		0.896862
435.1		0.900566
435.2		0.900566
435.3		0.900566
435.4		0.900566
435.5		0.900566
435.6		0.900566
435.7		0.900566
435.8		0.900566
435.9		0.900566
436		0.900566
436.1		0.901946
436.2		0.901946
436.3		0.901946
436.4		0.901946
436.5		0.901946
436.6		0.901946
436.7		0.901946
436.8		0.901946
436.9		0.901946
437		0.901946
437.1		0.904727
437.2		0.904727
437.3		0.904727
437.4		0.904727
437.5		0.904727
437.6		0.904727
437.7		0.904727
437.8		0.904727
437.9		0.904727
438		0.904727
438.1		0.908412
438.2		0.908412
438.3		0.908412
438.4		0.908412
438.5		0.908412
438.6		0.908412
438.7		0.908412
438.8		0.908412
438.9		0.908412
439		0.908412
439.1		0.908933
439.2		0.908933
439.3		0.908933
439.4		0.908933
439.5		0.908933
439.6		0.908933
439.7		0.908933
439.8		0.908933
439.9		0.908933
440		0.908933
440.1		0.909229
440.2		0.909229
440.3		0.909229
440.4		0.909229
440.5		0.909229
440.6		0.909229
440.7		0.909229
440.8		0.909229
440.9		0.909229
441		0.909229
441.1		0.911968
441.2		0.911968
441.3		0.911968
441.4		0.911968
441.5		0.911968
441.6		0.911968
441.7		0.911968
441.8		0.911968
441.9		0.911968
442		0.911968
442.1		0.915481
442.2		0.915481
442.3		0.915481
442.4		0.915481
442.5		0.915481
442.6		0.915481
442.7		0.915481
442.8		0.915481
442.9		0.915481
443		0.915481
443.1		0.918051
443.2		0.918051
443.3		0.918051
443.4		0.918051
443.5		0.918051
443.6		0.918051
443.7		0.918051
443.8		0.918051
443.9		0.918051
444		0.918051
444.1		0.92124
444.2		0.92124
444.3		0.92124
444.4		0.92124
444.5		0.92124
444.6		0.92124
444.7		0.92124
444.8		0.92124
444.9		0.92124
445		0.92124
445.1		0.921571
445.2		0.921571
445.3		0.921571
445.4		0.921571
445.5		0.921571
445.6		0.921571
445.7		0.921571
445.8		0.921571
445.9		0.921571
446		0.921571
446.1		0.922265
446.2		0.922265
446.3		0.922265
446.4		0.922265
446.5		0.922265
446.6		0.922265
446.7		0.922265
446.8		0.922265
446.9		0.922265
447		0.922265
447.1		0.926274
447.2		0.926274
447.3		0.926274
447.4		0.926274
447.5		0.926274
447.6		0.926274
447.7		0.926274
447.8		0.926274
447.9		0.926274
448		0.926274
448.1		0.927207
448.2		0.927207
448.3		0.927207
448.4		0.927207
448.5		0.927207
448.6		0.927207
448.7		0.927207
448.8		0.927207
448.9		0.927207
449		0.927207
449.1		0.93272
449.2		0.93272
449.3		0.93272
449.4		0.93272
449.5		0.93272
449.6		0.93272
449.7		0.93272
449.8		0.93272
449.9		0.93272
450		0.93272
450.1		0.932967
450.2		0.932967
450.3		0.932967
450.4		0.932967
450.5		0.932967
450.6		0.932967
450.7		0.932967
450.8		0.932967
450.9		0.932967
451		0.932967
451.1		0.93315
451.2		0.93315
451.3		0.93315
451.4		0.93315
451.5		0.93315
451.6		0.93315
451.7		0.93315
451.8		0.93315
451.9		0.93315
452		0.93315
452.1		0.93723
452.2		0.93723
452.3		0.93723
452.4		0.93723
452.5		0.93723
452.6		0.93723
452.7		0.93723
452.8		0.93723
452.9		0.93723
453		0.93723
453.1		0.938032
453.2		0.938032
453.3		0.938032
453.4		0.938032
453.5		0.938032
453.6		0.938032
453.7		0.938032
453.8		0.938032
453.9		0.938032
454		0.938032
454.1		0.94107
454.2		0.94107
454.3		0.94107
454.4		0.94107
454.5		0.94107
454.6		0.94107
454.7		0.94107
454.8		0.94107
454.9		0.94107
455		0.94107
455.1		0.941288
455.2		0.941288
455.3		0.941288
455.4		0.941288
455.5		0.941288
455.6		0.941288
455.7		0.941288
455.8		0.941288
455.9		0.941288
456		0.941288
456.1		0.947776
456.2		0.947776
456.3		0.947776
456.4		0.947776
456.5		0.947776
456.6		0.947776
456.7		0.947776
456.8		0.947776
456.9		0.947776
457		0.947776
457.1		0.948178
457.2		0.948178
457.3		0.948178
457.4		0.948178
457.5		0.948178
457.6		0.948178
457.7		0.948178
457.8		0.948178
457.9		0.948178
458		0.948178
458.1		0.949572
458.2		0.949572
458.3		0.949572
458.4		0.949572
458.5		0.949572
458.6		0.949572
458.7		0.949572
458.8		0.949572
458.9		0.949572
459		0.949572
459.1		0.951244
459.2		0.951244
459.3		0.951244
459.4		0.951244
459.5		0.951244
459.6		0.951244
459.7		0.951244
459.8		0.951244
459.9		0.951244
460		0.951244
460.1		0.953733
460.2		0.953733
460.3		0.953733
460.4		0.953733
460.5		0.953733
460.6		0.953733
460.7		0.953733
460.8		0.953733
460.9		0.953733
461		0.953733
461.1		0.955834
461.2		0.955834
461.3		0.955834
461.4		0.955834
461.5		0.955834
461.6		0.955834
461.7		0.955834
461.8		0.955834
461.9		0.955834
462		0.955834
462.1		0.958404
462.2		0.958404
462.3		0.958404
462.4		0.958404
462.5		0.958404
462.6		0.958404
462.7		0.958404
462.8		0.958404
462.9		0.958404
463		0.958404
463.1		0.959848
463.2		0.959848
463.3		0.959848
463.4		0.959848
463.5		0.959848
463.6		0.959848
463.7		0.959848
463.8		0.959848
463.9		0.959848
464		0.959848
464.1		0.963466
464.2		0.963466
464.3		0.963466
464.4		0.963466
464.5		0.963466
464.6		0.963466
464.7		0.963466
464.8		0.963466
464.9		0.963466
465		0.963466
465.1		0.964389
465.2		0.964389
465.3		0.964389
465.4		0.964389
465.5		0.964389
465.6		0.964389
465.7		0.964389
465.8		0.964389
465.9		0.964389
466		0.964389
466.1		0.966152
466.2		0.966152
466.3		0.966152
466.4		0.966152
466.5		0.966152
466.6		0.966152
466.7		0.966152
466.8		0.966152
466.9		0.966152
467		0.966152
467.1		0.966561
467.2		0.966561
467.3		0.966561
467.4		0.966561
467.5		0.966561
467.6		0.966561
467.7		0.966561
467.8		0.966561
467.9		0.966561
468		0.966561
468.1		0.971398
468.2		0.971398
468.3		0.971398
468.4		0.971398
468.5		0.971398
468.6		0.971398
468.7		0.971398
468.8		0.971398
468.9		0.971398
469		0.971398
469.1		0.974703
469.2		0.974703
469.3		0.974703
469.4		0.974703
469.5		0.974703
469.6		0.974703
469.7		0.974703
469.8		0.974703
469.9		0.974703
470		0.974703
470.1		0.976168
470.2		0.976168
470.3		0.976168
470.4		0.976168
470.5		0.976168
470.6		0.976168
470.7		0.976168
470.8		0.976168
470.9		0.976168
471		0.976168
471.1		0.976396
471.2		0.976396
471.3		0.976396
471.4		0.976396
471.5		0.976396
471.6		0.976396
471.7		0.976396
471.8		0.976396
471.9		0.976396
472		0.976396
472.1		0.978304
472.2		0.978304
472.3		0.978304
472.4		0.978304
472.5		0.978304
472.6		0.978304
472.7		0.978304
472.8		0.978304
472.9		0.978304
473		0.978304
473.1		0.982691
473.2		0.982691
473.3		0.982691
473.4		0.982691
473.5		0.982691
473.6		0.982691
473.7		0.982691
473.8		0.982691
473.9		0.982691
474		0.982691
474.1		0.982958
474.2		0.982958
474.3		0.982958
474.4		0.982958
474.5		0.982958
474.6		0.982958
474.7		0.982958
474.8		0.982958
474.9		0.982958
475		0.982958
475.1		0.984859
475.2		0.984859
475.3		0.984859
475.4		0.984859
475.5		0.984859
475.6		0.984859
475.7		0.984859
475.8		0.984859
475.9		0.984859
476		0.984859
476.1		0.987454
476.2		0.987454
476.3		0.987454
476.4		0.987454
476.5		0.987454
476.6		0.987454
476.7		0.987454
476.8		0.987454
476.9		0.987454
477		0.987454
477.1		0.988721
477.2		0.988721
477.3		0.988721
477.4		0.988721
477.5		0.988721
477.6		0.988721
477.7		0.988721
477.8		0.988721
477.9		0.988721
478		0.988721
478.1		0.992966
478.2		0.992966
478.3		0.992966
478.4		0.992966
478.5		0.992966
478.6		0.992966
478.7		0.992966
478.8		0.992966
478.9		0.992966
479		0.992966
479.1		0.994199
479.2		0.994199
479.3		0.994199
479.4		0.994199
479.5		0.994199
479.6		0.994199
479.7		0.994199
479.8		0.994199
479.9		0.994199
480		0.994199
480.1		0.996297
480.2		0.996297
480.3		0.996297
480.4		0.996297
480.5		0.996297
480.6		0.996297
480.7		0.996297
480.8		0.996297
480.9		0.996297
481		0.996297
481.1		0.998951
481.2		0.998951
481.3		0.998951
481.4		0.998951
481.5		0.998951
481.6		0.998951
481.7		0.998951
481.8		0.998951
481.9		0.998951
482		0.998951
482.1		1
482.2		1
482.3		1
482.4		1
482.5		1
482.6		1
482.7		1
482.8		1
482.9		1
483		1
483.1		1
483.2		1
483.3		1
483.4		1
483.5		1
483.6		1
483.7		1
483.8		1
483.9		1
484		1
484.1		1
484.2		1
484.3		1
484.4		1
484.5		1
484.6		1
484.7		1
484.8		1
484.9		1
485		1
485.1		1
485.2		1
485.3		1
485.4		1
485.5		1
485.6		1
485.7		1
485.8		1
485.9		1
486		1
486.1		1
486.2		1
486.3		1
486.4		1
486.5		1
486.6		1
486.7		1
486.8		1
486.9		1
487		1
487.1		1
487.2		1
487.3		1
487.4		1
487.5		1
487.6		1
487.7		1
487.8		1
487.9		1
488		1
488.1		1
488.2		1
488.3		1
488.4		1
488.5		1
488.6		1
488.7		1
488.8		1
488.9		1
489		1
489.1		1
489.2		1
489.3		1
489.4		1
489.5		1
489.6		1
489.7		1
489.8		1
489.9		1
490		1
490.1		1
490.2		1
490.3		1
490.4		1
490.5		1
490.6		1
490.7		1
490.8		1
490.9		1
491		1
491.1		1
491.2		1
491.3		1
491.4		1
491.5		1
491.6		1
491.7		1
491.8		1
491.9		1
492		1
492.1		1
492.2		1
492.3		1
492.4		1
492.5		1
492.6		1
492.7		1
492.8		1
492.9		1
493		1
493.1		1
493.2		1
493.3		1
493.4		1
493.5		1
493.6		1
493.7		1
493.8		1
493.9		1
494		1
494.1		1
494.2		1
494.3		1
494.4		1
494.5		1
494.6		1
494.7		1
494.8		1
494.9		1
495		1
495.1		1
495.2		1
495.3		1
495.4		1
495.5		1
495.6		1
495.7		1
495.8		1
495.9		1
496		1
496.1		1
496.2		1
496.3		1
496.4		1
496.5		1
496.6		1
496.7		1
496.8		1
496.9		1
497		1
497.1		1
497.2		1
497.3		1
497.4		1
497.5		1
497.6		1
497.7		1
497.8		1
497.9		1
498		1
498.1		1
498.2		1
498.3		1
498.4		1
498.5		1
498.6		1
498.7		1
498.8		1
498.9		1
499		1
499.1		1
499.2		1
499.3		1
499.4		1
499.5		1
499.6		1
499.7		1
499.8		1
499.9		1
500		1
500.1		1
500.2		1
500.3		1
500.4		1
500.5		1
500.6		1
500.7		1
500.8		1
500.9		1
501		1
501.1		1
501.2		1
501.3		1
501.4		1
501.5		1
501.6		1
501.7		1
501.8		1
501.9		1
502		1
502.1		1
502.2		1
502.3		1
502.4		1
502.5		1
502.6		1
502.7		1
502.8		1
502.9		1
503		1
503.1		1
503.2		1
503.3		1
503.4		1
503.5		1
503.6		1
503.7		1
503.8		1
503.9		1
504		1
504.1		1
504.2		1
504.3		1
504.4		1
504.5		1
504.6		1
504.7		1
504.8		1
504.9		1
505		1
505.1		1
505.2		1
505.3		1
505.4		1
505.5		1
505.6		1
505.7		1
505.8		1
505.9		1
506		1
506.1		1
506.2		1
506.3		1
506.4		1
506.5		1
506.6		1
506.7		1
506.8		1
506.9		1
507		1
507.1		1
507.2		1
507.3		1
507.4		1
507.5		1
507.6		1
507.7		1
507.8		1
507.9		1
508		1
508.1		1
508.2		1
508.3		1
508.4		1
508.5		1
508.6		1
508.7		1
508.8		1
508.9		1
509		1
509.1		1
509.2		1
509.3		1
509.4		1
509.5		1
509.6		1
509.7		1
509.8		1
509.9		1
510		1
510.1		1
510.2		1
510.3		1
510.4		1
510.5		1
510.6		1
510.7		1
510.8		1
510.9		1
511		1
511.1		1
511.2		1
511.3		1
511.4		1
511.5		1
511.6		1
511.7		1
511.8		1
511.9		1
512		1
512.1		1
512.2		1
512.3		1
512.4		1
512.5		1
512.6		1
512.7		1
512.8		1
512.9		1
513		1
513.1		1
513.2		1
513.3		1
513.4		1
513.5		1
513.6		1
513.7		1
513.8		1
513.9		1
514		1
514.1		1
514.2		1
514.3		1
514.4		1
514.5		1
514.6		1
514.7		1
514.8		1
514.9		1
515		1
515.1		1
515.2		1
515.3		1
515.4		1
515.5		1
515.6		1
515.7		1
515.8		1
515.9		1
516		1
516.1		1
516.2		1
516.3		1
516.4		1
516.5		1
516.6		1
516.7		1
516.8		1
516.9		1
517		1
517.1		1
517.2		1
517.3		1
517.4		1
517.5		1
517.6		1
517.7		1
517.8		1
517.9		1
518		1
518.1		1
518.2		1
518.3		1
518.4		1
518.5		1
518.6		1
518.7		1
518.8		1
518.9		1
519		1
519.1		1
519.2		1
519.3		1
519.4		1
519.5		1
519.6		1
519.7		1
519.8		1
519.9		1
520		1
520.1		1
520.2		1
520.3		1
520.4		1
520.5		1
520.6		1
520.7		1
520.8		1
520.9		1
521		1
521.1		1
521.2		1
521.3		1
521.4		1
521.5		1
521.6		1
521.7		1
521.8		1
521.9		1
522		1
522.1		1
522.2		1
522.3		1
522.4		1
522.5		1
522.6		1
522.7		1
522.8		1
522.9		1
523		1
523.1		1
523.2		1
523.3		1
523.4		1
523.5		1
523.6		1
523.7		1
523.8		1
523.9		1
524		1
524.1		1
524.2		1
524.3		1
524.4		1
524.5		1
524.6		1
524.7		1
524.8		1
524.9		1
525		1
525.1		1
525.2		1
525.3		1
525.4		1
525.5		1
525.6		1
525.7		1
525.8		1
525.9		1
526		1
526.1		1
526.2		1
526.3		1
526.4		1
526.5		1
526.6		1
526.7		1
526.8		1
526.9		1
527		1
527.1		1
527.2		1
527.3		1
527.4		1
527.5		1
527.6		1
527.7		1
527.8		1
527.9		1
528		1
528.1		1
528.2		1
528.3		1
528.4		1
528.5		1
528.6		1
528.7		1
528.8		1
528.9		1
529		1
529.1		1
529.2		1
529.3		1
529.4		1
529.5		1
529.6		1
529.7		1
529.8		1
529.9		1
530		1
530.1		1
530.2		1
530.3		1
530.4		1
530.5		1
530.6		1
530.7		1
530.8		1
530.9		1
531		1
531.1		1
531.2		1
531.3		1
531.4		1
531.5		1
531.6		1
531.7		1
531.8		1
531.9		1
532		1
532.1		1
532.2		1
532.3		1
532.4		1
532.5		1
532.6		1
532.7		1
532.8		1
532.9		1
533		1
533.1		1
533.2		1
533.3		1
533.4		1
533.5		1
533.6		1
533.7		1
533.8		1
533.9		1
534		1
534.1		1
534.2		1
534.3		1
534.4		1
534.5		1
534.6		1
534.7		1
534.8		1
534.9		1
535		1
535.1		1
535.2		1
535.3		1
535.4		1
535.5		1
535.6		1
535.7		1
535.8		1
535.9		1
536		1
536.1		1
536.2		1
536.3		1
536.4		1
536.5		1
536.6		1
536.7		1
536.8		1
536.9		1
537		1
537.1		1
537.2		1
537.3		1
537.4		1
537.5		1
537.6		1
537.7		1
537.8		1
537.9		1
538		1
538.1		1
538.2		1
538.3		1
538.4		1
538.5		1
538.6		1
538.7		1
538.8		1
538.9		1
539		1
539.1		1
539.2		1
539.3		1
539.4		1
539.5		1
539.6		1
539.7		1
539.8		1
539.9		1
540		1
540.1		1
540.2		1
540.3		1
540.4		1
540.5		1
540.6		1
540.7		1
540.8		1
540.9		1
541		1
541.1		1
541.2		1
541.3		1
541.4		1
541.5		1
541.6		1
541.7		1
541.8		1
541.9		1
542		1
542.1		1
542.2		1
542.3		1
542.4		1
542.5		1
542.6		1
542.7		1
542.8		1
542.9		1
543		1
543.1		1
543.2		1
543.3		1
543.4		1
543.5		1
543.6		1
543.7		1
543.8		1
543.9		1
544		1
544.1		1
544.2		1
544.3		1
544.4		1
544.5		1
544.6		1
544.7		1
544.8		1
544.9		1
545		1
545.1		1
545.2		1
545.3		1
545.4		1
545.5		1
545.6		1
545.7		1
545.8		1
545.9		1
546		1
546.1		1
546.2		1
546.3		1
546.4		1
546.5		1
546.6		1
546.7		1
546.8		1
546.9		1
547		1
547.1		1
547.2		1
547.3		1
547.4		1
547.5		1
547.6		1
547.7		1
547.8		1
547.9		1
548		1
548.1		1
548.2		1
548.3		1
548.4		1
548.5		1
548.6		1
548.7		1
548.8		1
548.9		1
549		1
549.1		1
549.2		1
549.3		1
549.4		1
549.5		1
549.6		1
549.7		1
549.8		1
549.9		1
550		1
550.1		1
550.2		1
550.3		1
550.4		1
550.5		1
550.6		1
550.7		1
550.8		1
550.9		1
551		1
551.1		1
551.2		1
551.3		1
551.4		1
551.5		1
551.6		1
551.7		1
551.8		1
551.9		1
552		1
552.1		1
552.2		1
552.3		1
552.4		1
552.5		1
552.6		1
552.7		1
552.8		1
552.9		1
553		1
553.1		1
553.2		1
553.3		1
553.4		1
553.5		1
553.6		1
553.7		1
553.8		1
553.9		1
554		1
554.1		1
554.2		1
554.3		1
554.4		1
554.5		1
554.6		1
554.7		1
554.8		1
554.9		1
555		1
555.1		1
555.2		1
555.3		1
555.4		1
555.5		1
555.6		1
555.7		1
555.8		1
555.9		1
556		1
556.1		1
556.2		1
556.3		1
556.4		1
556.5		1
556.6		1
556.7		1
556.8		1
556.9		1
557		1
557.1		1
557.2		1
557.3		1
557.4		1
557.5		1
557.6		1
557.7		1
557.8		1
557.9		1
558		1
558.1		1
558.2		1
558.3		1
558.4		1
558.5		1
558.6		1
558.7		1
558.8		1
558.9		1
559		1
559.1		1
559.2		1
559.3		1
559.4		1
559.5		1
559.6		1
559.7		1
559.8		1
559.9		1
560		1
560.1		1
560.2		1
560.3		1
560.4		1
560.5		1
560.6		1
560.7		1
560.8		1
560.9		1
561		1
561.1		1
561.2		1
561.3		1
561.4		1
561.5		1
561.6		1
561.7		1
561.8		1
561.9		1
562		1
562.1		1
562.2		1
562.3		1
562.4		1
562.5		1
562.6		1
562.7		1
562.8		1
562.9		1
563		1
563.1		1
563.2		1
563.3		1
563.4		1
563.5		1
563.6		1
563.7		1
563.8		1
563.9		1
564		1
564.1		1
564.2		1
564.3		1
564.4		1
564.5		1
564.6		1
564.7		1
564.8		1
564.9		1
565		1
565.1		1
565.2		1
565.3		1
565.4		1
565.5		1
565.6		1
565.7		1
565.8		1
565.9		1
566		1
566.1		1
566.2		1
566.3		1
566.4		1
566.5		1
566.6		1
566.7		1
566.8		1
566.9		1
567		1
567.1		1
567.2		1
567.3		1
567.4		1
567.5		1
567.6		1
567.7		1
567.8		1
567.9		1
568		1
568.1		1
568.2		1
568.3		1
568.4		1
568.5		1
568.6		1
568.7		1
568.8		1
568.9		1
569		1
569.1		1
569.2		1
569.3		1
569.4		1
569.5		1
569.6		1
569.7		1
569.8		1
569.9		1
570		1
570.1		1
570.2		1
570.3		1
570.4		1
570.5		1
570.6		1
570.7		1
570.8		1
570.9		1
571		1
571.1		1
571.2		1
571.3		1
571.4		1
571.5		1
571.6		1
571.7		1
571.8		1
571.9		1
572		1
572.1		1
572.2		1
572.3		1
572.4		1
572.5		1
572.6		1
572.7		1
572.8		1
572.9		1
573		1
573.1		1
573.2		1
573.3		1
573.4		1
573.5		1
573.6		1
573.7		1
573.8		1
573.9		1
574		1
574.1		1
574.2		1
574.3		1
574.4		1
574.5		1
574.6		1
574.7		1
574.8		1
574.9		1
575		1
575.1		1
575.2		1
575.3		1
575.4		1
575.5		1
575.6		1
575.7		1
575.8		1
575.9		1
576		1
576.1		1
576.2		1
576.3		1
576.4		1
576.5		1
576.6		1
576.7		1
576.8		1
576.9		1
577		1
577.1		1
577.2		1
577.3		1
577.4		1
577.5		1
577.6		1
577.7		1
577.8		1
577.9		1
578		1
578.1		1
578.2		1
578.3		1
578.4		1
578.5		1
578.6		1
578.7		1
578.8		1
578.9		1
579		1
579.1		1
579.2		1
579.3		1
579.4		1
579.5		1
579.6		1
579.7		1
579.8		1
579.9		1
580		1
580.1		1
580.2		1
580.3		1
580.4		1
580.5		1
580.6		1
580.7		1
580.8		1
580.9		1
581		1
581.1		1
581.2		1
581.3		1
581.4		1
581.5		1
581.6		1
581.7		1
581.8		1
581.9		1
582		1
582.1		1
582.2		1
582.3		1
582.4		1
582.5		1
582.6		1
582.7		1
582.8		1
582.9		1
583		1
583.1		1
583.2		1
583.3		1
583.4		1
583.5		1
583.6		1
583.7		1
583.8		1
583.9		1
584		1
584.1		1
584.2		1
584.3		1
584.4		1
584.5		1
584.6		1
584.7		1
584.8		1
584.9		1
585		1
585.1		1
585.2		1
585.3		1
585.4		1
585.5		1
585.6		1
585.7		1
585.8		1
585.9		1
586		1
586.1		1
586.2		1
586.3		1
586.4		1
586.5		1
586.6		1
586.7		1
586.8		1
586.9		1
587		1
587.1		1
587.2		1
587.3		1
587.4		1
587.5		1
587.6		1
587.7		1
587.8		1
587.9		1
588		1
588.1		1
588.2		1
588.3		1
588.4		1
588.5		1
588.6		1
588.7		1
588.8		1
588.9		1
589		1
589.1		1
589.2		1
589.3		1
589.4		1
589.5		1
589.6		1
589.7		1
589.8		1
589.9		1
590		1
590.1		1
590.2		1
590.3		1
590.4		1
590.5		1
590.6		1
590.7		1
590.8		1
590.9		1
591		1
591.1		1
591.2		1
591.3		1
591.4		1
591.5		1
591.6		1
591.7		1
591.8		1
591.9		1
592		1
592.1		1
592.2		1
592.3		1
592.4		1
592.5		1
592.6		1
592.7		1
592.8		1
592.9		1
593		1
593.1		1
593.2		1
593.3		1
593.4		1
593.5		1
593.6		1
593.7		1
593.8		1
593.9		1
594		1
594.1		1
594.2		1
594.3		1
594.4		1
594.5		1
594.6		1
594.7		1
594.8		1
594.9		1
595		1
595.1		1
595.2		1
595.3		1
595.4		1
595.5		1
595.6		1
595.7		1
595.8		1
595.9		1
596		1
596.1		1
596.2		1
596.3		1
596.4		1
596.5		1
596.6		1
596.7		1
596.8		1
596.9		1
597		1
597.1		1
597.2		1
597.3		1
597.4		1
597.5		1
597.6		1
597.7		1
597.8		1
597.9		1
598		1
598.1		1
598.2		1
598.3		1
598.4		1
598.5		1
598.6		1
598.7		1
598.8		1
598.9		1
599		1
599.1		1
599.2		1
599.3		1
599.4		1
599.5		1
599.6		1
599.7		1
599.8		1
599.9		1
600		1
