# Calibration file of tamex_id 1 @ channel 62
# fine_T bin		 Calibration value
0.1		0
0.2		0
0.3		0
0.4		0
0.5		0
0.6		0
0.7		0
0.8		0
0.9		0
1		0
1.1		0
1.2		0
1.3		0
1.4		0
1.5		0
1.6		0
1.7		0
1.8		0
1.9		0
2		0
2.1		0
2.2		0
2.3		0
2.4		0
2.5		0
2.6		0
2.7		0
2.8		0
2.9		0
3		0
3.1		0
3.2		0
3.3		0
3.4		0
3.5		0
3.6		0
3.7		0
3.8		0
3.9		0
4		0
4.1		0
4.2		0
4.3		0
4.4		0
4.5		0
4.6		0
4.7		0
4.8		0
4.9		0
5		0
5.1		0
5.2		0
5.3		0
5.4		0
5.5		0
5.6		0
5.7		0
5.8		0
5.9		0
6		0
6.1		0
6.2		0
6.3		0
6.4		0
6.5		0
6.6		0
6.7		0
6.8		0
6.9		0
7		0
7.1		0
7.2		0
7.3		0
7.4		0
7.5		0
7.6		0
7.7		0
7.8		0
7.9		0
8		0
8.1		0
8.2		0
8.3		0
8.4		0
8.5		0
8.6		0
8.7		0
8.8		0
8.9		0
9		0
9.1		0
9.2		0
9.3		0
9.4		0
9.5		0
9.6		0
9.7		0
9.8		0
9.9		0
10		0
10.1		0
10.2		0
10.3		0
10.4		0
10.5		0
10.6		0
10.7		0
10.8		0
10.9		0
11		0
11.1		0
11.2		0
11.3		0
11.4		0
11.5		0
11.6		0
11.7		0
11.8		0
11.9		0
12		0
12.1		0
12.2		0
12.3		0
12.4		0
12.5		0
12.6		0
12.7		0
12.8		0
12.9		0
13		0
13.1		0
13.2		0
13.3		0
13.4		0
13.5		0
13.6		0
13.7		0
13.8		0
13.9		0
14		0
14.1		0
14.2		0
14.3		0
14.4		0
14.5		0
14.6		0
14.7		0
14.8		0
14.9		0
15		0
15.1		0
15.2		0
15.3		0
15.4		0
15.5		0
15.6		0
15.7		0
15.8		0
15.9		0
16		0
16.1		0.000690021
16.2		0.000690021
16.3		0.000690021
16.4		0.000690021
16.5		0.000690021
16.6		0.000690021
16.7		0.000690021
16.8		0.000690021
16.9		0.000690021
17		0.000690021
17.1		0.00931191
17.2		0.00931191
17.3		0.00931191
17.4		0.00931191
17.5		0.00931191
17.6		0.00931191
17.7		0.00931191
17.8		0.00931191
17.9		0.00931191
18		0.00931191
18.1		0.00978207
18.2		0.00978207
18.3		0.00978207
18.4		0.00978207
18.5		0.00978207
18.6		0.00978207
18.7		0.00978207
18.8		0.00978207
18.9		0.00978207
19		0.00978207
19.1		0.0110945
19.2		0.0110945
19.3		0.0110945
19.4		0.0110945
19.5		0.0110945
19.6		0.0110945
19.7		0.0110945
19.8		0.0110945
19.9		0.0110945
20		0.0110945
20.1		0.0181164
20.2		0.0181164
20.3		0.0181164
20.4		0.0181164
20.5		0.0181164
20.6		0.0181164
20.7		0.0181164
20.8		0.0181164
20.9		0.0181164
21		0.0181164
21.1		0.0189418
21.2		0.0189418
21.3		0.0189418
21.4		0.0189418
21.5		0.0189418
21.6		0.0189418
21.7		0.0189418
21.8		0.0189418
21.9		0.0189418
22		0.0189418
22.1		0.0196047
22.2		0.0196047
22.3		0.0196047
22.4		0.0196047
22.5		0.0196047
22.6		0.0196047
22.7		0.0196047
22.8		0.0196047
22.9		0.0196047
23		0.0196047
23.1		0.0214955
23.2		0.0214955
23.3		0.0214955
23.4		0.0214955
23.5		0.0214955
23.6		0.0214955
23.7		0.0214955
23.8		0.0214955
23.9		0.0214955
24		0.0214955
24.1		0.0254124
24.2		0.0254124
24.3		0.0254124
24.4		0.0254124
24.5		0.0254124
24.6		0.0254124
24.7		0.0254124
24.8		0.0254124
24.9		0.0254124
25		0.0254124
25.1		0.0266572
25.2		0.0266572
25.3		0.0266572
25.4		0.0266572
25.5		0.0266572
25.6		0.0266572
25.7		0.0266572
25.8		0.0266572
25.9		0.0266572
26		0.0266572
26.1		0.0283247
26.2		0.0283247
26.3		0.0283247
26.4		0.0283247
26.5		0.0283247
26.6		0.0283247
26.7		0.0283247
26.8		0.0283247
26.9		0.0283247
27		0.0283247
27.1		0.0300768
27.2		0.0300768
27.3		0.0300768
27.4		0.0300768
27.5		0.0300768
27.6		0.0300768
27.7		0.0300768
27.8		0.0300768
27.9		0.0300768
28		0.0300768
28.1		0.0341019
28.2		0.0341019
28.3		0.0341019
28.4		0.0341019
28.5		0.0341019
28.6		0.0341019
28.7		0.0341019
28.8		0.0341019
28.9		0.0341019
29		0.0341019
29.1		0.0351877
29.2		0.0351877
29.3		0.0351877
29.4		0.0351877
29.5		0.0351877
29.6		0.0351877
29.7		0.0351877
29.8		0.0351877
29.9		0.0351877
30		0.0351877
30.1		0.0378362
30.2		0.0378362
30.3		0.0378362
30.4		0.0378362
30.5		0.0378362
30.6		0.0378362
30.7		0.0378362
30.8		0.0378362
30.9		0.0378362
31		0.0378362
31.1		0.0381271
31.2		0.0381271
31.3		0.0381271
31.4		0.0381271
31.5		0.0381271
31.6		0.0381271
31.7		0.0381271
31.8		0.0381271
31.9		0.0381271
32		0.0381271
32.1		0.041682
32.2		0.041682
32.3		0.041682
32.4		0.041682
32.5		0.041682
32.6		0.041682
32.7		0.041682
32.8		0.041682
32.9		0.041682
33		0.041682
33.1		0.0446857
33.2		0.0446857
33.3		0.0446857
33.4		0.0446857
33.5		0.0446857
33.6		0.0446857
33.7		0.0446857
33.8		0.0446857
33.9		0.0446857
34		0.0446857
34.1		0.0449224
34.2		0.0449224
34.3		0.0449224
34.4		0.0449224
34.5		0.0449224
34.6		0.0449224
34.7		0.0449224
34.8		0.0449224
34.9		0.0449224
35		0.0449224
35.1		0.0464581
35.2		0.0464581
35.3		0.0464581
35.4		0.0464581
35.5		0.0464581
35.6		0.0464581
35.7		0.0464581
35.8		0.0464581
35.9		0.0464581
36		0.0464581
36.1		0.0499115
36.2		0.0499115
36.3		0.0499115
36.4		0.0499115
36.5		0.0499115
36.6		0.0499115
36.7		0.0499115
36.8		0.0499115
36.9		0.0499115
37		0.0499115
37.1		0.0518091
37.2		0.0518091
37.3		0.0518091
37.4		0.0518091
37.5		0.0518091
37.6		0.0518091
37.7		0.0518091
37.8		0.0518091
37.9		0.0518091
38		0.0518091
38.1		0.0521744
38.2		0.0521744
38.3		0.0521744
38.4		0.0521744
38.5		0.0521744
38.6		0.0521744
38.7		0.0521744
38.8		0.0521744
38.9		0.0521744
39		0.0521744
39.1		0.0551848
39.2		0.0551848
39.3		0.0551848
39.4		0.0551848
39.5		0.0551848
39.6		0.0551848
39.7		0.0551848
39.8		0.0551848
39.9		0.0551848
40		0.0551848
40.1		0.0557463
40.2		0.0557463
40.3		0.0557463
40.4		0.0557463
40.5		0.0557463
40.6		0.0557463
40.7		0.0557463
40.8		0.0557463
40.9		0.0557463
41		0.0557463
41.1		0.0613104
41.2		0.0613104
41.3		0.0613104
41.4		0.0613104
41.5		0.0613104
41.6		0.0613104
41.7		0.0613104
41.8		0.0613104
41.9		0.0613104
42		0.0613104
42.1		0.0619599
42.2		0.0619599
42.3		0.0619599
42.4		0.0619599
42.5		0.0619599
42.6		0.0619599
42.7		0.0619599
42.8		0.0619599
42.9		0.0619599
43		0.0619599
43.1		0.0641517
43.2		0.0641517
43.3		0.0641517
43.4		0.0641517
43.5		0.0641517
43.6		0.0641517
43.7		0.0641517
43.8		0.0641517
43.9		0.0641517
44		0.0641517
44.1		0.0648045
44.2		0.0648045
44.3		0.0648045
44.4		0.0648045
44.5		0.0648045
44.6		0.0648045
44.7		0.0648045
44.8		0.0648045
44.9		0.0648045
45		0.0648045
45.1		0.0668644
45.2		0.0668644
45.3		0.0668644
45.4		0.0668644
45.5		0.0668644
45.6		0.0668644
45.7		0.0668644
45.8		0.0668644
45.9		0.0668644
46		0.0668644
46.1		0.0725706
46.2		0.0725706
46.3		0.0725706
46.4		0.0725706
46.5		0.0725706
46.6		0.0725706
46.7		0.0725706
46.8		0.0725706
46.9		0.0725706
47		0.0725706
47.1		0.0740217
47.2		0.0740217
47.3		0.0740217
47.4		0.0740217
47.5		0.0740217
47.6		0.0740217
47.7		0.0740217
47.8		0.0740217
47.9		0.0740217
48		0.0740217
48.1		0.0745764
48.2		0.0745764
48.3		0.0745764
48.4		0.0745764
48.5		0.0745764
48.6		0.0745764
48.7		0.0745764
48.8		0.0745764
48.9		0.0745764
49		0.0745764
49.1		0.0749823
49.2		0.0749823
49.3		0.0749823
49.4		0.0749823
49.5		0.0749823
49.6		0.0749823
49.7		0.0749823
49.8		0.0749823
49.9		0.0749823
50		0.0749823
50.1		0.0822681
50.2		0.0822681
50.3		0.0822681
50.4		0.0822681
50.5		0.0822681
50.6		0.0822681
50.7		0.0822681
50.8		0.0822681
50.9		0.0822681
51		0.0822681
51.1		0.0833099
51.2		0.0833099
51.3		0.0833099
51.4		0.0833099
51.5		0.0833099
51.6		0.0833099
51.7		0.0833099
51.8		0.0833099
51.9		0.0833099
52		0.0833099
52.1		0.0850113
52.2		0.0850113
52.3		0.0850113
52.4		0.0850113
52.5		0.0850113
52.6		0.0850113
52.7		0.0850113
52.8		0.0850113
52.9		0.0850113
53		0.0850113
53.1		0.0854612
53.2		0.0854612
53.3		0.0854612
53.4		0.0854612
53.5		0.0854612
53.6		0.0854612
53.7		0.0854612
53.8		0.0854612
53.9		0.0854612
54		0.0854612
54.1		0.0896622
54.2		0.0896622
54.3		0.0896622
54.4		0.0896622
54.5		0.0896622
54.6		0.0896622
54.7		0.0896622
54.8		0.0896622
54.9		0.0896622
55		0.0896622
55.1		0.0903894
55.2		0.0903894
55.3		0.0903894
55.4		0.0903894
55.5		0.0903894
55.6		0.0903894
55.7		0.0903894
55.8		0.0903894
55.9		0.0903894
56		0.0903894
56.1		0.0922024
56.2		0.0922024
56.3		0.0922024
56.4		0.0922024
56.5		0.0922024
56.6		0.0922024
56.7		0.0922024
56.8		0.0922024
56.9		0.0922024
57		0.0922024
57.1		0.094127
57.2		0.094127
57.3		0.094127
57.4		0.094127
57.5		0.094127
57.6		0.094127
57.7		0.094127
57.8		0.094127
57.9		0.094127
58		0.094127
58.1		0.0981082
58.2		0.0981082
58.3		0.0981082
58.4		0.0981082
58.5		0.0981082
58.6		0.0981082
58.7		0.0981082
58.8		0.0981082
58.9		0.0981082
59		0.0981082
59.1		0.0991398
59.2		0.0991398
59.3		0.0991398
59.4		0.0991398
59.5		0.0991398
59.6		0.0991398
59.7		0.0991398
59.8		0.0991398
59.9		0.0991398
60		0.0991398
60.1		0.101606
60.2		0.101606
60.3		0.101606
60.4		0.101606
60.5		0.101606
60.6		0.101606
60.7		0.101606
60.8		0.101606
60.9		0.101606
61		0.101606
61.1		0.10188
61.2		0.10188
61.3		0.10188
61.4		0.10188
61.5		0.10188
61.6		0.10188
61.7		0.10188
61.8		0.10188
61.9		0.10188
62		0.10188
62.1		0.105631
62.2		0.105631
62.3		0.105631
62.4		0.105631
62.5		0.105631
62.6		0.105631
62.7		0.105631
62.8		0.105631
62.9		0.105631
63		0.105631
63.1		0.108367
63.2		0.108367
63.3		0.108367
63.4		0.108367
63.5		0.108367
63.6		0.108367
63.7		0.108367
63.8		0.108367
63.9		0.108367
64		0.108367
64.1		0.109713
64.2		0.109713
64.3		0.109713
64.4		0.109713
64.5		0.109713
64.6		0.109713
64.7		0.109713
64.8		0.109713
64.9		0.109713
65		0.109713
65.1		0.112507
65.2		0.112507
65.3		0.112507
65.4		0.112507
65.5		0.112507
65.6		0.112507
65.7		0.112507
65.8		0.112507
65.9		0.112507
66		0.112507
66.1		0.113001
66.2		0.113001
66.3		0.113001
66.4		0.113001
66.5		0.113001
66.6		0.113001
66.7		0.113001
66.8		0.113001
66.9		0.113001
67		0.113001
67.1		0.117405
67.2		0.117405
67.3		0.117405
67.4		0.117405
67.5		0.117405
67.6		0.117405
67.7		0.117405
67.8		0.117405
67.9		0.117405
68		0.117405
68.1		0.119272
68.2		0.119272
68.3		0.119272
68.4		0.119272
68.5		0.119272
68.6		0.119272
68.7		0.119272
68.8		0.119272
68.9		0.119272
69		0.119272
69.1		0.119915
69.2		0.119915
69.3		0.119915
69.4		0.119915
69.5		0.119915
69.6		0.119915
69.7		0.119915
69.8		0.119915
69.9		0.119915
70		0.119915
70.1		0.123947
70.2		0.123947
70.3		0.123947
70.4		0.123947
70.5		0.123947
70.6		0.123947
70.7		0.123947
70.8		0.123947
70.9		0.123947
71		0.123947
71.1		0.124062
71.2		0.124062
71.3		0.124062
71.4		0.124062
71.5		0.124062
71.6		0.124062
71.7		0.124062
71.8		0.124062
71.9		0.124062
72		0.124062
72.1		0.129991
72.2		0.129991
72.3		0.129991
72.4		0.129991
72.5		0.129991
72.6		0.129991
72.7		0.129991
72.8		0.129991
72.9		0.129991
73		0.129991
73.1		0.130461
73.2		0.130461
73.3		0.130461
73.4		0.130461
73.5		0.130461
73.6		0.130461
73.7		0.130461
73.8		0.130461
73.9		0.130461
74		0.130461
74.1		0.132369
74.2		0.132369
74.3		0.132369
74.4		0.132369
74.5		0.132369
74.6		0.132369
74.7		0.132369
74.8		0.132369
74.9		0.132369
75		0.132369
75.1		0.135434
75.2		0.135434
75.3		0.135434
75.4		0.135434
75.5		0.135434
75.6		0.135434
75.7		0.135434
75.8		0.135434
75.9		0.135434
76		0.135434
76.1		0.138495
76.2		0.138495
76.3		0.138495
76.4		0.138495
76.5		0.138495
76.6		0.138495
76.7		0.138495
76.8		0.138495
76.9		0.138495
77		0.138495
77.1		0.140595
77.2		0.140595
77.3		0.140595
77.4		0.140595
77.5		0.140595
77.6		0.140595
77.7		0.140595
77.8		0.140595
77.9		0.140595
78		0.140595
78.1		0.140818
78.2		0.140818
78.3		0.140818
78.4		0.140818
78.5		0.140818
78.6		0.140818
78.7		0.140818
78.8		0.140818
78.9		0.140818
79		0.140818
79.1		0.141654
79.2		0.141654
79.3		0.141654
79.4		0.141654
79.5		0.141654
79.6		0.141654
79.7		0.141654
79.8		0.141654
79.9		0.141654
80		0.141654
80.1		0.147472
80.2		0.147472
80.3		0.147472
80.4		0.147472
80.5		0.147472
80.6		0.147472
80.7		0.147472
80.8		0.147472
80.9		0.147472
81		0.147472
81.1		0.149241
81.2		0.149241
81.3		0.149241
81.4		0.149241
81.5		0.149241
81.6		0.149241
81.7		0.149241
81.8		0.149241
81.9		0.149241
82		0.149241
82.1		0.151554
82.2		0.151554
82.3		0.151554
82.4		0.151554
82.5		0.151554
82.6		0.151554
82.7		0.151554
82.8		0.151554
82.9		0.151554
83		0.151554
83.1		0.152113
83.2		0.152113
83.3		0.152113
83.4		0.152113
83.5		0.152113
83.6		0.152113
83.7		0.152113
83.8		0.152113
83.9		0.152113
84		0.152113
84.1		0.154379
84.2		0.154379
84.3		0.154379
84.4		0.154379
84.5		0.154379
84.6		0.154379
84.7		0.154379
84.8		0.154379
84.9		0.154379
85		0.154379
85.1		0.15793
85.2		0.15793
85.3		0.15793
85.4		0.15793
85.5		0.15793
85.6		0.15793
85.7		0.15793
85.8		0.15793
85.9		0.15793
86		0.15793
86.1		0.158982
86.2		0.158982
86.3		0.158982
86.4		0.158982
86.5		0.158982
86.6		0.158982
86.7		0.158982
86.8		0.158982
86.9		0.158982
87		0.158982
87.1		0.159405
87.2		0.159405
87.3		0.159405
87.4		0.159405
87.5		0.159405
87.6		0.159405
87.7		0.159405
87.8		0.159405
87.9		0.159405
88		0.159405
88.1		0.163129
88.2		0.163129
88.3		0.163129
88.4		0.163129
88.5		0.163129
88.6		0.163129
88.7		0.163129
88.8		0.163129
88.9		0.163129
89		0.163129
89.1		0.164858
89.2		0.164858
89.3		0.164858
89.4		0.164858
89.5		0.164858
89.6		0.164858
89.7		0.164858
89.8		0.164858
89.9		0.164858
90		0.164858
90.1		0.165297
90.2		0.165297
90.3		0.165297
90.4		0.165297
90.5		0.165297
90.6		0.165297
90.7		0.165297
90.8		0.165297
90.9		0.165297
91		0.165297
91.1		0.168379
91.2		0.168379
91.3		0.168379
91.4		0.168379
91.5		0.168379
91.6		0.168379
91.7		0.168379
91.8		0.168379
91.9		0.168379
92		0.168379
92.1		0.171484
92.2		0.171484
92.3		0.171484
92.4		0.171484
92.5		0.171484
92.6		0.171484
92.7		0.171484
92.8		0.171484
92.9		0.171484
93		0.171484
93.1		0.173381
93.2		0.173381
93.3		0.173381
93.4		0.173381
93.5		0.173381
93.6		0.173381
93.7		0.173381
93.8		0.173381
93.9		0.173381
94		0.173381
94.1		0.174623
94.2		0.174623
94.3		0.174623
94.4		0.174623
94.5		0.174623
94.6		0.174623
94.7		0.174623
94.8		0.174623
94.9		0.174623
95		0.174623
95.1		0.177312
95.2		0.177312
95.3		0.177312
95.4		0.177312
95.5		0.177312
95.6		0.177312
95.7		0.177312
95.8		0.177312
95.9		0.177312
96		0.177312
96.1		0.17997
96.2		0.17997
96.3		0.17997
96.4		0.17997
96.5		0.17997
96.6		0.17997
96.7		0.17997
96.8		0.17997
96.9		0.17997
97		0.17997
97.1		0.183962
97.2		0.183962
97.3		0.183962
97.4		0.183962
97.5		0.183962
97.6		0.183962
97.7		0.183962
97.8		0.183962
97.9		0.183962
98		0.183962
98.1		0.18523
98.2		0.18523
98.3		0.18523
98.4		0.18523
98.5		0.18523
98.6		0.18523
98.7		0.18523
98.8		0.18523
98.9		0.18523
99		0.18523
99.1		0.186458
99.2		0.186458
99.3		0.186458
99.4		0.186458
99.5		0.186458
99.6		0.186458
99.7		0.186458
99.8		0.186458
99.9		0.186458
100		0.186458
100.1		0.189198
100.2		0.189198
100.3		0.189198
100.4		0.189198
100.5		0.189198
100.6		0.189198
100.7		0.189198
100.8		0.189198
100.9		0.189198
101		0.189198
101.1		0.191011
101.2		0.191011
101.3		0.191011
101.4		0.191011
101.5		0.191011
101.6		0.191011
101.7		0.191011
101.8		0.191011
101.9		0.191011
102		0.191011
102.1		0.19534
102.2		0.19534
102.3		0.19534
102.4		0.19534
102.5		0.19534
102.6		0.19534
102.7		0.19534
102.8		0.19534
102.9		0.19534
103		0.19534
103.1		0.196822
103.2		0.196822
103.3		0.196822
103.4		0.196822
103.5		0.196822
103.6		0.196822
103.7		0.196822
103.8		0.196822
103.9		0.196822
104		0.196822
104.1		0.199738
104.2		0.199738
104.3		0.199738
104.4		0.199738
104.5		0.199738
104.6		0.199738
104.7		0.199738
104.8		0.199738
104.9		0.199738
105		0.199738
105.1		0.201307
105.2		0.201307
105.3		0.201307
105.4		0.201307
105.5		0.201307
105.6		0.201307
105.7		0.201307
105.8		0.201307
105.9		0.201307
106		0.201307
106.1		0.204608
106.2		0.204608
106.3		0.204608
106.4		0.204608
106.5		0.204608
106.6		0.204608
106.7		0.204608
106.8		0.204608
106.9		0.204608
107		0.204608
107.1		0.204811
107.2		0.204811
107.3		0.204811
107.4		0.204811
107.5		0.204811
107.6		0.204811
107.7		0.204811
107.8		0.204811
107.9		0.204811
108		0.204811
108.1		0.206083
108.2		0.206083
108.3		0.206083
108.4		0.206083
108.5		0.206083
108.6		0.206083
108.7		0.206083
108.8		0.206083
108.9		0.206083
109		0.206083
109.1		0.206614
109.2		0.206614
109.3		0.206614
109.4		0.206614
109.5		0.206614
109.6		0.206614
109.7		0.206614
109.8		0.206614
109.9		0.206614
110		0.206614
110.1		0.212405
110.2		0.212405
110.3		0.212405
110.4		0.212405
110.5		0.212405
110.6		0.212405
110.7		0.212405
110.8		0.212405
110.9		0.212405
111		0.212405
111.1		0.21416
111.2		0.21416
111.3		0.21416
111.4		0.21416
111.5		0.21416
111.6		0.21416
111.7		0.21416
111.8		0.21416
111.9		0.21416
112		0.21416
112.1		0.215967
112.2		0.215967
112.3		0.215967
112.4		0.215967
112.5		0.215967
112.6		0.215967
112.7		0.215967
112.8		0.215967
112.9		0.215967
113		0.215967
113.1		0.216254
113.2		0.216254
113.3		0.216254
113.4		0.216254
113.5		0.216254
113.6		0.216254
113.7		0.216254
113.8		0.216254
113.9		0.216254
114		0.216254
114.1		0.220956
114.2		0.220956
114.3		0.220956
114.4		0.220956
114.5		0.220956
114.6		0.220956
114.7		0.220956
114.8		0.220956
114.9		0.220956
115		0.220956
115.1		0.22172
115.2		0.22172
115.3		0.22172
115.4		0.22172
115.5		0.22172
115.6		0.22172
115.7		0.22172
115.8		0.22172
115.9		0.22172
116		0.22172
116.1		0.222099
116.2		0.222099
116.3		0.222099
116.4		0.222099
116.5		0.222099
116.6		0.222099
116.7		0.222099
116.8		0.222099
116.9		0.222099
117		0.222099
117.1		0.227068
117.2		0.227068
117.3		0.227068
117.4		0.227068
117.5		0.227068
117.6		0.227068
117.7		0.227068
117.8		0.227068
117.9		0.227068
118		0.227068
118.1		0.228671
118.2		0.228671
118.3		0.228671
118.4		0.228671
118.5		0.228671
118.6		0.228671
118.7		0.228671
118.8		0.228671
118.9		0.228671
119		0.228671
119.1		0.231056
119.2		0.231056
119.3		0.231056
119.4		0.231056
119.5		0.231056
119.6		0.231056
119.7		0.231056
119.8		0.231056
119.9		0.231056
120		0.231056
120.1		0.232794
120.2		0.232794
120.3		0.232794
120.4		0.232794
120.5		0.232794
120.6		0.232794
120.7		0.232794
120.8		0.232794
120.9		0.232794
121		0.232794
121.1		0.232926
121.2		0.232926
121.3		0.232926
121.4		0.232926
121.5		0.232926
121.6		0.232926
121.7		0.232926
121.8		0.232926
121.9		0.232926
122		0.232926
122.1		0.238352
122.2		0.238352
122.3		0.238352
122.4		0.238352
122.5		0.238352
122.6		0.238352
122.7		0.238352
122.8		0.238352
122.9		0.238352
123		0.238352
123.1		0.239972
123.2		0.239972
123.3		0.239972
123.4		0.239972
123.5		0.239972
123.6		0.239972
123.7		0.239972
123.8		0.239972
123.9		0.239972
124		0.239972
124.1		0.243094
124.2		0.243094
124.3		0.243094
124.4		0.243094
124.5		0.243094
124.6		0.243094
124.7		0.243094
124.8		0.243094
124.9		0.243094
125		0.243094
125.1		0.243703
125.2		0.243703
125.3		0.243703
125.4		0.243703
125.5		0.243703
125.6		0.243703
125.7		0.243703
125.8		0.243703
125.9		0.243703
126		0.243703
126.1		0.247975
126.2		0.247975
126.3		0.247975
126.4		0.247975
126.5		0.247975
126.6		0.247975
126.7		0.247975
126.8		0.247975
126.9		0.247975
127		0.247975
127.1		0.248154
127.2		0.248154
127.3		0.248154
127.4		0.248154
127.5		0.248154
127.6		0.248154
127.7		0.248154
127.8		0.248154
127.9		0.248154
128		0.248154
128.1		0.251449
128.2		0.251449
128.3		0.251449
128.4		0.251449
128.5		0.251449
128.6		0.251449
128.7		0.251449
128.8		0.251449
128.9		0.251449
129		0.251449
129.1		0.254892
129.2		0.254892
129.3		0.254892
129.4		0.254892
129.5		0.254892
129.6		0.254892
129.7		0.254892
129.8		0.254892
129.9		0.254892
130		0.254892
130.1		0.255288
130.2		0.255288
130.3		0.255288
130.4		0.255288
130.5		0.255288
130.6		0.255288
130.7		0.255288
130.8		0.255288
130.9		0.255288
131		0.255288
131.1		0.256658
131.2		0.256658
131.3		0.256658
131.4		0.256658
131.5		0.256658
131.6		0.256658
131.7		0.256658
131.8		0.256658
131.9		0.256658
132		0.256658
132.1		0.261491
132.2		0.261491
132.3		0.261491
132.4		0.261491
132.5		0.261491
132.6		0.261491
132.7		0.261491
132.8		0.261491
132.9		0.261491
133		0.261491
133.1		0.262059
133.2		0.262059
133.3		0.262059
133.4		0.262059
133.5		0.262059
133.6		0.262059
133.7		0.262059
133.8		0.262059
133.9		0.262059
134		0.262059
134.1		0.26349
134.2		0.26349
134.3		0.26349
134.4		0.26349
134.5		0.26349
134.6		0.26349
134.7		0.26349
134.8		0.26349
134.9		0.26349
135		0.26349
135.1		0.264559
135.2		0.264559
135.3		0.264559
135.4		0.264559
135.5		0.264559
135.6		0.264559
135.7		0.264559
135.8		0.264559
135.9		0.264559
136		0.264559
136.1		0.270377
136.2		0.270377
136.3		0.270377
136.4		0.270377
136.5		0.270377
136.6		0.270377
136.7		0.270377
136.8		0.270377
136.9		0.270377
137		0.270377
137.1		0.271578
137.2		0.271578
137.3		0.271578
137.4		0.271578
137.5		0.271578
137.6		0.271578
137.7		0.271578
137.8		0.271578
137.9		0.271578
138		0.271578
138.1		0.272109
138.2		0.272109
138.3		0.272109
138.4		0.272109
138.5		0.272109
138.6		0.272109
138.7		0.272109
138.8		0.272109
138.9		0.272109
139		0.272109
139.1		0.272268
139.2		0.272268
139.3		0.272268
139.4		0.272268
139.5		0.272268
139.6		0.272268
139.7		0.272268
139.8		0.272268
139.9		0.272268
140		0.272268
140.1		0.277872
140.2		0.277872
140.3		0.277872
140.4		0.277872
140.5		0.277872
140.6		0.277872
140.7		0.277872
140.8		0.277872
140.9		0.277872
141		0.277872
141.1		0.278085
141.2		0.278085
141.3		0.278085
141.4		0.278085
141.5		0.278085
141.6		0.278085
141.7		0.278085
141.8		0.278085
141.9		0.278085
142		0.278085
142.1		0.282019
142.2		0.282019
142.3		0.282019
142.4		0.282019
142.5		0.282019
142.6		0.282019
142.7		0.282019
142.8		0.282019
142.9		0.282019
143		0.282019
143.1		0.282266
143.2		0.282266
143.3		0.282266
143.4		0.282266
143.5		0.282266
143.6		0.282266
143.7		0.282266
143.8		0.282266
143.9		0.282266
144		0.282266
144.1		0.286247
144.2		0.286247
144.3		0.286247
144.4		0.286247
144.5		0.286247
144.6		0.286247
144.7		0.286247
144.8		0.286247
144.9		0.286247
145		0.286247
145.1		0.287052
145.2		0.287052
145.3		0.287052
145.4		0.287052
145.5		0.287052
145.6		0.287052
145.7		0.287052
145.8		0.287052
145.9		0.287052
146		0.287052
146.1		0.287431
146.2		0.287431
146.3		0.287431
146.4		0.287431
146.5		0.287431
146.6		0.287431
146.7		0.287431
146.8		0.287431
146.9		0.287431
147		0.287431
147.1		0.289055
147.2		0.289055
147.3		0.289055
147.4		0.289055
147.5		0.289055
147.6		0.289055
147.7		0.289055
147.8		0.289055
147.9		0.289055
148		0.289055
148.1		0.292383
148.2		0.292383
148.3		0.292383
148.4		0.292383
148.5		0.292383
148.6		0.292383
148.7		0.292383
148.8		0.292383
148.9		0.292383
149		0.292383
149.1		0.297173
149.2		0.297173
149.3		0.297173
149.4		0.297173
149.5		0.297173
149.6		0.297173
149.7		0.297173
149.8		0.297173
149.9		0.297173
150		0.297173
150.1		0.297585
150.2		0.297585
150.3		0.297585
150.4		0.297585
150.5		0.297585
150.6		0.297585
150.7		0.297585
150.8		0.297585
150.9		0.297585
151		0.297585
151.1		0.297714
151.2		0.297714
151.3		0.297714
151.4		0.297714
151.5		0.297714
151.6		0.297714
151.7		0.297714
151.8		0.297714
151.9		0.297714
152		0.297714
152.1		0.299172
152.2		0.299172
152.3		0.299172
152.4		0.299172
152.5		0.299172
152.6		0.299172
152.7		0.299172
152.8		0.299172
152.9		0.299172
153		0.299172
153.1		0.304939
153.2		0.304939
153.3		0.304939
153.4		0.304939
153.5		0.304939
153.6		0.304939
153.7		0.304939
153.8		0.304939
153.9		0.304939
154		0.304939
154.1		0.306079
154.2		0.306079
154.3		0.306079
154.4		0.306079
154.5		0.306079
154.6		0.306079
154.7		0.306079
154.8		0.306079
154.9		0.306079
155		0.306079
155.1		0.307797
155.2		0.307797
155.3		0.307797
155.4		0.307797
155.5		0.307797
155.6		0.307797
155.7		0.307797
155.8		0.307797
155.9		0.307797
156		0.307797
156.1		0.308463
156.2		0.308463
156.3		0.308463
156.4		0.308463
156.5		0.308463
156.6		0.308463
156.7		0.308463
156.8		0.308463
156.9		0.308463
157		0.308463
157.1		0.308683
157.2		0.308683
157.3		0.308683
157.4		0.308683
157.5		0.308683
157.6		0.308683
157.7		0.308683
157.8		0.308683
157.9		0.308683
158		0.308683
158.1		0.315079
158.2		0.315079
158.3		0.315079
158.4		0.315079
158.5		0.315079
158.6		0.315079
158.7		0.315079
158.8		0.315079
158.9		0.315079
159		0.315079
159.1		0.316629
159.2		0.316629
159.3		0.316629
159.4		0.316629
159.5		0.316629
159.6		0.316629
159.7		0.316629
159.8		0.316629
159.9		0.316629
160		0.316629
160.1		0.317934
160.2		0.317934
160.3		0.317934
160.4		0.317934
160.5		0.317934
160.6		0.317934
160.7		0.317934
160.8		0.317934
160.9		0.317934
161		0.317934
161.1		0.320708
161.2		0.320708
161.3		0.320708
161.4		0.320708
161.5		0.320708
161.6		0.320708
161.7		0.320708
161.8		0.320708
161.9		0.320708
162		0.320708
162.1		0.32476
162.2		0.32476
162.3		0.32476
162.4		0.32476
162.5		0.32476
162.6		0.32476
162.7		0.32476
162.8		0.32476
162.9		0.32476
163		0.32476
163.1		0.325457
163.2		0.325457
163.3		0.325457
163.4		0.325457
163.5		0.325457
163.6		0.325457
163.7		0.325457
163.8		0.325457
163.9		0.325457
164		0.325457
164.1		0.328778
164.2		0.328778
164.3		0.328778
164.4		0.328778
164.5		0.328778
164.6		0.328778
164.7		0.328778
164.8		0.328778
164.9		0.328778
165		0.328778
165.1		0.330263
165.2		0.330263
165.3		0.330263
165.4		0.330263
165.5		0.330263
165.6		0.330263
165.7		0.330263
165.8		0.330263
165.9		0.330263
166		0.330263
166.1		0.333656
166.2		0.333656
166.3		0.333656
166.4		0.333656
166.5		0.333656
166.6		0.333656
166.7		0.333656
166.8		0.333656
166.9		0.333656
167		0.333656
167.1		0.335002
167.2		0.335002
167.3		0.335002
167.4		0.335002
167.5		0.335002
167.6		0.335002
167.7		0.335002
167.8		0.335002
167.9		0.335002
168		0.335002
168.1		0.336862
168.2		0.336862
168.3		0.336862
168.4		0.336862
168.5		0.336862
168.6		0.336862
168.7		0.336862
168.8		0.336862
168.9		0.336862
169		0.336862
169.1		0.337502
169.2		0.337502
169.3		0.337502
169.4		0.337502
169.5		0.337502
169.6		0.337502
169.7		0.337502
169.8		0.337502
169.9		0.337502
170		0.337502
170.1		0.343502
170.2		0.343502
170.3		0.343502
170.4		0.343502
170.5		0.343502
170.6		0.343502
170.7		0.343502
170.8		0.343502
170.9		0.343502
171		0.343502
171.1		0.343938
171.2		0.343938
171.3		0.343938
171.4		0.343938
171.5		0.343938
171.6		0.343938
171.7		0.343938
171.8		0.343938
171.9		0.343938
172		0.343938
172.1		0.344933
172.2		0.344933
172.3		0.344933
172.4		0.344933
172.5		0.344933
172.6		0.344933
172.7		0.344933
172.8		0.344933
172.9		0.344933
173		0.344933
173.1		0.346354
173.2		0.346354
173.3		0.346354
173.4		0.346354
173.5		0.346354
173.6		0.346354
173.7		0.346354
173.8		0.346354
173.9		0.346354
174		0.346354
174.1		0.350551
174.2		0.350551
174.3		0.350551
174.4		0.350551
174.5		0.350551
174.6		0.350551
174.7		0.350551
174.8		0.350551
174.9		0.350551
175		0.350551
175.1		0.352408
175.2		0.352408
175.3		0.352408
175.4		0.352408
175.5		0.352408
175.6		0.352408
175.7		0.352408
175.8		0.352408
175.9		0.352408
176		0.352408
176.1		0.354292
176.2		0.354292
176.3		0.354292
176.4		0.354292
176.5		0.354292
176.6		0.354292
176.7		0.354292
176.8		0.354292
176.9		0.354292
177		0.354292
177.1		0.35578
177.2		0.35578
177.3		0.35578
177.4		0.35578
177.5		0.35578
177.6		0.35578
177.7		0.35578
177.8		0.35578
177.9		0.35578
178		0.35578
178.1		0.356917
178.2		0.356917
178.3		0.356917
178.4		0.356917
178.5		0.356917
178.6		0.356917
178.7		0.356917
178.8		0.356917
178.9		0.356917
179		0.356917
179.1		0.358053
179.2		0.358053
179.3		0.358053
179.4		0.358053
179.5		0.358053
179.6		0.358053
179.7		0.358053
179.8		0.358053
179.9		0.358053
180		0.358053
180.1		0.362491
180.2		0.362491
180.3		0.362491
180.4		0.362491
180.5		0.362491
180.6		0.362491
180.7		0.362491
180.8		0.362491
180.9		0.362491
181		0.362491
181.1		0.363465
181.2		0.363465
181.3		0.363465
181.4		0.363465
181.5		0.363465
181.6		0.363465
181.7		0.363465
181.8		0.363465
181.9		0.363465
182		0.363465
182.1		0.36585
182.2		0.36585
182.3		0.36585
182.4		0.36585
182.5		0.36585
182.6		0.36585
182.7		0.36585
182.8		0.36585
182.9		0.36585
183		0.36585
183.1		0.368455
183.2		0.368455
183.3		0.368455
183.4		0.368455
183.5		0.368455
183.6		0.368455
183.7		0.368455
183.8		0.368455
183.9		0.368455
184		0.368455
184.1		0.372767
184.2		0.372767
184.3		0.372767
184.4		0.372767
184.5		0.372767
184.6		0.372767
184.7		0.372767
184.8		0.372767
184.9		0.372767
185		0.372767
185.1		0.373549
185.2		0.373549
185.3		0.373549
185.4		0.373549
185.5		0.373549
185.6		0.373549
185.7		0.373549
185.8		0.373549
185.9		0.373549
186		0.373549
186.1		0.373833
186.2		0.373833
186.3		0.373833
186.4		0.373833
186.5		0.373833
186.6		0.373833
186.7		0.373833
186.8		0.373833
186.9		0.373833
187		0.373833
187.1		0.376082
187.2		0.376082
187.3		0.376082
187.4		0.376082
187.5		0.376082
187.6		0.376082
187.7		0.376082
187.8		0.376082
187.9		0.376082
188		0.376082
188.1		0.381866
188.2		0.381866
188.3		0.381866
188.4		0.381866
188.5		0.381866
188.6		0.381866
188.7		0.381866
188.8		0.381866
188.9		0.381866
189		0.381866
189.1		0.382326
189.2		0.382326
189.3		0.382326
189.4		0.382326
189.5		0.382326
189.6		0.382326
189.7		0.382326
189.8		0.382326
189.9		0.382326
190		0.382326
190.1		0.382505
190.2		0.382505
190.3		0.382505
190.4		0.382505
190.5		0.382505
190.6		0.382505
190.7		0.382505
190.8		0.382505
190.9		0.382505
191		0.382505
191.1		0.38395
191.2		0.38395
191.3		0.38395
191.4		0.38395
191.5		0.38395
191.6		0.38395
191.7		0.38395
191.8		0.38395
191.9		0.38395
192		0.38395
192.1		0.387704
192.2		0.387704
192.3		0.387704
192.4		0.387704
192.5		0.387704
192.6		0.387704
192.7		0.387704
192.8		0.387704
192.9		0.387704
193		0.387704
193.1		0.388597
193.2		0.388597
193.3		0.388597
193.4		0.388597
193.5		0.388597
193.6		0.388597
193.7		0.388597
193.8		0.388597
193.9		0.388597
194		0.388597
194.1		0.392189
194.2		0.392189
194.3		0.392189
194.4		0.392189
194.5		0.392189
194.6		0.392189
194.7		0.392189
194.8		0.392189
194.9		0.392189
195		0.392189
195.1		0.392379
195.2		0.392379
195.3		0.392379
195.4		0.392379
195.5		0.392379
195.6		0.392379
195.7		0.392379
195.8		0.392379
195.9		0.392379
196		0.392379
196.1		0.397385
196.2		0.397385
196.3		0.397385
196.4		0.397385
196.5		0.397385
196.6		0.397385
196.7		0.397385
196.8		0.397385
196.9		0.397385
197		0.397385
197.1		0.397973
197.2		0.397973
197.3		0.397973
197.4		0.397973
197.5		0.397973
197.6		0.397973
197.7		0.397973
197.8		0.397973
197.9		0.397973
198		0.397973
198.1		0.399333
198.2		0.399333
198.3		0.399333
198.4		0.399333
198.5		0.399333
198.6		0.399333
198.7		0.399333
198.8		0.399333
198.9		0.399333
199		0.399333
199.1		0.40094
199.2		0.40094
199.3		0.40094
199.4		0.40094
199.5		0.40094
199.6		0.40094
199.7		0.40094
199.8		0.40094
199.9		0.40094
200		0.40094
200.1		0.405634
200.2		0.405634
200.3		0.405634
200.4		0.405634
200.5		0.405634
200.6		0.405634
200.7		0.405634
200.8		0.405634
200.9		0.405634
201		0.405634
201.1		0.40874
201.2		0.40874
201.3		0.40874
201.4		0.40874
201.5		0.40874
201.6		0.40874
201.7		0.40874
201.8		0.40874
201.9		0.40874
202		0.40874
202.1		0.409129
202.2		0.409129
202.3		0.409129
202.4		0.409129
202.5		0.409129
202.6		0.409129
202.7		0.409129
202.8		0.409129
202.9		0.409129
203		0.409129
203.1		0.411672
203.2		0.411672
203.3		0.411672
203.4		0.411672
203.5		0.411672
203.6		0.411672
203.7		0.411672
203.8		0.411672
203.9		0.411672
204		0.411672
204.1		0.414886
204.2		0.414886
204.3		0.414886
204.4		0.414886
204.5		0.414886
204.6		0.414886
204.7		0.414886
204.8		0.414886
204.9		0.414886
205		0.414886
205.1		0.415234
205.2		0.415234
205.3		0.415234
205.4		0.415234
205.5		0.415234
205.6		0.415234
205.7		0.415234
205.8		0.415234
205.9		0.415234
206		0.415234
206.1		0.417561
206.2		0.417561
206.3		0.417561
206.4		0.417561
206.5		0.417561
206.6		0.417561
206.7		0.417561
206.8		0.417561
206.9		0.417561
207		0.417561
207.1		0.423741
207.2		0.423741
207.3		0.423741
207.4		0.423741
207.5		0.423741
207.6		0.423741
207.7		0.423741
207.8		0.423741
207.9		0.423741
208		0.423741
208.1		0.424586
208.2		0.424586
208.3		0.424586
208.4		0.424586
208.5		0.424586
208.6		0.424586
208.7		0.424586
208.8		0.424586
208.9		0.424586
209		0.424586
209.1		0.426163
209.2		0.426163
209.3		0.426163
209.4		0.426163
209.5		0.426163
209.6		0.426163
209.7		0.426163
209.8		0.426163
209.9		0.426163
210		0.426163
210.1		0.427489
210.2		0.427489
210.3		0.427489
210.4		0.427489
210.5		0.427489
210.6		0.427489
210.7		0.427489
210.8		0.427489
210.9		0.427489
211		0.427489
211.1		0.429055
211.2		0.429055
211.3		0.429055
211.4		0.429055
211.5		0.429055
211.6		0.429055
211.7		0.429055
211.8		0.429055
211.9		0.429055
212		0.429055
212.1		0.430655
212.2		0.430655
212.3		0.430655
212.4		0.430655
212.5		0.430655
212.6		0.430655
212.7		0.430655
212.8		0.430655
212.9		0.430655
213		0.430655
213.1		0.433976
213.2		0.433976
213.3		0.433976
213.4		0.433976
213.5		0.433976
213.6		0.433976
213.7		0.433976
213.8		0.433976
213.9		0.433976
214		0.433976
214.1		0.437233
214.2		0.437233
214.3		0.437233
214.4		0.437233
214.5		0.437233
214.6		0.437233
214.7		0.437233
214.8		0.437233
214.9		0.437233
215		0.437233
215.1		0.437724
215.2		0.437724
215.3		0.437724
215.4		0.437724
215.5		0.437724
215.6		0.437724
215.7		0.437724
215.8		0.437724
215.9		0.437724
216		0.437724
216.1		0.438813
216.2		0.438813
216.3		0.438813
216.4		0.438813
216.5		0.438813
216.6		0.438813
216.7		0.438813
216.8		0.438813
216.9		0.438813
217		0.438813
217.1		0.442243
217.2		0.442243
217.3		0.442243
217.4		0.442243
217.5		0.442243
217.6		0.442243
217.7		0.442243
217.8		0.442243
217.9		0.442243
218		0.442243
218.1		0.445219
218.2		0.445219
218.3		0.445219
218.4		0.445219
218.5		0.445219
218.6		0.445219
218.7		0.445219
218.8		0.445219
218.9		0.445219
219		0.445219
219.1		0.446887
219.2		0.446887
219.3		0.446887
219.4		0.446887
219.5		0.446887
219.6		0.446887
219.7		0.446887
219.8		0.446887
219.9		0.446887
220		0.446887
220.1		0.449529
220.2		0.449529
220.3		0.449529
220.4		0.449529
220.5		0.449529
220.6		0.449529
220.7		0.449529
220.8		0.449529
220.9		0.449529
221		0.449529
221.1		0.449806
221.2		0.449806
221.3		0.449806
221.4		0.449806
221.5		0.449806
221.6		0.449806
221.7		0.449806
221.8		0.449806
221.9		0.449806
222		0.449806
222.1		0.456233
222.2		0.456233
222.3		0.456233
222.4		0.456233
222.5		0.456233
222.6		0.456233
222.7		0.456233
222.8		0.456233
222.9		0.456233
223		0.456233
223.1		0.456547
223.2		0.456547
223.3		0.456547
223.4		0.456547
223.5		0.456547
223.6		0.456547
223.7		0.456547
223.8		0.456547
223.9		0.456547
224		0.456547
224.1		0.45745
224.2		0.45745
224.3		0.45745
224.4		0.45745
224.5		0.45745
224.6		0.45745
224.7		0.45745
224.8		0.45745
224.9		0.45745
225		0.45745
225.1		0.458786
225.2		0.458786
225.3		0.458786
225.4		0.458786
225.5		0.458786
225.6		0.458786
225.7		0.458786
225.8		0.458786
225.9		0.458786
226		0.458786
226.1		0.462348
226.2		0.462348
226.3		0.462348
226.4		0.462348
226.5		0.462348
226.6		0.462348
226.7		0.462348
226.8		0.462348
226.9		0.462348
227		0.462348
227.1		0.465913
227.2		0.465913
227.3		0.465913
227.4		0.465913
227.5		0.465913
227.6		0.465913
227.7		0.465913
227.8		0.465913
227.9		0.465913
228		0.465913
228.1		0.467077
228.2		0.467077
228.3		0.467077
228.4		0.467077
228.5		0.467077
228.6		0.467077
228.7		0.467077
228.8		0.467077
228.9		0.467077
229		0.467077
229.1		0.467422
229.2		0.467422
229.3		0.467422
229.4		0.467422
229.5		0.467422
229.6		0.467422
229.7		0.467422
229.8		0.467422
229.9		0.467422
230		0.467422
230.1		0.470314
230.2		0.470314
230.3		0.470314
230.4		0.470314
230.5		0.470314
230.6		0.470314
230.7		0.470314
230.8		0.470314
230.9		0.470314
231		0.470314
231.1		0.473964
231.2		0.473964
231.3		0.473964
231.4		0.473964
231.5		0.473964
231.6		0.473964
231.7		0.473964
231.8		0.473964
231.9		0.473964
232		0.473964
232.1		0.474643
232.2		0.474643
232.3		0.474643
232.4		0.474643
232.5		0.474643
232.6		0.474643
232.7		0.474643
232.8		0.474643
232.9		0.474643
233		0.474643
233.1		0.47737
233.2		0.47737
233.3		0.47737
233.4		0.47737
233.5		0.47737
233.6		0.47737
233.7		0.47737
233.8		0.47737
233.9		0.47737
234		0.47737
234.1		0.48199
234.2		0.48199
234.3		0.48199
234.4		0.48199
234.5		0.48199
234.6		0.48199
234.7		0.48199
234.8		0.48199
234.9		0.48199
235		0.48199
235.1		0.482525
235.2		0.482525
235.3		0.482525
235.4		0.482525
235.5		0.482525
235.6		0.482525
235.7		0.482525
235.8		0.482525
235.9		0.482525
236		0.482525
236.1		0.484642
236.2		0.484642
236.3		0.484642
236.4		0.484642
236.5		0.484642
236.6		0.484642
236.7		0.484642
236.8		0.484642
236.9		0.484642
237		0.484642
237.1		0.486046
237.2		0.486046
237.3		0.486046
237.4		0.486046
237.5		0.486046
237.6		0.486046
237.7		0.486046
237.8		0.486046
237.9		0.486046
238		0.486046
238.1		0.486905
238.2		0.486905
238.3		0.486905
238.4		0.486905
238.5		0.486905
238.6		0.486905
238.7		0.486905
238.8		0.486905
238.9		0.486905
239		0.486905
239.1		0.492787
239.2		0.492787
239.3		0.492787
239.4		0.492787
239.5		0.492787
239.6		0.492787
239.7		0.492787
239.8		0.492787
239.9		0.492787
240		0.492787
240.1		0.492997
240.2		0.492997
240.3		0.492997
240.4		0.492997
240.5		0.492997
240.6		0.492997
240.7		0.492997
240.8		0.492997
240.9		0.492997
241		0.492997
241.1		0.496281
241.2		0.496281
241.3		0.496281
241.4		0.496281
241.5		0.496281
241.6		0.496281
241.7		0.496281
241.8		0.496281
241.9		0.496281
242		0.496281
242.1		0.497729
242.2		0.497729
242.3		0.497729
242.4		0.497729
242.5		0.497729
242.6		0.497729
242.7		0.497729
242.8		0.497729
242.9		0.497729
243		0.497729
243.1		0.497962
243.2		0.497962
243.3		0.497962
243.4		0.497962
243.5		0.497962
243.6		0.497962
243.7		0.497962
243.8		0.497962
243.9		0.497962
244		0.497962
244.1		0.503766
244.2		0.503766
244.3		0.503766
244.4		0.503766
244.5		0.503766
244.6		0.503766
244.7		0.503766
244.8		0.503766
244.9		0.503766
245		0.503766
245.1		0.504064
245.2		0.504064
245.3		0.504064
245.4		0.504064
245.5		0.504064
245.6		0.504064
245.7		0.504064
245.8		0.504064
245.9		0.504064
246		0.504064
246.1		0.506121
246.2		0.506121
246.3		0.506121
246.4		0.506121
246.5		0.506121
246.6		0.506121
246.7		0.506121
246.8		0.506121
246.9		0.506121
247		0.506121
247.1		0.508417
247.2		0.508417
247.3		0.508417
247.4		0.508417
247.5		0.508417
247.6		0.508417
247.7		0.508417
247.8		0.508417
247.9		0.508417
248		0.508417
248.1		0.510802
248.2		0.510802
248.3		0.510802
248.4		0.510802
248.5		0.510802
248.6		0.510802
248.7		0.510802
248.8		0.510802
248.9		0.510802
249		0.510802
249.1		0.511475
249.2		0.511475
249.3		0.511475
249.4		0.511475
249.5		0.511475
249.6		0.511475
249.7		0.511475
249.8		0.511475
249.9		0.511475
250		0.511475
250.1		0.514753
250.2		0.514753
250.3		0.514753
250.4		0.514753
250.5		0.514753
250.6		0.514753
250.7		0.514753
250.8		0.514753
250.9		0.514753
251		0.514753
251.1		0.514908
251.2		0.514908
251.3		0.514908
251.4		0.514908
251.5		0.514908
251.6		0.514908
251.7		0.514908
251.8		0.514908
251.9		0.514908
252		0.514908
252.1		0.521967
252.2		0.521967
252.3		0.521967
252.4		0.521967
252.5		0.521967
252.6		0.521967
252.7		0.521967
252.8		0.521967
252.9		0.521967
253		0.521967
253.1		0.522086
253.2		0.522086
253.3		0.522086
253.4		0.522086
253.5		0.522086
253.6		0.522086
253.7		0.522086
253.8		0.522086
253.9		0.522086
254		0.522086
254.1		0.522969
254.2		0.522969
254.3		0.522969
254.4		0.522969
254.5		0.522969
254.6		0.522969
254.7		0.522969
254.8		0.522969
254.9		0.522969
255		0.522969
255.1		0.524545
255.2		0.524545
255.3		0.524545
255.4		0.524545
255.5		0.524545
255.6		0.524545
255.7		0.524545
255.8		0.524545
255.9		0.524545
256		0.524545
256.1		0.530068
256.2		0.530068
256.3		0.530068
256.4		0.530068
256.5		0.530068
256.6		0.530068
256.7		0.530068
256.8		0.530068
256.9		0.530068
257		0.530068
257.1		0.533035
257.2		0.533035
257.3		0.533035
257.4		0.533035
257.5		0.533035
257.6		0.533035
257.7		0.533035
257.8		0.533035
257.9		0.533035
258		0.533035
258.1		0.533502
258.2		0.533502
258.3		0.533502
258.4		0.533502
258.5		0.533502
258.6		0.533502
258.7		0.533502
258.8		0.533502
258.9		0.533502
259		0.533502
259.1		0.537094
259.2		0.537094
259.3		0.537094
259.4		0.537094
259.5		0.537094
259.6		0.537094
259.7		0.537094
259.8		0.537094
259.9		0.537094
260		0.537094
260.1		0.537625
260.2		0.537625
260.3		0.537625
260.4		0.537625
260.5		0.537625
260.6		0.537625
260.7		0.537625
260.8		0.537625
260.9		0.537625
261		0.537625
261.1		0.540091
261.2		0.540091
261.3		0.540091
261.4		0.540091
261.5		0.540091
261.6		0.540091
261.7		0.540091
261.8		0.540091
261.9		0.540091
262		0.540091
262.1		0.541437
262.2		0.541437
262.3		0.541437
262.4		0.541437
262.5		0.541437
262.6		0.541437
262.7		0.541437
262.8		0.541437
262.9		0.541437
263		0.541437
263.1		0.542962
263.2		0.542962
263.3		0.542962
263.4		0.542962
263.5		0.542962
263.6		0.542962
263.7		0.542962
263.8		0.542962
263.9		0.542962
264		0.542962
264.1		0.545015
264.2		0.545015
264.3		0.545015
264.4		0.545015
264.5		0.545015
264.6		0.545015
264.7		0.545015
264.8		0.545015
264.9		0.545015
265		0.545015
265.1		0.549798
265.2		0.549798
265.3		0.549798
265.4		0.549798
265.5		0.549798
265.6		0.549798
265.7		0.549798
265.8		0.549798
265.9		0.549798
266		0.549798
266.1		0.550353
266.2		0.550353
266.3		0.550353
266.4		0.550353
266.5		0.550353
266.6		0.550353
266.7		0.550353
266.8		0.550353
266.9		0.550353
267		0.550353
267.1		0.552078
267.2		0.552078
267.3		0.552078
267.4		0.552078
267.5		0.552078
267.6		0.552078
267.7		0.552078
267.8		0.552078
267.9		0.552078
268		0.552078
268.1		0.553113
268.2		0.553113
268.3		0.553113
268.4		0.553113
268.5		0.553113
268.6		0.553113
268.7		0.553113
268.8		0.553113
268.9		0.553113
269		0.553113
269.1		0.557209
269.2		0.557209
269.3		0.557209
269.4		0.557209
269.5		0.557209
269.6		0.557209
269.7		0.557209
269.8		0.557209
269.9		0.557209
270		0.557209
270.1		0.559212
270.2		0.559212
270.3		0.559212
270.4		0.559212
270.5		0.559212
270.6		0.559212
270.7		0.559212
270.8		0.559212
270.9		0.559212
271		0.559212
271.1		0.56073
271.2		0.56073
271.3		0.56073
271.4		0.56073
271.5		0.56073
271.6		0.56073
271.7		0.56073
271.8		0.56073
271.9		0.56073
272		0.56073
272.1		0.563484
272.2		0.563484
272.3		0.563484
272.4		0.563484
272.5		0.563484
272.6		0.563484
272.7		0.563484
272.8		0.563484
272.9		0.563484
273		0.563484
273.1		0.564312
273.2		0.564312
273.3		0.564312
273.4		0.564312
273.5		0.564312
273.6		0.564312
273.7		0.564312
273.8		0.564312
273.9		0.564312
274		0.564312
274.1		0.567384
274.2		0.567384
274.3		0.567384
274.4		0.567384
274.5		0.567384
274.6		0.567384
274.7		0.567384
274.8		0.567384
274.9		0.567384
275		0.567384
275.1		0.570431
275.2		0.570431
275.3		0.570431
275.4		0.570431
275.5		0.570431
275.6		0.570431
275.7		0.570431
275.8		0.570431
275.9		0.570431
276		0.570431
276.1		0.571615
276.2		0.571615
276.3		0.571615
276.4		0.571615
276.5		0.571615
276.6		0.571615
276.7		0.571615
276.8		0.571615
276.9		0.571615
277		0.571615
277.1		0.571805
277.2		0.571805
277.3		0.571805
277.4		0.571805
277.5		0.571805
277.6		0.571805
277.7		0.571805
277.8		0.571805
277.9		0.571805
278		0.571805
278.1		0.577626
278.2		0.577626
278.3		0.577626
278.4		0.577626
278.5		0.577626
278.6		0.577626
278.7		0.577626
278.8		0.577626
278.9		0.577626
279		0.577626
279.1		0.578481
279.2		0.578481
279.3		0.578481
279.4		0.578481
279.5		0.578481
279.6		0.578481
279.7		0.578481
279.8		0.578481
279.9		0.578481
280		0.578481
280.1		0.57906
280.2		0.57906
280.3		0.57906
280.4		0.57906
280.5		0.57906
280.6		0.57906
280.7		0.57906
280.8		0.57906
280.9		0.57906
281		0.57906
281.1		0.583562
281.2		0.583562
281.3		0.583562
281.4		0.583562
281.5		0.583562
281.6		0.583562
281.7		0.583562
281.8		0.583562
281.9		0.583562
282		0.583562
282.1		0.589627
282.2		0.589627
282.3		0.589627
282.4		0.589627
282.5		0.589627
282.6		0.589627
282.7		0.589627
282.8		0.589627
282.9		0.589627
283		0.589627
283.1		0.590716
283.2		0.590716
283.3		0.590716
283.4		0.590716
283.5		0.590716
283.6		0.590716
283.7		0.590716
283.8		0.590716
283.9		0.590716
284		0.590716
284.1		0.592397
284.2		0.592397
284.3		0.592397
284.4		0.592397
284.5		0.592397
284.6		0.592397
284.7		0.592397
284.8		0.592397
284.9		0.592397
285		0.592397
285.1		0.594846
285.2		0.594846
285.3		0.594846
285.4		0.594846
285.5		0.594846
285.6		0.594846
285.7		0.594846
285.8		0.594846
285.9		0.594846
286		0.594846
286.1		0.598797
286.2		0.598797
286.3		0.598797
286.4		0.598797
286.5		0.598797
286.6		0.598797
286.7		0.598797
286.8		0.598797
286.9		0.598797
287		0.598797
287.1		0.599324
287.2		0.599324
287.3		0.599324
287.4		0.599324
287.5		0.599324
287.6		0.599324
287.7		0.599324
287.8		0.599324
287.9		0.599324
288		0.599324
288.1		0.600065
288.2		0.600065
288.3		0.600065
288.4		0.600065
288.5		0.600065
288.6		0.600065
288.7		0.600065
288.8		0.600065
288.9		0.600065
289		0.600065
289.1		0.608322
289.2		0.608322
289.3		0.608322
289.4		0.608322
289.5		0.608322
289.6		0.608322
289.7		0.608322
289.8		0.608322
289.9		0.608322
290		0.608322
290.1		0.608338
290.2		0.608338
290.3		0.608338
290.4		0.608338
290.5		0.608338
290.6		0.608338
290.7		0.608338
290.8		0.608338
290.9		0.608338
291		0.608338
291.1		0.608342
291.2		0.608342
291.3		0.608342
291.4		0.608342
291.5		0.608342
291.6		0.608342
291.7		0.608342
291.8		0.608342
291.9		0.608342
292		0.608342
292.1		0.608342
292.2		0.608342
292.3		0.608342
292.4		0.608342
292.5		0.608342
292.6		0.608342
292.7		0.608342
292.8		0.608342
292.9		0.608342
293		0.608342
293.1		0.608643
293.2		0.608643
293.3		0.608643
293.4		0.608643
293.5		0.608643
293.6		0.608643
293.7		0.608643
293.8		0.608643
293.9		0.608643
294		0.608643
294.1		0.611386
294.2		0.611386
294.3		0.611386
294.4		0.611386
294.5		0.611386
294.6		0.611386
294.7		0.611386
294.8		0.611386
294.9		0.611386
295		0.611386
295.1		0.612147
295.2		0.612147
295.3		0.612147
295.4		0.612147
295.5		0.612147
295.6		0.612147
295.7		0.612147
295.8		0.612147
295.9		0.612147
296		0.612147
296.1		0.615381
296.2		0.615381
296.3		0.615381
296.4		0.615381
296.5		0.615381
296.6		0.615381
296.7		0.615381
296.8		0.615381
296.9		0.615381
297		0.615381
297.1		0.617157
297.2		0.617157
297.3		0.617157
297.4		0.617157
297.5		0.617157
297.6		0.617157
297.7		0.617157
297.8		0.617157
297.9		0.617157
298		0.617157
298.1		0.618317
298.2		0.618317
298.3		0.618317
298.4		0.618317
298.5		0.618317
298.6		0.618317
298.7		0.618317
298.8		0.618317
298.9		0.618317
299		0.618317
299.1		0.620015
299.2		0.620015
299.3		0.620015
299.4		0.620015
299.5		0.620015
299.6		0.620015
299.7		0.620015
299.8		0.620015
299.9		0.620015
300		0.620015
300.1		0.620268
300.2		0.620268
300.3		0.620268
300.4		0.620268
300.5		0.620268
300.6		0.620268
300.7		0.620268
300.8		0.620268
300.9		0.620268
301		0.620268
301.1		0.622308
301.2		0.622308
301.3		0.622308
301.4		0.622308
301.5		0.622308
301.6		0.622308
301.7		0.622308
301.8		0.622308
301.9		0.622308
302		0.622308
302.1		0.625887
302.2		0.625887
302.3		0.625887
302.4		0.625887
302.5		0.625887
302.6		0.625887
302.7		0.625887
302.8		0.625887
302.9		0.625887
303		0.625887
303.1		0.628491
303.2		0.628491
303.3		0.628491
303.4		0.628491
303.5		0.628491
303.6		0.628491
303.7		0.628491
303.8		0.628491
303.9		0.628491
304		0.628491
304.1		0.628745
304.2		0.628745
304.3		0.628745
304.4		0.628745
304.5		0.628745
304.6		0.628745
304.7		0.628745
304.8		0.628745
304.9		0.628745
305		0.628745
305.1		0.631657
305.2		0.631657
305.3		0.631657
305.4		0.631657
305.5		0.631657
305.6		0.631657
305.7		0.631657
305.8		0.631657
305.9		0.631657
306		0.631657
306.1		0.634106
306.2		0.634106
306.3		0.634106
306.4		0.634106
306.5		0.634106
306.6		0.634106
306.7		0.634106
306.8		0.634106
306.9		0.634106
307		0.634106
307.1		0.635192
307.2		0.635192
307.3		0.635192
307.4		0.635192
307.5		0.635192
307.6		0.635192
307.7		0.635192
307.8		0.635192
307.9		0.635192
308		0.635192
308.1		0.6378
308.2		0.6378
308.3		0.6378
308.4		0.6378
308.5		0.6378
308.6		0.6378
308.7		0.6378
308.8		0.6378
308.9		0.6378
309		0.6378
309.1		0.640117
309.2		0.640117
309.3		0.640117
309.4		0.640117
309.5		0.640117
309.6		0.640117
309.7		0.640117
309.8		0.640117
309.9		0.640117
310		0.640117
310.1		0.643343
310.2		0.643343
310.3		0.643343
310.4		0.643343
310.5		0.643343
310.6		0.643343
310.7		0.643343
310.8		0.643343
310.9		0.643343
311		0.643343
311.1		0.643722
311.2		0.643722
311.3		0.643722
311.4		0.643722
311.5		0.643722
311.6		0.643722
311.7		0.643722
311.8		0.643722
311.9		0.643722
312		0.643722
312.1		0.644358
312.2		0.644358
312.3		0.644358
312.4		0.644358
312.5		0.644358
312.6		0.644358
312.7		0.644358
312.8		0.644358
312.9		0.644358
313		0.644358
313.1		0.644625
313.2		0.644625
313.3		0.644625
313.4		0.644625
313.5		0.644625
313.6		0.644625
313.7		0.644625
313.8		0.644625
313.9		0.644625
314		0.644625
314.1		0.652229
314.2		0.652229
314.3		0.652229
314.4		0.652229
314.5		0.652229
314.6		0.652229
314.7		0.652229
314.8		0.652229
314.9		0.652229
315		0.652229
315.1		0.652716
315.2		0.652716
315.3		0.652716
315.4		0.652716
315.5		0.652716
315.6		0.652716
315.7		0.652716
315.8		0.652716
315.9		0.652716
316		0.652716
316.1		0.65388
316.2		0.65388
316.3		0.65388
316.4		0.65388
316.5		0.65388
316.6		0.65388
316.7		0.65388
316.8		0.65388
316.9		0.65388
317		0.65388
317.1		0.655138
317.2		0.655138
317.3		0.655138
317.4		0.655138
317.5		0.655138
317.6		0.655138
317.7		0.655138
317.8		0.655138
317.9		0.655138
318		0.655138
318.1		0.659711
318.2		0.659711
318.3		0.659711
318.4		0.659711
318.5		0.659711
318.6		0.659711
318.7		0.659711
318.8		0.659711
318.9		0.659711
319		0.659711
319.1		0.662755
319.2		0.662755
319.3		0.662755
319.4		0.662755
319.5		0.662755
319.6		0.662755
319.7		0.662755
319.8		0.662755
319.9		0.662755
320		0.662755
320.1		0.663662
320.2		0.663662
320.3		0.663662
320.4		0.663662
320.5		0.663662
320.6		0.663662
320.7		0.663662
320.8		0.663662
320.9		0.663662
321		0.663662
321.1		0.664078
321.2		0.664078
321.3		0.664078
321.4		0.664078
321.5		0.664078
321.6		0.664078
321.7		0.664078
321.8		0.664078
321.9		0.664078
322		0.664078
322.1		0.668309
322.2		0.668309
322.3		0.668309
322.4		0.668309
322.5		0.668309
322.6		0.668309
322.7		0.668309
322.8		0.668309
322.9		0.668309
323		0.668309
323.1		0.668675
323.2		0.668675
323.3		0.668675
323.4		0.668675
323.5		0.668675
323.6		0.668675
323.7		0.668675
323.8		0.668675
323.9		0.668675
324		0.668675
324.1		0.670072
324.2		0.670072
324.3		0.670072
324.4		0.670072
324.5		0.670072
324.6		0.670072
324.7		0.670072
324.8		0.670072
324.9		0.670072
325		0.670072
325.1		0.673989
325.2		0.673989
325.3		0.673989
325.4		0.673989
325.5		0.673989
325.6		0.673989
325.7		0.673989
325.8		0.673989
325.9		0.673989
326		0.673989
326.1		0.67636
326.2		0.67636
326.3		0.67636
326.4		0.67636
326.5		0.67636
326.6		0.67636
326.7		0.67636
326.8		0.67636
326.9		0.67636
327		0.67636
327.1		0.678267
327.2		0.678267
327.3		0.678267
327.4		0.678267
327.5		0.678267
327.6		0.678267
327.7		0.678267
327.8		0.678267
327.9		0.678267
328		0.678267
328.1		0.679035
328.2		0.679035
328.3		0.679035
328.4		0.679035
328.5		0.679035
328.6		0.679035
328.7		0.679035
328.8		0.679035
328.9		0.679035
329		0.679035
329.1		0.67938
329.2		0.67938
329.3		0.67938
329.4		0.67938
329.5		0.67938
329.6		0.67938
329.7		0.67938
329.8		0.67938
329.9		0.67938
330		0.67938
330.1		0.683764
330.2		0.683764
330.3		0.683764
330.4		0.683764
330.5		0.683764
330.6		0.683764
330.7		0.683764
330.8		0.683764
330.9		0.683764
331		0.683764
331.1		0.685688
331.2		0.685688
331.3		0.685688
331.4		0.685688
331.5		0.685688
331.6		0.685688
331.7		0.685688
331.8		0.685688
331.9		0.685688
332		0.685688
332.1		0.689734
332.2		0.689734
332.3		0.689734
332.4		0.689734
332.5		0.689734
332.6		0.689734
332.7		0.689734
332.8		0.689734
332.9		0.689734
333		0.689734
333.1		0.689971
333.2		0.689971
333.3		0.689971
333.4		0.689971
333.5		0.689971
333.6		0.689971
333.7		0.689971
333.8		0.689971
333.9		0.689971
334		0.689971
334.1		0.690255
334.2		0.690255
334.3		0.690255
334.4		0.690255
334.5		0.690255
334.6		0.690255
334.7		0.690255
334.8		0.690255
334.9		0.690255
335		0.690255
335.1		0.692866
335.2		0.692866
335.3		0.692866
335.4		0.692866
335.5		0.692866
335.6		0.692866
335.7		0.692866
335.8		0.692866
335.9		0.692866
336		0.692866
336.1		0.694662
336.2		0.694662
336.3		0.694662
336.4		0.694662
336.5		0.694662
336.6		0.694662
336.7		0.694662
336.8		0.694662
336.9		0.694662
337		0.694662
337.1		0.699069
337.2		0.699069
337.3		0.699069
337.4		0.699069
337.5		0.699069
337.6		0.699069
337.7		0.699069
337.8		0.699069
337.9		0.699069
338		0.699069
338.1		0.69932
338.2		0.69932
338.3		0.69932
338.4		0.69932
338.5		0.69932
338.6		0.69932
338.7		0.69932
338.8		0.69932
338.9		0.69932
339		0.69932
339.1		0.699986
339.2		0.699986
339.3		0.699986
339.4		0.699986
339.5		0.699986
339.6		0.699986
339.7		0.699986
339.8		0.699986
339.9		0.699986
340		0.699986
340.1		0.706761
340.2		0.706761
340.3		0.706761
340.4		0.706761
340.5		0.706761
340.6		0.706761
340.7		0.706761
340.8		0.706761
340.9		0.706761
341		0.706761
341.1		0.707685
341.2		0.707685
341.3		0.707685
341.4		0.707685
341.5		0.707685
341.6		0.707685
341.7		0.707685
341.8		0.707685
341.9		0.707685
342		0.707685
342.1		0.708567
342.2		0.708567
342.3		0.708567
342.4		0.708567
342.5		0.708567
342.6		0.708567
342.7		0.708567
342.8		0.708567
342.9		0.708567
343		0.708567
343.1		0.709217
343.2		0.709217
343.3		0.709217
343.4		0.709217
343.5		0.709217
343.6		0.709217
343.7		0.709217
343.8		0.709217
343.9		0.709217
344		0.709217
344.1		0.715217
344.2		0.715217
344.3		0.715217
344.4		0.715217
344.5		0.715217
344.6		0.715217
344.7		0.715217
344.8		0.715217
344.9		0.715217
345		0.715217
345.1		0.716164
345.2		0.716164
345.3		0.716164
345.4		0.716164
345.5		0.716164
345.6		0.716164
345.7		0.716164
345.8		0.716164
345.9		0.716164
346		0.716164
346.1		0.719232
346.2		0.719232
346.3		0.719232
346.4		0.719232
346.5		0.719232
346.6		0.719232
346.7		0.719232
346.8		0.719232
346.9		0.719232
347		0.719232
347.1		0.723366
347.2		0.723366
347.3		0.723366
347.4		0.723366
347.5		0.723366
347.6		0.723366
347.7		0.723366
347.8		0.723366
347.9		0.723366
348		0.723366
348.1		0.726853
348.2		0.726853
348.3		0.726853
348.4		0.726853
348.5		0.726853
348.6		0.726853
348.7		0.726853
348.8		0.726853
348.9		0.726853
349		0.726853
349.1		0.72983
349.2		0.72983
349.3		0.72983
349.4		0.72983
349.5		0.72983
349.6		0.72983
349.7		0.72983
349.8		0.72983
349.9		0.72983
350		0.72983
350.1		0.731791
350.2		0.731791
350.3		0.731791
350.4		0.731791
350.5		0.731791
350.6		0.731791
350.7		0.731791
350.8		0.731791
350.9		0.731791
351		0.731791
351.1		0.733185
351.2		0.733185
351.3		0.733185
351.4		0.733185
351.5		0.733185
351.6		0.733185
351.7		0.733185
351.8		0.733185
351.9		0.733185
352		0.733185
352.1		0.734524
352.2		0.734524
352.3		0.734524
352.4		0.734524
352.5		0.734524
352.6		0.734524
352.7		0.734524
352.8		0.734524
352.9		0.734524
353		0.734524
353.1		0.738604
353.2		0.738604
353.3		0.738604
353.4		0.738604
353.5		0.738604
353.6		0.738604
353.7		0.738604
353.8		0.738604
353.9		0.738604
354		0.738604
354.1		0.74272
354.2		0.74272
354.3		0.74272
354.4		0.74272
354.5		0.74272
354.6		0.74272
354.7		0.74272
354.8		0.74272
354.9		0.74272
355		0.74272
355.1		0.742849
355.2		0.742849
355.3		0.742849
355.4		0.742849
355.5		0.742849
355.6		0.742849
355.7		0.742849
355.8		0.742849
355.9		0.742849
356		0.742849
356.1		0.742862
356.2		0.742862
356.3		0.742862
356.4		0.742862
356.5		0.742862
356.6		0.742862
356.7		0.742862
356.8		0.742862
356.9		0.742862
357		0.742862
357.1		0.74293
357.2		0.74293
357.3		0.74293
357.4		0.74293
357.5		0.74293
357.6		0.74293
357.7		0.74293
357.8		0.74293
357.9		0.74293
358		0.74293
358.1		0.743065
358.2		0.743065
358.3		0.743065
358.4		0.743065
358.5		0.743065
358.6		0.743065
358.7		0.743065
358.8		0.743065
358.9		0.743065
359		0.743065
359.1		0.748504
359.2		0.748504
359.3		0.748504
359.4		0.748504
359.5		0.748504
359.6		0.748504
359.7		0.748504
359.8		0.748504
359.9		0.748504
360		0.748504
360.1		0.749478
360.2		0.749478
360.3		0.749478
360.4		0.749478
360.5		0.749478
360.6		0.749478
360.7		0.749478
360.8		0.749478
360.9		0.749478
361		0.749478
361.1		0.749607
361.2		0.749607
361.3		0.749607
361.4		0.749607
361.5		0.749607
361.6		0.749607
361.7		0.749607
361.8		0.749607
361.9		0.749607
362		0.749607
362.1		0.749742
362.2		0.749742
362.3		0.749742
362.4		0.749742
362.5		0.749742
362.6		0.749742
362.7		0.749742
362.8		0.749742
362.9		0.749742
363		0.749742
363.1		0.7542
363.2		0.7542
363.3		0.7542
363.4		0.7542
363.5		0.7542
363.6		0.7542
363.7		0.7542
363.8		0.7542
363.9		0.7542
364		0.7542
364.1		0.754552
364.2		0.754552
364.3		0.754552
364.4		0.754552
364.5		0.754552
364.6		0.754552
364.7		0.754552
364.8		0.754552
364.9		0.754552
365		0.754552
365.1		0.758384
365.2		0.758384
365.3		0.758384
365.4		0.758384
365.5		0.758384
365.6		0.758384
365.7		0.758384
365.8		0.758384
365.9		0.758384
366		0.758384
366.1		0.759071
366.2		0.759071
366.3		0.759071
366.4		0.759071
366.5		0.759071
366.6		0.759071
366.7		0.759071
366.8		0.759071
366.9		0.759071
367		0.759071
367.1		0.760529
367.2		0.760529
367.3		0.760529
367.4		0.760529
367.5		0.760529
367.6		0.760529
367.7		0.760529
367.8		0.760529
367.9		0.760529
368		0.760529
368.1		0.763225
368.2		0.763225
368.3		0.763225
368.4		0.763225
368.5		0.763225
368.6		0.763225
368.7		0.763225
368.8		0.763225
368.9		0.763225
369		0.763225
369.1		0.765376
369.2		0.765376
369.3		0.765376
369.4		0.765376
369.5		0.765376
369.6		0.765376
369.7		0.765376
369.8		0.765376
369.9		0.765376
370		0.765376
370.1		0.769394
370.2		0.769394
370.3		0.769394
370.4		0.769394
370.5		0.769394
370.6		0.769394
370.7		0.769394
370.8		0.769394
370.9		0.769394
371		0.769394
371.1		0.770439
371.2		0.770439
371.3		0.770439
371.4		0.770439
371.5		0.770439
371.6		0.770439
371.7		0.770439
371.8		0.770439
371.9		0.770439
372		0.770439
372.1		0.77414
372.2		0.77414
372.3		0.77414
372.4		0.77414
372.5		0.77414
372.6		0.77414
372.7		0.77414
372.8		0.77414
372.9		0.77414
373		0.77414
373.1		0.77487
373.2		0.77487
373.3		0.77487
373.4		0.77487
373.5		0.77487
373.6		0.77487
373.7		0.77487
373.8		0.77487
373.9		0.77487
374		0.77487
374.1		0.778067
374.2		0.778067
374.3		0.778067
374.4		0.778067
374.5		0.778067
374.6		0.778067
374.7		0.778067
374.8		0.778067
374.9		0.778067
375		0.778067
375.1		0.781013
375.2		0.781013
375.3		0.781013
375.4		0.781013
375.5		0.781013
375.6		0.781013
375.7		0.781013
375.8		0.781013
375.9		0.781013
376		0.781013
376.1		0.781974
376.2		0.781974
376.3		0.781974
376.4		0.781974
376.5		0.781974
376.6		0.781974
376.7		0.781974
376.8		0.781974
376.9		0.781974
377		0.781974
377.1		0.786127
377.2		0.786127
377.3		0.786127
377.4		0.786127
377.5		0.786127
377.6		0.786127
377.7		0.786127
377.8		0.786127
377.9		0.786127
378		0.786127
378.1		0.788725
378.2		0.788725
378.3		0.788725
378.4		0.788725
378.5		0.788725
378.6		0.788725
378.7		0.788725
378.8		0.788725
378.9		0.788725
379		0.788725
379.1		0.788826
379.2		0.788826
379.3		0.788826
379.4		0.788826
379.5		0.788826
379.6		0.788826
379.7		0.788826
379.8		0.788826
379.9		0.788826
380		0.788826
380.1		0.788996
380.2		0.788996
380.3		0.788996
380.4		0.788996
380.5		0.788996
380.6		0.788996
380.7		0.788996
380.8		0.788996
380.9		0.788996
381		0.788996
381.1		0.791343
381.2		0.791343
381.3		0.791343
381.4		0.791343
381.5		0.791343
381.6		0.791343
381.7		0.791343
381.8		0.791343
381.9		0.791343
382		0.791343
382.1		0.797763
382.2		0.797763
382.3		0.797763
382.4		0.797763
382.5		0.797763
382.6		0.797763
382.7		0.797763
382.8		0.797763
382.9		0.797763
383		0.797763
383.1		0.798057
383.2		0.798057
383.3		0.798057
383.4		0.798057
383.5		0.798057
383.6		0.798057
383.7		0.798057
383.8		0.798057
383.9		0.798057
384		0.798057
384.1		0.798926
384.2		0.798926
384.3		0.798926
384.4		0.798926
384.5		0.798926
384.6		0.798926
384.7		0.798926
384.8		0.798926
384.9		0.798926
385		0.798926
385.1		0.799762
385.2		0.799762
385.3		0.799762
385.4		0.799762
385.5		0.799762
385.6		0.799762
385.7		0.799762
385.8		0.799762
385.9		0.799762
386		0.799762
386.1		0.806026
386.2		0.806026
386.3		0.806026
386.4		0.806026
386.5		0.806026
386.6		0.806026
386.7		0.806026
386.8		0.806026
386.9		0.806026
387		0.806026
387.1		0.806753
387.2		0.806753
387.3		0.806753
387.4		0.806753
387.5		0.806753
387.6		0.806753
387.7		0.806753
387.8		0.806753
387.9		0.806753
388		0.806753
388.1		0.81022
388.2		0.81022
388.3		0.81022
388.4		0.81022
388.5		0.81022
388.6		0.81022
388.7		0.81022
388.8		0.81022
388.9		0.81022
389		0.81022
389.1		0.810471
389.2		0.810471
389.3		0.810471
389.4		0.810471
389.5		0.810471
389.6		0.810471
389.7		0.810471
389.8		0.810471
389.9		0.810471
390		0.810471
390.1		0.812656
390.2		0.812656
390.3		0.812656
390.4		0.812656
390.5		0.812656
390.6		0.812656
390.7		0.812656
390.8		0.812656
390.9		0.812656
391		0.812656
391.1		0.814472
391.2		0.814472
391.3		0.814472
391.4		0.814472
391.5		0.814472
391.6		0.814472
391.7		0.814472
391.8		0.814472
391.9		0.814472
392		0.814472
392.1		0.816492
392.2		0.816492
392.3		0.816492
392.4		0.816492
392.5		0.816492
392.6		0.816492
392.7		0.816492
392.8		0.816492
392.9		0.816492
393		0.816492
393.1		0.816657
393.2		0.816657
393.3		0.816657
393.4		0.816657
393.5		0.816657
393.6		0.816657
393.7		0.816657
393.8		0.816657
393.9		0.816657
394		0.816657
394.1		0.822445
394.2		0.822445
394.3		0.822445
394.4		0.822445
394.5		0.822445
394.6		0.822445
394.7		0.822445
394.8		0.822445
394.9		0.822445
395		0.822445
395.1		0.822708
395.2		0.822708
395.3		0.822708
395.4		0.822708
395.5		0.822708
395.6		0.822708
395.7		0.822708
395.8		0.822708
395.9		0.822708
396		0.822708
396.1		0.825553
396.2		0.825553
396.3		0.825553
396.4		0.825553
396.5		0.825553
396.6		0.825553
396.7		0.825553
396.8		0.825553
396.9		0.825553
397		0.825553
397.1		0.826707
397.2		0.826707
397.3		0.826707
397.4		0.826707
397.5		0.826707
397.6		0.826707
397.7		0.826707
397.8		0.826707
397.9		0.826707
398		0.826707
398.1		0.830238
398.2		0.830238
398.3		0.830238
398.4		0.830238
398.5		0.830238
398.6		0.830238
398.7		0.830238
398.8		0.830238
398.9		0.830238
399		0.830238
399.1		0.833908
399.2		0.833908
399.3		0.833908
399.4		0.833908
399.5		0.833908
399.6		0.833908
399.7		0.833908
399.8		0.833908
399.9		0.833908
400		0.833908
400.1		0.834835
400.2		0.834835
400.3		0.834835
400.4		0.834835
400.5		0.834835
400.6		0.834835
400.7		0.834835
400.8		0.834835
400.9		0.834835
401		0.834835
401.1		0.835937
401.2		0.835937
401.3		0.835937
401.4		0.835937
401.5		0.835937
401.6		0.835937
401.7		0.835937
401.8		0.835937
401.9		0.835937
402		0.835937
402.1		0.836979
402.2		0.836979
402.3		0.836979
402.4		0.836979
402.5		0.836979
402.6		0.836979
402.7		0.836979
402.8		0.836979
402.9		0.836979
403		0.836979
403.1		0.842722
403.2		0.842722
403.3		0.842722
403.4		0.842722
403.5		0.842722
403.6		0.842722
403.7		0.842722
403.8		0.842722
403.9		0.842722
404		0.842722
404.1		0.843182
404.2		0.843182
404.3		0.843182
404.4		0.843182
404.5		0.843182
404.6		0.843182
404.7		0.843182
404.8		0.843182
404.9		0.843182
405		0.843182
405.1		0.844874
405.2		0.844874
405.3		0.844874
405.4		0.844874
405.5		0.844874
405.6		0.844874
405.7		0.844874
405.8		0.844874
405.9		0.844874
406		0.844874
406.1		0.846132
406.2		0.846132
406.3		0.846132
406.4		0.846132
406.5		0.846132
406.6		0.846132
406.7		0.846132
406.8		0.846132
406.9		0.846132
407		0.846132
407.1		0.848077
407.2		0.848077
407.3		0.848077
407.4		0.848077
407.5		0.848077
407.6		0.848077
407.7		0.848077
407.8		0.848077
407.9		0.848077
408		0.848077
408.1		0.850756
408.2		0.850756
408.3		0.850756
408.4		0.850756
408.5		0.850756
408.6		0.850756
408.7		0.850756
408.8		0.850756
408.9		0.850756
409		0.850756
409.1		0.85219
409.2		0.85219
409.3		0.85219
409.4		0.85219
409.5		0.85219
409.6		0.85219
409.7		0.85219
409.8		0.85219
409.9		0.85219
410		0.85219
410.1		0.8531
410.2		0.8531
410.3		0.8531
410.4		0.8531
410.5		0.8531
410.6		0.8531
410.7		0.8531
410.8		0.8531
410.9		0.8531
411		0.8531
411.1		0.856648
411.2		0.856648
411.3		0.856648
411.4		0.856648
411.5		0.856648
411.6		0.856648
411.7		0.856648
411.8		0.856648
411.9		0.856648
412		0.856648
412.1		0.861042
412.2		0.861042
412.3		0.861042
412.4		0.861042
412.5		0.861042
412.6		0.861042
412.7		0.861042
412.8		0.861042
412.9		0.861042
413		0.861042
413.1		0.862709
413.2		0.862709
413.3		0.862709
413.4		0.862709
413.5		0.862709
413.6		0.862709
413.7		0.862709
413.8		0.862709
413.9		0.862709
414		0.862709
414.1		0.864147
414.2		0.864147
414.3		0.864147
414.4		0.864147
414.5		0.864147
414.6		0.864147
414.7		0.864147
414.8		0.864147
414.9		0.864147
415		0.864147
415.1		0.864259
415.2		0.864259
415.3		0.864259
415.4		0.864259
415.5		0.864259
415.6		0.864259
415.7		0.864259
415.8		0.864259
415.9		0.864259
416		0.864259
416.1		0.869363
416.2		0.869363
416.3		0.869363
416.4		0.869363
416.5		0.869363
416.6		0.869363
416.7		0.869363
416.8		0.869363
416.9		0.869363
417		0.869363
417.1		0.870804
417.2		0.870804
417.3		0.870804
417.4		0.870804
417.5		0.870804
417.6		0.870804
417.7		0.870804
417.8		0.870804
417.9		0.870804
418		0.870804
418.1		0.871061
418.2		0.871061
418.3		0.871061
418.4		0.871061
418.5		0.871061
418.6		0.871061
418.7		0.871061
418.8		0.871061
418.9		0.871061
419		0.871061
419.1		0.872001
419.2		0.872001
419.3		0.872001
419.4		0.872001
419.5		0.872001
419.6		0.872001
419.7		0.872001
419.8		0.872001
419.9		0.872001
420		0.872001
420.1		0.876185
420.2		0.876185
420.3		0.876185
420.4		0.876185
420.5		0.876185
420.6		0.876185
420.7		0.876185
420.8		0.876185
420.9		0.876185
421		0.876185
421.1		0.879131
421.2		0.879131
421.3		0.879131
421.4		0.879131
421.5		0.879131
421.6		0.879131
421.7		0.879131
421.8		0.879131
421.9		0.879131
422		0.879131
422.1		0.880806
422.2		0.880806
422.3		0.880806
422.4		0.880806
422.5		0.880806
422.6		0.880806
422.7		0.880806
422.8		0.880806
422.9		0.880806
423		0.880806
423.1		0.883369
423.2		0.883369
423.3		0.883369
423.4		0.883369
423.5		0.883369
423.6		0.883369
423.7		0.883369
423.8		0.883369
423.9		0.883369
424		0.883369
424.1		0.885051
424.2		0.885051
424.3		0.885051
424.4		0.885051
424.5		0.885051
424.6		0.885051
424.7		0.885051
424.8		0.885051
424.9		0.885051
425		0.885051
425.1		0.888646
425.2		0.888646
425.3		0.888646
425.4		0.888646
425.5		0.888646
425.6		0.888646
425.7		0.888646
425.8		0.888646
425.9		0.888646
426		0.888646
426.1		0.88984
426.2		0.88984
426.3		0.88984
426.4		0.88984
426.5		0.88984
426.6		0.88984
426.7		0.88984
426.8		0.88984
426.9		0.88984
427		0.88984
427.1		0.892228
427.2		0.892228
427.3		0.892228
427.4		0.892228
427.5		0.892228
427.6		0.892228
427.7		0.892228
427.8		0.892228
427.9		0.892228
428		0.892228
428.1		0.894569
428.2		0.894569
428.3		0.894569
428.4		0.894569
428.5		0.894569
428.6		0.894569
428.7		0.894569
428.8		0.894569
428.9		0.894569
429		0.894569
429.1		0.896348
429.2		0.896348
429.3		0.896348
429.4		0.896348
429.5		0.896348
429.6		0.896348
429.7		0.896348
429.8		0.896348
429.9		0.896348
430		0.896348
430.1		0.89762
430.2		0.89762
430.3		0.89762
430.4		0.89762
430.5		0.89762
430.6		0.89762
430.7		0.89762
430.8		0.89762
430.9		0.89762
431		0.89762
431.1		0.899456
431.2		0.899456
431.3		0.899456
431.4		0.899456
431.5		0.899456
431.6		0.899456
431.7		0.899456
431.8		0.899456
431.9		0.899456
432		0.899456
432.1		0.901773
432.2		0.901773
432.3		0.901773
432.4		0.901773
432.5		0.901773
432.6		0.901773
432.7		0.901773
432.8		0.901773
432.9		0.901773
433		0.901773
433.1		0.908369
433.2		0.908369
433.3		0.908369
433.4		0.908369
433.5		0.908369
433.6		0.908369
433.7		0.908369
433.8		0.908369
433.9		0.908369
434		0.908369
434.1		0.909032
434.2		0.909032
434.3		0.909032
434.4		0.909032
434.5		0.909032
434.6		0.909032
434.7		0.909032
434.8		0.909032
434.9		0.909032
435		0.909032
435.1		0.910372
435.2		0.910372
435.3		0.910372
435.4		0.910372
435.5		0.910372
435.6		0.910372
435.7		0.910372
435.8		0.910372
435.9		0.910372
436		0.910372
436.1		0.912834
436.2		0.912834
436.3		0.912834
436.4		0.912834
436.5		0.912834
436.6		0.912834
436.7		0.912834
436.8		0.912834
436.9		0.912834
437		0.912834
437.1		0.913379
437.2		0.913379
437.3		0.913379
437.4		0.913379
437.5		0.913379
437.6		0.913379
437.7		0.913379
437.8		0.913379
437.9		0.913379
438		0.913379
438.1		0.917492
438.2		0.917492
438.3		0.917492
438.4		0.917492
438.5		0.917492
438.6		0.917492
438.7		0.917492
438.8		0.917492
438.9		0.917492
439		0.917492
439.1		0.920577
439.2		0.920577
439.3		0.920577
439.4		0.920577
439.5		0.920577
439.6		0.920577
439.7		0.920577
439.8		0.920577
439.9		0.920577
440		0.920577
440.1		0.921929
440.2		0.921929
440.3		0.921929
440.4		0.921929
440.5		0.921929
440.6		0.921929
440.7		0.921929
440.8		0.921929
440.9		0.921929
441		0.921929
441.1		0.922173
441.2		0.922173
441.3		0.922173
441.4		0.922173
441.5		0.922173
441.6		0.922173
441.7		0.922173
441.8		0.922173
441.9		0.922173
442		0.922173
442.1		0.92473
442.2		0.92473
442.3		0.92473
442.4		0.92473
442.5		0.92473
442.6		0.92473
442.7		0.92473
442.8		0.92473
442.9		0.92473
443		0.92473
443.1		0.927423
443.2		0.927423
443.3		0.927423
443.4		0.927423
443.5		0.927423
443.6		0.927423
443.7		0.927423
443.8		0.927423
443.9		0.927423
444		0.927423
444.1		0.928782
444.2		0.928782
444.3		0.928782
444.4		0.928782
444.5		0.928782
444.6		0.928782
444.7		0.928782
444.8		0.928782
444.9		0.928782
445		0.928782
445.1		0.929794
445.2		0.929794
445.3		0.929794
445.4		0.929794
445.5		0.929794
445.6		0.929794
445.7		0.929794
445.8		0.929794
445.9		0.929794
446		0.929794
446.1		0.935297
446.2		0.935297
446.3		0.935297
446.4		0.935297
446.5		0.935297
446.6		0.935297
446.7		0.935297
446.8		0.935297
446.9		0.935297
447		0.935297
447.1		0.937908
447.2		0.937908
447.3		0.937908
447.4		0.937908
447.5		0.937908
447.6		0.937908
447.7		0.937908
447.8		0.937908
447.9		0.937908
448		0.937908
448.1		0.938646
448.2		0.938646
448.3		0.938646
448.4		0.938646
448.5		0.938646
448.6		0.938646
448.7		0.938646
448.8		0.938646
448.9		0.938646
449		0.938646
449.1		0.939681
449.2		0.939681
449.3		0.939681
449.4		0.939681
449.5		0.939681
449.6		0.939681
449.7		0.939681
449.8		0.939681
449.9		0.939681
450		0.939681
450.1		0.944115
450.2		0.944115
450.3		0.944115
450.4		0.944115
450.5		0.944115
450.6		0.944115
450.7		0.944115
450.8		0.944115
450.9		0.944115
451		0.944115
451.1		0.94446
451.2		0.94446
451.3		0.94446
451.4		0.94446
451.5		0.94446
451.6		0.94446
451.7		0.94446
451.8		0.94446
451.9		0.94446
452		0.94446
452.1		0.946824
452.2		0.946824
452.3		0.946824
452.4		0.946824
452.5		0.946824
452.6		0.946824
452.7		0.946824
452.8		0.946824
452.9		0.946824
453		0.946824
453.1		0.948472
453.2		0.948472
453.3		0.948472
453.4		0.948472
453.5		0.948472
453.6		0.948472
453.7		0.948472
453.8		0.948472
453.9		0.948472
454		0.948472
454.1		0.952405
454.2		0.952405
454.3		0.952405
454.4		0.952405
454.5		0.952405
454.6		0.952405
454.7		0.952405
454.8		0.952405
454.9		0.952405
455		0.952405
455.1		0.953393
455.2		0.953393
455.3		0.953393
455.4		0.953393
455.5		0.953393
455.6		0.953393
455.7		0.953393
455.8		0.953393
455.9		0.953393
456		0.953393
456.1		0.954357
456.2		0.954357
456.3		0.954357
456.4		0.954357
456.5		0.954357
456.6		0.954357
456.7		0.954357
456.8		0.954357
456.9		0.954357
457		0.954357
457.1		0.956096
457.2		0.956096
457.3		0.956096
457.4		0.956096
457.5		0.956096
457.6		0.956096
457.7		0.956096
457.8		0.956096
457.9		0.956096
458		0.956096
458.1		0.959576
458.2		0.959576
458.3		0.959576
458.4		0.959576
458.5		0.959576
458.6		0.959576
458.7		0.959576
458.8		0.959576
458.9		0.959576
459		0.959576
459.1		0.963344
459.2		0.963344
459.3		0.963344
459.4		0.963344
459.5		0.963344
459.6		0.963344
459.7		0.963344
459.8		0.963344
459.9		0.963344
460		0.963344
460.1		0.963963
460.2		0.963963
460.3		0.963963
460.4		0.963963
460.5		0.963963
460.6		0.963963
460.7		0.963963
460.8		0.963963
460.9		0.963963
461		0.963963
461.1		0.964782
461.2		0.964782
461.3		0.964782
461.4		0.964782
461.5		0.964782
461.6		0.964782
461.7		0.964782
461.8		0.964782
461.9		0.964782
462		0.964782
462.1		0.968222
462.2		0.968222
462.3		0.968222
462.4		0.968222
462.5		0.968222
462.6		0.968222
462.7		0.968222
462.8		0.968222
462.9		0.968222
463		0.968222
463.1		0.969883
463.2		0.969883
463.3		0.969883
463.4		0.969883
463.5		0.969883
463.6		0.969883
463.7		0.969883
463.8		0.969883
463.9		0.969883
464		0.969883
464.1		0.972274
464.2		0.972274
464.3		0.972274
464.4		0.972274
464.5		0.972274
464.6		0.972274
464.7		0.972274
464.8		0.972274
464.9		0.972274
465		0.972274
465.1		0.975159
465.2		0.975159
465.3		0.975159
465.4		0.975159
465.5		0.975159
465.6		0.975159
465.7		0.975159
465.8		0.975159
465.9		0.975159
466		0.975159
466.1		0.975744
466.2		0.975744
466.3		0.975744
466.4		0.975744
466.5		0.975744
466.6		0.975744
466.7		0.975744
466.8		0.975744
466.9		0.975744
467		0.975744
467.1		0.979621
467.2		0.979621
467.3		0.979621
467.4		0.979621
467.5		0.979621
467.6		0.979621
467.7		0.979621
467.8		0.979621
467.9		0.979621
468		0.979621
468.1		0.981623
468.2		0.981623
468.3		0.981623
468.4		0.981623
468.5		0.981623
468.6		0.981623
468.7		0.981623
468.8		0.981623
468.9		0.981623
469		0.981623
469.1		0.982881
469.2		0.982881
469.3		0.982881
469.4		0.982881
469.5		0.982881
469.6		0.982881
469.7		0.982881
469.8		0.982881
469.9		0.982881
470		0.982881
470.1		0.984018
470.2		0.984018
470.3		0.984018
470.4		0.984018
470.5		0.984018
470.6		0.984018
470.7		0.984018
470.8		0.984018
470.9		0.984018
471		0.984018
471.1		0.986734
471.2		0.986734
471.3		0.986734
471.4		0.986734
471.5		0.986734
471.6		0.986734
471.7		0.986734
471.8		0.986734
471.9		0.986734
472		0.986734
472.1		0.990505
472.2		0.990505
472.3		0.990505
472.4		0.990505
472.5		0.990505
472.6		0.990505
472.7		0.990505
472.8		0.990505
472.9		0.990505
473		0.990505
473.1		0.993509
473.2		0.993509
473.3		0.993509
473.4		0.993509
473.5		0.993509
473.6		0.993509
473.7		0.993509
473.8		0.993509
473.9		0.993509
474		0.993509
474.1		0.993939
474.2		0.993939
474.3		0.993939
474.4		0.993939
474.5		0.993939
474.6		0.993939
474.7		0.993939
474.8		0.993939
474.9		0.993939
475		0.993939
475.1		0.994094
475.2		0.994094
475.3		0.994094
475.4		0.994094
475.5		0.994094
475.6		0.994094
475.7		0.994094
475.8		0.994094
475.9		0.994094
476		0.994094
476.1		0.995515
476.2		0.995515
476.3		0.995515
476.4		0.995515
476.5		0.995515
476.6		0.995515
476.7		0.995515
476.8		0.995515
476.9		0.995515
477		0.995515
477.1		0.99999
477.2		0.99999
477.3		0.99999
477.4		0.99999
477.5		0.99999
477.6		0.99999
477.7		0.99999
477.8		0.99999
477.9		0.99999
478		0.99999
478.1		0.999997
478.2		0.999997
478.3		0.999997
478.4		0.999997
478.5		0.999997
478.6		0.999997
478.7		0.999997
478.8		0.999997
478.9		0.999997
479		0.999997
479.1		1
479.2		1
479.3		1
479.4		1
479.5		1
479.6		1
479.7		1
479.8		1
479.9		1
480		1
480.1		1
480.2		1
480.3		1
480.4		1
480.5		1
480.6		1
480.7		1
480.8		1
480.9		1
481		1
481.1		1
481.2		1
481.3		1
481.4		1
481.5		1
481.6		1
481.7		1
481.8		1
481.9		1
482		1
482.1		1
482.2		1
482.3		1
482.4		1
482.5		1
482.6		1
482.7		1
482.8		1
482.9		1
483		1
483.1		1
483.2		1
483.3		1
483.4		1
483.5		1
483.6		1
483.7		1
483.8		1
483.9		1
484		1
484.1		1
484.2		1
484.3		1
484.4		1
484.5		1
484.6		1
484.7		1
484.8		1
484.9		1
485		1
485.1		1
485.2		1
485.3		1
485.4		1
485.5		1
485.6		1
485.7		1
485.8		1
485.9		1
486		1
486.1		1
486.2		1
486.3		1
486.4		1
486.5		1
486.6		1
486.7		1
486.8		1
486.9		1
487		1
487.1		1
487.2		1
487.3		1
487.4		1
487.5		1
487.6		1
487.7		1
487.8		1
487.9		1
488		1
488.1		1
488.2		1
488.3		1
488.4		1
488.5		1
488.6		1
488.7		1
488.8		1
488.9		1
489		1
489.1		1
489.2		1
489.3		1
489.4		1
489.5		1
489.6		1
489.7		1
489.8		1
489.9		1
490		1
490.1		1
490.2		1
490.3		1
490.4		1
490.5		1
490.6		1
490.7		1
490.8		1
490.9		1
491		1
491.1		1
491.2		1
491.3		1
491.4		1
491.5		1
491.6		1
491.7		1
491.8		1
491.9		1
492		1
492.1		1
492.2		1
492.3		1
492.4		1
492.5		1
492.6		1
492.7		1
492.8		1
492.9		1
493		1
493.1		1
493.2		1
493.3		1
493.4		1
493.5		1
493.6		1
493.7		1
493.8		1
493.9		1
494		1
494.1		1
494.2		1
494.3		1
494.4		1
494.5		1
494.6		1
494.7		1
494.8		1
494.9		1
495		1
495.1		1
495.2		1
495.3		1
495.4		1
495.5		1
495.6		1
495.7		1
495.8		1
495.9		1
496		1
496.1		1
496.2		1
496.3		1
496.4		1
496.5		1
496.6		1
496.7		1
496.8		1
496.9		1
497		1
497.1		1
497.2		1
497.3		1
497.4		1
497.5		1
497.6		1
497.7		1
497.8		1
497.9		1
498		1
498.1		1
498.2		1
498.3		1
498.4		1
498.5		1
498.6		1
498.7		1
498.8		1
498.9		1
499		1
499.1		1
499.2		1
499.3		1
499.4		1
499.5		1
499.6		1
499.7		1
499.8		1
499.9		1
500		1
500.1		1
500.2		1
500.3		1
500.4		1
500.5		1
500.6		1
500.7		1
500.8		1
500.9		1
501		1
501.1		1
501.2		1
501.3		1
501.4		1
501.5		1
501.6		1
501.7		1
501.8		1
501.9		1
502		1
502.1		1
502.2		1
502.3		1
502.4		1
502.5		1
502.6		1
502.7		1
502.8		1
502.9		1
503		1
503.1		1
503.2		1
503.3		1
503.4		1
503.5		1
503.6		1
503.7		1
503.8		1
503.9		1
504		1
504.1		1
504.2		1
504.3		1
504.4		1
504.5		1
504.6		1
504.7		1
504.8		1
504.9		1
505		1
505.1		1
505.2		1
505.3		1
505.4		1
505.5		1
505.6		1
505.7		1
505.8		1
505.9		1
506		1
506.1		1
506.2		1
506.3		1
506.4		1
506.5		1
506.6		1
506.7		1
506.8		1
506.9		1
507		1
507.1		1
507.2		1
507.3		1
507.4		1
507.5		1
507.6		1
507.7		1
507.8		1
507.9		1
508		1
508.1		1
508.2		1
508.3		1
508.4		1
508.5		1
508.6		1
508.7		1
508.8		1
508.9		1
509		1
509.1		1
509.2		1
509.3		1
509.4		1
509.5		1
509.6		1
509.7		1
509.8		1
509.9		1
510		1
510.1		1
510.2		1
510.3		1
510.4		1
510.5		1
510.6		1
510.7		1
510.8		1
510.9		1
511		1
511.1		1
511.2		1
511.3		1
511.4		1
511.5		1
511.6		1
511.7		1
511.8		1
511.9		1
512		1
512.1		1
512.2		1
512.3		1
512.4		1
512.5		1
512.6		1
512.7		1
512.8		1
512.9		1
513		1
513.1		1
513.2		1
513.3		1
513.4		1
513.5		1
513.6		1
513.7		1
513.8		1
513.9		1
514		1
514.1		1
514.2		1
514.3		1
514.4		1
514.5		1
514.6		1
514.7		1
514.8		1
514.9		1
515		1
515.1		1
515.2		1
515.3		1
515.4		1
515.5		1
515.6		1
515.7		1
515.8		1
515.9		1
516		1
516.1		1
516.2		1
516.3		1
516.4		1
516.5		1
516.6		1
516.7		1
516.8		1
516.9		1
517		1
517.1		1
517.2		1
517.3		1
517.4		1
517.5		1
517.6		1
517.7		1
517.8		1
517.9		1
518		1
518.1		1
518.2		1
518.3		1
518.4		1
518.5		1
518.6		1
518.7		1
518.8		1
518.9		1
519		1
519.1		1
519.2		1
519.3		1
519.4		1
519.5		1
519.6		1
519.7		1
519.8		1
519.9		1
520		1
520.1		1
520.2		1
520.3		1
520.4		1
520.5		1
520.6		1
520.7		1
520.8		1
520.9		1
521		1
521.1		1
521.2		1
521.3		1
521.4		1
521.5		1
521.6		1
521.7		1
521.8		1
521.9		1
522		1
522.1		1
522.2		1
522.3		1
522.4		1
522.5		1
522.6		1
522.7		1
522.8		1
522.9		1
523		1
523.1		1
523.2		1
523.3		1
523.4		1
523.5		1
523.6		1
523.7		1
523.8		1
523.9		1
524		1
524.1		1
524.2		1
524.3		1
524.4		1
524.5		1
524.6		1
524.7		1
524.8		1
524.9		1
525		1
525.1		1
525.2		1
525.3		1
525.4		1
525.5		1
525.6		1
525.7		1
525.8		1
525.9		1
526		1
526.1		1
526.2		1
526.3		1
526.4		1
526.5		1
526.6		1
526.7		1
526.8		1
526.9		1
527		1
527.1		1
527.2		1
527.3		1
527.4		1
527.5		1
527.6		1
527.7		1
527.8		1
527.9		1
528		1
528.1		1
528.2		1
528.3		1
528.4		1
528.5		1
528.6		1
528.7		1
528.8		1
528.9		1
529		1
529.1		1
529.2		1
529.3		1
529.4		1
529.5		1
529.6		1
529.7		1
529.8		1
529.9		1
530		1
530.1		1
530.2		1
530.3		1
530.4		1
530.5		1
530.6		1
530.7		1
530.8		1
530.9		1
531		1
531.1		1
531.2		1
531.3		1
531.4		1
531.5		1
531.6		1
531.7		1
531.8		1
531.9		1
532		1
532.1		1
532.2		1
532.3		1
532.4		1
532.5		1
532.6		1
532.7		1
532.8		1
532.9		1
533		1
533.1		1
533.2		1
533.3		1
533.4		1
533.5		1
533.6		1
533.7		1
533.8		1
533.9		1
534		1
534.1		1
534.2		1
534.3		1
534.4		1
534.5		1
534.6		1
534.7		1
534.8		1
534.9		1
535		1
535.1		1
535.2		1
535.3		1
535.4		1
535.5		1
535.6		1
535.7		1
535.8		1
535.9		1
536		1
536.1		1
536.2		1
536.3		1
536.4		1
536.5		1
536.6		1
536.7		1
536.8		1
536.9		1
537		1
537.1		1
537.2		1
537.3		1
537.4		1
537.5		1
537.6		1
537.7		1
537.8		1
537.9		1
538		1
538.1		1
538.2		1
538.3		1
538.4		1
538.5		1
538.6		1
538.7		1
538.8		1
538.9		1
539		1
539.1		1
539.2		1
539.3		1
539.4		1
539.5		1
539.6		1
539.7		1
539.8		1
539.9		1
540		1
540.1		1
540.2		1
540.3		1
540.4		1
540.5		1
540.6		1
540.7		1
540.8		1
540.9		1
541		1
541.1		1
541.2		1
541.3		1
541.4		1
541.5		1
541.6		1
541.7		1
541.8		1
541.9		1
542		1
542.1		1
542.2		1
542.3		1
542.4		1
542.5		1
542.6		1
542.7		1
542.8		1
542.9		1
543		1
543.1		1
543.2		1
543.3		1
543.4		1
543.5		1
543.6		1
543.7		1
543.8		1
543.9		1
544		1
544.1		1
544.2		1
544.3		1
544.4		1
544.5		1
544.6		1
544.7		1
544.8		1
544.9		1
545		1
545.1		1
545.2		1
545.3		1
545.4		1
545.5		1
545.6		1
545.7		1
545.8		1
545.9		1
546		1
546.1		1
546.2		1
546.3		1
546.4		1
546.5		1
546.6		1
546.7		1
546.8		1
546.9		1
547		1
547.1		1
547.2		1
547.3		1
547.4		1
547.5		1
547.6		1
547.7		1
547.8		1
547.9		1
548		1
548.1		1
548.2		1
548.3		1
548.4		1
548.5		1
548.6		1
548.7		1
548.8		1
548.9		1
549		1
549.1		1
549.2		1
549.3		1
549.4		1
549.5		1
549.6		1
549.7		1
549.8		1
549.9		1
550		1
550.1		1
550.2		1
550.3		1
550.4		1
550.5		1
550.6		1
550.7		1
550.8		1
550.9		1
551		1
551.1		1
551.2		1
551.3		1
551.4		1
551.5		1
551.6		1
551.7		1
551.8		1
551.9		1
552		1
552.1		1
552.2		1
552.3		1
552.4		1
552.5		1
552.6		1
552.7		1
552.8		1
552.9		1
553		1
553.1		1
553.2		1
553.3		1
553.4		1
553.5		1
553.6		1
553.7		1
553.8		1
553.9		1
554		1
554.1		1
554.2		1
554.3		1
554.4		1
554.5		1
554.6		1
554.7		1
554.8		1
554.9		1
555		1
555.1		1
555.2		1
555.3		1
555.4		1
555.5		1
555.6		1
555.7		1
555.8		1
555.9		1
556		1
556.1		1
556.2		1
556.3		1
556.4		1
556.5		1
556.6		1
556.7		1
556.8		1
556.9		1
557		1
557.1		1
557.2		1
557.3		1
557.4		1
557.5		1
557.6		1
557.7		1
557.8		1
557.9		1
558		1
558.1		1
558.2		1
558.3		1
558.4		1
558.5		1
558.6		1
558.7		1
558.8		1
558.9		1
559		1
559.1		1
559.2		1
559.3		1
559.4		1
559.5		1
559.6		1
559.7		1
559.8		1
559.9		1
560		1
560.1		1
560.2		1
560.3		1
560.4		1
560.5		1
560.6		1
560.7		1
560.8		1
560.9		1
561		1
561.1		1
561.2		1
561.3		1
561.4		1
561.5		1
561.6		1
561.7		1
561.8		1
561.9		1
562		1
562.1		1
562.2		1
562.3		1
562.4		1
562.5		1
562.6		1
562.7		1
562.8		1
562.9		1
563		1
563.1		1
563.2		1
563.3		1
563.4		1
563.5		1
563.6		1
563.7		1
563.8		1
563.9		1
564		1
564.1		1
564.2		1
564.3		1
564.4		1
564.5		1
564.6		1
564.7		1
564.8		1
564.9		1
565		1
565.1		1
565.2		1
565.3		1
565.4		1
565.5		1
565.6		1
565.7		1
565.8		1
565.9		1
566		1
566.1		1
566.2		1
566.3		1
566.4		1
566.5		1
566.6		1
566.7		1
566.8		1
566.9		1
567		1
567.1		1
567.2		1
567.3		1
567.4		1
567.5		1
567.6		1
567.7		1
567.8		1
567.9		1
568		1
568.1		1
568.2		1
568.3		1
568.4		1
568.5		1
568.6		1
568.7		1
568.8		1
568.9		1
569		1
569.1		1
569.2		1
569.3		1
569.4		1
569.5		1
569.6		1
569.7		1
569.8		1
569.9		1
570		1
570.1		1
570.2		1
570.3		1
570.4		1
570.5		1
570.6		1
570.7		1
570.8		1
570.9		1
571		1
571.1		1
571.2		1
571.3		1
571.4		1
571.5		1
571.6		1
571.7		1
571.8		1
571.9		1
572		1
572.1		1
572.2		1
572.3		1
572.4		1
572.5		1
572.6		1
572.7		1
572.8		1
572.9		1
573		1
573.1		1
573.2		1
573.3		1
573.4		1
573.5		1
573.6		1
573.7		1
573.8		1
573.9		1
574		1
574.1		1
574.2		1
574.3		1
574.4		1
574.5		1
574.6		1
574.7		1
574.8		1
574.9		1
575		1
575.1		1
575.2		1
575.3		1
575.4		1
575.5		1
575.6		1
575.7		1
575.8		1
575.9		1
576		1
576.1		1
576.2		1
576.3		1
576.4		1
576.5		1
576.6		1
576.7		1
576.8		1
576.9		1
577		1
577.1		1
577.2		1
577.3		1
577.4		1
577.5		1
577.6		1
577.7		1
577.8		1
577.9		1
578		1
578.1		1
578.2		1
578.3		1
578.4		1
578.5		1
578.6		1
578.7		1
578.8		1
578.9		1
579		1
579.1		1
579.2		1
579.3		1
579.4		1
579.5		1
579.6		1
579.7		1
579.8		1
579.9		1
580		1
580.1		1
580.2		1
580.3		1
580.4		1
580.5		1
580.6		1
580.7		1
580.8		1
580.9		1
581		1
581.1		1
581.2		1
581.3		1
581.4		1
581.5		1
581.6		1
581.7		1
581.8		1
581.9		1
582		1
582.1		1
582.2		1
582.3		1
582.4		1
582.5		1
582.6		1
582.7		1
582.8		1
582.9		1
583		1
583.1		1
583.2		1
583.3		1
583.4		1
583.5		1
583.6		1
583.7		1
583.8		1
583.9		1
584		1
584.1		1
584.2		1
584.3		1
584.4		1
584.5		1
584.6		1
584.7		1
584.8		1
584.9		1
585		1
585.1		1
585.2		1
585.3		1
585.4		1
585.5		1
585.6		1
585.7		1
585.8		1
585.9		1
586		1
586.1		1
586.2		1
586.3		1
586.4		1
586.5		1
586.6		1
586.7		1
586.8		1
586.9		1
587		1
587.1		1
587.2		1
587.3		1
587.4		1
587.5		1
587.6		1
587.7		1
587.8		1
587.9		1
588		1
588.1		1
588.2		1
588.3		1
588.4		1
588.5		1
588.6		1
588.7		1
588.8		1
588.9		1
589		1
589.1		1
589.2		1
589.3		1
589.4		1
589.5		1
589.6		1
589.7		1
589.8		1
589.9		1
590		1
590.1		1
590.2		1
590.3		1
590.4		1
590.5		1
590.6		1
590.7		1
590.8		1
590.9		1
591		1
591.1		1
591.2		1
591.3		1
591.4		1
591.5		1
591.6		1
591.7		1
591.8		1
591.9		1
592		1
592.1		1
592.2		1
592.3		1
592.4		1
592.5		1
592.6		1
592.7		1
592.8		1
592.9		1
593		1
593.1		1
593.2		1
593.3		1
593.4		1
593.5		1
593.6		1
593.7		1
593.8		1
593.9		1
594		1
594.1		1
594.2		1
594.3		1
594.4		1
594.5		1
594.6		1
594.7		1
594.8		1
594.9		1
595		1
595.1		1
595.2		1
595.3		1
595.4		1
595.5		1
595.6		1
595.7		1
595.8		1
595.9		1
596		1
596.1		1
596.2		1
596.3		1
596.4		1
596.5		1
596.6		1
596.7		1
596.8		1
596.9		1
597		1
597.1		1
597.2		1
597.3		1
597.4		1
597.5		1
597.6		1
597.7		1
597.8		1
597.9		1
598		1
598.1		1
598.2		1
598.3		1
598.4		1
598.5		1
598.6		1
598.7		1
598.8		1
598.9		1
599		1
599.1		1
599.2		1
599.3		1
599.4		1
599.5		1
599.6		1
599.7		1
599.8		1
599.9		1
600		1
