# Calibration file of tamex_id 3 @ channel 14
# fine_T bin		 Calibration value
0.1		0
0.2		0
0.3		0
0.4		0
0.5		0
0.6		0
0.7		0
0.8		0
0.9		0
1		0
1.1		0
1.2		0
1.3		0
1.4		0
1.5		0
1.6		0
1.7		0
1.8		0
1.9		0
2		0
2.1		0
2.2		0
2.3		0
2.4		0
2.5		0
2.6		0
2.7		0
2.8		0
2.9		0
3		0
3.1		0
3.2		0
3.3		0
3.4		0
3.5		0
3.6		0
3.7		0
3.8		0
3.9		0
4		0
4.1		0
4.2		0
4.3		0
4.4		0
4.5		0
4.6		0
4.7		0
4.8		0
4.9		0
5		0
5.1		0
5.2		0
5.3		0
5.4		0
5.5		0
5.6		0
5.7		0
5.8		0
5.9		0
6		0
6.1		0
6.2		0
6.3		0
6.4		0
6.5		0
6.6		0
6.7		0
6.8		0
6.9		0
7		0
7.1		0
7.2		0
7.3		0
7.4		0
7.5		0
7.6		0
7.7		0
7.8		0
7.9		0
8		0
8.1		0
8.2		0
8.3		0
8.4		0
8.5		0
8.6		0
8.7		0
8.8		0
8.9		0
9		0
9.1		0
9.2		0
9.3		0
9.4		0
9.5		0
9.6		0
9.7		0
9.8		0
9.9		0
10		0
10.1		0
10.2		0
10.3		0
10.4		0
10.5		0
10.6		0
10.7		0
10.8		0
10.9		0
11		0
11.1		0
11.2		0
11.3		0
11.4		0
11.5		0
11.6		0
11.7		0
11.8		0
11.9		0
12		0
12.1		0
12.2		0
12.3		0
12.4		0
12.5		0
12.6		0
12.7		0
12.8		0
12.9		0
13		0
13.1		0
13.2		0
13.3		0
13.4		0
13.5		0
13.6		0
13.7		0
13.8		0
13.9		0
14		0
14.1		0
14.2		0
14.3		0
14.4		0
14.5		0
14.6		0
14.7		0
14.8		0
14.9		0
15		0
15.1		0
15.2		0
15.3		0
15.4		0
15.5		0
15.6		0
15.7		0
15.8		0
15.9		0
16		0
16.1		0.00471868
16.2		0.00471868
16.3		0.00471868
16.4		0.00471868
16.5		0.00471868
16.6		0.00471868
16.7		0.00471868
16.8		0.00471868
16.9		0.00471868
17		0.00471868
17.1		0.00886829
17.2		0.00886829
17.3		0.00886829
17.4		0.00886829
17.5		0.00886829
17.6		0.00886829
17.7		0.00886829
17.8		0.00886829
17.9		0.00886829
18		0.00886829
18.1		0.00926534
18.2		0.00926534
18.3		0.00926534
18.4		0.00926534
18.5		0.00926534
18.6		0.00926534
18.7		0.00926534
18.8		0.00926534
18.9		0.00926534
19		0.00926534
19.1		0.0110066
19.2		0.0110066
19.3		0.0110066
19.4		0.0110066
19.5		0.0110066
19.6		0.0110066
19.7		0.0110066
19.8		0.0110066
19.9		0.0110066
20		0.0110066
20.1		0.0158663
20.2		0.0158663
20.3		0.0158663
20.4		0.0158663
20.5		0.0158663
20.6		0.0158663
20.7		0.0158663
20.8		0.0158663
20.9		0.0158663
21		0.0158663
21.1		0.0166364
21.2		0.0166364
21.3		0.0166364
21.4		0.0166364
21.5		0.0166364
21.6		0.0166364
21.7		0.0166364
21.8		0.0166364
21.9		0.0166364
22		0.0166364
22.1		0.0186607
22.2		0.0186607
22.3		0.0186607
22.4		0.0186607
22.5		0.0186607
22.6		0.0186607
22.7		0.0186607
22.8		0.0186607
22.9		0.0186607
23		0.0186607
23.1		0.0198899
23.2		0.0198899
23.3		0.0198899
23.4		0.0198899
23.5		0.0198899
23.6		0.0198899
23.7		0.0198899
23.8		0.0198899
23.9		0.0198899
24		0.0198899
24.1		0.0231894
24.2		0.0231894
24.3		0.0231894
24.4		0.0231894
24.5		0.0231894
24.6		0.0231894
24.7		0.0231894
24.8		0.0231894
24.9		0.0231894
25		0.0231894
25.1		0.0244025
25.2		0.0244025
25.3		0.0244025
25.4		0.0244025
25.5		0.0244025
25.6		0.0244025
25.7		0.0244025
25.8		0.0244025
25.9		0.0244025
26		0.0244025
26.1		0.027795
26.2		0.027795
26.3		0.027795
26.4		0.027795
26.5		0.027795
26.6		0.027795
26.7		0.027795
26.8		0.027795
26.9		0.027795
27		0.027795
27.1		0.0284691
27.2		0.0284691
27.3		0.0284691
27.4		0.0284691
27.5		0.0284691
27.6		0.0284691
27.7		0.0284691
27.8		0.0284691
27.9		0.0284691
28		0.0284691
28.1		0.0311795
28.2		0.0311795
28.3		0.0311795
28.4		0.0311795
28.5		0.0311795
28.6		0.0311795
28.7		0.0311795
28.8		0.0311795
28.9		0.0311795
29		0.0311795
29.1		0.0329198
29.2		0.0329198
29.3		0.0329198
29.4		0.0329198
29.5		0.0329198
29.6		0.0329198
29.7		0.0329198
29.8		0.0329198
29.9		0.0329198
30		0.0329198
30.1		0.0332438
30.2		0.0332438
30.3		0.0332438
30.4		0.0332438
30.5		0.0332438
30.6		0.0332438
30.7		0.0332438
30.8		0.0332438
30.9		0.0332438
31		0.0332438
31.1		0.0334589
31.2		0.0334589
31.3		0.0334589
31.4		0.0334589
31.5		0.0334589
31.6		0.0334589
31.7		0.0334589
31.8		0.0334589
31.9		0.0334589
32		0.0334589
32.1		0.0352471
32.2		0.0352471
32.3		0.0352471
32.4		0.0352471
32.5		0.0352471
32.6		0.0352471
32.7		0.0352471
32.8		0.0352471
32.9		0.0352471
33		0.0352471
33.1		0.0400888
33.2		0.0400888
33.3		0.0400888
33.4		0.0400888
33.5		0.0400888
33.6		0.0400888
33.7		0.0400888
33.8		0.0400888
33.9		0.0400888
34		0.0400888
34.1		0.0424552
34.2		0.0424552
34.3		0.0424552
34.4		0.0424552
34.5		0.0424552
34.6		0.0424552
34.7		0.0424552
34.8		0.0424552
34.9		0.0424552
35		0.0424552
35.1		0.0430252
35.2		0.0430252
35.3		0.0430252
35.4		0.0430252
35.5		0.0430252
35.6		0.0430252
35.7		0.0430252
35.8		0.0430252
35.9		0.0430252
36		0.0430252
36.1		0.0442844
36.2		0.0442844
36.3		0.0442844
36.4		0.0442844
36.5		0.0442844
36.6		0.0442844
36.7		0.0442844
36.8		0.0442844
36.9		0.0442844
37		0.0442844
37.1		0.0458947
37.2		0.0458947
37.3		0.0458947
37.4		0.0458947
37.5		0.0458947
37.6		0.0458947
37.7		0.0458947
37.8		0.0458947
37.9		0.0458947
38		0.0458947
38.1		0.0479089
38.2		0.0479089
38.3		0.0479089
38.4		0.0479089
38.5		0.0479089
38.6		0.0479089
38.7		0.0479089
38.8		0.0479089
38.9		0.0479089
39		0.0479089
39.1		0.0501313
39.2		0.0501313
39.3		0.0501313
39.4		0.0501313
39.5		0.0501313
39.6		0.0501313
39.7		0.0501313
39.8		0.0501313
39.9		0.0501313
40		0.0501313
40.1		0.0534107
40.2		0.0534107
40.3		0.0534107
40.4		0.0534107
40.5		0.0534107
40.6		0.0534107
40.7		0.0534107
40.8		0.0534107
40.9		0.0534107
41		0.0534107
41.1		0.0535948
41.2		0.0535948
41.3		0.0535948
41.4		0.0535948
41.5		0.0535948
41.6		0.0535948
41.7		0.0535948
41.8		0.0535948
41.9		0.0535948
42		0.0535948
42.1		0.055312
42.2		0.055312
42.3		0.055312
42.4		0.055312
42.5		0.055312
42.6		0.055312
42.7		0.055312
42.8		0.055312
42.9		0.055312
43		0.055312
43.1		0.0578114
43.2		0.0578114
43.3		0.0578114
43.4		0.0578114
43.5		0.0578114
43.6		0.0578114
43.7		0.0578114
43.8		0.0578114
43.9		0.0578114
44		0.0578114
44.1		0.0591306
44.2		0.0591306
44.3		0.0591306
44.4		0.0591306
44.5		0.0591306
44.6		0.0591306
44.7		0.0591306
44.8		0.0591306
44.9		0.0591306
45		0.0591306
45.1		0.0599257
45.2		0.0599257
45.3		0.0599257
45.4		0.0599257
45.5		0.0599257
45.6		0.0599257
45.7		0.0599257
45.8		0.0599257
45.9		0.0599257
46		0.0599257
46.1		0.0649394
46.2		0.0649394
46.3		0.0649394
46.4		0.0649394
46.5		0.0649394
46.6		0.0649394
46.7		0.0649394
46.8		0.0649394
46.9		0.0649394
47		0.0649394
47.1		0.0665166
47.2		0.0665166
47.3		0.0665166
47.4		0.0665166
47.5		0.0665166
47.6		0.0665166
47.7		0.0665166
47.8		0.0665166
47.9		0.0665166
48		0.0665166
48.1		0.0678668
48.2		0.0678668
48.3		0.0678668
48.4		0.0678668
48.5		0.0678668
48.6		0.0678668
48.7		0.0678668
48.8		0.0678668
48.9		0.0678668
49		0.0678668
49.1		0.069198
49.2		0.069198
49.3		0.069198
49.4		0.069198
49.5		0.069198
49.6		0.069198
49.7		0.069198
49.8		0.069198
49.9		0.069198
50		0.069198
50.1		0.0709513
50.2		0.0709513
50.3		0.0709513
50.4		0.0709513
50.5		0.0709513
50.6		0.0709513
50.7		0.0709513
50.8		0.0709513
50.9		0.0709513
51		0.0709513
51.1		0.0730486
51.2		0.0730486
51.3		0.0730486
51.4		0.0730486
51.5		0.0730486
51.6		0.0730486
51.7		0.0730486
51.8		0.0730486
51.9		0.0730486
52		0.0730486
52.1		0.0749159
52.2		0.0749159
52.3		0.0749159
52.4		0.0749159
52.5		0.0749159
52.6		0.0749159
52.7		0.0749159
52.8		0.0749159
52.9		0.0749159
53		0.0749159
53.1		0.0779493
53.2		0.0779493
53.3		0.0779493
53.4		0.0779493
53.5		0.0779493
53.6		0.0779493
53.7		0.0779493
53.8		0.0779493
53.9		0.0779493
54		0.0779493
54.1		0.0782533
54.2		0.0782533
54.3		0.0782533
54.4		0.0782533
54.5		0.0782533
54.6		0.0782533
54.7		0.0782533
54.8		0.0782533
54.9		0.0782533
55		0.0782533
55.1		0.0803286
55.2		0.0803286
55.3		0.0803286
55.4		0.0803286
55.5		0.0803286
55.6		0.0803286
55.7		0.0803286
55.8		0.0803286
55.9		0.0803286
56		0.0803286
56.1		0.0811318
56.2		0.0811318
56.3		0.0811318
56.4		0.0811318
56.5		0.0811318
56.6		0.0811318
56.7		0.0811318
56.8		0.0811318
56.9		0.0811318
57		0.0811318
57.1		0.0835721
57.2		0.0835721
57.3		0.0835721
57.4		0.0835721
57.5		0.0835721
57.6		0.0835721
57.7		0.0835721
57.8		0.0835721
57.9		0.0835721
58		0.0835721
58.1		0.0863325
58.2		0.0863325
58.3		0.0863325
58.4		0.0863325
58.5		0.0863325
58.6		0.0863325
58.7		0.0863325
58.8		0.0863325
58.9		0.0863325
59		0.0863325
59.1		0.0883748
59.2		0.0883748
59.3		0.0883748
59.4		0.0883748
59.5		0.0883748
59.6		0.0883748
59.7		0.0883748
59.8		0.0883748
59.9		0.0883748
60		0.0883748
60.1		0.0888059
60.2		0.0888059
60.3		0.0888059
60.4		0.0888059
60.5		0.0888059
60.6		0.0888059
60.7		0.0888059
60.8		0.0888059
60.9		0.0888059
61		0.0888059
61.1		0.0905221
61.2		0.0905221
61.3		0.0905221
61.4		0.0905221
61.5		0.0905221
61.6		0.0905221
61.7		0.0905221
61.8		0.0905221
61.9		0.0905221
62		0.0905221
62.1		0.0937526
62.2		0.0937526
62.3		0.0937526
62.4		0.0937526
62.5		0.0937526
62.6		0.0937526
62.7		0.0937526
62.8		0.0937526
62.9		0.0937526
63		0.0937526
63.1		0.096731
63.2		0.096731
63.3		0.096731
63.4		0.096731
63.5		0.096731
63.6		0.096731
63.7		0.096731
63.8		0.096731
63.9		0.096731
64		0.096731
64.1		0.0981842
64.2		0.0981842
64.3		0.0981842
64.4		0.0981842
64.5		0.0981842
64.6		0.0981842
64.7		0.0981842
64.8		0.0981842
64.9		0.0981842
65		0.0981842
65.1		0.100325
65.2		0.100325
65.3		0.100325
65.4		0.100325
65.5		0.100325
65.6		0.100325
65.7		0.100325
65.8		0.100325
65.9		0.100325
66		0.100325
66.1		0.100531
66.2		0.100531
66.3		0.100531
66.4		0.100531
66.5		0.100531
66.6		0.100531
66.7		0.100531
66.8		0.100531
66.9		0.100531
67		0.100531
67.1		0.104841
67.2		0.104841
67.3		0.104841
67.4		0.104841
67.5		0.104841
67.6		0.104841
67.7		0.104841
67.8		0.104841
67.9		0.104841
68		0.104841
68.1		0.105414
68.2		0.105414
68.3		0.105414
68.4		0.105414
68.5		0.105414
68.6		0.105414
68.7		0.105414
68.8		0.105414
68.9		0.105414
69		0.105414
69.1		0.108415
69.2		0.108415
69.3		0.108415
69.4		0.108415
69.5		0.108415
69.6		0.108415
69.7		0.108415
69.8		0.108415
69.9		0.108415
70		0.108415
70.1		0.109128
70.2		0.109128
70.3		0.109128
70.4		0.109128
70.5		0.109128
70.6		0.109128
70.7		0.109128
70.8		0.109128
70.9		0.109128
71		0.109128
71.1		0.109341
71.2		0.109341
71.3		0.109341
71.4		0.109341
71.5		0.109341
71.6		0.109341
71.7		0.109341
71.8		0.109341
71.9		0.109341
72		0.109341
72.1		0.114054
72.2		0.114054
72.3		0.114054
72.4		0.114054
72.5		0.114054
72.6		0.114054
72.7		0.114054
72.8		0.114054
72.9		0.114054
73		0.114054
73.1		0.114678
73.2		0.114678
73.3		0.114678
73.4		0.114678
73.5		0.114678
73.6		0.114678
73.7		0.114678
73.8		0.114678
73.9		0.114678
74		0.114678
74.1		0.117208
74.2		0.117208
74.3		0.117208
74.4		0.117208
74.5		0.117208
74.6		0.117208
74.7		0.117208
74.8		0.117208
74.9		0.117208
75		0.117208
75.1		0.118221
75.2		0.118221
75.3		0.118221
75.4		0.118221
75.5		0.118221
75.6		0.118221
75.7		0.118221
75.8		0.118221
75.9		0.118221
76		0.118221
76.1		0.118769
76.2		0.118769
76.3		0.118769
76.4		0.118769
76.5		0.118769
76.6		0.118769
76.7		0.118769
76.8		0.118769
76.9		0.118769
77		0.118769
77.1		0.119685
77.2		0.119685
77.3		0.119685
77.4		0.119685
77.5		0.119685
77.6		0.119685
77.7		0.119685
77.8		0.119685
77.9		0.119685
78		0.119685
78.1		0.124907
78.2		0.124907
78.3		0.124907
78.4		0.124907
78.5		0.124907
78.6		0.124907
78.7		0.124907
78.8		0.124907
78.9		0.124907
79		0.124907
79.1		0.125865
79.2		0.125865
79.3		0.125865
79.4		0.125865
79.5		0.125865
79.6		0.125865
79.7		0.125865
79.8		0.125865
79.9		0.125865
80		0.125865
80.1		0.129037
80.2		0.129037
80.3		0.129037
80.4		0.129037
80.5		0.129037
80.6		0.129037
80.7		0.129037
80.8		0.129037
80.9		0.129037
81		0.129037
81.1		0.130804
81.2		0.130804
81.3		0.130804
81.4		0.130804
81.5		0.130804
81.6		0.130804
81.7		0.130804
81.8		0.130804
81.9		0.130804
82		0.130804
82.1		0.130995
82.2		0.130995
82.3		0.130995
82.4		0.130995
82.5		0.130995
82.6		0.130995
82.7		0.130995
82.8		0.130995
82.9		0.130995
83		0.130995
83.1		0.131135
83.2		0.131135
83.3		0.131135
83.4		0.131135
83.5		0.131135
83.6		0.131135
83.7		0.131135
83.8		0.131135
83.9		0.131135
84		0.131135
84.1		0.135795
84.2		0.135795
84.3		0.135795
84.4		0.135795
84.5		0.135795
84.6		0.135795
84.7		0.135795
84.8		0.135795
84.9		0.135795
85		0.135795
85.1		0.140311
85.2		0.140311
85.3		0.140311
85.4		0.140311
85.5		0.140311
85.6		0.140311
85.7		0.140311
85.8		0.140311
85.9		0.140311
86		0.140311
86.1		0.14057
86.2		0.14057
86.3		0.14057
86.4		0.14057
86.5		0.14057
86.6		0.14057
86.7		0.14057
86.8		0.14057
86.9		0.14057
87		0.14057
87.1		0.14196
87.2		0.14196
87.3		0.14196
87.4		0.14196
87.5		0.14196
87.6		0.14196
87.7		0.14196
87.8		0.14196
87.9		0.14196
88		0.14196
88.1		0.145311
88.2		0.145311
88.3		0.145311
88.4		0.145311
88.5		0.145311
88.6		0.145311
88.7		0.145311
88.8		0.145311
88.9		0.145311
89		0.145311
89.1		0.145522
89.2		0.145522
89.3		0.145522
89.4		0.145522
89.5		0.145522
89.6		0.145522
89.7		0.145522
89.8		0.145522
89.9		0.145522
90		0.145522
90.1		0.147348
90.2		0.147348
90.3		0.147348
90.4		0.147348
90.5		0.147348
90.6		0.147348
90.7		0.147348
90.8		0.147348
90.9		0.147348
91		0.147348
91.1		0.152924
91.2		0.152924
91.3		0.152924
91.4		0.152924
91.5		0.152924
91.6		0.152924
91.7		0.152924
91.8		0.152924
91.9		0.152924
92		0.152924
92.1		0.153836
92.2		0.153836
92.3		0.153836
92.4		0.153836
92.5		0.153836
92.6		0.153836
92.7		0.153836
92.8		0.153836
92.9		0.153836
93		0.153836
93.1		0.153836
93.2		0.153836
93.3		0.153836
93.4		0.153836
93.5		0.153836
93.6		0.153836
93.7		0.153836
93.8		0.153836
93.9		0.153836
94		0.153836
94.1		0.154568
94.2		0.154568
94.3		0.154568
94.4		0.154568
94.5		0.154568
94.6		0.154568
94.7		0.154568
94.8		0.154568
94.9		0.154568
95		0.154568
95.1		0.157562
95.2		0.157562
95.3		0.157562
95.4		0.157562
95.5		0.157562
95.6		0.157562
95.7		0.157562
95.8		0.157562
95.9		0.157562
96		0.157562
96.1		0.158543
96.2		0.158543
96.3		0.158543
96.4		0.158543
96.5		0.158543
96.6		0.158543
96.7		0.158543
96.8		0.158543
96.9		0.158543
97		0.158543
97.1		0.163273
97.2		0.163273
97.3		0.163273
97.4		0.163273
97.5		0.163273
97.6		0.163273
97.7		0.163273
97.8		0.163273
97.9		0.163273
98		0.163273
98.1		0.163516
98.2		0.163516
98.3		0.163516
98.4		0.163516
98.5		0.163516
98.6		0.163516
98.7		0.163516
98.8		0.163516
98.9		0.163516
99		0.163516
99.1		0.16512
99.2		0.16512
99.3		0.16512
99.4		0.16512
99.5		0.16512
99.6		0.16512
99.7		0.16512
99.8		0.16512
99.9		0.16512
100		0.16512
100.1		0.16532
100.2		0.16532
100.3		0.16532
100.4		0.16532
100.5		0.16532
100.6		0.16532
100.7		0.16532
100.8		0.16532
100.9		0.16532
101		0.16532
101.1		0.169799
101.2		0.169799
101.3		0.169799
101.4		0.169799
101.5		0.169799
101.6		0.169799
101.7		0.169799
101.8		0.169799
101.9		0.169799
102		0.169799
102.1		0.170859
102.2		0.170859
102.3		0.170859
102.4		0.170859
102.5		0.170859
102.6		0.170859
102.7		0.170859
102.8		0.170859
102.9		0.170859
103		0.170859
103.1		0.174108
103.2		0.174108
103.3		0.174108
103.4		0.174108
103.5		0.174108
103.6		0.174108
103.7		0.174108
103.8		0.174108
103.9		0.174108
104		0.174108
104.1		0.175085
104.2		0.175085
104.3		0.175085
104.4		0.175085
104.5		0.175085
104.6		0.175085
104.7		0.175085
104.8		0.175085
104.9		0.175085
105		0.175085
105.1		0.175283
105.2		0.175283
105.3		0.175283
105.4		0.175283
105.5		0.175283
105.6		0.175283
105.7		0.175283
105.8		0.175283
105.9		0.175283
106		0.175283
106.1		0.177496
106.2		0.177496
106.3		0.177496
106.4		0.177496
106.5		0.177496
106.6		0.177496
106.7		0.177496
106.8		0.177496
106.9		0.177496
107		0.177496
107.1		0.181094
107.2		0.181094
107.3		0.181094
107.4		0.181094
107.5		0.181094
107.6		0.181094
107.7		0.181094
107.8		0.181094
107.9		0.181094
108		0.181094
108.1		0.181666
108.2		0.181666
108.3		0.181666
108.4		0.181666
108.5		0.181666
108.6		0.181666
108.7		0.181666
108.8		0.181666
108.9		0.181666
109		0.181666
109.1		0.18363
109.2		0.18363
109.3		0.18363
109.4		0.18363
109.5		0.18363
109.6		0.18363
109.7		0.18363
109.8		0.18363
109.9		0.18363
110		0.18363
110.1		0.185871
110.2		0.185871
110.3		0.185871
110.4		0.185871
110.5		0.185871
110.6		0.185871
110.7		0.185871
110.8		0.185871
110.9		0.185871
111		0.185871
111.1		0.18831
111.2		0.18831
111.3		0.18831
111.4		0.18831
111.5		0.18831
111.6		0.18831
111.7		0.18831
111.8		0.18831
111.9		0.18831
112		0.18831
112.1		0.189624
112.2		0.189624
112.3		0.189624
112.4		0.189624
112.5		0.189624
112.6		0.189624
112.7		0.189624
112.8		0.189624
112.9		0.189624
113		0.189624
113.1		0.191883
113.2		0.191883
113.3		0.191883
113.4		0.191883
113.5		0.191883
113.6		0.191883
113.7		0.191883
113.8		0.191883
113.9		0.191883
114		0.191883
114.1		0.194579
114.2		0.194579
114.3		0.194579
114.4		0.194579
114.5		0.194579
114.6		0.194579
114.7		0.194579
114.8		0.194579
114.9		0.194579
115		0.194579
115.1		0.194764
115.2		0.194764
115.3		0.194764
115.4		0.194764
115.5		0.194764
115.6		0.194764
115.7		0.194764
115.8		0.194764
115.9		0.194764
116		0.194764
116.1		0.196011
116.2		0.196011
116.3		0.196011
116.4		0.196011
116.5		0.196011
116.6		0.196011
116.7		0.196011
116.8		0.196011
116.9		0.196011
117		0.196011
117.1		0.200093
117.2		0.200093
117.3		0.200093
117.4		0.200093
117.5		0.200093
117.6		0.200093
117.7		0.200093
117.8		0.200093
117.9		0.200093
118		0.200093
118.1		0.200335
118.2		0.200335
118.3		0.200335
118.4		0.200335
118.5		0.200335
118.6		0.200335
118.7		0.200335
118.8		0.200335
118.9		0.200335
119		0.200335
119.1		0.203288
119.2		0.203288
119.3		0.203288
119.4		0.203288
119.5		0.203288
119.6		0.203288
119.7		0.203288
119.8		0.203288
119.9		0.203288
120		0.203288
120.1		0.20471
120.2		0.20471
120.3		0.20471
120.4		0.20471
120.5		0.20471
120.6		0.20471
120.7		0.20471
120.8		0.20471
120.9		0.20471
121		0.20471
121.1		0.206834
121.2		0.206834
121.3		0.206834
121.4		0.206834
121.5		0.206834
121.6		0.206834
121.7		0.206834
121.8		0.206834
121.9		0.206834
122		0.206834
122.1		0.208883
122.2		0.208883
122.3		0.208883
122.4		0.208883
122.5		0.208883
122.6		0.208883
122.7		0.208883
122.8		0.208883
122.9		0.208883
123		0.208883
123.1		0.211038
123.2		0.211038
123.3		0.211038
123.4		0.211038
123.5		0.211038
123.6		0.211038
123.7		0.211038
123.8		0.211038
123.9		0.211038
124		0.211038
124.1		0.214969
124.2		0.214969
124.3		0.214969
124.4		0.214969
124.5		0.214969
124.6		0.214969
124.7		0.214969
124.8		0.214969
124.9		0.214969
125		0.214969
125.1		0.215175
125.2		0.215175
125.3		0.215175
125.4		0.215175
125.5		0.215175
125.6		0.215175
125.7		0.215175
125.8		0.215175
125.9		0.215175
126		0.215175
126.1		0.217297
126.2		0.217297
126.3		0.217297
126.4		0.217297
126.5		0.217297
126.6		0.217297
126.7		0.217297
126.8		0.217297
126.9		0.217297
127		0.217297
127.1		0.220041
127.2		0.220041
127.3		0.220041
127.4		0.220041
127.5		0.220041
127.6		0.220041
127.7		0.220041
127.8		0.220041
127.9		0.220041
128		0.220041
128.1		0.220289
128.2		0.220289
128.3		0.220289
128.4		0.220289
128.5		0.220289
128.6		0.220289
128.7		0.220289
128.8		0.220289
128.9		0.220289
129		0.220289
129.1		0.224297
129.2		0.224297
129.3		0.224297
129.4		0.224297
129.5		0.224297
129.6		0.224297
129.7		0.224297
129.8		0.224297
129.9		0.224297
130		0.224297
130.1		0.225681
130.2		0.225681
130.3		0.225681
130.4		0.225681
130.5		0.225681
130.6		0.225681
130.7		0.225681
130.8		0.225681
130.9		0.225681
131		0.225681
131.1		0.227629
131.2		0.227629
131.3		0.227629
131.4		0.227629
131.5		0.227629
131.6		0.227629
131.7		0.227629
131.8		0.227629
131.9		0.227629
132		0.227629
132.1		0.228356
132.2		0.228356
132.3		0.228356
132.4		0.228356
132.5		0.228356
132.6		0.228356
132.7		0.228356
132.8		0.228356
132.9		0.228356
133		0.228356
133.1		0.22978
133.2		0.22978
133.3		0.22978
133.4		0.22978
133.5		0.22978
133.6		0.22978
133.7		0.22978
133.8		0.22978
133.9		0.22978
134		0.22978
134.1		0.232363
134.2		0.232363
134.3		0.232363
134.4		0.232363
134.5		0.232363
134.6		0.232363
134.7		0.232363
134.8		0.232363
134.9		0.232363
135		0.232363
135.1		0.233618
135.2		0.233618
135.3		0.233618
135.4		0.233618
135.5		0.233618
135.6		0.233618
135.7		0.233618
135.8		0.233618
135.9		0.233618
136		0.233618
136.1		0.239048
136.2		0.239048
136.3		0.239048
136.4		0.239048
136.5		0.239048
136.6		0.239048
136.7		0.239048
136.8		0.239048
136.9		0.239048
137		0.239048
137.1		0.239253
137.2		0.239253
137.3		0.239253
137.4		0.239253
137.5		0.239253
137.6		0.239253
137.7		0.239253
137.8		0.239253
137.9		0.239253
138		0.239253
138.1		0.239631
138.2		0.239631
138.3		0.239631
138.4		0.239631
138.5		0.239631
138.6		0.239631
138.7		0.239631
138.8		0.239631
138.9		0.239631
139		0.239631
139.1		0.239999
139.2		0.239999
139.3		0.239999
139.4		0.239999
139.5		0.239999
139.6		0.239999
139.7		0.239999
139.8		0.239999
139.9		0.239999
140		0.239999
140.1		0.244755
140.2		0.244755
140.3		0.244755
140.4		0.244755
140.5		0.244755
140.6		0.244755
140.7		0.244755
140.8		0.244755
140.9		0.244755
141		0.244755
141.1		0.247564
141.2		0.247564
141.3		0.247564
141.4		0.247564
141.5		0.247564
141.6		0.247564
141.7		0.247564
141.8		0.247564
141.9		0.247564
142		0.247564
142.1		0.248999
142.2		0.248999
142.3		0.248999
142.4		0.248999
142.5		0.248999
142.6		0.248999
142.7		0.248999
142.8		0.248999
142.9		0.248999
143		0.248999
143.1		0.251119
143.2		0.251119
143.3		0.251119
143.4		0.251119
143.5		0.251119
143.6		0.251119
143.7		0.251119
143.8		0.251119
143.9		0.251119
144		0.251119
144.1		0.252847
144.2		0.252847
144.3		0.252847
144.4		0.252847
144.5		0.252847
144.6		0.252847
144.7		0.252847
144.8		0.252847
144.9		0.252847
145		0.252847
145.1		0.253834
145.2		0.253834
145.3		0.253834
145.4		0.253834
145.5		0.253834
145.6		0.253834
145.7		0.253834
145.8		0.253834
145.9		0.253834
146		0.253834
146.1		0.254194
146.2		0.254194
146.3		0.254194
146.4		0.254194
146.5		0.254194
146.6		0.254194
146.7		0.254194
146.8		0.254194
146.9		0.254194
147		0.254194
147.1		0.26053
147.2		0.26053
147.3		0.26053
147.4		0.26053
147.5		0.26053
147.6		0.26053
147.7		0.26053
147.8		0.26053
147.9		0.26053
148		0.26053
148.1		0.261105
148.2		0.261105
148.3		0.261105
148.4		0.261105
148.5		0.261105
148.6		0.261105
148.7		0.261105
148.8		0.261105
148.9		0.261105
149		0.261105
149.1		0.26221
149.2		0.26221
149.3		0.26221
149.4		0.26221
149.5		0.26221
149.6		0.26221
149.7		0.26221
149.8		0.26221
149.9		0.26221
150		0.26221
150.1		0.264506
150.2		0.264506
150.3		0.264506
150.4		0.264506
150.5		0.264506
150.6		0.264506
150.7		0.264506
150.8		0.264506
150.9		0.264506
151		0.264506
151.1		0.265619
151.2		0.265619
151.3		0.265619
151.4		0.265619
151.5		0.265619
151.6		0.265619
151.7		0.265619
151.8		0.265619
151.9		0.265619
152		0.265619
152.1		0.268844
152.2		0.268844
152.3		0.268844
152.4		0.268844
152.5		0.268844
152.6		0.268844
152.7		0.268844
152.8		0.268844
152.9		0.268844
153		0.268844
153.1		0.269834
153.2		0.269834
153.3		0.269834
153.4		0.269834
153.5		0.269834
153.6		0.269834
153.7		0.269834
153.8		0.269834
153.9		0.269834
154		0.269834
154.1		0.270548
154.2		0.270548
154.3		0.270548
154.4		0.270548
154.5		0.270548
154.6		0.270548
154.7		0.270548
154.8		0.270548
154.9		0.270548
155		0.270548
155.1		0.272692
155.2		0.272692
155.3		0.272692
155.4		0.272692
155.5		0.272692
155.6		0.272692
155.7		0.272692
155.8		0.272692
155.9		0.272692
156		0.272692
156.1		0.275789
156.2		0.275789
156.3		0.275789
156.4		0.275789
156.5		0.275789
156.6		0.275789
156.7		0.275789
156.8		0.275789
156.9		0.275789
157		0.275789
157.1		0.278738
157.2		0.278738
157.3		0.278738
157.4		0.278738
157.5		0.278738
157.6		0.278738
157.7		0.278738
157.8		0.278738
157.9		0.278738
158		0.278738
158.1		0.280857
158.2		0.280857
158.3		0.280857
158.4		0.280857
158.5		0.280857
158.6		0.280857
158.7		0.280857
158.8		0.280857
158.9		0.280857
159		0.280857
159.1		0.282792
159.2		0.282792
159.3		0.282792
159.4		0.282792
159.5		0.282792
159.6		0.282792
159.7		0.282792
159.8		0.282792
159.9		0.282792
160		0.282792
160.1		0.284047
160.2		0.284047
160.3		0.284047
160.4		0.284047
160.5		0.284047
160.6		0.284047
160.7		0.284047
160.8		0.284047
160.9		0.284047
161		0.284047
161.1		0.284445
161.2		0.284445
161.3		0.284445
161.4		0.284445
161.5		0.284445
161.6		0.284445
161.7		0.284445
161.8		0.284445
161.9		0.284445
162		0.284445
162.1		0.290887
162.2		0.290887
162.3		0.290887
162.4		0.290887
162.5		0.290887
162.6		0.290887
162.7		0.290887
162.8		0.290887
162.9		0.290887
163		0.290887
163.1		0.292094
163.2		0.292094
163.3		0.292094
163.4		0.292094
163.5		0.292094
163.6		0.292094
163.7		0.292094
163.8		0.292094
163.9		0.292094
164		0.292094
164.1		0.292516
164.2		0.292516
164.3		0.292516
164.4		0.292516
164.5		0.292516
164.6		0.292516
164.7		0.292516
164.8		0.292516
164.9		0.292516
165		0.292516
165.1		0.293575
165.2		0.293575
165.3		0.293575
165.4		0.293575
165.5		0.293575
165.6		0.293575
165.7		0.293575
165.8		0.293575
165.9		0.293575
166		0.293575
166.1		0.294928
166.2		0.294928
166.3		0.294928
166.4		0.294928
166.5		0.294928
166.6		0.294928
166.7		0.294928
166.8		0.294928
166.9		0.294928
167		0.294928
167.1		0.297772
167.2		0.297772
167.3		0.297772
167.4		0.297772
167.5		0.297772
167.6		0.297772
167.7		0.297772
167.8		0.297772
167.9		0.297772
168		0.297772
168.1		0.298651
168.2		0.298651
168.3		0.298651
168.4		0.298651
168.5		0.298651
168.6		0.298651
168.7		0.298651
168.8		0.298651
168.9		0.298651
169		0.298651
169.1		0.299794
169.2		0.299794
169.3		0.299794
169.4		0.299794
169.5		0.299794
169.6		0.299794
169.7		0.299794
169.8		0.299794
169.9		0.299794
170		0.299794
170.1		0.304168
170.2		0.304168
170.3		0.304168
170.4		0.304168
170.5		0.304168
170.6		0.304168
170.7		0.304168
170.8		0.304168
170.9		0.304168
171		0.304168
171.1		0.30497
171.2		0.30497
171.3		0.30497
171.4		0.30497
171.5		0.30497
171.6		0.30497
171.7		0.30497
171.8		0.30497
171.9		0.30497
172		0.30497
172.1		0.305786
172.2		0.305786
172.3		0.305786
172.4		0.305786
172.5		0.305786
172.6		0.305786
172.7		0.305786
172.8		0.305786
172.9		0.305786
173		0.305786
173.1		0.308479
173.2		0.308479
173.3		0.308479
173.4		0.308479
173.5		0.308479
173.6		0.308479
173.7		0.308479
173.8		0.308479
173.9		0.308479
174		0.308479
174.1		0.30874
174.2		0.30874
174.3		0.30874
174.4		0.30874
174.5		0.30874
174.6		0.30874
174.7		0.30874
174.8		0.30874
174.9		0.30874
175		0.30874
175.1		0.314093
175.2		0.314093
175.3		0.314093
175.4		0.314093
175.5		0.314093
175.6		0.314093
175.7		0.314093
175.8		0.314093
175.9		0.314093
176		0.314093
176.1		0.315145
176.2		0.315145
176.3		0.315145
176.4		0.315145
176.5		0.315145
176.6		0.315145
176.7		0.315145
176.8		0.315145
176.9		0.315145
177		0.315145
177.1		0.315925
177.2		0.315925
177.3		0.315925
177.4		0.315925
177.5		0.315925
177.6		0.315925
177.7		0.315925
177.8		0.315925
177.9		0.315925
178		0.315925
178.1		0.316381
178.2		0.316381
178.3		0.316381
178.4		0.316381
178.5		0.316381
178.6		0.316381
178.7		0.316381
178.8		0.316381
178.9		0.316381
179		0.316381
179.1		0.320078
179.2		0.320078
179.3		0.320078
179.4		0.320078
179.5		0.320078
179.6		0.320078
179.7		0.320078
179.8		0.320078
179.9		0.320078
180		0.320078
180.1		0.320568
180.2		0.320568
180.3		0.320568
180.4		0.320568
180.5		0.320568
180.6		0.320568
180.7		0.320568
180.8		0.320568
180.9		0.320568
181		0.320568
181.1		0.325844
181.2		0.325844
181.3		0.325844
181.4		0.325844
181.5		0.325844
181.6		0.325844
181.7		0.325844
181.8		0.325844
181.9		0.325844
182		0.325844
182.1		0.326848
182.2		0.326848
182.3		0.326848
182.4		0.326848
182.5		0.326848
182.6		0.326848
182.7		0.326848
182.8		0.326848
182.9		0.326848
183		0.326848
183.1		0.327906
183.2		0.327906
183.3		0.327906
183.4		0.327906
183.5		0.327906
183.6		0.327906
183.7		0.327906
183.8		0.327906
183.9		0.327906
184		0.327906
184.1		0.330772
184.2		0.330772
184.3		0.330772
184.4		0.330772
184.5		0.330772
184.6		0.330772
184.7		0.330772
184.8		0.330772
184.9		0.330772
185		0.330772
185.1		0.331404
185.2		0.331404
185.3		0.331404
185.4		0.331404
185.5		0.331404
185.6		0.331404
185.7		0.331404
185.8		0.331404
185.9		0.331404
186		0.331404
186.1		0.331617
186.2		0.331617
186.3		0.331617
186.4		0.331617
186.5		0.331617
186.6		0.331617
186.7		0.331617
186.8		0.331617
186.9		0.331617
187		0.331617
187.1		0.333972
187.2		0.333972
187.3		0.333972
187.4		0.333972
187.5		0.333972
187.6		0.333972
187.7		0.333972
187.8		0.333972
187.9		0.333972
188		0.333972
188.1		0.336687
188.2		0.336687
188.3		0.336687
188.4		0.336687
188.5		0.336687
188.6		0.336687
188.7		0.336687
188.8		0.336687
188.9		0.336687
189		0.336687
189.1		0.339161
189.2		0.339161
189.3		0.339161
189.4		0.339161
189.5		0.339161
189.6		0.339161
189.7		0.339161
189.8		0.339161
189.9		0.339161
190		0.339161
190.1		0.341049
190.2		0.341049
190.3		0.341049
190.4		0.341049
190.5		0.341049
190.6		0.341049
190.7		0.341049
190.8		0.341049
190.9		0.341049
191		0.341049
191.1		0.341421
191.2		0.341421
191.3		0.341421
191.4		0.341421
191.5		0.341421
191.6		0.341421
191.7		0.341421
191.8		0.341421
191.9		0.341421
192		0.341421
192.1		0.34485
192.2		0.34485
192.3		0.34485
192.4		0.34485
192.5		0.34485
192.6		0.34485
192.7		0.34485
192.8		0.34485
192.9		0.34485
193		0.34485
193.1		0.347253
193.2		0.347253
193.3		0.347253
193.4		0.347253
193.5		0.347253
193.6		0.347253
193.7		0.347253
193.8		0.347253
193.9		0.347253
194		0.347253
194.1		0.347943
194.2		0.347943
194.3		0.347943
194.4		0.347943
194.5		0.347943
194.6		0.347943
194.7		0.347943
194.8		0.347943
194.9		0.347943
195		0.347943
195.1		0.350052
195.2		0.350052
195.3		0.350052
195.4		0.350052
195.5		0.350052
195.6		0.350052
195.7		0.350052
195.8		0.350052
195.9		0.350052
196		0.350052
196.1		0.353281
196.2		0.353281
196.3		0.353281
196.4		0.353281
196.5		0.353281
196.6		0.353281
196.7		0.353281
196.8		0.353281
196.9		0.353281
197		0.353281
197.1		0.353914
197.2		0.353914
197.3		0.353914
197.4		0.353914
197.5		0.353914
197.6		0.353914
197.7		0.353914
197.8		0.353914
197.9		0.353914
198		0.353914
198.1		0.355585
198.2		0.355585
198.3		0.355585
198.4		0.355585
198.5		0.355585
198.6		0.355585
198.7		0.355585
198.8		0.355585
198.9		0.355585
199		0.355585
199.1		0.358759
199.2		0.358759
199.3		0.358759
199.4		0.358759
199.5		0.358759
199.6		0.358759
199.7		0.358759
199.8		0.358759
199.9		0.358759
200		0.358759
200.1		0.360168
200.2		0.360168
200.3		0.360168
200.4		0.360168
200.5		0.360168
200.6		0.360168
200.7		0.360168
200.8		0.360168
200.9		0.360168
201		0.360168
201.1		0.363156
201.2		0.363156
201.3		0.363156
201.4		0.363156
201.5		0.363156
201.6		0.363156
201.7		0.363156
201.8		0.363156
201.9		0.363156
202		0.363156
202.1		0.365132
202.2		0.365132
202.3		0.365132
202.4		0.365132
202.5		0.365132
202.6		0.365132
202.7		0.365132
202.8		0.365132
202.9		0.365132
203		0.365132
203.1		0.366114
203.2		0.366114
203.3		0.366114
203.4		0.366114
203.5		0.366114
203.6		0.366114
203.7		0.366114
203.8		0.366114
203.9		0.366114
204		0.366114
204.1		0.366741
204.2		0.366741
204.3		0.366741
204.4		0.366741
204.5		0.366741
204.6		0.366741
204.7		0.366741
204.8		0.366741
204.9		0.366741
205		0.366741
205.1		0.368857
205.2		0.368857
205.3		0.368857
205.4		0.368857
205.5		0.368857
205.6		0.368857
205.7		0.368857
205.8		0.368857
205.9		0.368857
206		0.368857
206.1		0.373365
206.2		0.373365
206.3		0.373365
206.4		0.373365
206.5		0.373365
206.6		0.373365
206.7		0.373365
206.8		0.373365
206.9		0.373365
207		0.373365
207.1		0.373998
207.2		0.373998
207.3		0.373998
207.4		0.373998
207.5		0.373998
207.6		0.373998
207.7		0.373998
207.8		0.373998
207.9		0.373998
208		0.373998
208.1		0.376815
208.2		0.376815
208.3		0.376815
208.4		0.376815
208.5		0.376815
208.6		0.376815
208.7		0.376815
208.8		0.376815
208.9		0.376815
209		0.376815
209.1		0.378315
209.2		0.378315
209.3		0.378315
209.4		0.378315
209.5		0.378315
209.6		0.378315
209.7		0.378315
209.8		0.378315
209.9		0.378315
210		0.378315
210.1		0.378954
210.2		0.378954
210.3		0.378954
210.4		0.378954
210.5		0.378954
210.6		0.378954
210.7		0.378954
210.8		0.378954
210.9		0.378954
211		0.378954
211.1		0.379388
211.2		0.379388
211.3		0.379388
211.4		0.379388
211.5		0.379388
211.6		0.379388
211.7		0.379388
211.8		0.379388
211.9		0.379388
212		0.379388
212.1		0.3825
212.2		0.3825
212.3		0.3825
212.4		0.3825
212.5		0.3825
212.6		0.3825
212.7		0.3825
212.8		0.3825
212.9		0.3825
213		0.3825
213.1		0.384434
213.2		0.384434
213.3		0.384434
213.4		0.384434
213.5		0.384434
213.6		0.384434
213.7		0.384434
213.8		0.384434
213.9		0.384434
214		0.384434
214.1		0.388952
214.2		0.388952
214.3		0.388952
214.4		0.388952
214.5		0.388952
214.6		0.388952
214.7		0.388952
214.8		0.388952
214.9		0.388952
215		0.388952
215.1		0.389881
215.2		0.389881
215.3		0.389881
215.4		0.389881
215.5		0.389881
215.6		0.389881
215.7		0.389881
215.8		0.389881
215.9		0.389881
216		0.389881
216.1		0.390782
216.2		0.390782
216.3		0.390782
216.4		0.390782
216.5		0.390782
216.6		0.390782
216.7		0.390782
216.8		0.390782
216.9		0.390782
217		0.390782
217.1		0.391314
217.2		0.391314
217.3		0.391314
217.4		0.391314
217.5		0.391314
217.6		0.391314
217.7		0.391314
217.8		0.391314
217.9		0.391314
218		0.391314
218.1		0.395915
218.2		0.395915
218.3		0.395915
218.4		0.395915
218.5		0.395915
218.6		0.395915
218.7		0.395915
218.8		0.395915
218.9		0.395915
219		0.395915
219.1		0.397301
219.2		0.397301
219.3		0.397301
219.4		0.397301
219.5		0.397301
219.6		0.397301
219.7		0.397301
219.8		0.397301
219.9		0.397301
220		0.397301
220.1		0.399979
220.2		0.399979
220.3		0.399979
220.4		0.399979
220.5		0.399979
220.6		0.399979
220.7		0.399979
220.8		0.399979
220.9		0.399979
221		0.399979
221.1		0.401688
221.2		0.401688
221.3		0.401688
221.4		0.401688
221.5		0.401688
221.6		0.401688
221.7		0.401688
221.8		0.401688
221.9		0.401688
222		0.401688
222.1		0.402847
222.2		0.402847
222.3		0.402847
222.4		0.402847
222.5		0.402847
222.6		0.402847
222.7		0.402847
222.8		0.402847
222.9		0.402847
223		0.402847
223.1		0.404267
223.2		0.404267
223.3		0.404267
223.4		0.404267
223.5		0.404267
223.6		0.404267
223.7		0.404267
223.8		0.404267
223.9		0.404267
224		0.404267
224.1		0.405813
224.2		0.405813
224.3		0.405813
224.4		0.405813
224.5		0.405813
224.6		0.405813
224.7		0.405813
224.8		0.405813
224.9		0.405813
225		0.405813
225.1		0.407952
225.2		0.407952
225.3		0.407952
225.4		0.407952
225.5		0.407952
225.6		0.407952
225.7		0.407952
225.8		0.407952
225.9		0.407952
226		0.407952
226.1		0.412407
226.2		0.412407
226.3		0.412407
226.4		0.412407
226.5		0.412407
226.6		0.412407
226.7		0.412407
226.8		0.412407
226.9		0.412407
227		0.412407
227.1		0.412706
227.2		0.412706
227.3		0.412706
227.4		0.412706
227.5		0.412706
227.6		0.412706
227.7		0.412706
227.8		0.412706
227.9		0.412706
228		0.412706
228.1		0.41496
228.2		0.41496
228.3		0.41496
228.4		0.41496
228.5		0.41496
228.6		0.41496
228.7		0.41496
228.8		0.41496
228.9		0.41496
229		0.41496
229.1		0.416337
229.2		0.416337
229.3		0.416337
229.4		0.416337
229.5		0.416337
229.6		0.416337
229.7		0.416337
229.8		0.416337
229.9		0.416337
230		0.416337
230.1		0.417085
230.2		0.417085
230.3		0.417085
230.4		0.417085
230.5		0.417085
230.6		0.417085
230.7		0.417085
230.8		0.417085
230.9		0.417085
231		0.417085
231.1		0.422874
231.2		0.422874
231.3		0.422874
231.4		0.422874
231.5		0.422874
231.6		0.422874
231.7		0.422874
231.8		0.422874
231.9		0.422874
232		0.422874
232.1		0.423083
232.2		0.423083
232.3		0.423083
232.4		0.423083
232.5		0.423083
232.6		0.423083
232.7		0.423083
232.8		0.423083
232.9		0.423083
233		0.423083
233.1		0.42448
233.2		0.42448
233.3		0.42448
233.4		0.42448
233.5		0.42448
233.6		0.42448
233.7		0.42448
233.8		0.42448
233.9		0.42448
234		0.42448
234.1		0.425228
234.2		0.425228
234.3		0.425228
234.4		0.425228
234.5		0.425228
234.6		0.425228
234.7		0.425228
234.8		0.425228
234.9		0.425228
235		0.425228
235.1		0.426006
235.2		0.426006
235.3		0.426006
235.4		0.426006
235.5		0.426006
235.6		0.426006
235.7		0.426006
235.8		0.426006
235.9		0.426006
236		0.426006
236.1		0.42732
236.2		0.42732
236.3		0.42732
236.4		0.42732
236.5		0.42732
236.6		0.42732
236.7		0.42732
236.8		0.42732
236.9		0.42732
237		0.42732
237.1		0.432656
237.2		0.432656
237.3		0.432656
237.4		0.432656
237.5		0.432656
237.6		0.432656
237.7		0.432656
237.8		0.432656
237.9		0.432656
238		0.432656
238.1		0.433985
238.2		0.433985
238.3		0.433985
238.4		0.433985
238.5		0.433985
238.6		0.433985
238.7		0.433985
238.8		0.433985
238.9		0.433985
239		0.433985
239.1		0.434926
239.2		0.434926
239.3		0.434926
239.4		0.434926
239.5		0.434926
239.6		0.434926
239.7		0.434926
239.8		0.434926
239.9		0.434926
240		0.434926
240.1		0.437822
240.2		0.437822
240.3		0.437822
240.4		0.437822
240.5		0.437822
240.6		0.437822
240.7		0.437822
240.8		0.437822
240.9		0.437822
241		0.437822
241.1		0.439008
241.2		0.439008
241.3		0.439008
241.4		0.439008
241.5		0.439008
241.6		0.439008
241.7		0.439008
241.8		0.439008
241.9		0.439008
242		0.439008
242.1		0.439318
242.2		0.439318
242.3		0.439318
242.4		0.439318
242.5		0.439318
242.6		0.439318
242.7		0.439318
242.8		0.439318
242.9		0.439318
243		0.439318
243.1		0.444826
243.2		0.444826
243.3		0.444826
243.4		0.444826
243.5		0.444826
243.6		0.444826
243.7		0.444826
243.8		0.444826
243.9		0.444826
244		0.444826
244.1		0.446405
244.2		0.446405
244.3		0.446405
244.4		0.446405
244.5		0.446405
244.6		0.446405
244.7		0.446405
244.8		0.446405
244.9		0.446405
245		0.446405
245.1		0.44843
245.2		0.44843
245.3		0.44843
245.4		0.44843
245.5		0.44843
245.6		0.44843
245.7		0.44843
245.8		0.44843
245.9		0.44843
246		0.44843
246.1		0.448694
246.2		0.448694
246.3		0.448694
246.4		0.448694
246.5		0.448694
246.6		0.448694
246.7		0.448694
246.8		0.448694
246.9		0.448694
247		0.448694
247.1		0.449739
247.2		0.449739
247.3		0.449739
247.4		0.449739
247.5		0.449739
247.6		0.449739
247.7		0.449739
247.8		0.449739
247.9		0.449739
248		0.449739
248.1		0.452136
248.2		0.452136
248.3		0.452136
248.4		0.452136
248.5		0.452136
248.6		0.452136
248.7		0.452136
248.8		0.452136
248.9		0.452136
249		0.452136
249.1		0.453975
249.2		0.453975
249.3		0.453975
249.4		0.453975
249.5		0.453975
249.6		0.453975
249.7		0.453975
249.8		0.453975
249.9		0.453975
250		0.453975
250.1		0.45506
250.2		0.45506
250.3		0.45506
250.4		0.45506
250.5		0.45506
250.6		0.45506
250.7		0.45506
250.8		0.45506
250.9		0.45506
251		0.45506
251.1		0.457642
251.2		0.457642
251.3		0.457642
251.4		0.457642
251.5		0.457642
251.6		0.457642
251.7		0.457642
251.8		0.457642
251.9		0.457642
252		0.457642
252.1		0.460343
252.2		0.460343
252.3		0.460343
252.4		0.460343
252.5		0.460343
252.6		0.460343
252.7		0.460343
252.8		0.460343
252.9		0.460343
253		0.460343
253.1		0.463084
253.2		0.463084
253.3		0.463084
253.4		0.463084
253.5		0.463084
253.6		0.463084
253.7		0.463084
253.8		0.463084
253.9		0.463084
254		0.463084
254.1		0.463488
254.2		0.463488
254.3		0.463488
254.4		0.463488
254.5		0.463488
254.6		0.463488
254.7		0.463488
254.8		0.463488
254.9		0.463488
255		0.463488
255.1		0.464172
255.2		0.464172
255.3		0.464172
255.4		0.464172
255.5		0.464172
255.6		0.464172
255.7		0.464172
255.8		0.464172
255.9		0.464172
256		0.464172
256.1		0.464523
256.2		0.464523
256.3		0.464523
256.4		0.464523
256.5		0.464523
256.6		0.464523
256.7		0.464523
256.8		0.464523
256.9		0.464523
257		0.464523
257.1		0.467086
257.2		0.467086
257.3		0.467086
257.4		0.467086
257.5		0.467086
257.6		0.467086
257.7		0.467086
257.8		0.467086
257.9		0.467086
258		0.467086
258.1		0.470431
258.2		0.470431
258.3		0.470431
258.4		0.470431
258.5		0.470431
258.6		0.470431
258.7		0.470431
258.8		0.470431
258.9		0.470431
259		0.470431
259.1		0.47327
259.2		0.47327
259.3		0.47327
259.4		0.47327
259.5		0.47327
259.6		0.47327
259.7		0.47327
259.8		0.47327
259.9		0.47327
260		0.47327
260.1		0.47529
260.2		0.47529
260.3		0.47529
260.4		0.47529
260.5		0.47529
260.6		0.47529
260.7		0.47529
260.8		0.47529
260.9		0.47529
261		0.47529
261.1		0.475622
261.2		0.475622
261.3		0.475622
261.4		0.475622
261.5		0.475622
261.6		0.475622
261.7		0.475622
261.8		0.475622
261.9		0.475622
262		0.475622
262.1		0.477135
262.2		0.477135
262.3		0.477135
262.4		0.477135
262.5		0.477135
262.6		0.477135
262.7		0.477135
262.8		0.477135
262.9		0.477135
263		0.477135
263.1		0.480325
263.2		0.480325
263.3		0.480325
263.4		0.480325
263.5		0.480325
263.6		0.480325
263.7		0.480325
263.8		0.480325
263.9		0.480325
264		0.480325
264.1		0.480541
264.2		0.480541
264.3		0.480541
264.4		0.480541
264.5		0.480541
264.6		0.480541
264.7		0.480541
264.8		0.480541
264.9		0.480541
265		0.480541
265.1		0.485058
265.2		0.485058
265.3		0.485058
265.4		0.485058
265.5		0.485058
265.6		0.485058
265.7		0.485058
265.8		0.485058
265.9		0.485058
266		0.485058
266.1		0.486681
266.2		0.486681
266.3		0.486681
266.4		0.486681
266.5		0.486681
266.6		0.486681
266.7		0.486681
266.8		0.486681
266.9		0.486681
267		0.486681
267.1		0.488366
267.2		0.488366
267.3		0.488366
267.4		0.488366
267.5		0.488366
267.6		0.488366
267.7		0.488366
267.8		0.488366
267.9		0.488366
268		0.488366
268.1		0.488901
268.2		0.488901
268.3		0.488901
268.4		0.488901
268.5		0.488901
268.6		0.488901
268.7		0.488901
268.8		0.488901
268.9		0.488901
269		0.488901
269.1		0.490504
269.2		0.490504
269.3		0.490504
269.4		0.490504
269.5		0.490504
269.6		0.490504
269.7		0.490504
269.8		0.490504
269.9		0.490504
270		0.490504
270.1		0.4948
270.2		0.4948
270.3		0.4948
270.4		0.4948
270.5		0.4948
270.6		0.4948
270.7		0.4948
270.8		0.4948
270.9		0.4948
271		0.4948
271.1		0.496838
271.2		0.496838
271.3		0.496838
271.4		0.496838
271.5		0.496838
271.6		0.496838
271.7		0.496838
271.8		0.496838
271.9		0.496838
272		0.496838
272.1		0.497845
272.2		0.497845
272.3		0.497845
272.4		0.497845
272.5		0.497845
272.6		0.497845
272.7		0.497845
272.8		0.497845
272.9		0.497845
273		0.497845
273.1		0.50042
273.2		0.50042
273.3		0.50042
273.4		0.50042
273.5		0.50042
273.6		0.50042
273.7		0.50042
273.8		0.50042
273.9		0.50042
274		0.50042
274.1		0.501565
274.2		0.501565
274.3		0.501565
274.4		0.501565
274.5		0.501565
274.6		0.501565
274.7		0.501565
274.8		0.501565
274.9		0.501565
275		0.501565
275.1		0.502521
275.2		0.502521
275.3		0.502521
275.4		0.502521
275.5		0.502521
275.6		0.502521
275.7		0.502521
275.8		0.502521
275.9		0.502521
276		0.502521
276.1		0.504903
276.2		0.504903
276.3		0.504903
276.4		0.504903
276.5		0.504903
276.6		0.504903
276.7		0.504903
276.8		0.504903
276.9		0.504903
277		0.504903
277.1		0.50857
277.2		0.50857
277.3		0.50857
277.4		0.50857
277.5		0.50857
277.6		0.50857
277.7		0.50857
277.8		0.50857
277.9		0.50857
278		0.50857
278.1		0.509779
278.2		0.509779
278.3		0.509779
278.4		0.509779
278.5		0.509779
278.6		0.509779
278.7		0.509779
278.8		0.509779
278.9		0.509779
279		0.509779
279.1		0.512833
279.2		0.512833
279.3		0.512833
279.4		0.512833
279.5		0.512833
279.6		0.512833
279.7		0.512833
279.8		0.512833
279.9		0.512833
280		0.512833
280.1		0.514641
280.2		0.514641
280.3		0.514641
280.4		0.514641
280.5		0.514641
280.6		0.514641
280.7		0.514641
280.8		0.514641
280.9		0.514641
281		0.514641
281.1		0.515217
281.2		0.515217
281.3		0.515217
281.4		0.515217
281.5		0.515217
281.6		0.515217
281.7		0.515217
281.8		0.515217
281.9		0.515217
282		0.515217
282.1		0.518531
282.2		0.518531
282.3		0.518531
282.4		0.518531
282.5		0.518531
282.6		0.518531
282.7		0.518531
282.8		0.518531
282.9		0.518531
283		0.518531
283.1		0.519396
283.2		0.519396
283.3		0.519396
283.4		0.519396
283.5		0.519396
283.6		0.519396
283.7		0.519396
283.8		0.519396
283.9		0.519396
284		0.519396
284.1		0.525617
284.2		0.525617
284.3		0.525617
284.4		0.525617
284.5		0.525617
284.6		0.525617
284.7		0.525617
284.8		0.525617
284.9		0.525617
285		0.525617
285.1		0.527384
285.2		0.527384
285.3		0.527384
285.4		0.527384
285.5		0.527384
285.6		0.527384
285.7		0.527384
285.8		0.527384
285.9		0.527384
286		0.527384
286.1		0.527721
286.2		0.527721
286.3		0.527721
286.4		0.527721
286.5		0.527721
286.6		0.527721
286.7		0.527721
286.8		0.527721
286.9		0.527721
287		0.527721
287.1		0.527913
287.2		0.527913
287.3		0.527913
287.4		0.527913
287.5		0.527913
287.6		0.527913
287.7		0.527913
287.8		0.527913
287.9		0.527913
288		0.527913
288.1		0.52919
288.2		0.52919
288.3		0.52919
288.4		0.52919
288.5		0.52919
288.6		0.52919
288.7		0.52919
288.8		0.52919
288.9		0.52919
289		0.52919
289.1		0.536387
289.2		0.536387
289.3		0.536387
289.4		0.536387
289.5		0.536387
289.6		0.536387
289.7		0.536387
289.8		0.536387
289.9		0.536387
290		0.536387
290.1		0.536387
290.2		0.536387
290.3		0.536387
290.4		0.536387
290.5		0.536387
290.6		0.536387
290.7		0.536387
290.8		0.536387
290.9		0.536387
291		0.536387
291.1		0.538283
291.2		0.538283
291.3		0.538283
291.4		0.538283
291.5		0.538283
291.6		0.538283
291.7		0.538283
291.8		0.538283
291.9		0.538283
292		0.538283
292.1		0.538974
292.2		0.538974
292.3		0.538974
292.4		0.538974
292.5		0.538974
292.6		0.538974
292.7		0.538974
292.8		0.538974
292.9		0.538974
293		0.538974
293.1		0.5404
293.2		0.5404
293.3		0.5404
293.4		0.5404
293.5		0.5404
293.6		0.5404
293.7		0.5404
293.8		0.5404
293.9		0.5404
294		0.5404
294.1		0.543532
294.2		0.543532
294.3		0.543532
294.4		0.543532
294.5		0.543532
294.6		0.543532
294.7		0.543532
294.8		0.543532
294.9		0.543532
295		0.543532
295.1		0.54612
295.2		0.54612
295.3		0.54612
295.4		0.54612
295.5		0.54612
295.6		0.54612
295.7		0.54612
295.8		0.54612
295.9		0.54612
296		0.54612
296.1		0.551575
296.2		0.551575
296.3		0.551575
296.4		0.551575
296.5		0.551575
296.6		0.551575
296.7		0.551575
296.8		0.551575
296.9		0.551575
297		0.551575
297.1		0.553591
297.2		0.553591
297.3		0.553591
297.4		0.553591
297.5		0.553591
297.6		0.553591
297.7		0.553591
297.8		0.553591
297.9		0.553591
298		0.553591
298.1		0.555652
298.2		0.555652
298.3		0.555652
298.4		0.555652
298.5		0.555652
298.6		0.555652
298.7		0.555652
298.8		0.555652
298.9		0.555652
299		0.555652
299.1		0.557587
299.2		0.557587
299.3		0.557587
299.4		0.557587
299.5		0.557587
299.6		0.557587
299.7		0.557587
299.8		0.557587
299.9		0.557587
300		0.557587
300.1		0.561532
300.2		0.561532
300.3		0.561532
300.4		0.561532
300.5		0.561532
300.6		0.561532
300.7		0.561532
300.8		0.561532
300.9		0.561532
301		0.561532
301.1		0.562498
301.2		0.562498
301.3		0.562498
301.4		0.562498
301.5		0.562498
301.6		0.562498
301.7		0.562498
301.8		0.562498
301.9		0.562498
302		0.562498
302.1		0.564536
302.2		0.564536
302.3		0.564536
302.4		0.564536
302.5		0.564536
302.6		0.564536
302.7		0.564536
302.8		0.564536
302.9		0.564536
303		0.564536
303.1		0.568122
303.2		0.568122
303.3		0.568122
303.4		0.568122
303.5		0.568122
303.6		0.568122
303.7		0.568122
303.8		0.568122
303.9		0.568122
304		0.568122
304.1		0.568889
304.2		0.568889
304.3		0.568889
304.4		0.568889
304.5		0.568889
304.6		0.568889
304.7		0.568889
304.8		0.568889
304.9		0.568889
305		0.568889
305.1		0.570373
305.2		0.570373
305.3		0.570373
305.4		0.570373
305.5		0.570373
305.6		0.570373
305.7		0.570373
305.8		0.570373
305.9		0.570373
306		0.570373
306.1		0.572661
306.2		0.572661
306.3		0.572661
306.4		0.572661
306.5		0.572661
306.6		0.572661
306.7		0.572661
306.8		0.572661
306.9		0.572661
307		0.572661
307.1		0.572985
307.2		0.572985
307.3		0.572985
307.4		0.572985
307.5		0.572985
307.6		0.572985
307.7		0.572985
307.8		0.572985
307.9		0.572985
308		0.572985
308.1		0.575954
308.2		0.575954
308.3		0.575954
308.4		0.575954
308.5		0.575954
308.6		0.575954
308.7		0.575954
308.8		0.575954
308.9		0.575954
309		0.575954
309.1		0.577272
309.2		0.577272
309.3		0.577272
309.4		0.577272
309.5		0.577272
309.6		0.577272
309.7		0.577272
309.8		0.577272
309.9		0.577272
310		0.577272
310.1		0.581358
310.2		0.581358
310.3		0.581358
310.4		0.581358
310.5		0.581358
310.6		0.581358
310.7		0.581358
310.8		0.581358
310.9		0.581358
311		0.581358
311.1		0.582233
311.2		0.582233
311.3		0.582233
311.4		0.582233
311.5		0.582233
311.6		0.582233
311.7		0.582233
311.8		0.582233
311.9		0.582233
312		0.582233
312.1		0.584646
312.2		0.584646
312.3		0.584646
312.4		0.584646
312.5		0.584646
312.6		0.584646
312.7		0.584646
312.8		0.584646
312.9		0.584646
313		0.584646
313.1		0.586701
313.2		0.586701
313.3		0.586701
313.4		0.586701
313.5		0.586701
313.6		0.586701
313.7		0.586701
313.8		0.586701
313.9		0.586701
314		0.586701
314.1		0.586963
314.2		0.586963
314.3		0.586963
314.4		0.586963
314.5		0.586963
314.6		0.586963
314.7		0.586963
314.8		0.586963
314.9		0.586963
315		0.586963
315.1		0.590791
315.2		0.590791
315.3		0.590791
315.4		0.590791
315.5		0.590791
315.6		0.590791
315.7		0.590791
315.8		0.590791
315.9		0.590791
316		0.590791
316.1		0.592374
316.2		0.592374
316.3		0.592374
316.4		0.592374
316.5		0.592374
316.6		0.592374
316.7		0.592374
316.8		0.592374
316.9		0.592374
317		0.592374
317.1		0.594436
317.2		0.594436
317.3		0.594436
317.4		0.594436
317.5		0.594436
317.6		0.594436
317.7		0.594436
317.8		0.594436
317.9		0.594436
318		0.594436
318.1		0.594656
318.2		0.594656
318.3		0.594656
318.4		0.594656
318.5		0.594656
318.6		0.594656
318.7		0.594656
318.8		0.594656
318.9		0.594656
319		0.594656
319.1		0.599361
319.2		0.599361
319.3		0.599361
319.4		0.599361
319.5		0.599361
319.6		0.599361
319.7		0.599361
319.8		0.599361
319.9		0.599361
320		0.599361
320.1		0.600659
320.2		0.600659
320.3		0.600659
320.4		0.600659
320.5		0.600659
320.6		0.600659
320.7		0.600659
320.8		0.600659
320.9		0.600659
321		0.600659
321.1		0.603579
321.2		0.603579
321.3		0.603579
321.4		0.603579
321.5		0.603579
321.6		0.603579
321.7		0.603579
321.8		0.603579
321.9		0.603579
322		0.603579
322.1		0.603723
322.2		0.603723
322.3		0.603723
322.4		0.603723
322.5		0.603723
322.6		0.603723
322.7		0.603723
322.8		0.603723
322.9		0.603723
323		0.603723
323.1		0.605587
323.2		0.605587
323.3		0.605587
323.4		0.605587
323.5		0.605587
323.6		0.605587
323.7		0.605587
323.8		0.605587
323.9		0.605587
324		0.605587
324.1		0.607552
324.2		0.607552
324.3		0.607552
324.4		0.607552
324.5		0.607552
324.6		0.607552
324.7		0.607552
324.8		0.607552
324.9		0.607552
325		0.607552
325.1		0.611558
325.2		0.611558
325.3		0.611558
325.4		0.611558
325.5		0.611558
325.6		0.611558
325.7		0.611558
325.8		0.611558
325.9		0.611558
326		0.611558
326.1		0.61201
326.2		0.61201
326.3		0.61201
326.4		0.61201
326.5		0.61201
326.6		0.61201
326.7		0.61201
326.8		0.61201
326.9		0.61201
327		0.61201
327.1		0.613178
327.2		0.613178
327.3		0.613178
327.4		0.613178
327.5		0.613178
327.6		0.613178
327.7		0.613178
327.8		0.613178
327.9		0.613178
328		0.613178
328.1		0.615187
328.2		0.615187
328.3		0.615187
328.4		0.615187
328.5		0.615187
328.6		0.615187
328.7		0.615187
328.8		0.615187
328.9		0.615187
329		0.615187
329.1		0.618199
329.2		0.618199
329.3		0.618199
329.4		0.618199
329.5		0.618199
329.6		0.618199
329.7		0.618199
329.8		0.618199
329.9		0.618199
330		0.618199
330.1		0.619109
330.2		0.619109
330.3		0.619109
330.4		0.619109
330.5		0.619109
330.6		0.619109
330.7		0.619109
330.8		0.619109
330.9		0.619109
331		0.619109
331.1		0.623735
331.2		0.623735
331.3		0.623735
331.4		0.623735
331.5		0.623735
331.6		0.623735
331.7		0.623735
331.8		0.623735
331.9		0.623735
332		0.623735
332.1		0.623999
332.2		0.623999
332.3		0.623999
332.4		0.623999
332.5		0.623999
332.6		0.623999
332.7		0.623999
332.8		0.623999
332.9		0.623999
333		0.623999
333.1		0.626114
333.2		0.626114
333.3		0.626114
333.4		0.626114
333.5		0.626114
333.6		0.626114
333.7		0.626114
333.8		0.626114
333.9		0.626114
334		0.626114
334.1		0.626906
334.2		0.626906
334.3		0.626906
334.4		0.626906
334.5		0.626906
334.6		0.626906
334.7		0.626906
334.8		0.626906
334.9		0.626906
335		0.626906
335.1		0.628724
335.2		0.628724
335.3		0.628724
335.4		0.628724
335.5		0.628724
335.6		0.628724
335.7		0.628724
335.8		0.628724
335.9		0.628724
336		0.628724
336.1		0.63242
336.2		0.63242
336.3		0.63242
336.4		0.63242
336.5		0.63242
336.6		0.63242
336.7		0.63242
336.8		0.63242
336.9		0.63242
337		0.63242
337.1		0.634256
337.2		0.634256
337.3		0.634256
337.4		0.634256
337.5		0.634256
337.6		0.634256
337.7		0.634256
337.8		0.634256
337.9		0.634256
338		0.634256
338.1		0.635421
338.2		0.635421
338.3		0.635421
338.4		0.635421
338.5		0.635421
338.6		0.635421
338.7		0.635421
338.8		0.635421
338.9		0.635421
339		0.635421
339.1		0.638158
339.2		0.638158
339.3		0.638158
339.4		0.638158
339.5		0.638158
339.6		0.638158
339.7		0.638158
339.8		0.638158
339.9		0.638158
340		0.638158
340.1		0.643598
340.2		0.643598
340.3		0.643598
340.4		0.643598
340.5		0.643598
340.6		0.643598
340.7		0.643598
340.8		0.643598
340.9		0.643598
341		0.643598
341.1		0.645801
341.2		0.645801
341.3		0.645801
341.4		0.645801
341.5		0.645801
341.6		0.645801
341.7		0.645801
341.8		0.645801
341.9		0.645801
342		0.645801
342.1		0.647476
342.2		0.647476
342.3		0.647476
342.4		0.647476
342.5		0.647476
342.6		0.647476
342.7		0.647476
342.8		0.647476
342.9		0.647476
343		0.647476
343.1		0.648963
343.2		0.648963
343.3		0.648963
343.4		0.648963
343.5		0.648963
343.6		0.648963
343.7		0.648963
343.8		0.648963
343.9		0.648963
344		0.648963
344.1		0.649491
344.2		0.649491
344.3		0.649491
344.4		0.649491
344.5		0.649491
344.6		0.649491
344.7		0.649491
344.8		0.649491
344.9		0.649491
345		0.649491
345.1		0.649918
345.2		0.649918
345.3		0.649918
345.4		0.649918
345.5		0.649918
345.6		0.649918
345.7		0.649918
345.8		0.649918
345.9		0.649918
346		0.649918
346.1		0.654215
346.2		0.654215
346.3		0.654215
346.4		0.654215
346.5		0.654215
346.6		0.654215
346.7		0.654215
346.8		0.654215
346.9		0.654215
347		0.654215
347.1		0.656291
347.2		0.656291
347.3		0.656291
347.4		0.656291
347.5		0.656291
347.6		0.656291
347.7		0.656291
347.8		0.656291
347.9		0.656291
348		0.656291
348.1		0.656413
348.2		0.656413
348.3		0.656413
348.4		0.656413
348.5		0.656413
348.6		0.656413
348.7		0.656413
348.8		0.656413
348.9		0.656413
349		0.656413
349.1		0.656506
349.2		0.656506
349.3		0.656506
349.4		0.656506
349.5		0.656506
349.6		0.656506
349.7		0.656506
349.8		0.656506
349.9		0.656506
350		0.656506
350.1		0.659129
350.2		0.659129
350.3		0.659129
350.4		0.659129
350.5		0.659129
350.6		0.659129
350.7		0.659129
350.8		0.659129
350.9		0.659129
351		0.659129
351.1		0.660581
351.2		0.660581
351.3		0.660581
351.4		0.660581
351.5		0.660581
351.6		0.660581
351.7		0.660581
351.8		0.660581
351.9		0.660581
352		0.660581
352.1		0.667232
352.2		0.667232
352.3		0.667232
352.4		0.667232
352.5		0.667232
352.6		0.667232
352.7		0.667232
352.8		0.667232
352.9		0.667232
353		0.667232
353.1		0.667914
353.2		0.667914
353.3		0.667914
353.4		0.667914
353.5		0.667914
353.6		0.667914
353.7		0.667914
353.8		0.667914
353.9		0.667914
354		0.667914
354.1		0.668498
354.2		0.668498
354.3		0.668498
354.4		0.668498
354.5		0.668498
354.6		0.668498
354.7		0.668498
354.8		0.668498
354.9		0.668498
355		0.668498
355.1		0.671808
355.2		0.671808
355.3		0.671808
355.4		0.671808
355.5		0.671808
355.6		0.671808
355.7		0.671808
355.8		0.671808
355.9		0.671808
356		0.671808
356.1		0.675903
356.2		0.675903
356.3		0.675903
356.4		0.675903
356.5		0.675903
356.6		0.675903
356.7		0.675903
356.8		0.675903
356.9		0.675903
357		0.675903
357.1		0.678139
357.2		0.678139
357.3		0.678139
357.4		0.678139
357.5		0.678139
357.6		0.678139
357.7		0.678139
357.8		0.678139
357.9		0.678139
358		0.678139
358.1		0.681355
358.2		0.681355
358.3		0.681355
358.4		0.681355
358.5		0.681355
358.6		0.681355
358.7		0.681355
358.8		0.681355
358.9		0.681355
359		0.681355
359.1		0.681644
359.2		0.681644
359.3		0.681644
359.4		0.681644
359.5		0.681644
359.6		0.681644
359.7		0.681644
359.8		0.681644
359.9		0.681644
360		0.681644
360.1		0.686556
360.2		0.686556
360.3		0.686556
360.4		0.686556
360.5		0.686556
360.6		0.686556
360.7		0.686556
360.8		0.686556
360.9		0.686556
361		0.686556
361.1		0.687108
361.2		0.687108
361.3		0.687108
361.4		0.687108
361.5		0.687108
361.6		0.687108
361.7		0.687108
361.8		0.687108
361.9		0.687108
362		0.687108
362.1		0.687994
362.2		0.687994
362.3		0.687994
362.4		0.687994
362.5		0.687994
362.6		0.687994
362.7		0.687994
362.8		0.687994
362.9		0.687994
363		0.687994
363.1		0.69253
363.2		0.69253
363.3		0.69253
363.4		0.69253
363.5		0.69253
363.6		0.69253
363.7		0.69253
363.8		0.69253
363.9		0.69253
364		0.69253
364.1		0.693894
364.2		0.693894
364.3		0.693894
364.4		0.693894
364.5		0.693894
364.6		0.693894
364.7		0.693894
364.8		0.693894
364.9		0.693894
365		0.693894
365.1		0.695135
365.2		0.695135
365.3		0.695135
365.4		0.695135
365.5		0.695135
365.6		0.695135
365.7		0.695135
365.8		0.695135
365.9		0.695135
366		0.695135
366.1		0.696072
366.2		0.696072
366.3		0.696072
366.4		0.696072
366.5		0.696072
366.6		0.696072
366.7		0.696072
366.8		0.696072
366.9		0.696072
367		0.696072
367.1		0.698366
367.2		0.698366
367.3		0.698366
367.4		0.698366
367.5		0.698366
367.6		0.698366
367.7		0.698366
367.8		0.698366
367.9		0.698366
368		0.698366
368.1		0.700857
368.2		0.700857
368.3		0.700857
368.4		0.700857
368.5		0.700857
368.6		0.700857
368.7		0.700857
368.8		0.700857
368.9		0.700857
369		0.700857
369.1		0.70468
369.2		0.70468
369.3		0.70468
369.4		0.70468
369.5		0.70468
369.6		0.70468
369.7		0.70468
369.8		0.70468
369.9		0.70468
370		0.70468
370.1		0.70655
370.2		0.70655
370.3		0.70655
370.4		0.70655
370.5		0.70655
370.6		0.70655
370.7		0.70655
370.8		0.70655
370.9		0.70655
371		0.70655
371.1		0.707802
371.2		0.707802
371.3		0.707802
371.4		0.707802
371.5		0.707802
371.6		0.707802
371.7		0.707802
371.8		0.707802
371.9		0.707802
372		0.707802
372.1		0.710113
372.2		0.710113
372.3		0.710113
372.4		0.710113
372.5		0.710113
372.6		0.710113
372.7		0.710113
372.8		0.710113
372.9		0.710113
373		0.710113
373.1		0.710718
373.2		0.710718
373.3		0.710718
373.4		0.710718
373.5		0.710718
373.6		0.710718
373.7		0.710718
373.8		0.710718
373.9		0.710718
374		0.710718
374.1		0.711967
374.2		0.711967
374.3		0.711967
374.4		0.711967
374.5		0.711967
374.6		0.711967
374.7		0.711967
374.8		0.711967
374.9		0.711967
375		0.711967
375.1		0.714876
375.2		0.714876
375.3		0.714876
375.4		0.714876
375.5		0.714876
375.6		0.714876
375.7		0.714876
375.8		0.714876
375.9		0.714876
376		0.714876
376.1		0.717153
376.2		0.717153
376.3		0.717153
376.4		0.717153
376.5		0.717153
376.6		0.717153
376.7		0.717153
376.8		0.717153
376.9		0.717153
377		0.717153
377.1		0.720329
377.2		0.720329
377.3		0.720329
377.4		0.720329
377.5		0.720329
377.6		0.720329
377.7		0.720329
377.8		0.720329
377.9		0.720329
378		0.720329
378.1		0.72056
378.2		0.72056
378.3		0.72056
378.4		0.72056
378.5		0.72056
378.6		0.72056
378.7		0.72056
378.8		0.72056
378.9		0.72056
379		0.72056
379.1		0.721226
379.2		0.721226
379.3		0.721226
379.4		0.721226
379.5		0.721226
379.6		0.721226
379.7		0.721226
379.8		0.721226
379.9		0.721226
380		0.721226
380.1		0.721535
380.2		0.721535
380.3		0.721535
380.4		0.721535
380.5		0.721535
380.6		0.721535
380.7		0.721535
380.8		0.721535
380.9		0.721535
381		0.721535
381.1		0.72534
381.2		0.72534
381.3		0.72534
381.4		0.72534
381.5		0.72534
381.6		0.72534
381.7		0.72534
381.8		0.72534
381.9		0.72534
382		0.72534
382.1		0.730108
382.2		0.730108
382.3		0.730108
382.4		0.730108
382.5		0.730108
382.6		0.730108
382.7		0.730108
382.8		0.730108
382.9		0.730108
383		0.730108
383.1		0.731433
383.2		0.731433
383.3		0.731433
383.4		0.731433
383.5		0.731433
383.6		0.731433
383.7		0.731433
383.8		0.731433
383.9		0.731433
384		0.731433
384.1		0.731737
384.2		0.731737
384.3		0.731737
384.4		0.731737
384.5		0.731737
384.6		0.731737
384.7		0.731737
384.8		0.731737
384.9		0.731737
385		0.731737
385.1		0.731986
385.2		0.731986
385.3		0.731986
385.4		0.731986
385.5		0.731986
385.6		0.731986
385.7		0.731986
385.8		0.731986
385.9		0.731986
386		0.731986
386.1		0.734719
386.2		0.734719
386.3		0.734719
386.4		0.734719
386.5		0.734719
386.6		0.734719
386.7		0.734719
386.8		0.734719
386.9		0.734719
387		0.734719
387.1		0.739449
387.2		0.739449
387.3		0.739449
387.4		0.739449
387.5		0.739449
387.6		0.739449
387.7		0.739449
387.8		0.739449
387.9		0.739449
388		0.739449
388.1		0.739908
388.2		0.739908
388.3		0.739908
388.4		0.739908
388.5		0.739908
388.6		0.739908
388.7		0.739908
388.8		0.739908
388.9		0.739908
389		0.739908
389.1		0.741341
389.2		0.741341
389.3		0.741341
389.4		0.741341
389.5		0.741341
389.6		0.741341
389.7		0.741341
389.8		0.741341
389.9		0.741341
390		0.741341
390.1		0.743019
390.2		0.743019
390.3		0.743019
390.4		0.743019
390.5		0.743019
390.6		0.743019
390.7		0.743019
390.8		0.743019
390.9		0.743019
391		0.743019
391.1		0.744593
391.2		0.744593
391.3		0.744593
391.4		0.744593
391.5		0.744593
391.6		0.744593
391.7		0.744593
391.8		0.744593
391.9		0.744593
392		0.744593
392.1		0.746262
392.2		0.746262
392.3		0.746262
392.4		0.746262
392.5		0.746262
392.6		0.746262
392.7		0.746262
392.8		0.746262
392.9		0.746262
393		0.746262
393.1		0.751628
393.2		0.751628
393.3		0.751628
393.4		0.751628
393.5		0.751628
393.6		0.751628
393.7		0.751628
393.8		0.751628
393.9		0.751628
394		0.751628
394.1		0.752287
394.2		0.752287
394.3		0.752287
394.4		0.752287
394.5		0.752287
394.6		0.752287
394.7		0.752287
394.8		0.752287
394.9		0.752287
395		0.752287
395.1		0.752672
395.2		0.752672
395.3		0.752672
395.4		0.752672
395.5		0.752672
395.6		0.752672
395.7		0.752672
395.8		0.752672
395.9		0.752672
396		0.752672
396.1		0.756587
396.2		0.756587
396.3		0.756587
396.4		0.756587
396.5		0.756587
396.6		0.756587
396.7		0.756587
396.8		0.756587
396.9		0.756587
397		0.756587
397.1		0.756852
397.2		0.756852
397.3		0.756852
397.4		0.756852
397.5		0.756852
397.6		0.756852
397.7		0.756852
397.8		0.756852
397.9		0.756852
398		0.756852
398.1		0.757572
398.2		0.757572
398.3		0.757572
398.4		0.757572
398.5		0.757572
398.6		0.757572
398.7		0.757572
398.8		0.757572
398.9		0.757572
399		0.757572
399.1		0.762772
399.2		0.762772
399.3		0.762772
399.4		0.762772
399.5		0.762772
399.6		0.762772
399.7		0.762772
399.8		0.762772
399.9		0.762772
400		0.762772
400.1		0.764432
400.2		0.764432
400.3		0.764432
400.4		0.764432
400.5		0.764432
400.6		0.764432
400.7		0.764432
400.8		0.764432
400.9		0.764432
401		0.764432
401.1		0.766406
401.2		0.766406
401.3		0.766406
401.4		0.766406
401.5		0.766406
401.6		0.766406
401.7		0.766406
401.8		0.766406
401.9		0.766406
402		0.766406
402.1		0.766817
402.2		0.766817
402.3		0.766817
402.4		0.766817
402.5		0.766817
402.6		0.766817
402.7		0.766817
402.8		0.766817
402.9		0.766817
403		0.766817
403.1		0.767585
403.2		0.767585
403.3		0.767585
403.4		0.767585
403.5		0.767585
403.6		0.767585
403.7		0.767585
403.8		0.767585
403.9		0.767585
404		0.767585
404.1		0.769826
404.2		0.769826
404.3		0.769826
404.4		0.769826
404.5		0.769826
404.6		0.769826
404.7		0.769826
404.8		0.769826
404.9		0.769826
405		0.769826
405.1		0.774481
405.2		0.774481
405.3		0.774481
405.4		0.774481
405.5		0.774481
405.6		0.774481
405.7		0.774481
405.8		0.774481
405.9		0.774481
406		0.774481
406.1		0.776186
406.2		0.776186
406.3		0.776186
406.4		0.776186
406.5		0.776186
406.6		0.776186
406.7		0.776186
406.8		0.776186
406.9		0.776186
407		0.776186
407.1		0.776457
407.2		0.776457
407.3		0.776457
407.4		0.776457
407.5		0.776457
407.6		0.776457
407.7		0.776457
407.8		0.776457
407.9		0.776457
408		0.776457
408.1		0.778953
408.2		0.778953
408.3		0.778953
408.4		0.778953
408.5		0.778953
408.6		0.778953
408.7		0.778953
408.8		0.778953
408.9		0.778953
409		0.778953
409.1		0.780798
409.2		0.780798
409.3		0.780798
409.4		0.780798
409.5		0.780798
409.6		0.780798
409.7		0.780798
409.8		0.780798
409.9		0.780798
410		0.780798
410.1		0.782112
410.2		0.782112
410.3		0.782112
410.4		0.782112
410.5		0.782112
410.6		0.782112
410.7		0.782112
410.8		0.782112
410.9		0.782112
411		0.782112
411.1		0.783282
411.2		0.783282
411.3		0.783282
411.4		0.783282
411.5		0.783282
411.6		0.783282
411.7		0.783282
411.8		0.783282
411.9		0.783282
412		0.783282
412.1		0.783282
412.2		0.783282
412.3		0.783282
412.4		0.783282
412.5		0.783282
412.6		0.783282
412.7		0.783282
412.8		0.783282
412.9		0.783282
413		0.783282
413.1		0.786087
413.2		0.786087
413.3		0.786087
413.4		0.786087
413.5		0.786087
413.6		0.786087
413.7		0.786087
413.8		0.786087
413.9		0.786087
414		0.786087
414.1		0.788029
414.2		0.788029
414.3		0.788029
414.4		0.788029
414.5		0.788029
414.6		0.788029
414.7		0.788029
414.8		0.788029
414.9		0.788029
415		0.788029
415.1		0.791937
415.2		0.791937
415.3		0.791937
415.4		0.791937
415.5		0.791937
415.6		0.791937
415.7		0.791937
415.8		0.791937
415.9		0.791937
416		0.791937
416.1		0.793504
416.2		0.793504
416.3		0.793504
416.4		0.793504
416.5		0.793504
416.6		0.793504
416.7		0.793504
416.8		0.793504
416.9		0.793504
417		0.793504
417.1		0.795515
417.2		0.795515
417.3		0.795515
417.4		0.795515
417.5		0.795515
417.6		0.795515
417.7		0.795515
417.8		0.795515
417.9		0.795515
418		0.795515
418.1		0.796561
418.2		0.796561
418.3		0.796561
418.4		0.796561
418.5		0.796561
418.6		0.796561
418.7		0.796561
418.8		0.796561
418.9		0.796561
419		0.796561
419.1		0.797012
419.2		0.797012
419.3		0.797012
419.4		0.797012
419.5		0.797012
419.6		0.797012
419.7		0.797012
419.8		0.797012
419.9		0.797012
420		0.797012
420.1		0.800757
420.2		0.800757
420.3		0.800757
420.4		0.800757
420.5		0.800757
420.6		0.800757
420.7		0.800757
420.8		0.800757
420.9		0.800757
421		0.800757
421.1		0.80447
421.2		0.80447
421.3		0.80447
421.4		0.80447
421.5		0.80447
421.6		0.80447
421.7		0.80447
421.8		0.80447
421.9		0.80447
422		0.80447
422.1		0.805069
422.2		0.805069
422.3		0.805069
422.4		0.805069
422.5		0.805069
422.6		0.805069
422.7		0.805069
422.8		0.805069
422.9		0.805069
423		0.805069
423.1		0.805727
423.2		0.805727
423.3		0.805727
423.4		0.805727
423.5		0.805727
423.6		0.805727
423.7		0.805727
423.8		0.805727
423.9		0.805727
424		0.805727
424.1		0.806464
424.2		0.806464
424.3		0.806464
424.4		0.806464
424.5		0.806464
424.6		0.806464
424.7		0.806464
424.8		0.806464
424.9		0.806464
425		0.806464
425.1		0.810897
425.2		0.810897
425.3		0.810897
425.4		0.810897
425.5		0.810897
425.6		0.810897
425.7		0.810897
425.8		0.810897
425.9		0.810897
426		0.810897
426.1		0.811922
426.2		0.811922
426.3		0.811922
426.4		0.811922
426.5		0.811922
426.6		0.811922
426.7		0.811922
426.8		0.811922
426.9		0.811922
427		0.811922
427.1		0.814782
427.2		0.814782
427.3		0.814782
427.4		0.814782
427.5		0.814782
427.6		0.814782
427.7		0.814782
427.8		0.814782
427.9		0.814782
428		0.814782
428.1		0.816219
428.2		0.816219
428.3		0.816219
428.4		0.816219
428.5		0.816219
428.6		0.816219
428.7		0.816219
428.8		0.816219
428.9		0.816219
429		0.816219
429.1		0.817014
429.2		0.817014
429.3		0.817014
429.4		0.817014
429.5		0.817014
429.6		0.817014
429.7		0.817014
429.8		0.817014
429.9		0.817014
430		0.817014
430.1		0.820122
430.2		0.820122
430.3		0.820122
430.4		0.820122
430.5		0.820122
430.6		0.820122
430.7		0.820122
430.8		0.820122
430.9		0.820122
431		0.820122
431.1		0.821535
431.2		0.821535
431.3		0.821535
431.4		0.821535
431.5		0.821535
431.6		0.821535
431.7		0.821535
431.8		0.821535
431.9		0.821535
432		0.821535
432.1		0.823018
432.2		0.823018
432.3		0.823018
432.4		0.823018
432.5		0.823018
432.6		0.823018
432.7		0.823018
432.8		0.823018
432.9		0.823018
433		0.823018
433.1		0.826441
433.2		0.826441
433.3		0.826441
433.4		0.826441
433.5		0.826441
433.6		0.826441
433.7		0.826441
433.8		0.826441
433.9		0.826441
434		0.826441
434.1		0.826815
434.2		0.826815
434.3		0.826815
434.4		0.826815
434.5		0.826815
434.6		0.826815
434.7		0.826815
434.8		0.826815
434.9		0.826815
435		0.826815
435.1		0.829513
435.2		0.829513
435.3		0.829513
435.4		0.829513
435.5		0.829513
435.6		0.829513
435.7		0.829513
435.8		0.829513
435.9		0.829513
436		0.829513
436.1		0.83018
436.2		0.83018
436.3		0.83018
436.4		0.83018
436.5		0.83018
436.6		0.83018
436.7		0.83018
436.8		0.83018
436.9		0.83018
437		0.83018
437.1		0.831994
437.2		0.831994
437.3		0.831994
437.4		0.831994
437.5		0.831994
437.6		0.831994
437.7		0.831994
437.8		0.831994
437.9		0.831994
438		0.831994
438.1		0.83666
438.2		0.83666
438.3		0.83666
438.4		0.83666
438.5		0.83666
438.6		0.83666
438.7		0.83666
438.8		0.83666
438.9		0.83666
439		0.83666
439.1		0.837776
439.2		0.837776
439.3		0.837776
439.4		0.837776
439.5		0.837776
439.6		0.837776
439.7		0.837776
439.8		0.837776
439.9		0.837776
440		0.837776
440.1		0.839549
440.2		0.839549
440.3		0.839549
440.4		0.839549
440.5		0.839549
440.6		0.839549
440.7		0.839549
440.8		0.839549
440.9		0.839549
441		0.839549
441.1		0.839818
441.2		0.839818
441.3		0.839818
441.4		0.839818
441.5		0.839818
441.6		0.839818
441.7		0.839818
441.8		0.839818
441.9		0.839818
442		0.839818
442.1		0.842893
442.2		0.842893
442.3		0.842893
442.4		0.842893
442.5		0.842893
442.6		0.842893
442.7		0.842893
442.8		0.842893
442.9		0.842893
443		0.842893
443.1		0.844172
443.2		0.844172
443.3		0.844172
443.4		0.844172
443.5		0.844172
443.6		0.844172
443.7		0.844172
443.8		0.844172
443.9		0.844172
444		0.844172
444.1		0.848185
444.2		0.848185
444.3		0.848185
444.4		0.848185
444.5		0.848185
444.6		0.848185
444.7		0.848185
444.8		0.848185
444.9		0.848185
445		0.848185
445.1		0.848545
445.2		0.848545
445.3		0.848545
445.4		0.848545
445.5		0.848545
445.6		0.848545
445.7		0.848545
445.8		0.848545
445.9		0.848545
446		0.848545
446.1		0.85143
446.2		0.85143
446.3		0.85143
446.4		0.85143
446.5		0.85143
446.6		0.85143
446.7		0.85143
446.8		0.85143
446.9		0.85143
447		0.85143
447.1		0.854891
447.2		0.854891
447.3		0.854891
447.4		0.854891
447.5		0.854891
447.6		0.854891
447.7		0.854891
447.8		0.854891
447.9		0.854891
448		0.854891
448.1		0.855904
448.2		0.855904
448.3		0.855904
448.4		0.855904
448.5		0.855904
448.6		0.855904
448.7		0.855904
448.8		0.855904
448.9		0.855904
449		0.855904
449.1		0.856559
449.2		0.856559
449.3		0.856559
449.4		0.856559
449.5		0.856559
449.6		0.856559
449.7		0.856559
449.8		0.856559
449.9		0.856559
450		0.856559
450.1		0.860018
450.2		0.860018
450.3		0.860018
450.4		0.860018
450.5		0.860018
450.6		0.860018
450.7		0.860018
450.8		0.860018
450.9		0.860018
451		0.860018
451.1		0.861116
451.2		0.861116
451.3		0.861116
451.4		0.861116
451.5		0.861116
451.6		0.861116
451.7		0.861116
451.8		0.861116
451.9		0.861116
452		0.861116
452.1		0.861571
452.2		0.861571
452.3		0.861571
452.4		0.861571
452.5		0.861571
452.6		0.861571
452.7		0.861571
452.8		0.861571
452.9		0.861571
453		0.861571
453.1		0.862987
453.2		0.862987
453.3		0.862987
453.4		0.862987
453.5		0.862987
453.6		0.862987
453.7		0.862987
453.8		0.862987
453.9		0.862987
454		0.862987
454.1		0.866911
454.2		0.866911
454.3		0.866911
454.4		0.866911
454.5		0.866911
454.6		0.866911
454.7		0.866911
454.8		0.866911
454.9		0.866911
455		0.866911
455.1		0.869838
455.2		0.869838
455.3		0.869838
455.4		0.869838
455.5		0.869838
455.6		0.869838
455.7		0.869838
455.8		0.869838
455.9		0.869838
456		0.869838
456.1		0.86991
456.2		0.86991
456.3		0.86991
456.4		0.86991
456.5		0.86991
456.6		0.86991
456.7		0.86991
456.8		0.86991
456.9		0.86991
457		0.86991
457.1		0.870063
457.2		0.870063
457.3		0.870063
457.4		0.870063
457.5		0.870063
457.6		0.870063
457.7		0.870063
457.8		0.870063
457.9		0.870063
458		0.870063
458.1		0.871453
458.2		0.871453
458.3		0.871453
458.4		0.871453
458.5		0.871453
458.6		0.871453
458.7		0.871453
458.8		0.871453
458.9		0.871453
459		0.871453
459.1		0.872656
459.2		0.872656
459.3		0.872656
459.4		0.872656
459.5		0.872656
459.6		0.872656
459.7		0.872656
459.8		0.872656
459.9		0.872656
460		0.872656
460.1		0.879578
460.2		0.879578
460.3		0.879578
460.4		0.879578
460.5		0.879578
460.6		0.879578
460.7		0.879578
460.8		0.879578
460.9		0.879578
461		0.879578
461.1		0.879794
461.2		0.879794
461.3		0.879794
461.4		0.879794
461.5		0.879794
461.6		0.879794
461.7		0.879794
461.8		0.879794
461.9		0.879794
462		0.879794
462.1		0.879997
462.2		0.879997
462.3		0.879997
462.4		0.879997
462.5		0.879997
462.6		0.879997
462.7		0.879997
462.8		0.879997
462.9		0.879997
463		0.879997
463.1		0.880227
463.2		0.880227
463.3		0.880227
463.4		0.880227
463.5		0.880227
463.6		0.880227
463.7		0.880227
463.8		0.880227
463.9		0.880227
464		0.880227
464.1		0.884535
464.2		0.884535
464.3		0.884535
464.4		0.884535
464.5		0.884535
464.6		0.884535
464.7		0.884535
464.8		0.884535
464.9		0.884535
465		0.884535
465.1		0.885072
465.2		0.885072
465.3		0.885072
465.4		0.885072
465.5		0.885072
465.6		0.885072
465.7		0.885072
465.8		0.885072
465.9		0.885072
466		0.885072
466.1		0.889241
466.2		0.889241
466.3		0.889241
466.4		0.889241
466.5		0.889241
466.6		0.889241
466.7		0.889241
466.8		0.889241
466.9		0.889241
467		0.889241
467.1		0.889987
467.2		0.889987
467.3		0.889987
467.4		0.889987
467.5		0.889987
467.6		0.889987
467.7		0.889987
467.8		0.889987
467.9		0.889987
468		0.889987
468.1		0.890784
468.2		0.890784
468.3		0.890784
468.4		0.890784
468.5		0.890784
468.6		0.890784
468.7		0.890784
468.8		0.890784
468.9		0.890784
469		0.890784
469.1		0.895061
469.2		0.895061
469.3		0.895061
469.4		0.895061
469.5		0.895061
469.6		0.895061
469.7		0.895061
469.8		0.895061
469.9		0.895061
470		0.895061
470.1		0.89546
470.2		0.89546
470.3		0.89546
470.4		0.89546
470.5		0.89546
470.6		0.89546
470.7		0.89546
470.8		0.89546
470.9		0.89546
471		0.89546
471.1		0.896023
471.2		0.896023
471.3		0.896023
471.4		0.896023
471.5		0.896023
471.6		0.896023
471.7		0.896023
471.8		0.896023
471.9		0.896023
472		0.896023
472.1		0.901112
472.2		0.901112
472.3		0.901112
472.4		0.901112
472.5		0.901112
472.6		0.901112
472.7		0.901112
472.8		0.901112
472.9		0.901112
473		0.901112
473.1		0.902722
473.2		0.902722
473.3		0.902722
473.4		0.902722
473.5		0.902722
473.6		0.902722
473.7		0.902722
473.8		0.902722
473.9		0.902722
474		0.902722
474.1		0.903745
474.2		0.903745
474.3		0.903745
474.4		0.903745
474.5		0.903745
474.6		0.903745
474.7		0.903745
474.8		0.903745
474.9		0.903745
475		0.903745
475.1		0.904179
475.2		0.904179
475.3		0.904179
475.4		0.904179
475.5		0.904179
475.6		0.904179
475.7		0.904179
475.8		0.904179
475.9		0.904179
476		0.904179
476.1		0.906892
476.2		0.906892
476.3		0.906892
476.4		0.906892
476.5		0.906892
476.6		0.906892
476.7		0.906892
476.8		0.906892
476.9		0.906892
477		0.906892
477.1		0.908601
477.2		0.908601
477.3		0.908601
477.4		0.908601
477.5		0.908601
477.6		0.908601
477.7		0.908601
477.8		0.908601
477.9		0.908601
478		0.908601
478.1		0.911836
478.2		0.911836
478.3		0.911836
478.4		0.911836
478.5		0.911836
478.6		0.911836
478.7		0.911836
478.8		0.911836
478.9		0.911836
479		0.911836
479.1		0.912541
479.2		0.912541
479.3		0.912541
479.4		0.912541
479.5		0.912541
479.6		0.912541
479.7		0.912541
479.8		0.912541
479.9		0.912541
480		0.912541
480.1		0.915586
480.2		0.915586
480.3		0.915586
480.4		0.915586
480.5		0.915586
480.6		0.915586
480.7		0.915586
480.8		0.915586
480.9		0.915586
481		0.915586
481.1		0.917154
481.2		0.917154
481.3		0.917154
481.4		0.917154
481.5		0.917154
481.6		0.917154
481.7		0.917154
481.8		0.917154
481.9		0.917154
482		0.917154
482.1		0.918849
482.2		0.918849
482.3		0.918849
482.4		0.918849
482.5		0.918849
482.6		0.918849
482.7		0.918849
482.8		0.918849
482.9		0.918849
483		0.918849
483.1		0.919801
483.2		0.919801
483.3		0.919801
483.4		0.919801
483.5		0.919801
483.6		0.919801
483.7		0.919801
483.8		0.919801
483.9		0.919801
484		0.919801
484.1		0.922779
484.2		0.922779
484.3		0.922779
484.4		0.922779
484.5		0.922779
484.6		0.922779
484.7		0.922779
484.8		0.922779
484.9		0.922779
485		0.922779
485.1		0.923333
485.2		0.923333
485.3		0.923333
485.4		0.923333
485.5		0.923333
485.6		0.923333
485.7		0.923333
485.8		0.923333
485.9		0.923333
486		0.923333
486.1		0.929919
486.2		0.929919
486.3		0.929919
486.4		0.929919
486.5		0.929919
486.6		0.929919
486.7		0.929919
486.8		0.929919
486.9		0.929919
487		0.929919
487.1		0.930571
487.2		0.930571
487.3		0.930571
487.4		0.930571
487.5		0.930571
487.6		0.930571
487.7		0.930571
487.8		0.930571
487.9		0.930571
488		0.930571
488.1		0.930829
488.2		0.930829
488.3		0.930829
488.4		0.930829
488.5		0.930829
488.6		0.930829
488.7		0.930829
488.8		0.930829
488.9		0.930829
489		0.930829
489.1		0.934153
489.2		0.934153
489.3		0.934153
489.4		0.934153
489.5		0.934153
489.6		0.934153
489.7		0.934153
489.8		0.934153
489.9		0.934153
490		0.934153
490.1		0.935475
490.2		0.935475
490.3		0.935475
490.4		0.935475
490.5		0.935475
490.6		0.935475
490.7		0.935475
490.8		0.935475
490.9		0.935475
491		0.935475
491.1		0.935603
491.2		0.935603
491.3		0.935603
491.4		0.935603
491.5		0.935603
491.6		0.935603
491.7		0.935603
491.8		0.935603
491.9		0.935603
492		0.935603
492.1		0.940075
492.2		0.940075
492.3		0.940075
492.4		0.940075
492.5		0.940075
492.6		0.940075
492.7		0.940075
492.8		0.940075
492.9		0.940075
493		0.940075
493.1		0.940076
493.2		0.940076
493.3		0.940076
493.4		0.940076
493.5		0.940076
493.6		0.940076
493.7		0.940076
493.8		0.940076
493.9		0.940076
494		0.940076
494.1		0.940756
494.2		0.940756
494.3		0.940756
494.4		0.940756
494.5		0.940756
494.6		0.940756
494.7		0.940756
494.8		0.940756
494.9		0.940756
495		0.940756
495.1		0.94556
495.2		0.94556
495.3		0.94556
495.4		0.94556
495.5		0.94556
495.6		0.94556
495.7		0.94556
495.8		0.94556
495.9		0.94556
496		0.94556
496.1		0.946282
496.2		0.946282
496.3		0.946282
496.4		0.946282
496.5		0.946282
496.6		0.946282
496.7		0.946282
496.8		0.946282
496.9		0.946282
497		0.946282
497.1		0.948571
497.2		0.948571
497.3		0.948571
497.4		0.948571
497.5		0.948571
497.6		0.948571
497.7		0.948571
497.8		0.948571
497.9		0.948571
498		0.948571
498.1		0.951073
498.2		0.951073
498.3		0.951073
498.4		0.951073
498.5		0.951073
498.6		0.951073
498.7		0.951073
498.8		0.951073
498.9		0.951073
499		0.951073
499.1		0.953767
499.2		0.953767
499.3		0.953767
499.4		0.953767
499.5		0.953767
499.6		0.953767
499.7		0.953767
499.8		0.953767
499.9		0.953767
500		0.953767
500.1		0.954523
500.2		0.954523
500.3		0.954523
500.4		0.954523
500.5		0.954523
500.6		0.954523
500.7		0.954523
500.8		0.954523
500.9		0.954523
501		0.954523
501.1		0.957464
501.2		0.957464
501.3		0.957464
501.4		0.957464
501.5		0.957464
501.6		0.957464
501.7		0.957464
501.8		0.957464
501.9		0.957464
502		0.957464
502.1		0.9593
502.2		0.9593
502.3		0.9593
502.4		0.9593
502.5		0.9593
502.6		0.9593
502.7		0.9593
502.8		0.9593
502.9		0.9593
503		0.9593
503.1		0.960017
503.2		0.960017
503.3		0.960017
503.4		0.960017
503.5		0.960017
503.6		0.960017
503.7		0.960017
503.8		0.960017
503.9		0.960017
504		0.960017
504.1		0.963485
504.2		0.963485
504.3		0.963485
504.4		0.963485
504.5		0.963485
504.6		0.963485
504.7		0.963485
504.8		0.963485
504.9		0.963485
505		0.963485
505.1		0.966286
505.2		0.966286
505.3		0.966286
505.4		0.966286
505.5		0.966286
505.6		0.966286
505.7		0.966286
505.8		0.966286
505.9		0.966286
506		0.966286
506.1		0.966389
506.2		0.966389
506.3		0.966389
506.4		0.966389
506.5		0.966389
506.6		0.966389
506.7		0.966389
506.8		0.966389
506.9		0.966389
507		0.966389
507.1		0.966843
507.2		0.966843
507.3		0.966843
507.4		0.966843
507.5		0.966843
507.6		0.966843
507.7		0.966843
507.8		0.966843
507.9		0.966843
508		0.966843
508.1		0.968211
508.2		0.968211
508.3		0.968211
508.4		0.968211
508.5		0.968211
508.6		0.968211
508.7		0.968211
508.8		0.968211
508.9		0.968211
509		0.968211
509.1		0.970521
509.2		0.970521
509.3		0.970521
509.4		0.970521
509.5		0.970521
509.6		0.970521
509.7		0.970521
509.8		0.970521
509.9		0.970521
510		0.970521
510.1		0.971795
510.2		0.971795
510.3		0.971795
510.4		0.971795
510.5		0.971795
510.6		0.971795
510.7		0.971795
510.8		0.971795
510.9		0.971795
511		0.971795
511.1		0.977014
511.2		0.977014
511.3		0.977014
511.4		0.977014
511.5		0.977014
511.6		0.977014
511.7		0.977014
511.8		0.977014
511.9		0.977014
512		0.977014
512.1		0.977314
512.2		0.977314
512.3		0.977314
512.4		0.977314
512.5		0.977314
512.6		0.977314
512.7		0.977314
512.8		0.977314
512.9		0.977314
513		0.977314
513.1		0.978677
513.2		0.978677
513.3		0.978677
513.4		0.978677
513.5		0.978677
513.6		0.978677
513.7		0.978677
513.8		0.978677
513.9		0.978677
514		0.978677
514.1		0.980399
514.2		0.980399
514.3		0.980399
514.4		0.980399
514.5		0.980399
514.6		0.980399
514.7		0.980399
514.8		0.980399
514.9		0.980399
515		0.980399
515.1		0.982261
515.2		0.982261
515.3		0.982261
515.4		0.982261
515.5		0.982261
515.6		0.982261
515.7		0.982261
515.8		0.982261
515.9		0.982261
516		0.982261
516.1		0.982829
516.2		0.982829
516.3		0.982829
516.4		0.982829
516.5		0.982829
516.6		0.982829
516.7		0.982829
516.8		0.982829
516.9		0.982829
517		0.982829
517.1		0.987853
517.2		0.987853
517.3		0.987853
517.4		0.987853
517.5		0.987853
517.6		0.987853
517.7		0.987853
517.8		0.987853
517.9		0.987853
518		0.987853
518.1		0.987982
518.2		0.987982
518.3		0.987982
518.4		0.987982
518.5		0.987982
518.6		0.987982
518.7		0.987982
518.8		0.987982
518.9		0.987982
519		0.987982
519.1		0.98877
519.2		0.98877
519.3		0.98877
519.4		0.98877
519.5		0.98877
519.6		0.98877
519.7		0.98877
519.8		0.98877
519.9		0.98877
520		0.98877
520.1		0.991287
520.2		0.991287
520.3		0.991287
520.4		0.991287
520.5		0.991287
520.6		0.991287
520.7		0.991287
520.8		0.991287
520.9		0.991287
521		0.991287
521.1		0.994093
521.2		0.994093
521.3		0.994093
521.4		0.994093
521.5		0.994093
521.6		0.994093
521.7		0.994093
521.8		0.994093
521.9		0.994093
522		0.994093
522.1		0.995505
522.2		0.995505
522.3		0.995505
522.4		0.995505
522.5		0.995505
522.6		0.995505
522.7		0.995505
522.8		0.995505
522.9		0.995505
523		0.995505
523.1		0.998149
523.2		0.998149
523.3		0.998149
523.4		0.998149
523.5		0.998149
523.6		0.998149
523.7		0.998149
523.8		0.998149
523.9		0.998149
524		0.998149
524.1		0.999766
524.2		0.999766
524.3		0.999766
524.4		0.999766
524.5		0.999766
524.6		0.999766
524.7		0.999766
524.8		0.999766
524.9		0.999766
525		0.999766
525.1		1
525.2		1
525.3		1
525.4		1
525.5		1
525.6		1
525.7		1
525.8		1
525.9		1
526		1
526.1		1
526.2		1
526.3		1
526.4		1
526.5		1
526.6		1
526.7		1
526.8		1
526.9		1
527		1
527.1		1
527.2		1
527.3		1
527.4		1
527.5		1
527.6		1
527.7		1
527.8		1
527.9		1
528		1
528.1		1
528.2		1
528.3		1
528.4		1
528.5		1
528.6		1
528.7		1
528.8		1
528.9		1
529		1
529.1		1
529.2		1
529.3		1
529.4		1
529.5		1
529.6		1
529.7		1
529.8		1
529.9		1
530		1
530.1		1
530.2		1
530.3		1
530.4		1
530.5		1
530.6		1
530.7		1
530.8		1
530.9		1
531		1
531.1		1
531.2		1
531.3		1
531.4		1
531.5		1
531.6		1
531.7		1
531.8		1
531.9		1
532		1
532.1		1
532.2		1
532.3		1
532.4		1
532.5		1
532.6		1
532.7		1
532.8		1
532.9		1
533		1
533.1		1
533.2		1
533.3		1
533.4		1
533.5		1
533.6		1
533.7		1
533.8		1
533.9		1
534		1
534.1		1
534.2		1
534.3		1
534.4		1
534.5		1
534.6		1
534.7		1
534.8		1
534.9		1
535		1
535.1		1
535.2		1
535.3		1
535.4		1
535.5		1
535.6		1
535.7		1
535.8		1
535.9		1
536		1
536.1		1
536.2		1
536.3		1
536.4		1
536.5		1
536.6		1
536.7		1
536.8		1
536.9		1
537		1
537.1		1
537.2		1
537.3		1
537.4		1
537.5		1
537.6		1
537.7		1
537.8		1
537.9		1
538		1
538.1		1
538.2		1
538.3		1
538.4		1
538.5		1
538.6		1
538.7		1
538.8		1
538.9		1
539		1
539.1		1
539.2		1
539.3		1
539.4		1
539.5		1
539.6		1
539.7		1
539.8		1
539.9		1
540		1
540.1		1
540.2		1
540.3		1
540.4		1
540.5		1
540.6		1
540.7		1
540.8		1
540.9		1
541		1
541.1		1
541.2		1
541.3		1
541.4		1
541.5		1
541.6		1
541.7		1
541.8		1
541.9		1
542		1
542.1		1
542.2		1
542.3		1
542.4		1
542.5		1
542.6		1
542.7		1
542.8		1
542.9		1
543		1
543.1		1
543.2		1
543.3		1
543.4		1
543.5		1
543.6		1
543.7		1
543.8		1
543.9		1
544		1
544.1		1
544.2		1
544.3		1
544.4		1
544.5		1
544.6		1
544.7		1
544.8		1
544.9		1
545		1
545.1		1
545.2		1
545.3		1
545.4		1
545.5		1
545.6		1
545.7		1
545.8		1
545.9		1
546		1
546.1		1
546.2		1
546.3		1
546.4		1
546.5		1
546.6		1
546.7		1
546.8		1
546.9		1
547		1
547.1		1
547.2		1
547.3		1
547.4		1
547.5		1
547.6		1
547.7		1
547.8		1
547.9		1
548		1
548.1		1
548.2		1
548.3		1
548.4		1
548.5		1
548.6		1
548.7		1
548.8		1
548.9		1
549		1
549.1		1
549.2		1
549.3		1
549.4		1
549.5		1
549.6		1
549.7		1
549.8		1
549.9		1
550		1
550.1		1
550.2		1
550.3		1
550.4		1
550.5		1
550.6		1
550.7		1
550.8		1
550.9		1
551		1
551.1		1
551.2		1
551.3		1
551.4		1
551.5		1
551.6		1
551.7		1
551.8		1
551.9		1
552		1
552.1		1
552.2		1
552.3		1
552.4		1
552.5		1
552.6		1
552.7		1
552.8		1
552.9		1
553		1
553.1		1
553.2		1
553.3		1
553.4		1
553.5		1
553.6		1
553.7		1
553.8		1
553.9		1
554		1
554.1		1
554.2		1
554.3		1
554.4		1
554.5		1
554.6		1
554.7		1
554.8		1
554.9		1
555		1
555.1		1
555.2		1
555.3		1
555.4		1
555.5		1
555.6		1
555.7		1
555.8		1
555.9		1
556		1
556.1		1
556.2		1
556.3		1
556.4		1
556.5		1
556.6		1
556.7		1
556.8		1
556.9		1
557		1
557.1		1
557.2		1
557.3		1
557.4		1
557.5		1
557.6		1
557.7		1
557.8		1
557.9		1
558		1
558.1		1
558.2		1
558.3		1
558.4		1
558.5		1
558.6		1
558.7		1
558.8		1
558.9		1
559		1
559.1		1
559.2		1
559.3		1
559.4		1
559.5		1
559.6		1
559.7		1
559.8		1
559.9		1
560		1
560.1		1
560.2		1
560.3		1
560.4		1
560.5		1
560.6		1
560.7		1
560.8		1
560.9		1
561		1
561.1		1
561.2		1
561.3		1
561.4		1
561.5		1
561.6		1
561.7		1
561.8		1
561.9		1
562		1
562.1		1
562.2		1
562.3		1
562.4		1
562.5		1
562.6		1
562.7		1
562.8		1
562.9		1
563		1
563.1		1
563.2		1
563.3		1
563.4		1
563.5		1
563.6		1
563.7		1
563.8		1
563.9		1
564		1
564.1		1
564.2		1
564.3		1
564.4		1
564.5		1
564.6		1
564.7		1
564.8		1
564.9		1
565		1
565.1		1
565.2		1
565.3		1
565.4		1
565.5		1
565.6		1
565.7		1
565.8		1
565.9		1
566		1
566.1		1
566.2		1
566.3		1
566.4		1
566.5		1
566.6		1
566.7		1
566.8		1
566.9		1
567		1
567.1		1
567.2		1
567.3		1
567.4		1
567.5		1
567.6		1
567.7		1
567.8		1
567.9		1
568		1
568.1		1
568.2		1
568.3		1
568.4		1
568.5		1
568.6		1
568.7		1
568.8		1
568.9		1
569		1
569.1		1
569.2		1
569.3		1
569.4		1
569.5		1
569.6		1
569.7		1
569.8		1
569.9		1
570		1
570.1		1
570.2		1
570.3		1
570.4		1
570.5		1
570.6		1
570.7		1
570.8		1
570.9		1
571		1
571.1		1
571.2		1
571.3		1
571.4		1
571.5		1
571.6		1
571.7		1
571.8		1
571.9		1
572		1
572.1		1
572.2		1
572.3		1
572.4		1
572.5		1
572.6		1
572.7		1
572.8		1
572.9		1
573		1
573.1		1
573.2		1
573.3		1
573.4		1
573.5		1
573.6		1
573.7		1
573.8		1
573.9		1
574		1
574.1		1
574.2		1
574.3		1
574.4		1
574.5		1
574.6		1
574.7		1
574.8		1
574.9		1
575		1
575.1		1
575.2		1
575.3		1
575.4		1
575.5		1
575.6		1
575.7		1
575.8		1
575.9		1
576		1
576.1		1
576.2		1
576.3		1
576.4		1
576.5		1
576.6		1
576.7		1
576.8		1
576.9		1
577		1
577.1		1
577.2		1
577.3		1
577.4		1
577.5		1
577.6		1
577.7		1
577.8		1
577.9		1
578		1
578.1		1
578.2		1
578.3		1
578.4		1
578.5		1
578.6		1
578.7		1
578.8		1
578.9		1
579		1
579.1		1
579.2		1
579.3		1
579.4		1
579.5		1
579.6		1
579.7		1
579.8		1
579.9		1
580		1
580.1		1
580.2		1
580.3		1
580.4		1
580.5		1
580.6		1
580.7		1
580.8		1
580.9		1
581		1
581.1		1
581.2		1
581.3		1
581.4		1
581.5		1
581.6		1
581.7		1
581.8		1
581.9		1
582		1
582.1		1
582.2		1
582.3		1
582.4		1
582.5		1
582.6		1
582.7		1
582.8		1
582.9		1
583		1
583.1		1
583.2		1
583.3		1
583.4		1
583.5		1
583.6		1
583.7		1
583.8		1
583.9		1
584		1
584.1		1
584.2		1
584.3		1
584.4		1
584.5		1
584.6		1
584.7		1
584.8		1
584.9		1
585		1
585.1		1
585.2		1
585.3		1
585.4		1
585.5		1
585.6		1
585.7		1
585.8		1
585.9		1
586		1
586.1		1
586.2		1
586.3		1
586.4		1
586.5		1
586.6		1
586.7		1
586.8		1
586.9		1
587		1
587.1		1
587.2		1
587.3		1
587.4		1
587.5		1
587.6		1
587.7		1
587.8		1
587.9		1
588		1
588.1		1
588.2		1
588.3		1
588.4		1
588.5		1
588.6		1
588.7		1
588.8		1
588.9		1
589		1
589.1		1
589.2		1
589.3		1
589.4		1
589.5		1
589.6		1
589.7		1
589.8		1
589.9		1
590		1
590.1		1
590.2		1
590.3		1
590.4		1
590.5		1
590.6		1
590.7		1
590.8		1
590.9		1
591		1
591.1		1
591.2		1
591.3		1
591.4		1
591.5		1
591.6		1
591.7		1
591.8		1
591.9		1
592		1
592.1		1
592.2		1
592.3		1
592.4		1
592.5		1
592.6		1
592.7		1
592.8		1
592.9		1
593		1
593.1		1
593.2		1
593.3		1
593.4		1
593.5		1
593.6		1
593.7		1
593.8		1
593.9		1
594		1
594.1		1
594.2		1
594.3		1
594.4		1
594.5		1
594.6		1
594.7		1
594.8		1
594.9		1
595		1
595.1		1
595.2		1
595.3		1
595.4		1
595.5		1
595.6		1
595.7		1
595.8		1
595.9		1
596		1
596.1		1
596.2		1
596.3		1
596.4		1
596.5		1
596.6		1
596.7		1
596.8		1
596.9		1
597		1
597.1		1
597.2		1
597.3		1
597.4		1
597.5		1
597.6		1
597.7		1
597.8		1
597.9		1
598		1
598.1		1
598.2		1
598.3		1
598.4		1
598.5		1
598.6		1
598.7		1
598.8		1
598.9		1
599		1
599.1		1
599.2		1
599.3		1
599.4		1
599.5		1
599.6		1
599.7		1
599.8		1
599.9		1
600		1
