# Calibration file of tamex_id 0 @ channel 3
# fine_T bin		 Calibration value
0.1		0
0.2		0
0.3		0
0.4		0
0.5		0
0.6		0
0.7		0
0.8		0
0.9		0
1		0
1.1		0
1.2		0
1.3		0
1.4		0
1.5		0
1.6		0
1.7		0
1.8		0
1.9		0
2		0
2.1		0
2.2		0
2.3		0
2.4		0
2.5		0
2.6		0
2.7		0
2.8		0
2.9		0
3		0
3.1		0
3.2		0
3.3		0
3.4		0
3.5		0
3.6		0
3.7		0
3.8		0
3.9		0
4		0
4.1		0
4.2		0
4.3		0
4.4		0
4.5		0
4.6		0
4.7		0
4.8		0
4.9		0
5		0
5.1		0
5.2		0
5.3		0
5.4		0
5.5		0
5.6		0
5.7		0
5.8		0
5.9		0
6		0
6.1		0
6.2		0
6.3		0
6.4		0
6.5		0
6.6		0
6.7		0
6.8		0
6.9		0
7		0
7.1		0
7.2		0
7.3		0
7.4		0
7.5		0
7.6		0
7.7		0
7.8		0
7.9		0
8		0
8.1		0
8.2		0
8.3		0
8.4		0
8.5		0
8.6		0
8.7		0
8.8		0
8.9		0
9		0
9.1		0
9.2		0
9.3		0
9.4		0
9.5		0
9.6		0
9.7		0
9.8		0
9.9		0
10		0
10.1		0
10.2		0
10.3		0
10.4		0
10.5		0
10.6		0
10.7		0
10.8		0
10.9		0
11		0
11.1		0
11.2		0
11.3		0
11.4		0
11.5		0
11.6		0
11.7		0
11.8		0
11.9		0
12		0
12.1		0
12.2		0
12.3		0
12.4		0
12.5		0
12.6		0
12.7		0
12.8		0
12.9		0
13		0
13.1		0
13.2		0
13.3		0
13.4		0
13.5		0
13.6		0
13.7		0
13.8		0
13.9		0
14		0
14.1		0
14.2		0
14.3		0
14.4		0
14.5		0
14.6		0
14.7		0
14.8		0
14.9		0
15		0
15.1		0
15.2		0
15.3		0
15.4		0
15.5		0
15.6		0
15.7		0
15.8		0
15.9		0
16		0
16.1		0
16.2		0
16.3		0
16.4		0
16.5		0
16.6		0
16.7		0
16.8		0
16.9		0
17		0
17.1		0.00368701
17.2		0.00368701
17.3		0.00368701
17.4		0.00368701
17.5		0.00368701
17.6		0.00368701
17.7		0.00368701
17.8		0.00368701
17.9		0.00368701
18		0.00368701
18.1		0.00652458
18.2		0.00652458
18.3		0.00652458
18.4		0.00652458
18.5		0.00652458
18.6		0.00652458
18.7		0.00652458
18.8		0.00652458
18.9		0.00652458
19		0.00652458
19.1		0.0094903
19.2		0.0094903
19.3		0.0094903
19.4		0.0094903
19.5		0.0094903
19.6		0.0094903
19.7		0.0094903
19.8		0.0094903
19.9		0.0094903
20		0.0094903
20.1		0.0140084
20.2		0.0140084
20.3		0.0140084
20.4		0.0140084
20.5		0.0140084
20.6		0.0140084
20.7		0.0140084
20.8		0.0140084
20.9		0.0140084
21		0.0140084
21.1		0.0156963
21.2		0.0156963
21.3		0.0156963
21.4		0.0156963
21.5		0.0156963
21.6		0.0156963
21.7		0.0156963
21.8		0.0156963
21.9		0.0156963
22		0.0156963
22.1		0.0172305
22.2		0.0172305
22.3		0.0172305
22.4		0.0172305
22.5		0.0172305
22.6		0.0172305
22.7		0.0172305
22.8		0.0172305
22.9		0.0172305
23		0.0172305
23.1		0.0173952
23.2		0.0173952
23.3		0.0173952
23.4		0.0173952
23.5		0.0173952
23.6		0.0173952
23.7		0.0173952
23.8		0.0173952
23.9		0.0173952
24		0.0173952
24.1		0.0177064
24.2		0.0177064
24.3		0.0177064
24.4		0.0177064
24.5		0.0177064
24.6		0.0177064
24.7		0.0177064
24.8		0.0177064
24.9		0.0177064
25		0.0177064
25.1		0.0247546
25.2		0.0247546
25.3		0.0247546
25.4		0.0247546
25.5		0.0247546
25.6		0.0247546
25.7		0.0247546
25.8		0.0247546
25.9		0.0247546
26		0.0247546
26.1		0.0265963
26.2		0.0265963
26.3		0.0265963
26.4		0.0265963
26.5		0.0265963
26.6		0.0265963
26.7		0.0265963
26.8		0.0265963
26.9		0.0265963
27		0.0265963
27.1		0.027962
27.2		0.027962
27.3		0.027962
27.4		0.027962
27.5		0.027962
27.6		0.027962
27.7		0.027962
27.8		0.027962
27.9		0.027962
28		0.027962
28.1		0.0293862
28.2		0.0293862
28.3		0.0293862
28.4		0.0293862
28.5		0.0293862
28.6		0.0293862
28.7		0.0293862
28.8		0.0293862
28.9		0.0293862
29		0.0293862
29.1		0.0299904
29.2		0.0299904
29.3		0.0299904
29.4		0.0299904
29.5		0.0299904
29.6		0.0299904
29.7		0.0299904
29.8		0.0299904
29.9		0.0299904
30		0.0299904
30.1		0.0323813
30.2		0.0323813
30.3		0.0323813
30.4		0.0323813
30.5		0.0323813
30.6		0.0323813
30.7		0.0323813
30.8		0.0323813
30.9		0.0323813
31		0.0323813
31.1		0.0336334
31.2		0.0336334
31.3		0.0336334
31.4		0.0336334
31.5		0.0336334
31.6		0.0336334
31.7		0.0336334
31.8		0.0336334
31.9		0.0336334
32		0.0336334
32.1		0.0365516
32.2		0.0365516
32.3		0.0365516
32.4		0.0365516
32.5		0.0365516
32.6		0.0365516
32.7		0.0365516
32.8		0.0365516
32.9		0.0365516
33		0.0365516
33.1		0.0381809
33.2		0.0381809
33.3		0.0381809
33.4		0.0381809
33.5		0.0381809
33.6		0.0381809
33.7		0.0381809
33.8		0.0381809
33.9		0.0381809
34		0.0381809
34.1		0.0402605
34.2		0.0402605
34.3		0.0402605
34.4		0.0402605
34.5		0.0402605
34.6		0.0402605
34.7		0.0402605
34.8		0.0402605
34.9		0.0402605
35		0.0402605
35.1		0.0436656
35.2		0.0436656
35.3		0.0436656
35.4		0.0436656
35.5		0.0436656
35.6		0.0436656
35.7		0.0436656
35.8		0.0436656
35.9		0.0436656
36		0.0436656
36.1		0.044083
36.2		0.044083
36.3		0.044083
36.4		0.044083
36.5		0.044083
36.6		0.044083
36.7		0.044083
36.8		0.044083
36.9		0.044083
37		0.044083
37.1		0.0452547
37.2		0.0452547
37.3		0.0452547
37.4		0.0452547
37.5		0.0452547
37.6		0.0452547
37.7		0.0452547
37.8		0.0452547
37.9		0.0452547
38		0.0452547
38.1		0.0491614
38.2		0.0491614
38.3		0.0491614
38.4		0.0491614
38.5		0.0491614
38.6		0.0491614
38.7		0.0491614
38.8		0.0491614
38.9		0.0491614
39		0.0491614
39.1		0.0505344
39.2		0.0505344
39.3		0.0505344
39.4		0.0505344
39.5		0.0505344
39.6		0.0505344
39.7		0.0505344
39.8		0.0505344
39.9		0.0505344
40		0.0505344
40.1		0.0507138
40.2		0.0507138
40.3		0.0507138
40.4		0.0507138
40.5		0.0507138
40.6		0.0507138
40.7		0.0507138
40.8		0.0507138
40.9		0.0507138
41		0.0507138
41.1		0.0544264
41.2		0.0544264
41.3		0.0544264
41.4		0.0544264
41.5		0.0544264
41.6		0.0544264
41.7		0.0544264
41.8		0.0544264
41.9		0.0544264
42		0.0544264
42.1		0.0556091
42.2		0.0556091
42.3		0.0556091
42.4		0.0556091
42.5		0.0556091
42.6		0.0556091
42.7		0.0556091
42.8		0.0556091
42.9		0.0556091
43		0.0556091
43.1		0.0603505
43.2		0.0603505
43.3		0.0603505
43.4		0.0603505
43.5		0.0603505
43.6		0.0603505
43.7		0.0603505
43.8		0.0603505
43.9		0.0603505
44		0.0603505
44.1		0.0605153
44.2		0.0605153
44.3		0.0605153
44.4		0.0605153
44.5		0.0605153
44.6		0.0605153
44.7		0.0605153
44.8		0.0605153
44.9		0.0605153
45		0.0605153
45.1		0.062313
45.2		0.062313
45.3		0.062313
45.4		0.062313
45.5		0.062313
45.6		0.062313
45.7		0.062313
45.8		0.062313
45.9		0.062313
46		0.062313
46.1		0.0671168
46.2		0.0671168
46.3		0.0671168
46.4		0.0671168
46.5		0.0671168
46.6		0.0671168
46.7		0.0671168
46.8		0.0671168
46.9		0.0671168
47		0.0671168
47.1		0.0673548
47.2		0.0673548
47.3		0.0673548
47.4		0.0673548
47.5		0.0673548
47.6		0.0673548
47.7		0.0673548
47.8		0.0673548
47.9		0.0673548
48		0.0673548
48.1		0.0682225
48.2		0.0682225
48.3		0.0682225
48.4		0.0682225
48.5		0.0682225
48.6		0.0682225
48.7		0.0682225
48.8		0.0682225
48.9		0.0682225
49		0.0682225
49.1		0.0725686
49.2		0.0725686
49.3		0.0725686
49.4		0.0725686
49.5		0.0725686
49.6		0.0725686
49.7		0.0725686
49.8		0.0725686
49.9		0.0725686
50		0.0725686
50.1		0.0746519
50.2		0.0746519
50.3		0.0746519
50.4		0.0746519
50.5		0.0746519
50.6		0.0746519
50.7		0.0746519
50.8		0.0746519
50.9		0.0746519
51		0.0746519
51.1		0.0758565
51.2		0.0758565
51.3		0.0758565
51.4		0.0758565
51.5		0.0758565
51.6		0.0758565
51.7		0.0758565
51.8		0.0758565
51.9		0.0758565
52		0.0758565
52.1		0.077138
52.2		0.077138
52.3		0.077138
52.4		0.077138
52.5		0.077138
52.6		0.077138
52.7		0.077138
52.8		0.077138
52.9		0.077138
53		0.077138
53.1		0.079624
53.2		0.079624
53.3		0.079624
53.4		0.079624
53.5		0.079624
53.6		0.079624
53.7		0.079624
53.8		0.079624
53.9		0.079624
54		0.079624
54.1		0.0818355
54.2		0.0818355
54.3		0.0818355
54.4		0.0818355
54.5		0.0818355
54.6		0.0818355
54.7		0.0818355
54.8		0.0818355
54.9		0.0818355
55		0.0818355
55.1		0.0839957
55.2		0.0839957
55.3		0.0839957
55.4		0.0839957
55.5		0.0839957
55.6		0.0839957
55.7		0.0839957
55.8		0.0839957
55.9		0.0839957
56		0.0839957
56.1		0.0845742
56.2		0.0845742
56.3		0.0845742
56.4		0.0845742
56.5		0.0845742
56.6		0.0845742
56.7		0.0845742
56.8		0.0845742
56.9		0.0845742
57		0.0845742
57.1		0.087961
57.2		0.087961
57.3		0.087961
57.4		0.087961
57.5		0.087961
57.6		0.087961
57.7		0.087961
57.8		0.087961
57.9		0.087961
58		0.087961
58.1		0.0909414
58.2		0.0909414
58.3		0.0909414
58.4		0.0909414
58.5		0.0909414
58.6		0.0909414
58.7		0.0909414
58.8		0.0909414
58.9		0.0909414
59		0.0909414
59.1		0.0925634
59.2		0.0925634
59.3		0.0925634
59.4		0.0925634
59.5		0.0925634
59.6		0.0925634
59.7		0.0925634
59.8		0.0925634
59.9		0.0925634
60		0.0925634
60.1		0.0932407
60.2		0.0932407
60.3		0.0932407
60.4		0.0932407
60.5		0.0932407
60.6		0.0932407
60.7		0.0932407
60.8		0.0932407
60.9		0.0932407
61		0.0932407
61.1		0.0945845
61.2		0.0945845
61.3		0.0945845
61.4		0.0945845
61.5		0.0945845
61.6		0.0945845
61.7		0.0945845
61.8		0.0945845
61.9		0.0945845
62		0.0945845
62.1		0.096719
62.2		0.096719
62.3		0.096719
62.4		0.096719
62.5		0.096719
62.6		0.096719
62.7		0.096719
62.8		0.096719
62.9		0.096719
63		0.096719
63.1		0.100417
63.2		0.100417
63.3		0.100417
63.4		0.100417
63.5		0.100417
63.6		0.100417
63.7		0.100417
63.8		0.100417
63.9		0.100417
64		0.100417
64.1		0.1019
64.2		0.1019
64.3		0.1019
64.4		0.1019
64.5		0.1019
64.6		0.1019
64.7		0.1019
64.8		0.1019
64.9		0.1019
65		0.1019
65.1		0.105195
65.2		0.105195
65.3		0.105195
65.4		0.105195
65.5		0.105195
65.6		0.105195
65.7		0.105195
65.8		0.105195
65.9		0.105195
66		0.105195
66.1		0.105334
66.2		0.105334
66.3		0.105334
66.4		0.105334
66.5		0.105334
66.6		0.105334
66.7		0.105334
66.8		0.105334
66.9		0.105334
67		0.105334
67.1		0.105561
67.2		0.105561
67.3		0.105561
67.4		0.105561
67.5		0.105561
67.6		0.105561
67.7		0.105561
67.8		0.105561
67.9		0.105561
68		0.105561
68.1		0.112093
68.2		0.112093
68.3		0.112093
68.4		0.112093
68.5		0.112093
68.6		0.112093
68.7		0.112093
68.8		0.112093
68.9		0.112093
69		0.112093
69.1		0.112346
69.2		0.112346
69.3		0.112346
69.4		0.112346
69.5		0.112346
69.6		0.112346
69.7		0.112346
69.8		0.112346
69.9		0.112346
70		0.112346
70.1		0.112858
70.2		0.112858
70.3		0.112858
70.4		0.112858
70.5		0.112858
70.6		0.112858
70.7		0.112858
70.8		0.112858
70.9		0.112858
71		0.112858
71.1		0.114934
71.2		0.114934
71.3		0.114934
71.4		0.114934
71.5		0.114934
71.6		0.114934
71.7		0.114934
71.8		0.114934
71.9		0.114934
72		0.114934
72.1		0.119621
72.2		0.119621
72.3		0.119621
72.4		0.119621
72.5		0.119621
72.6		0.119621
72.7		0.119621
72.8		0.119621
72.9		0.119621
73		0.119621
73.1		0.122946
73.2		0.122946
73.3		0.122946
73.4		0.122946
73.5		0.122946
73.6		0.122946
73.7		0.122946
73.8		0.122946
73.9		0.122946
74		0.122946
74.1		0.123788
74.2		0.123788
74.3		0.123788
74.4		0.123788
74.5		0.123788
74.6		0.123788
74.7		0.123788
74.8		0.123788
74.9		0.123788
75		0.123788
75.1		0.124103
75.2		0.124103
75.3		0.124103
75.4		0.124103
75.5		0.124103
75.6		0.124103
75.7		0.124103
75.8		0.124103
75.9		0.124103
76		0.124103
76.1		0.128225
76.2		0.128225
76.3		0.128225
76.4		0.128225
76.5		0.128225
76.6		0.128225
76.7		0.128225
76.8		0.128225
76.9		0.128225
77		0.128225
77.1		0.129887
77.2		0.129887
77.3		0.129887
77.4		0.129887
77.5		0.129887
77.6		0.129887
77.7		0.129887
77.8		0.129887
77.9		0.129887
78		0.129887
78.1		0.130433
78.2		0.130433
78.3		0.130433
78.4		0.130433
78.5		0.130433
78.6		0.130433
78.7		0.130433
78.8		0.130433
78.9		0.130433
79		0.130433
79.1		0.133977
79.2		0.133977
79.3		0.133977
79.4		0.133977
79.5		0.133977
79.6		0.133977
79.7		0.133977
79.8		0.133977
79.9		0.133977
80		0.133977
80.1		0.135976
80.2		0.135976
80.3		0.135976
80.4		0.135976
80.5		0.135976
80.6		0.135976
80.7		0.135976
80.8		0.135976
80.9		0.135976
81		0.135976
81.1		0.138799
81.2		0.138799
81.3		0.138799
81.4		0.138799
81.5		0.138799
81.6		0.138799
81.7		0.138799
81.8		0.138799
81.9		0.138799
82		0.138799
82.1		0.139023
82.2		0.139023
82.3		0.139023
82.4		0.139023
82.5		0.139023
82.6		0.139023
82.7		0.139023
82.8		0.139023
82.9		0.139023
83		0.139023
83.1		0.141542
83.2		0.141542
83.3		0.141542
83.4		0.141542
83.5		0.141542
83.6		0.141542
83.7		0.141542
83.8		0.141542
83.9		0.141542
84		0.141542
84.1		0.14483
84.2		0.14483
84.3		0.14483
84.4		0.14483
84.5		0.14483
84.6		0.14483
84.7		0.14483
84.8		0.14483
84.9		0.14483
85		0.14483
85.1		0.147605
85.2		0.147605
85.3		0.147605
85.4		0.147605
85.5		0.147605
85.6		0.147605
85.7		0.147605
85.8		0.147605
85.9		0.147605
86		0.147605
86.1		0.149201
86.2		0.149201
86.3		0.149201
86.4		0.149201
86.5		0.149201
86.6		0.149201
86.7		0.149201
86.8		0.149201
86.9		0.149201
87		0.149201
87.1		0.149897
87.2		0.149897
87.3		0.149897
87.4		0.149897
87.5		0.149897
87.6		0.149897
87.7		0.149897
87.8		0.149897
87.9		0.149897
88		0.149897
88.1		0.153123
88.2		0.153123
88.3		0.153123
88.4		0.153123
88.5		0.153123
88.6		0.153123
88.7		0.153123
88.8		0.153123
88.9		0.153123
89		0.153123
89.1		0.153313
89.2		0.153313
89.3		0.153313
89.4		0.153313
89.5		0.153313
89.6		0.153313
89.7		0.153313
89.8		0.153313
89.9		0.153313
90		0.153313
90.1		0.15596
90.2		0.15596
90.3		0.15596
90.4		0.15596
90.5		0.15596
90.6		0.15596
90.7		0.15596
90.8		0.15596
90.9		0.15596
91		0.15596
91.1		0.160409
91.2		0.160409
91.3		0.160409
91.4		0.160409
91.5		0.160409
91.6		0.160409
91.7		0.160409
91.8		0.160409
91.9		0.160409
92		0.160409
92.1		0.161848
92.2		0.161848
92.3		0.161848
92.4		0.161848
92.5		0.161848
92.6		0.161848
92.7		0.161848
92.8		0.161848
92.9		0.161848
93		0.161848
93.1		0.163374
93.2		0.163374
93.3		0.163374
93.4		0.163374
93.5		0.163374
93.6		0.163374
93.7		0.163374
93.8		0.163374
93.9		0.163374
94		0.163374
94.1		0.163872
94.2		0.163872
94.3		0.163872
94.4		0.163872
94.5		0.163872
94.6		0.163872
94.7		0.163872
94.8		0.163872
94.9		0.163872
95		0.163872
95.1		0.165699
95.2		0.165699
95.3		0.165699
95.4		0.165699
95.5		0.165699
95.6		0.165699
95.7		0.165699
95.8		0.165699
95.9		0.165699
96		0.165699
96.1		0.16712
96.2		0.16712
96.3		0.16712
96.4		0.16712
96.5		0.16712
96.6		0.16712
96.7		0.16712
96.8		0.16712
96.9		0.16712
97		0.16712
97.1		0.171254
97.2		0.171254
97.3		0.171254
97.4		0.171254
97.5		0.171254
97.6		0.171254
97.7		0.171254
97.8		0.171254
97.9		0.171254
98		0.171254
98.1		0.174172
98.2		0.174172
98.3		0.174172
98.4		0.174172
98.5		0.174172
98.6		0.174172
98.7		0.174172
98.8		0.174172
98.9		0.174172
99		0.174172
99.1		0.174604
99.2		0.174604
99.3		0.174604
99.4		0.174604
99.5		0.174604
99.6		0.174604
99.7		0.174604
99.8		0.174604
99.9		0.174604
100		0.174604
100.1		0.176288
100.2		0.176288
100.3		0.176288
100.4		0.176288
100.5		0.176288
100.6		0.176288
100.7		0.176288
100.8		0.176288
100.9		0.176288
101		0.176288
101.1		0.17783
101.2		0.17783
101.3		0.17783
101.4		0.17783
101.5		0.17783
101.6		0.17783
101.7		0.17783
101.8		0.17783
101.9		0.17783
102		0.17783
102.1		0.182172
102.2		0.182172
102.3		0.182172
102.4		0.182172
102.5		0.182172
102.6		0.182172
102.7		0.182172
102.8		0.182172
102.9		0.182172
103		0.182172
103.1		0.18446
103.2		0.18446
103.3		0.18446
103.4		0.18446
103.5		0.18446
103.6		0.18446
103.7		0.18446
103.8		0.18446
103.9		0.18446
104		0.18446
104.1		0.185156
104.2		0.185156
104.3		0.185156
104.4		0.185156
104.5		0.185156
104.6		0.185156
104.7		0.185156
104.8		0.185156
104.9		0.185156
105		0.185156
105.1		0.186229
105.2		0.186229
105.3		0.186229
105.4		0.186229
105.5		0.186229
105.6		0.186229
105.7		0.186229
105.8		0.186229
105.9		0.186229
106		0.186229
106.1		0.19078
106.2		0.19078
106.3		0.19078
106.4		0.19078
106.5		0.19078
106.6		0.19078
106.7		0.19078
106.8		0.19078
106.9		0.19078
107		0.19078
107.1		0.192526
107.2		0.192526
107.3		0.192526
107.4		0.192526
107.5		0.192526
107.6		0.192526
107.7		0.192526
107.8		0.192526
107.9		0.192526
108		0.192526
108.1		0.194112
108.2		0.194112
108.3		0.194112
108.4		0.194112
108.5		0.194112
108.6		0.194112
108.7		0.194112
108.8		0.194112
108.9		0.194112
109		0.194112
109.1		0.194848
109.2		0.194848
109.3		0.194848
109.4		0.194848
109.5		0.194848
109.6		0.194848
109.7		0.194848
109.8		0.194848
109.9		0.194848
110		0.194848
110.1		0.198443
110.2		0.198443
110.3		0.198443
110.4		0.198443
110.5		0.198443
110.6		0.198443
110.7		0.198443
110.8		0.198443
110.9		0.198443
111		0.198443
111.1		0.200761
111.2		0.200761
111.3		0.200761
111.4		0.200761
111.5		0.200761
111.6		0.200761
111.7		0.200761
111.8		0.200761
111.9		0.200761
112		0.200761
112.1		0.202537
112.2		0.202537
112.3		0.202537
112.4		0.202537
112.5		0.202537
112.6		0.202537
112.7		0.202537
112.8		0.202537
112.9		0.202537
113		0.202537
113.1		0.203902
113.2		0.203902
113.3		0.203902
113.4		0.203902
113.5		0.203902
113.6		0.203902
113.7		0.203902
113.8		0.203902
113.9		0.203902
114		0.203902
114.1		0.209105
114.2		0.209105
114.3		0.209105
114.4		0.209105
114.5		0.209105
114.6		0.209105
114.7		0.209105
114.8		0.209105
114.9		0.209105
115		0.209105
115.1		0.209266
115.2		0.209266
115.3		0.209266
115.4		0.209266
115.5		0.209266
115.6		0.209266
115.7		0.209266
115.8		0.209266
115.9		0.209266
116		0.209266
116.1		0.209684
116.2		0.209684
116.3		0.209684
116.4		0.209684
116.5		0.209684
116.6		0.209684
116.7		0.209684
116.8		0.209684
116.9		0.209684
117		0.209684
117.1		0.211653
117.2		0.211653
117.3		0.211653
117.4		0.211653
117.5		0.211653
117.6		0.211653
117.7		0.211653
117.8		0.211653
117.9		0.211653
118		0.211653
118.1		0.214791
118.2		0.214791
118.3		0.214791
118.4		0.214791
118.5		0.214791
118.6		0.214791
118.7		0.214791
118.8		0.214791
118.9		0.214791
119		0.214791
119.1		0.218387
119.2		0.218387
119.3		0.218387
119.4		0.218387
119.5		0.218387
119.6		0.218387
119.7		0.218387
119.8		0.218387
119.9		0.218387
120		0.218387
120.1		0.218672
120.2		0.218672
120.3		0.218672
120.4		0.218672
120.5		0.218672
120.6		0.218672
120.7		0.218672
120.8		0.218672
120.9		0.218672
121		0.218672
121.1		0.220653
121.2		0.220653
121.3		0.220653
121.4		0.220653
121.5		0.220653
121.6		0.220653
121.7		0.220653
121.8		0.220653
121.9		0.220653
122		0.220653
122.1		0.221711
122.2		0.221711
122.3		0.221711
122.4		0.221711
122.5		0.221711
122.6		0.221711
122.7		0.221711
122.8		0.221711
122.9		0.221711
123		0.221711
123.1		0.224282
123.2		0.224282
123.3		0.224282
123.4		0.224282
123.5		0.224282
123.6		0.224282
123.7		0.224282
123.8		0.224282
123.9		0.224282
124		0.224282
124.1		0.229367
124.2		0.229367
124.3		0.229367
124.4		0.229367
124.5		0.229367
124.6		0.229367
124.7		0.229367
124.8		0.229367
124.9		0.229367
125		0.229367
125.1		0.22955
125.2		0.22955
125.3		0.22955
125.4		0.22955
125.5		0.22955
125.6		0.22955
125.7		0.22955
125.8		0.22955
125.9		0.22955
126		0.22955
126.1		0.229902
126.2		0.229902
126.3		0.229902
126.4		0.229902
126.5		0.229902
126.6		0.229902
126.7		0.229902
126.8		0.229902
126.9		0.229902
127		0.229902
127.1		0.231004
127.2		0.231004
127.3		0.231004
127.4		0.231004
127.5		0.231004
127.6		0.231004
127.7		0.231004
127.8		0.231004
127.9		0.231004
128		0.231004
128.1		0.235687
128.2		0.235687
128.3		0.235687
128.4		0.235687
128.5		0.235687
128.6		0.235687
128.7		0.235687
128.8		0.235687
128.9		0.235687
129		0.235687
129.1		0.236738
129.2		0.236738
129.3		0.236738
129.4		0.236738
129.5		0.236738
129.6		0.236738
129.7		0.236738
129.8		0.236738
129.9		0.236738
130		0.236738
130.1		0.239861
130.2		0.239861
130.3		0.239861
130.4		0.239861
130.5		0.239861
130.6		0.239861
130.7		0.239861
130.8		0.239861
130.9		0.239861
131		0.239861
131.1		0.241907
131.2		0.241907
131.3		0.241907
131.4		0.241907
131.5		0.241907
131.6		0.241907
131.7		0.241907
131.8		0.241907
131.9		0.241907
132		0.241907
132.1		0.2448
132.2		0.2448
132.3		0.2448
132.4		0.2448
132.5		0.2448
132.6		0.2448
132.7		0.2448
132.8		0.2448
132.9		0.2448
133		0.2448
133.1		0.245818
133.2		0.245818
133.3		0.245818
133.4		0.245818
133.5		0.245818
133.6		0.245818
133.7		0.245818
133.8		0.245818
133.9		0.245818
134		0.245818
134.1		0.246246
134.2		0.246246
134.3		0.246246
134.4		0.246246
134.5		0.246246
134.6		0.246246
134.7		0.246246
134.8		0.246246
134.9		0.246246
135		0.246246
135.1		0.247886
135.2		0.247886
135.3		0.247886
135.4		0.247886
135.5		0.247886
135.6		0.247886
135.7		0.247886
135.8		0.247886
135.9		0.247886
136		0.247886
136.1		0.253485
136.2		0.253485
136.3		0.253485
136.4		0.253485
136.5		0.253485
136.6		0.253485
136.7		0.253485
136.8		0.253485
136.9		0.253485
137		0.253485
137.1		0.254803
137.2		0.254803
137.3		0.254803
137.4		0.254803
137.5		0.254803
137.6		0.254803
137.7		0.254803
137.8		0.254803
137.9		0.254803
138		0.254803
138.1		0.256344
138.2		0.256344
138.3		0.256344
138.4		0.256344
138.5		0.256344
138.6		0.256344
138.7		0.256344
138.8		0.256344
138.9		0.256344
139		0.256344
139.1		0.256685
139.2		0.256685
139.3		0.256685
139.4		0.256685
139.5		0.256685
139.6		0.256685
139.7		0.256685
139.8		0.256685
139.9		0.256685
140		0.256685
140.1		0.261935
140.2		0.261935
140.3		0.261935
140.4		0.261935
140.5		0.261935
140.6		0.261935
140.7		0.261935
140.8		0.261935
140.9		0.261935
141		0.261935
141.1		0.262536
141.2		0.262536
141.3		0.262536
141.4		0.262536
141.5		0.262536
141.6		0.262536
141.7		0.262536
141.8		0.262536
141.9		0.262536
142		0.262536
142.1		0.262847
142.2		0.262847
142.3		0.262847
142.4		0.262847
142.5		0.262847
142.6		0.262847
142.7		0.262847
142.8		0.262847
142.9		0.262847
143		0.262847
143.1		0.265333
143.2		0.265333
143.3		0.265333
143.4		0.265333
143.5		0.265333
143.6		0.265333
143.7		0.265333
143.8		0.265333
143.9		0.265333
144		0.265333
144.1		0.27084
144.2		0.27084
144.3		0.27084
144.4		0.27084
144.5		0.27084
144.6		0.27084
144.7		0.27084
144.8		0.27084
144.9		0.27084
145		0.27084
145.1		0.271177
145.2		0.271177
145.3		0.271177
145.4		0.271177
145.5		0.271177
145.6		0.271177
145.7		0.271177
145.8		0.271177
145.9		0.271177
146		0.271177
146.1		0.272535
146.2		0.272535
146.3		0.272535
146.4		0.272535
146.5		0.272535
146.6		0.272535
146.7		0.272535
146.8		0.272535
146.9		0.272535
147		0.272535
147.1		0.27475
147.2		0.27475
147.3		0.27475
147.4		0.27475
147.5		0.27475
147.6		0.27475
147.7		0.27475
147.8		0.27475
147.9		0.27475
148		0.27475
148.1		0.278221
148.2		0.278221
148.3		0.278221
148.4		0.278221
148.5		0.278221
148.6		0.278221
148.7		0.278221
148.8		0.278221
148.9		0.278221
149		0.278221
149.1		0.281773
149.2		0.281773
149.3		0.281773
149.4		0.281773
149.5		0.281773
149.6		0.281773
149.7		0.281773
149.8		0.281773
149.9		0.281773
150		0.281773
150.1		0.282461
150.2		0.282461
150.3		0.282461
150.4		0.282461
150.5		0.282461
150.6		0.282461
150.7		0.282461
150.8		0.282461
150.9		0.282461
151		0.282461
151.1		0.2829
151.2		0.2829
151.3		0.2829
151.4		0.2829
151.5		0.2829
151.6		0.2829
151.7		0.2829
151.8		0.2829
151.9		0.2829
152		0.2829
152.1		0.285709
152.2		0.285709
152.3		0.285709
152.4		0.285709
152.5		0.285709
152.6		0.285709
152.7		0.285709
152.8		0.285709
152.9		0.285709
153		0.285709
153.1		0.287199
153.2		0.287199
153.3		0.287199
153.4		0.287199
153.5		0.287199
153.6		0.287199
153.7		0.287199
153.8		0.287199
153.9		0.287199
154		0.287199
154.1		0.291175
154.2		0.291175
154.3		0.291175
154.4		0.291175
154.5		0.291175
154.6		0.291175
154.7		0.291175
154.8		0.291175
154.9		0.291175
155		0.291175
155.1		0.294287
155.2		0.294287
155.3		0.294287
155.4		0.294287
155.5		0.294287
155.6		0.294287
155.7		0.294287
155.8		0.294287
155.9		0.294287
156		0.294287
156.1		0.294639
156.2		0.294639
156.3		0.294639
156.4		0.294639
156.5		0.294639
156.6		0.294639
156.7		0.294639
156.8		0.294639
156.9		0.294639
157		0.294639
157.1		0.295213
157.2		0.295213
157.3		0.295213
157.4		0.295213
157.5		0.295213
157.6		0.295213
157.7		0.295213
157.8		0.295213
157.9		0.295213
158		0.295213
158.1		0.297883
158.2		0.297883
158.3		0.297883
158.4		0.297883
158.5		0.297883
158.6		0.297883
158.7		0.297883
158.8		0.297883
158.9		0.297883
159		0.297883
159.1		0.300193
159.2		0.300193
159.3		0.300193
159.4		0.300193
159.5		0.300193
159.6		0.300193
159.7		0.300193
159.8		0.300193
159.9		0.300193
160		0.300193
160.1		0.301438
160.2		0.301438
160.3		0.301438
160.4		0.301438
160.5		0.301438
160.6		0.301438
160.7		0.301438
160.8		0.301438
160.9		0.301438
161		0.301438
161.1		0.303221
161.2		0.303221
161.3		0.303221
161.4		0.303221
161.5		0.303221
161.6		0.303221
161.7		0.303221
161.8		0.303221
161.9		0.303221
162		0.303221
162.1		0.308526
162.2		0.308526
162.3		0.308526
162.4		0.308526
162.5		0.308526
162.6		0.308526
162.7		0.308526
162.8		0.308526
162.9		0.308526
163		0.308526
163.1		0.309438
163.2		0.309438
163.3		0.309438
163.4		0.309438
163.5		0.309438
163.6		0.309438
163.7		0.309438
163.8		0.309438
163.9		0.309438
164		0.309438
164.1		0.310119
164.2		0.310119
164.3		0.310119
164.4		0.310119
164.5		0.310119
164.6		0.310119
164.7		0.310119
164.8		0.310119
164.9		0.310119
165		0.310119
165.1		0.310881
165.2		0.310881
165.3		0.310881
165.4		0.310881
165.5		0.310881
165.6		0.310881
165.7		0.310881
165.8		0.310881
165.9		0.310881
166		0.310881
166.1		0.316014
166.2		0.316014
166.3		0.316014
166.4		0.316014
166.5		0.316014
166.6		0.316014
166.7		0.316014
166.8		0.316014
166.9		0.316014
167		0.316014
167.1		0.317131
167.2		0.317131
167.3		0.317131
167.4		0.317131
167.5		0.317131
167.6		0.317131
167.7		0.317131
167.8		0.317131
167.9		0.317131
168		0.317131
168.1		0.320206
168.2		0.320206
168.3		0.320206
168.4		0.320206
168.5		0.320206
168.6		0.320206
168.7		0.320206
168.8		0.320206
168.9		0.320206
169		0.320206
169.1		0.32096
169.2		0.32096
169.3		0.32096
169.4		0.32096
169.5		0.32096
169.6		0.32096
169.7		0.32096
169.8		0.32096
169.9		0.32096
170		0.32096
170.1		0.324146
170.2		0.324146
170.3		0.324146
170.4		0.324146
170.5		0.324146
170.6		0.324146
170.7		0.324146
170.8		0.324146
170.9		0.324146
171		0.324146
171.1		0.327251
171.2		0.327251
171.3		0.327251
171.4		0.327251
171.5		0.327251
171.6		0.327251
171.7		0.327251
171.8		0.327251
171.9		0.327251
172		0.327251
172.1		0.327437
172.2		0.327437
172.3		0.327437
172.4		0.327437
172.5		0.327437
172.6		0.327437
172.7		0.327437
172.8		0.327437
172.9		0.327437
173		0.327437
173.1		0.327994
173.2		0.327994
173.3		0.327994
173.4		0.327994
173.5		0.327994
173.6		0.327994
173.7		0.327994
173.8		0.327994
173.9		0.327994
174		0.327994
174.1		0.33167
174.2		0.33167
174.3		0.33167
174.4		0.33167
174.5		0.33167
174.6		0.33167
174.7		0.33167
174.8		0.33167
174.9		0.33167
175		0.33167
175.1		0.3348
175.2		0.3348
175.3		0.3348
175.4		0.3348
175.5		0.3348
175.6		0.3348
175.7		0.3348
175.8		0.3348
175.9		0.3348
176		0.3348
176.1		0.337286
176.2		0.337286
176.3		0.337286
176.4		0.337286
176.5		0.337286
176.6		0.337286
176.7		0.337286
176.8		0.337286
176.9		0.337286
177		0.337286
177.1		0.33922
177.2		0.33922
177.3		0.33922
177.4		0.33922
177.5		0.33922
177.6		0.33922
177.7		0.33922
177.8		0.33922
177.9		0.33922
178		0.33922
178.1		0.340076
178.2		0.340076
178.3		0.340076
178.4		0.340076
178.5		0.340076
178.6		0.340076
178.7		0.340076
178.8		0.340076
178.9		0.340076
179		0.340076
179.1		0.342713
179.2		0.342713
179.3		0.342713
179.4		0.342713
179.5		0.342713
179.6		0.342713
179.7		0.342713
179.8		0.342713
179.9		0.342713
180		0.342713
180.1		0.345429
180.2		0.345429
180.3		0.345429
180.4		0.345429
180.5		0.345429
180.6		0.345429
180.7		0.345429
180.8		0.345429
180.9		0.345429
181		0.345429
181.1		0.346714
181.2		0.346714
181.3		0.346714
181.4		0.346714
181.5		0.346714
181.6		0.346714
181.7		0.346714
181.8		0.346714
181.9		0.346714
182		0.346714
182.1		0.349135
182.2		0.349135
182.3		0.349135
182.4		0.349135
182.5		0.349135
182.6		0.349135
182.7		0.349135
182.8		0.349135
182.9		0.349135
183		0.349135
183.1		0.349563
183.2		0.349563
183.3		0.349563
183.4		0.349563
183.5		0.349563
183.6		0.349563
183.7		0.349563
183.8		0.349563
183.9		0.349563
184		0.349563
184.1		0.354096
184.2		0.354096
184.3		0.354096
184.4		0.354096
184.5		0.354096
184.6		0.354096
184.7		0.354096
184.8		0.354096
184.9		0.354096
185		0.354096
185.1		0.354612
185.2		0.354612
185.3		0.354612
185.4		0.354612
185.5		0.354612
185.6		0.354612
185.7		0.354612
185.8		0.354612
185.9		0.354612
186		0.354612
186.1		0.356406
186.2		0.356406
186.3		0.356406
186.4		0.356406
186.5		0.356406
186.6		0.356406
186.7		0.356406
186.8		0.356406
186.9		0.356406
187		0.356406
187.1		0.360899
187.2		0.360899
187.3		0.360899
187.4		0.360899
187.5		0.360899
187.6		0.360899
187.7		0.360899
187.8		0.360899
187.9		0.360899
188		0.360899
188.1		0.363758
188.2		0.363758
188.3		0.363758
188.4		0.363758
188.5		0.363758
188.6		0.363758
188.7		0.363758
188.8		0.363758
188.9		0.363758
189		0.363758
189.1		0.365208
189.2		0.365208
189.3		0.365208
189.4		0.365208
189.5		0.365208
189.6		0.365208
189.7		0.365208
189.8		0.365208
189.9		0.365208
190		0.365208
190.1		0.367222
190.2		0.367222
190.3		0.367222
190.4		0.367222
190.5		0.367222
190.6		0.367222
190.7		0.367222
190.8		0.367222
190.9		0.367222
191		0.367222
191.1		0.36754
191.2		0.36754
191.3		0.36754
191.4		0.36754
191.5		0.36754
191.6		0.36754
191.7		0.36754
191.8		0.36754
191.9		0.36754
192		0.36754
192.1		0.373692
192.2		0.373692
192.3		0.373692
192.4		0.373692
192.5		0.373692
192.6		0.373692
192.7		0.373692
192.8		0.373692
192.9		0.373692
193		0.373692
193.1		0.373966
193.2		0.373966
193.3		0.373966
193.4		0.373966
193.5		0.373966
193.6		0.373966
193.7		0.373966
193.8		0.373966
193.9		0.373966
194		0.373966
194.1		0.375226
194.2		0.375226
194.3		0.375226
194.4		0.375226
194.5		0.375226
194.6		0.375226
194.7		0.375226
194.8		0.375226
194.9		0.375226
195		0.375226
195.1		0.376104
195.2		0.376104
195.3		0.376104
195.4		0.376104
195.5		0.376104
195.6		0.376104
195.7		0.376104
195.8		0.376104
195.9		0.376104
196		0.376104
196.1		0.380216
196.2		0.380216
196.3		0.380216
196.4		0.380216
196.5		0.380216
196.6		0.380216
196.7		0.380216
196.8		0.380216
196.9		0.380216
197		0.380216
197.1		0.382329
197.2		0.382329
197.3		0.382329
197.4		0.382329
197.5		0.382329
197.6		0.382329
197.7		0.382329
197.8		0.382329
197.9		0.382329
198		0.382329
198.1		0.382508
198.2		0.382508
198.3		0.382508
198.4		0.382508
198.5		0.382508
198.6		0.382508
198.7		0.382508
198.8		0.382508
198.9		0.382508
199		0.382508
199.1		0.384551
199.2		0.384551
199.3		0.384551
199.4		0.384551
199.5		0.384551
199.6		0.384551
199.7		0.384551
199.8		0.384551
199.9		0.384551
200		0.384551
200.1		0.38964
200.2		0.38964
200.3		0.38964
200.4		0.38964
200.5		0.38964
200.6		0.38964
200.7		0.38964
200.8		0.38964
200.9		0.38964
201		0.38964
201.1		0.38978
201.2		0.38978
201.3		0.38978
201.4		0.38978
201.5		0.38978
201.6		0.38978
201.7		0.38978
201.8		0.38978
201.9		0.38978
202		0.38978
202.1		0.389996
202.2		0.389996
202.3		0.389996
202.4		0.389996
202.5		0.389996
202.6		0.389996
202.7		0.389996
202.8		0.389996
202.9		0.389996
203		0.389996
203.1		0.393767
203.2		0.393767
203.3		0.393767
203.4		0.393767
203.5		0.393767
203.6		0.393767
203.7		0.393767
203.8		0.393767
203.9		0.393767
204		0.393767
204.1		0.395407
204.2		0.395407
204.3		0.395407
204.4		0.395407
204.5		0.395407
204.6		0.395407
204.7		0.395407
204.8		0.395407
204.9		0.395407
205		0.395407
205.1		0.399966
205.2		0.399966
205.3		0.399966
205.4		0.399966
205.5		0.399966
205.6		0.399966
205.7		0.399966
205.8		0.399966
205.9		0.399966
206		0.399966
206.1		0.400507
206.2		0.400507
206.3		0.400507
206.4		0.400507
206.5		0.400507
206.6		0.400507
206.7		0.400507
206.8		0.400507
206.9		0.400507
207		0.400507
207.1		0.402935
207.2		0.402935
207.3		0.402935
207.4		0.402935
207.5		0.402935
207.6		0.402935
207.7		0.402935
207.8		0.402935
207.9		0.402935
208		0.402935
208.1		0.403217
208.2		0.403217
208.3		0.403217
208.4		0.403217
208.5		0.403217
208.6		0.403217
208.7		0.403217
208.8		0.403217
208.9		0.403217
209		0.403217
209.1		0.404813
209.2		0.404813
209.3		0.404813
209.4		0.404813
209.5		0.404813
209.6		0.404813
209.7		0.404813
209.8		0.404813
209.9		0.404813
210		0.404813
210.1		0.408713
210.2		0.408713
210.3		0.408713
210.4		0.408713
210.5		0.408713
210.6		0.408713
210.7		0.408713
210.8		0.408713
210.9		0.408713
211		0.408713
211.1		0.411012
211.2		0.411012
211.3		0.411012
211.4		0.411012
211.5		0.411012
211.6		0.411012
211.7		0.411012
211.8		0.411012
211.9		0.411012
212		0.411012
212.1		0.412498
212.2		0.412498
212.3		0.412498
212.4		0.412498
212.5		0.412498
212.6		0.412498
212.7		0.412498
212.8		0.412498
212.9		0.412498
213		0.412498
213.1		0.414479
213.2		0.414479
213.3		0.414479
213.4		0.414479
213.5		0.414479
213.6		0.414479
213.7		0.414479
213.8		0.414479
213.9		0.414479
214		0.414479
214.1		0.416965
214.2		0.416965
214.3		0.416965
214.4		0.416965
214.5		0.416965
214.6		0.416965
214.7		0.416965
214.8		0.416965
214.9		0.416965
215		0.416965
215.1		0.418371
215.2		0.418371
215.3		0.418371
215.4		0.418371
215.5		0.418371
215.6		0.418371
215.7		0.418371
215.8		0.418371
215.9		0.418371
216		0.418371
216.1		0.419792
216.2		0.419792
216.3		0.419792
216.4		0.419792
216.5		0.419792
216.6		0.419792
216.7		0.419792
216.8		0.419792
216.9		0.419792
217		0.419792
217.1		0.42286
217.2		0.42286
217.3		0.42286
217.4		0.42286
217.5		0.42286
217.6		0.42286
217.7		0.42286
217.8		0.42286
217.9		0.42286
218		0.42286
218.1		0.424987
218.2		0.424987
218.3		0.424987
218.4		0.424987
218.5		0.424987
218.6		0.424987
218.7		0.424987
218.8		0.424987
218.9		0.424987
219		0.424987
219.1		0.427371
219.2		0.427371
219.3		0.427371
219.4		0.427371
219.5		0.427371
219.6		0.427371
219.7		0.427371
219.8		0.427371
219.9		0.427371
220		0.427371
220.1		0.427723
220.2		0.427723
220.3		0.427723
220.4		0.427723
220.5		0.427723
220.6		0.427723
220.7		0.427723
220.8		0.427723
220.9		0.427723
221		0.427723
221.1		0.429806
221.2		0.429806
221.3		0.429806
221.4		0.429806
221.5		0.429806
221.6		0.429806
221.7		0.429806
221.8		0.429806
221.9		0.429806
222		0.429806
222.1		0.434426
222.2		0.434426
222.3		0.434426
222.4		0.434426
222.5		0.434426
222.6		0.434426
222.7		0.434426
222.8		0.434426
222.9		0.434426
223		0.434426
223.1		0.435649
223.2		0.435649
223.3		0.435649
223.4		0.435649
223.5		0.435649
223.6		0.435649
223.7		0.435649
223.8		0.435649
223.9		0.435649
224		0.435649
224.1		0.437246
224.2		0.437246
224.3		0.437246
224.4		0.437246
224.5		0.437246
224.6		0.437246
224.7		0.437246
224.8		0.437246
224.9		0.437246
225		0.437246
225.1		0.438538
225.2		0.438538
225.3		0.438538
225.4		0.438538
225.5		0.438538
225.6		0.438538
225.7		0.438538
225.8		0.438538
225.9		0.438538
226		0.438538
226.1		0.443529
226.2		0.443529
226.3		0.443529
226.4		0.443529
226.5		0.443529
226.6		0.443529
226.7		0.443529
226.8		0.443529
226.9		0.443529
227		0.443529
227.1		0.444569
227.2		0.444569
227.3		0.444569
227.4		0.444569
227.5		0.444569
227.6		0.444569
227.7		0.444569
227.8		0.444569
227.9		0.444569
228		0.444569
228.1		0.444678
228.2		0.444678
228.3		0.444678
228.4		0.444678
228.5		0.444678
228.6		0.444678
228.7		0.444678
228.8		0.444678
228.9		0.444678
229		0.444678
229.1		0.447274
229.2		0.447274
229.3		0.447274
229.4		0.447274
229.5		0.447274
229.6		0.447274
229.7		0.447274
229.8		0.447274
229.9		0.447274
230		0.447274
230.1		0.452129
230.2		0.452129
230.3		0.452129
230.4		0.452129
230.5		0.452129
230.6		0.452129
230.7		0.452129
230.8		0.452129
230.9		0.452129
231		0.452129
231.1		0.452547
231.2		0.452547
231.3		0.452547
231.4		0.452547
231.5		0.452547
231.6		0.452547
231.7		0.452547
231.8		0.452547
231.9		0.452547
232		0.452547
232.1		0.453938
232.2		0.453938
232.3		0.453938
232.4		0.453938
232.5		0.453938
232.6		0.453938
232.7		0.453938
232.8		0.453938
232.9		0.453938
233		0.453938
233.1		0.456732
233.2		0.456732
233.3		0.456732
233.4		0.456732
233.5		0.456732
233.6		0.456732
233.7		0.456732
233.8		0.456732
233.9		0.456732
234		0.456732
234.1		0.460444
234.2		0.460444
234.3		0.460444
234.4		0.460444
234.5		0.460444
234.6		0.460444
234.7		0.460444
234.8		0.460444
234.9		0.460444
235		0.460444
235.1		0.463249
235.2		0.463249
235.3		0.463249
235.4		0.463249
235.5		0.463249
235.6		0.463249
235.7		0.463249
235.8		0.463249
235.9		0.463249
236		0.463249
236.1		0.464633
236.2		0.464633
236.3		0.464633
236.4		0.464633
236.5		0.464633
236.6		0.464633
236.7		0.464633
236.8		0.464633
236.9		0.464633
237		0.464633
237.1		0.465003
237.2		0.465003
237.3		0.465003
237.4		0.465003
237.5		0.465003
237.6		0.465003
237.7		0.465003
237.8		0.465003
237.9		0.465003
238		0.465003
238.1		0.468741
238.2		0.468741
238.3		0.468741
238.4		0.468741
238.5		0.468741
238.6		0.468741
238.7		0.468741
238.8		0.468741
238.9		0.468741
239		0.468741
239.1		0.471384
239.2		0.471384
239.3		0.471384
239.4		0.471384
239.5		0.471384
239.6		0.471384
239.7		0.471384
239.8		0.471384
239.9		0.471384
240		0.471384
240.1		0.472922
240.2		0.472922
240.3		0.472922
240.4		0.472922
240.5		0.472922
240.6		0.472922
240.7		0.472922
240.8		0.472922
240.9		0.472922
241		0.472922
241.1		0.474259
241.2		0.474259
241.3		0.474259
241.4		0.474259
241.5		0.474259
241.6		0.474259
241.7		0.474259
241.8		0.474259
241.9		0.474259
242		0.474259
242.1		0.47706
242.2		0.47706
242.3		0.47706
242.4		0.47706
242.5		0.47706
242.6		0.47706
242.7		0.47706
242.8		0.47706
242.9		0.47706
243		0.47706
243.1		0.480234
243.2		0.480234
243.3		0.480234
243.4		0.480234
243.5		0.480234
243.6		0.480234
243.7		0.480234
243.8		0.480234
243.9		0.480234
244		0.480234
244.1		0.48119
244.2		0.48119
244.3		0.48119
244.4		0.48119
244.5		0.48119
244.6		0.48119
244.7		0.48119
244.8		0.48119
244.9		0.48119
245		0.48119
245.1		0.482332
245.2		0.482332
245.3		0.482332
245.4		0.482332
245.5		0.482332
245.6		0.482332
245.7		0.482332
245.8		0.482332
245.9		0.482332
246		0.482332
246.1		0.484009
246.2		0.484009
246.3		0.484009
246.4		0.484009
246.5		0.484009
246.6		0.484009
246.7		0.484009
246.8		0.484009
246.9		0.484009
247		0.484009
247.1		0.487176
247.2		0.487176
247.3		0.487176
247.4		0.487176
247.5		0.487176
247.6		0.487176
247.7		0.487176
247.8		0.487176
247.9		0.487176
248		0.487176
248.1		0.489882
248.2		0.489882
248.3		0.489882
248.4		0.489882
248.5		0.489882
248.6		0.489882
248.7		0.489882
248.8		0.489882
248.9		0.489882
249		0.489882
249.1		0.490991
249.2		0.490991
249.3		0.490991
249.4		0.490991
249.5		0.490991
249.6		0.490991
249.7		0.490991
249.8		0.490991
249.9		0.490991
250		0.490991
250.1		0.491365
250.2		0.491365
250.3		0.491365
250.4		0.491365
250.5		0.491365
250.6		0.491365
250.7		0.491365
250.8		0.491365
250.9		0.491365
251		0.491365
251.1		0.493053
251.2		0.493053
251.3		0.493053
251.4		0.493053
251.5		0.493053
251.6		0.493053
251.7		0.493053
251.8		0.493053
251.9		0.493053
252		0.493053
252.1		0.497435
252.2		0.497435
252.3		0.497435
252.4		0.497435
252.5		0.497435
252.6		0.497435
252.7		0.497435
252.8		0.497435
252.9		0.497435
253		0.497435
253.1		0.498757
253.2		0.498757
253.3		0.498757
253.4		0.498757
253.5		0.498757
253.6		0.498757
253.7		0.498757
253.8		0.498757
253.9		0.498757
254		0.498757
254.1		0.501291
254.2		0.501291
254.3		0.501291
254.4		0.501291
254.5		0.501291
254.6		0.501291
254.7		0.501291
254.8		0.501291
254.9		0.501291
255		0.501291
255.1		0.501715
255.2		0.501715
255.3		0.501715
255.4		0.501715
255.5		0.501715
255.6		0.501715
255.7		0.501715
255.8		0.501715
255.9		0.501715
256		0.501715
256.1		0.50601
256.2		0.50601
256.3		0.50601
256.4		0.50601
256.5		0.50601
256.6		0.50601
256.7		0.50601
256.8		0.50601
256.9		0.50601
257		0.50601
257.1		0.506808
257.2		0.506808
257.3		0.506808
257.4		0.506808
257.5		0.506808
257.6		0.506808
257.7		0.506808
257.8		0.506808
257.9		0.506808
258		0.506808
258.1		0.507339
258.2		0.507339
258.3		0.507339
258.4		0.507339
258.5		0.507339
258.6		0.507339
258.7		0.507339
258.8		0.507339
258.9		0.507339
259		0.507339
259.1		0.509492
259.2		0.509492
259.3		0.509492
259.4		0.509492
259.5		0.509492
259.6		0.509492
259.7		0.509492
259.8		0.509492
259.9		0.509492
260		0.509492
260.1		0.511495
260.2		0.511495
260.3		0.511495
260.4		0.511495
260.5		0.511495
260.6		0.511495
260.7		0.511495
260.8		0.511495
260.9		0.511495
261		0.511495
261.1		0.514062
261.2		0.514062
261.3		0.514062
261.4		0.514062
261.5		0.514062
261.6		0.514062
261.7		0.514062
261.8		0.514062
261.9		0.514062
262		0.514062
262.1		0.517174
262.2		0.517174
262.3		0.517174
262.4		0.517174
262.5		0.517174
262.6		0.517174
262.7		0.517174
262.8		0.517174
262.9		0.517174
263		0.517174
263.1		0.517994
263.2		0.517994
263.3		0.517994
263.4		0.517994
263.5		0.517994
263.6		0.517994
263.7		0.517994
263.8		0.517994
263.9		0.517994
264		0.517994
264.1		0.521157
264.2		0.521157
264.3		0.521157
264.4		0.521157
264.5		0.521157
264.6		0.521157
264.7		0.521157
264.8		0.521157
264.9		0.521157
265		0.521157
265.1		0.522333
265.2		0.522333
265.3		0.522333
265.4		0.522333
265.5		0.522333
265.6		0.522333
265.7		0.522333
265.8		0.522333
265.9		0.522333
266		0.522333
266.1		0.523332
266.2		0.523332
266.3		0.523332
266.4		0.523332
266.5		0.523332
266.6		0.523332
266.7		0.523332
266.8		0.523332
266.9		0.523332
267		0.523332
267.1		0.52413
267.2		0.52413
267.3		0.52413
267.4		0.52413
267.5		0.52413
267.6		0.52413
267.7		0.52413
267.8		0.52413
267.9		0.52413
268		0.52413
268.1		0.528421
268.2		0.528421
268.3		0.528421
268.4		0.528421
268.5		0.528421
268.6		0.528421
268.7		0.528421
268.8		0.528421
268.9		0.528421
269		0.528421
269.1		0.530962
269.2		0.530962
269.3		0.530962
269.4		0.530962
269.5		0.530962
269.6		0.530962
269.7		0.530962
269.8		0.530962
269.9		0.530962
270		0.530962
270.1		0.532251
270.2		0.532251
270.3		0.532251
270.4		0.532251
270.5		0.532251
270.6		0.532251
270.7		0.532251
270.8		0.532251
270.9		0.532251
271		0.532251
271.1		0.53566
271.2		0.53566
271.3		0.53566
271.4		0.53566
271.5		0.53566
271.6		0.53566
271.7		0.53566
271.8		0.53566
271.9		0.53566
272		0.53566
272.1		0.536462
272.2		0.536462
272.3		0.536462
272.4		0.536462
272.5		0.536462
272.6		0.536462
272.7		0.536462
272.8		0.536462
272.9		0.536462
273		0.536462
273.1		0.53901
273.2		0.53901
273.3		0.53901
273.4		0.53901
273.5		0.53901
273.6		0.53901
273.7		0.53901
273.8		0.53901
273.9		0.53901
274		0.53901
274.1		0.542229
274.2		0.542229
274.3		0.542229
274.4		0.542229
274.5		0.542229
274.6		0.542229
274.7		0.542229
274.8		0.542229
274.9		0.542229
275		0.542229
275.1		0.542437
275.2		0.542437
275.3		0.542437
275.4		0.542437
275.5		0.542437
275.6		0.542437
275.7		0.542437
275.8		0.542437
275.9		0.542437
276		0.542437
276.1		0.543766
276.2		0.543766
276.3		0.543766
276.4		0.543766
276.5		0.543766
276.6		0.543766
276.7		0.543766
276.8		0.543766
276.9		0.543766
277		0.543766
277.1		0.547102
277.2		0.547102
277.3		0.547102
277.4		0.547102
277.5		0.547102
277.6		0.547102
277.7		0.547102
277.8		0.547102
277.9		0.547102
278		0.547102
278.1		0.551909
278.2		0.551909
278.3		0.551909
278.4		0.551909
278.5		0.551909
278.6		0.551909
278.7		0.551909
278.8		0.551909
278.9		0.551909
279		0.551909
279.1		0.552345
279.2		0.552345
279.3		0.552345
279.4		0.552345
279.5		0.552345
279.6		0.552345
279.7		0.552345
279.8		0.552345
279.9		0.552345
280		0.552345
280.1		0.552499
280.2		0.552499
280.3		0.552499
280.4		0.552499
280.5		0.552499
280.6		0.552499
280.7		0.552499
280.8		0.552499
280.9		0.552499
281		0.552499
281.1		0.554095
281.2		0.554095
281.3		0.554095
281.4		0.554095
281.5		0.554095
281.6		0.554095
281.7		0.554095
281.8		0.554095
281.9		0.554095
282		0.554095
282.1		0.560085
282.2		0.560085
282.3		0.560085
282.4		0.560085
282.5		0.560085
282.6		0.560085
282.7		0.560085
282.8		0.560085
282.9		0.560085
283		0.560085
283.1		0.562176
283.2		0.562176
283.3		0.562176
283.4		0.562176
283.5		0.562176
283.6		0.562176
283.7		0.562176
283.8		0.562176
283.9		0.562176
284		0.562176
284.1		0.563102
284.2		0.563102
284.3		0.563102
284.4		0.563102
284.5		0.563102
284.6		0.563102
284.7		0.563102
284.8		0.563102
284.9		0.563102
285		0.563102
285.1		0.568894
285.2		0.568894
285.3		0.568894
285.4		0.568894
285.5		0.568894
285.6		0.568894
285.7		0.568894
285.8		0.568894
285.9		0.568894
286		0.568894
286.1		0.569271
286.2		0.569271
286.3		0.569271
286.4		0.569271
286.5		0.569271
286.6		0.569271
286.7		0.569271
286.8		0.569271
286.9		0.569271
287		0.569271
287.1		0.569777
287.2		0.569777
287.3		0.569777
287.4		0.569777
287.5		0.569777
287.6		0.569777
287.7		0.569777
287.8		0.569777
287.9		0.569777
288		0.569777
288.1		0.574419
288.2		0.574419
288.3		0.574419
288.4		0.574419
288.5		0.574419
288.6		0.574419
288.7		0.574419
288.8		0.574419
288.9		0.574419
289		0.574419
289.1		0.579263
289.2		0.579263
289.3		0.579263
289.4		0.579263
289.5		0.579263
289.6		0.579263
289.7		0.579263
289.8		0.579263
289.9		0.579263
290		0.579263
290.1		0.580248
290.2		0.580248
290.3		0.580248
290.4		0.580248
290.5		0.580248
290.6		0.580248
290.7		0.580248
290.8		0.580248
290.9		0.580248
291		0.580248
291.1		0.580494
291.2		0.580494
291.3		0.580494
291.4		0.580494
291.5		0.580494
291.6		0.580494
291.7		0.580494
291.8		0.580494
291.9		0.580494
292		0.580494
292.1		0.582046
292.2		0.582046
292.3		0.582046
292.4		0.582046
292.5		0.582046
292.6		0.582046
292.7		0.582046
292.8		0.582046
292.9		0.582046
293		0.582046
293.1		0.585429
293.2		0.585429
293.3		0.585429
293.4		0.585429
293.5		0.585429
293.6		0.585429
293.7		0.585429
293.8		0.585429
293.9		0.585429
294		0.585429
294.1		0.587988
294.2		0.587988
294.3		0.587988
294.4		0.587988
294.5		0.587988
294.6		0.587988
294.7		0.587988
294.8		0.587988
294.9		0.587988
295		0.587988
295.1		0.591705
295.2		0.591705
295.3		0.591705
295.4		0.591705
295.5		0.591705
295.6		0.591705
295.7		0.591705
295.8		0.591705
295.9		0.591705
296		0.591705
296.1		0.593085
296.2		0.593085
296.3		0.593085
296.4		0.593085
296.5		0.593085
296.6		0.593085
296.7		0.593085
296.8		0.593085
296.9		0.593085
297		0.593085
297.1		0.59433
297.2		0.59433
297.3		0.59433
297.4		0.59433
297.5		0.59433
297.6		0.59433
297.7		0.59433
297.8		0.59433
297.9		0.59433
298		0.59433
298.1		0.599108
298.2		0.599108
298.3		0.599108
298.4		0.599108
298.5		0.599108
298.6		0.599108
298.7		0.599108
298.8		0.599108
298.9		0.599108
299		0.599108
299.1		0.603154
299.2		0.603154
299.3		0.603154
299.4		0.603154
299.5		0.603154
299.6		0.603154
299.7		0.603154
299.8		0.603154
299.9		0.603154
300		0.603154
300.1		0.606098
300.2		0.606098
300.3		0.606098
300.4		0.606098
300.5		0.606098
300.6		0.606098
300.7		0.606098
300.8		0.606098
300.9		0.606098
301		0.606098
301.1		0.606896
301.2		0.606896
301.3		0.606896
301.4		0.606896
301.5		0.606896
301.6		0.606896
301.7		0.606896
301.8		0.606896
301.9		0.606896
302		0.606896
302.1		0.61174
302.2		0.61174
302.3		0.61174
302.4		0.61174
302.5		0.61174
302.6		0.61174
302.7		0.61174
302.8		0.61174
302.9		0.61174
303		0.61174
303.1		0.614182
303.2		0.614182
303.3		0.614182
303.4		0.614182
303.5		0.614182
303.6		0.614182
303.7		0.614182
303.8		0.614182
303.9		0.614182
304		0.614182
304.1		0.61446
304.2		0.61446
304.3		0.61446
304.4		0.61446
304.5		0.61446
304.6		0.61446
304.7		0.61446
304.8		0.61446
304.9		0.61446
305		0.61446
305.1		0.618158
305.2		0.618158
305.3		0.618158
305.4		0.618158
305.5		0.618158
305.6		0.618158
305.7		0.618158
305.8		0.618158
305.9		0.618158
306		0.618158
306.1		0.618341
306.2		0.618341
306.3		0.618341
306.4		0.618341
306.5		0.618341
306.6		0.618341
306.7		0.618341
306.8		0.618341
306.9		0.618341
307		0.618341
307.1		0.619842
307.2		0.619842
307.3		0.619842
307.4		0.619842
307.5		0.619842
307.6		0.619842
307.7		0.619842
307.8		0.619842
307.9		0.619842
308		0.619842
308.1		0.625243
308.2		0.625243
308.3		0.625243
308.4		0.625243
308.5		0.625243
308.6		0.625243
308.7		0.625243
308.8		0.625243
308.9		0.625243
309		0.625243
309.1		0.625671
309.2		0.625671
309.3		0.625671
309.4		0.625671
309.5		0.625671
309.6		0.625671
309.7		0.625671
309.8		0.625671
309.9		0.625671
310		0.625671
310.1		0.626546
310.2		0.626546
310.3		0.626546
310.4		0.626546
310.5		0.626546
310.6		0.626546
310.7		0.626546
310.8		0.626546
310.9		0.626546
311		0.626546
311.1		0.628242
311.2		0.628242
311.3		0.628242
311.4		0.628242
311.5		0.628242
311.6		0.628242
311.7		0.628242
311.8		0.628242
311.9		0.628242
312		0.628242
312.1		0.632192
312.2		0.632192
312.3		0.632192
312.4		0.632192
312.5		0.632192
312.6		0.632192
312.7		0.632192
312.8		0.632192
312.9		0.632192
313		0.632192
313.1		0.634411
313.2		0.634411
313.3		0.634411
313.4		0.634411
313.5		0.634411
313.6		0.634411
313.7		0.634411
313.8		0.634411
313.9		0.634411
314		0.634411
314.1		0.636322
314.2		0.636322
314.3		0.636322
314.4		0.636322
314.5		0.636322
314.6		0.636322
314.7		0.636322
314.8		0.636322
314.9		0.636322
315		0.636322
315.1		0.6379
315.2		0.6379
315.3		0.6379
315.4		0.6379
315.5		0.6379
315.6		0.6379
315.7		0.6379
315.8		0.6379
315.9		0.6379
316		0.6379
316.1		0.641459
316.2		0.641459
316.3		0.641459
316.4		0.641459
316.5		0.641459
316.6		0.641459
316.7		0.641459
316.8		0.641459
316.9		0.641459
317		0.641459
317.1		0.643316
317.2		0.643316
317.3		0.643316
317.4		0.643316
317.5		0.643316
317.6		0.643316
317.7		0.643316
317.8		0.643316
317.9		0.643316
318		0.643316
318.1		0.643583
318.2		0.643583
318.3		0.643583
318.4		0.643583
318.5		0.643583
318.6		0.643583
318.7		0.643583
318.8		0.643583
318.9		0.643583
319		0.643583
319.1		0.644868
319.2		0.644868
319.3		0.644868
319.4		0.644868
319.5		0.644868
319.6		0.644868
319.7		0.644868
319.8		0.644868
319.9		0.644868
320		0.644868
320.1		0.649829
320.2		0.649829
320.3		0.649829
320.4		0.649829
320.5		0.649829
320.6		0.649829
320.7		0.649829
320.8		0.649829
320.9		0.649829
321		0.649829
321.1		0.65014
321.2		0.65014
321.3		0.65014
321.4		0.65014
321.5		0.65014
321.6		0.65014
321.7		0.65014
321.8		0.65014
321.9		0.65014
322		0.65014
322.1		0.652015
322.2		0.652015
322.3		0.652015
322.4		0.652015
322.5		0.652015
322.6		0.652015
322.7		0.652015
322.8		0.652015
322.9		0.652015
323		0.652015
323.1		0.653483
323.2		0.653483
323.3		0.653483
323.4		0.653483
323.5		0.653483
323.6		0.653483
323.7		0.653483
323.8		0.653483
323.9		0.653483
324		0.653483
324.1		0.655083
324.2		0.655083
324.3		0.655083
324.4		0.655083
324.5		0.655083
324.6		0.655083
324.7		0.655083
324.8		0.655083
324.9		0.655083
325		0.655083
325.1		0.657983
325.2		0.657983
325.3		0.657983
325.4		0.657983
325.5		0.657983
325.6		0.657983
325.7		0.657983
325.8		0.657983
325.9		0.657983
326		0.657983
326.1		0.658847
326.2		0.658847
326.3		0.658847
326.4		0.658847
326.5		0.658847
326.6		0.658847
326.7		0.658847
326.8		0.658847
326.9		0.658847
327		0.658847
327.1		0.661066
327.2		0.661066
327.3		0.661066
327.4		0.661066
327.5		0.661066
327.6		0.661066
327.7		0.661066
327.8		0.661066
327.9		0.661066
328		0.661066
328.1		0.665364
328.2		0.665364
328.3		0.665364
328.4		0.665364
328.5		0.665364
328.6		0.665364
328.7		0.665364
328.8		0.665364
328.9		0.665364
329		0.665364
329.1		0.665668
329.2		0.665668
329.3		0.665668
329.4		0.665668
329.5		0.665668
329.6		0.665668
329.7		0.665668
329.8		0.665668
329.9		0.665668
330		0.665668
330.1		0.666521
330.2		0.666521
330.3		0.666521
330.4		0.666521
330.5		0.666521
330.6		0.666521
330.7		0.666521
330.8		0.666521
330.9		0.666521
331		0.666521
331.1		0.669615
331.2		0.669615
331.3		0.669615
331.4		0.669615
331.5		0.669615
331.6		0.669615
331.7		0.669615
331.8		0.669615
331.9		0.669615
332		0.669615
332.1		0.674441
332.2		0.674441
332.3		0.674441
332.4		0.674441
332.5		0.674441
332.6		0.674441
332.7		0.674441
332.8		0.674441
332.9		0.674441
333		0.674441
333.1		0.675997
333.2		0.675997
333.3		0.675997
333.4		0.675997
333.5		0.675997
333.6		0.675997
333.7		0.675997
333.8		0.675997
333.9		0.675997
334		0.675997
334.1		0.676777
334.2		0.676777
334.3		0.676777
334.4		0.676777
334.5		0.676777
334.6		0.676777
334.7		0.676777
334.8		0.676777
334.9		0.676777
335		0.676777
335.1		0.677374
335.2		0.677374
335.3		0.677374
335.4		0.677374
335.5		0.677374
335.6		0.677374
335.7		0.677374
335.8		0.677374
335.9		0.677374
336		0.677374
336.1		0.679501
336.2		0.679501
336.3		0.679501
336.4		0.679501
336.5		0.679501
336.6		0.679501
336.7		0.679501
336.8		0.679501
336.9		0.679501
337		0.679501
337.1		0.684041
337.2		0.684041
337.3		0.684041
337.4		0.684041
337.5		0.684041
337.6		0.684041
337.7		0.684041
337.8		0.684041
337.9		0.684041
338		0.684041
338.1		0.687571
338.2		0.687571
338.3		0.687571
338.4		0.687571
338.5		0.687571
338.6		0.687571
338.7		0.687571
338.8		0.687571
338.9		0.687571
339		0.687571
339.1		0.687845
339.2		0.687845
339.3		0.687845
339.4		0.687845
339.5		0.687845
339.6		0.687845
339.7		0.687845
339.8		0.687845
339.9		0.687845
340		0.687845
340.1		0.690848
340.2		0.690848
340.3		0.690848
340.4		0.690848
340.5		0.690848
340.6		0.690848
340.7		0.690848
340.8		0.690848
340.9		0.690848
341		0.690848
341.1		0.694934
341.2		0.694934
341.3		0.694934
341.4		0.694934
341.5		0.694934
341.6		0.694934
341.7		0.694934
341.8		0.694934
341.9		0.694934
342		0.694934
342.1		0.698727
342.2		0.698727
342.3		0.698727
342.4		0.698727
342.5		0.698727
342.6		0.698727
342.7		0.698727
342.8		0.698727
342.9		0.698727
343		0.698727
343.1		0.699016
343.2		0.699016
343.3		0.699016
343.4		0.699016
343.5		0.699016
343.6		0.699016
343.7		0.699016
343.8		0.699016
343.9		0.699016
344		0.699016
344.1		0.703487
344.2		0.703487
344.3		0.703487
344.4		0.703487
344.5		0.703487
344.6		0.703487
344.7		0.703487
344.8		0.703487
344.9		0.703487
345		0.703487
345.1		0.703732
345.2		0.703732
345.3		0.703732
345.4		0.703732
345.5		0.703732
345.6		0.703732
345.7		0.703732
345.8		0.703732
345.9		0.703732
346		0.703732
346.1		0.706493
346.2		0.706493
346.3		0.706493
346.4		0.706493
346.5		0.706493
346.6		0.706493
346.7		0.706493
346.8		0.706493
346.9		0.706493
347		0.706493
347.1		0.709986
347.2		0.709986
347.3		0.709986
347.4		0.709986
347.5		0.709986
347.6		0.709986
347.7		0.709986
347.8		0.709986
347.9		0.709986
348		0.709986
348.1		0.711095
348.2		0.711095
348.3		0.711095
348.4		0.711095
348.5		0.711095
348.6		0.711095
348.7		0.711095
348.8		0.711095
348.9		0.711095
349		0.711095
349.1		0.711846
349.2		0.711846
349.3		0.711846
349.4		0.711846
349.5		0.711846
349.6		0.711846
349.7		0.711846
349.8		0.711846
349.9		0.711846
350		0.711846
350.1		0.713138
350.2		0.713138
350.3		0.713138
350.4		0.713138
350.5		0.713138
350.6		0.713138
350.7		0.713138
350.8		0.713138
350.9		0.713138
351		0.713138
351.1		0.714617
351.2		0.714617
351.3		0.714617
351.4		0.714617
351.5		0.714617
351.6		0.714617
351.7		0.714617
351.8		0.714617
351.9		0.714617
352		0.714617
352.1		0.718392
352.2		0.718392
352.3		0.718392
352.4		0.718392
352.5		0.718392
352.6		0.718392
352.7		0.718392
352.8		0.718392
352.9		0.718392
353		0.718392
353.1		0.722171
353.2		0.722171
353.3		0.722171
353.4		0.722171
353.5		0.722171
353.6		0.722171
353.7		0.722171
353.8		0.722171
353.9		0.722171
354		0.722171
354.1		0.72298
354.2		0.72298
354.3		0.72298
354.4		0.72298
354.5		0.72298
354.6		0.72298
354.7		0.72298
354.8		0.72298
354.9		0.72298
355		0.72298
355.1		0.725034
355.2		0.725034
355.3		0.725034
355.4		0.725034
355.5		0.725034
355.6		0.725034
355.7		0.725034
355.8		0.725034
355.9		0.725034
356		0.725034
356.1		0.729241
356.2		0.729241
356.3		0.729241
356.4		0.729241
356.5		0.729241
356.6		0.729241
356.7		0.729241
356.8		0.729241
356.9		0.729241
357		0.729241
357.1		0.732891
357.2		0.732891
357.3		0.732891
357.4		0.732891
357.5		0.732891
357.6		0.732891
357.7		0.732891
357.8		0.732891
357.9		0.732891
358		0.732891
358.1		0.733642
358.2		0.733642
358.3		0.733642
358.4		0.733642
358.5		0.733642
358.6		0.733642
358.7		0.733642
358.8		0.733642
358.9		0.733642
359		0.733642
359.1		0.735022
359.2		0.735022
359.3		0.735022
359.4		0.735022
359.5		0.735022
359.6		0.735022
359.7		0.735022
359.8		0.735022
359.9		0.735022
360		0.735022
360.1		0.740712
360.2		0.740712
360.3		0.740712
360.4		0.740712
360.5		0.740712
360.6		0.740712
360.7		0.740712
360.8		0.740712
360.9		0.740712
361		0.740712
361.1		0.741389
361.2		0.741389
361.3		0.741389
361.4		0.741389
361.5		0.741389
361.6		0.741389
361.7		0.741389
361.8		0.741389
361.9		0.741389
362		0.741389
362.1		0.744392
362.2		0.744392
362.3		0.744392
362.4		0.744392
362.5		0.744392
362.6		0.744392
362.7		0.744392
362.8		0.744392
362.9		0.744392
363		0.744392
363.1		0.744622
363.2		0.744622
363.3		0.744622
363.4		0.744622
363.5		0.744622
363.6		0.744622
363.7		0.744622
363.8		0.744622
363.9		0.744622
364		0.744622
364.1		0.747588
364.2		0.747588
364.3		0.747588
364.4		0.747588
364.5		0.747588
364.6		0.747588
364.7		0.747588
364.8		0.747588
364.9		0.747588
365		0.747588
365.1		0.749097
365.2		0.749097
365.3		0.749097
365.4		0.749097
365.5		0.749097
365.6		0.749097
365.7		0.749097
365.8		0.749097
365.9		0.749097
366		0.749097
366.1		0.751952
366.2		0.751952
366.3		0.751952
366.4		0.751952
366.5		0.751952
366.6		0.751952
366.7		0.751952
366.8		0.751952
366.9		0.751952
367		0.751952
367.1		0.75222
367.2		0.75222
367.3		0.75222
367.4		0.75222
367.5		0.75222
367.6		0.75222
367.7		0.75222
367.8		0.75222
367.9		0.75222
368		0.75222
368.1		0.758085
368.2		0.758085
368.3		0.758085
368.4		0.758085
368.5		0.758085
368.6		0.758085
368.7		0.758085
368.8		0.758085
368.9		0.758085
369		0.758085
369.1		0.758206
369.2		0.758206
369.3		0.758206
369.4		0.758206
369.5		0.758206
369.6		0.758206
369.7		0.758206
369.8		0.758206
369.9		0.758206
370		0.758206
370.1		0.758649
370.2		0.758649
370.3		0.758649
370.4		0.758649
370.5		0.758649
370.6		0.758649
370.7		0.758649
370.8		0.758649
370.9		0.758649
371		0.758649
371.1		0.761121
371.2		0.761121
371.3		0.761121
371.4		0.761121
371.5		0.761121
371.6		0.761121
371.7		0.761121
371.8		0.761121
371.9		0.761121
372		0.761121
372.1		0.765426
372.2		0.765426
372.3		0.765426
372.4		0.765426
372.5		0.765426
372.6		0.765426
372.7		0.765426
372.8		0.765426
372.9		0.765426
373		0.765426
373.1		0.768546
373.2		0.768546
373.3		0.768546
373.4		0.768546
373.5		0.768546
373.6		0.768546
373.7		0.768546
373.8		0.768546
373.9		0.768546
374		0.768546
374.1		0.769937
374.2		0.769937
374.3		0.769937
374.4		0.769937
374.5		0.769937
374.6		0.769937
374.7		0.769937
374.8		0.769937
374.9		0.769937
375		0.769937
375.1		0.771541
375.2		0.771541
375.3		0.771541
375.4		0.771541
375.5		0.771541
375.6		0.771541
375.7		0.771541
375.8		0.771541
375.9		0.771541
376		0.771541
376.1		0.773602
376.2		0.773602
376.3		0.773602
376.4		0.773602
376.5		0.773602
376.6		0.773602
376.7		0.773602
376.8		0.773602
376.9		0.773602
377		0.773602
377.1		0.776297
377.2		0.776297
377.3		0.776297
377.4		0.776297
377.5		0.776297
377.6		0.776297
377.7		0.776297
377.8		0.776297
377.9		0.776297
378		0.776297
378.1		0.77905
378.2		0.77905
378.3		0.77905
378.4		0.77905
378.5		0.77905
378.6		0.77905
378.7		0.77905
378.8		0.77905
378.9		0.77905
379		0.77905
379.1		0.780017
379.2		0.780017
379.3		0.780017
379.4		0.780017
379.5		0.780017
379.6		0.780017
379.7		0.780017
379.8		0.780017
379.9		0.780017
380		0.780017
380.1		0.782064
380.2		0.782064
380.3		0.782064
380.4		0.782064
380.5		0.782064
380.6		0.782064
380.7		0.782064
380.8		0.782064
380.9		0.782064
381		0.782064
381.1		0.784498
381.2		0.784498
381.3		0.784498
381.4		0.784498
381.5		0.784498
381.6		0.784498
381.7		0.784498
381.8		0.784498
381.9		0.784498
382		0.784498
382.1		0.78742
382.2		0.78742
382.3		0.78742
382.4		0.78742
382.5		0.78742
382.6		0.78742
382.7		0.78742
382.8		0.78742
382.9		0.78742
383		0.78742
383.1		0.787783
383.2		0.787783
383.3		0.787783
383.4		0.787783
383.5		0.787783
383.6		0.787783
383.7		0.787783
383.8		0.787783
383.9		0.787783
384		0.787783
384.1		0.789082
384.2		0.789082
384.3		0.789082
384.4		0.789082
384.5		0.789082
384.6		0.789082
384.7		0.789082
384.8		0.789082
384.9		0.789082
385		0.789082
385.1		0.789771
385.2		0.789771
385.3		0.789771
385.4		0.789771
385.5		0.789771
385.6		0.789771
385.7		0.789771
385.8		0.789771
385.9		0.789771
386		0.789771
386.1		0.794498
386.2		0.794498
386.3		0.794498
386.4		0.794498
386.5		0.794498
386.6		0.794498
386.7		0.794498
386.8		0.794498
386.9		0.794498
387		0.794498
387.1		0.795113
387.2		0.795113
387.3		0.795113
387.4		0.795113
387.5		0.795113
387.6		0.795113
387.7		0.795113
387.8		0.795113
387.9		0.795113
388		0.795113
388.1		0.797961
388.2		0.797961
388.3		0.797961
388.4		0.797961
388.5		0.797961
388.6		0.797961
388.7		0.797961
388.8		0.797961
388.9		0.797961
389		0.797961
389.1		0.798705
389.2		0.798705
389.3		0.798705
389.4		0.798705
389.5		0.798705
389.6		0.798705
389.7		0.798705
389.8		0.798705
389.9		0.798705
390		0.798705
390.1		0.802842
390.2		0.802842
390.3		0.802842
390.4		0.802842
390.5		0.802842
390.6		0.802842
390.7		0.802842
390.8		0.802842
390.9		0.802842
391		0.802842
391.1		0.803329
391.2		0.803329
391.3		0.803329
391.4		0.803329
391.5		0.803329
391.6		0.803329
391.7		0.803329
391.8		0.803329
391.9		0.803329
392		0.803329
392.1		0.803889
392.2		0.803889
392.3		0.803889
392.4		0.803889
392.5		0.803889
392.6		0.803889
392.7		0.803889
392.8		0.803889
392.9		0.803889
393		0.803889
393.1		0.804134
393.2		0.804134
393.3		0.804134
393.4		0.804134
393.5		0.804134
393.6		0.804134
393.7		0.804134
393.8		0.804134
393.9		0.804134
394		0.804134
394.1		0.810952
394.2		0.810952
394.3		0.810952
394.4		0.810952
394.5		0.810952
394.6		0.810952
394.7		0.810952
394.8		0.810952
394.9		0.810952
395		0.810952
395.1		0.812632
395.2		0.812632
395.3		0.812632
395.4		0.812632
395.5		0.812632
395.6		0.812632
395.7		0.812632
395.8		0.812632
395.9		0.812632
396		0.812632
396.1		0.814848
396.2		0.814848
396.3		0.814848
396.4		0.814848
396.5		0.814848
396.6		0.814848
396.7		0.814848
396.8		0.814848
396.9		0.814848
397		0.814848
397.1		0.815858
397.2		0.815858
397.3		0.815858
397.4		0.815858
397.5		0.815858
397.6		0.815858
397.7		0.815858
397.8		0.815858
397.9		0.815858
398		0.815858
398.1		0.818967
398.2		0.818967
398.3		0.818967
398.4		0.818967
398.5		0.818967
398.6		0.818967
398.7		0.818967
398.8		0.818967
398.9		0.818967
399		0.818967
399.1		0.82105
399.2		0.82105
399.3		0.82105
399.4		0.82105
399.5		0.82105
399.6		0.82105
399.7		0.82105
399.8		0.82105
399.9		0.82105
400		0.82105
400.1		0.821749
400.2		0.821749
400.3		0.821749
400.4		0.821749
400.5		0.821749
400.6		0.821749
400.7		0.821749
400.8		0.821749
400.9		0.821749
401		0.821749
401.1		0.824085
401.2		0.824085
401.3		0.824085
401.4		0.824085
401.5		0.824085
401.6		0.824085
401.7		0.824085
401.8		0.824085
401.9		0.824085
402		0.824085
402.1		0.826776
402.2		0.826776
402.3		0.826776
402.4		0.826776
402.5		0.826776
402.6		0.826776
402.7		0.826776
402.8		0.826776
402.9		0.826776
403		0.826776
403.1		0.828596
403.2		0.828596
403.3		0.828596
403.4		0.828596
403.5		0.828596
403.6		0.828596
403.7		0.828596
403.8		0.828596
403.9		0.828596
404		0.828596
404.1		0.828907
404.2		0.828907
404.3		0.828907
404.4		0.828907
404.5		0.828907
404.6		0.828907
404.7		0.828907
404.8		0.828907
404.9		0.828907
405		0.828907
405.1		0.8324
405.2		0.8324
405.3		0.8324
405.4		0.8324
405.5		0.8324
405.6		0.8324
405.7		0.8324
405.8		0.8324
405.9		0.8324
406		0.8324
406.1		0.833649
406.2		0.833649
406.3		0.833649
406.4		0.833649
406.5		0.833649
406.6		0.833649
406.7		0.833649
406.8		0.833649
406.9		0.833649
407		0.833649
407.1		0.836325
407.2		0.836325
407.3		0.836325
407.4		0.836325
407.5		0.836325
407.6		0.836325
407.7		0.836325
407.8		0.836325
407.9		0.836325
408		0.836325
408.1		0.839793
408.2		0.839793
408.3		0.839793
408.4		0.839793
408.5		0.839793
408.6		0.839793
408.7		0.839793
408.8		0.839793
408.9		0.839793
409		0.839793
409.1		0.840309
409.2		0.840309
409.3		0.840309
409.4		0.840309
409.5		0.840309
409.6		0.840309
409.7		0.840309
409.8		0.840309
409.9		0.840309
410		0.840309
410.1		0.841587
410.2		0.841587
410.3		0.841587
410.4		0.841587
410.5		0.841587
410.6		0.841587
410.7		0.841587
410.8		0.841587
410.9		0.841587
411		0.841587
411.1		0.84289
411.2		0.84289
411.3		0.84289
411.4		0.84289
411.5		0.84289
411.6		0.84289
411.7		0.84289
411.8		0.84289
411.9		0.84289
412		0.84289
412.1		0.848675
412.2		0.848675
412.3		0.848675
412.4		0.848675
412.5		0.848675
412.6		0.848675
412.7		0.848675
412.8		0.848675
412.9		0.848675
413		0.848675
413.1		0.848913
413.2		0.848913
413.3		0.848913
413.4		0.848913
413.5		0.848913
413.6		0.848913
413.7		0.848913
413.8		0.848913
413.9		0.848913
414		0.848913
414.1		0.85022
414.2		0.85022
414.3		0.85022
414.4		0.85022
414.5		0.85022
414.6		0.85022
414.7		0.85022
414.8		0.85022
414.9		0.85022
415		0.85022
415.1		0.85052
415.2		0.85052
415.3		0.85052
415.4		0.85052
415.5		0.85052
415.6		0.85052
415.7		0.85052
415.8		0.85052
415.9		0.85052
416		0.85052
416.1		0.85498
416.2		0.85498
416.3		0.85498
416.4		0.85498
416.5		0.85498
416.6		0.85498
416.7		0.85498
416.8		0.85498
416.9		0.85498
417		0.85498
417.1		0.8565
417.2		0.8565
417.3		0.8565
417.4		0.8565
417.5		0.8565
417.6		0.8565
417.7		0.8565
417.8		0.8565
417.9		0.8565
418		0.8565
418.1		0.859912
418.2		0.859912
418.3		0.859912
418.4		0.859912
418.5		0.859912
418.6		0.859912
418.7		0.859912
418.8		0.859912
418.9		0.859912
419		0.859912
419.1		0.861376
419.2		0.861376
419.3		0.861376
419.4		0.861376
419.5		0.861376
419.6		0.861376
419.7		0.861376
419.8		0.861376
419.9		0.861376
420		0.861376
420.1		0.865393
420.2		0.865393
420.3		0.865393
420.4		0.865393
420.5		0.865393
420.6		0.865393
420.7		0.865393
420.8		0.865393
420.9		0.865393
421		0.865393
421.1		0.865693
421.2		0.865693
421.3		0.865693
421.4		0.865693
421.5		0.865693
421.6		0.865693
421.7		0.865693
421.8		0.865693
421.9		0.865693
422		0.865693
422.1		0.866568
422.2		0.866568
422.3		0.866568
422.4		0.866568
422.5		0.866568
422.6		0.866568
422.7		0.866568
422.8		0.866568
422.9		0.866568
423		0.866568
423.1		0.866825
423.2		0.866825
423.3		0.866825
423.4		0.866825
423.5		0.866825
423.6		0.866825
423.7		0.866825
423.8		0.866825
423.9		0.866825
424		0.866825
424.1		0.873034
424.2		0.873034
424.3		0.873034
424.4		0.873034
424.5		0.873034
424.6		0.873034
424.7		0.873034
424.8		0.873034
424.9		0.873034
425		0.873034
425.1		0.873704
425.2		0.873704
425.3		0.873704
425.4		0.873704
425.5		0.873704
425.6		0.873704
425.7		0.873704
425.8		0.873704
425.9		0.873704
426		0.873704
426.1		0.874371
426.2		0.874371
426.3		0.874371
426.4		0.874371
426.5		0.874371
426.6		0.874371
426.7		0.874371
426.8		0.874371
426.9		0.874371
427		0.874371
427.1		0.877252
427.2		0.877252
427.3		0.877252
427.4		0.877252
427.5		0.877252
427.6		0.877252
427.7		0.877252
427.8		0.877252
427.9		0.877252
428		0.877252
428.1		0.879852
428.2		0.879852
428.3		0.879852
428.4		0.879852
428.5		0.879852
428.6		0.879852
428.7		0.879852
428.8		0.879852
428.9		0.879852
429		0.879852
429.1		0.882422
429.2		0.882422
429.3		0.882422
429.4		0.882422
429.5		0.882422
429.6		0.882422
429.7		0.882422
429.8		0.882422
429.9		0.882422
430		0.882422
430.1		0.884868
430.2		0.884868
430.3		0.884868
430.4		0.884868
430.5		0.884868
430.6		0.884868
430.7		0.884868
430.8		0.884868
430.9		0.884868
431		0.884868
431.1		0.885326
431.2		0.885326
431.3		0.885326
431.4		0.885326
431.5		0.885326
431.6		0.885326
431.7		0.885326
431.8		0.885326
431.9		0.885326
432		0.885326
432.1		0.885432
432.2		0.885432
432.3		0.885432
432.4		0.885432
432.5		0.885432
432.6		0.885432
432.7		0.885432
432.8		0.885432
432.9		0.885432
433		0.885432
433.1		0.890829
433.2		0.890829
433.3		0.890829
433.4		0.890829
433.5		0.890829
433.6		0.890829
433.7		0.890829
433.8		0.890829
433.9		0.890829
434		0.890829
434.1		0.893099
434.2		0.893099
434.3		0.893099
434.4		0.893099
434.5		0.893099
434.6		0.893099
434.7		0.893099
434.8		0.893099
434.9		0.893099
435		0.893099
435.1		0.894084
435.2		0.894084
435.3		0.894084
435.4		0.894084
435.5		0.894084
435.6		0.894084
435.7		0.894084
435.8		0.894084
435.9		0.894084
436		0.894084
436.1		0.894933
436.2		0.894933
436.3		0.894933
436.4		0.894933
436.5		0.894933
436.6		0.894933
436.7		0.894933
436.8		0.894933
436.9		0.894933
437		0.894933
437.1		0.895277
437.2		0.895277
437.3		0.895277
437.4		0.895277
437.5		0.895277
437.6		0.895277
437.7		0.895277
437.8		0.895277
437.9		0.895277
438		0.895277
438.1		0.90137
438.2		0.90137
438.3		0.90137
438.4		0.90137
438.5		0.90137
438.6		0.90137
438.7		0.90137
438.8		0.90137
438.9		0.90137
439		0.90137
439.1		0.902069
439.2		0.902069
439.3		0.902069
439.4		0.902069
439.5		0.902069
439.6		0.902069
439.7		0.902069
439.8		0.902069
439.9		0.902069
440		0.902069
440.1		0.904456
440.2		0.904456
440.3		0.904456
440.4		0.904456
440.5		0.904456
440.6		0.904456
440.7		0.904456
440.8		0.904456
440.9		0.904456
441		0.904456
441.1		0.905075
441.2		0.905075
441.3		0.905075
441.4		0.905075
441.5		0.905075
441.6		0.905075
441.7		0.905075
441.8		0.905075
441.9		0.905075
442		0.905075
442.1		0.909879
442.2		0.909879
442.3		0.909879
442.4		0.909879
442.5		0.909879
442.6		0.909879
442.7		0.909879
442.8		0.909879
442.9		0.909879
443		0.909879
443.1		0.911574
443.2		0.911574
443.3		0.911574
443.4		0.911574
443.5		0.911574
443.6		0.911574
443.7		0.911574
443.8		0.911574
443.9		0.911574
444		0.911574
444.1		0.911918
444.2		0.911918
444.3		0.911918
444.4		0.911918
444.5		0.911918
444.6		0.911918
444.7		0.911918
444.8		0.911918
444.9		0.911918
445		0.911918
445.1		0.912394
445.2		0.912394
445.3		0.912394
445.4		0.912394
445.5		0.912394
445.6		0.912394
445.7		0.912394
445.8		0.912394
445.9		0.912394
446		0.912394
446.1		0.918897
446.2		0.918897
446.3		0.918897
446.4		0.918897
446.5		0.918897
446.6		0.918897
446.7		0.918897
446.8		0.918897
446.9		0.918897
447		0.918897
447.1		0.919775
447.2		0.919775
447.3		0.919775
447.4		0.919775
447.5		0.919775
447.6		0.919775
447.7		0.919775
447.8		0.919775
447.9		0.919775
448		0.919775
448.1		0.92038
448.2		0.92038
448.3		0.92038
448.4		0.92038
448.5		0.92038
448.6		0.92038
448.7		0.92038
448.8		0.92038
448.9		0.92038
449		0.92038
449.1		0.923536
449.2		0.923536
449.3		0.923536
449.4		0.923536
449.5		0.923536
449.6		0.923536
449.7		0.923536
449.8		0.923536
449.9		0.923536
450		0.923536
450.1		0.927259
450.2		0.927259
450.3		0.927259
450.4		0.927259
450.5		0.927259
450.6		0.927259
450.7		0.927259
450.8		0.927259
450.9		0.927259
451		0.927259
451.1		0.927904
451.2		0.927904
451.3		0.927904
451.4		0.927904
451.5		0.927904
451.6		0.927904
451.7		0.927904
451.8		0.927904
451.9		0.927904
452		0.927904
452.1		0.929592
452.2		0.929592
452.3		0.929592
452.4		0.929592
452.5		0.929592
452.6		0.929592
452.7		0.929592
452.8		0.929592
452.9		0.929592
453		0.929592
453.1		0.93166
453.2		0.93166
453.3		0.93166
453.4		0.93166
453.5		0.93166
453.6		0.93166
453.7		0.93166
453.8		0.93166
453.9		0.93166
454		0.93166
454.1		0.933242
454.2		0.933242
454.3		0.933242
454.4		0.933242
454.5		0.933242
454.6		0.933242
454.7		0.933242
454.8		0.933242
454.9		0.933242
455		0.933242
455.1		0.93679
455.2		0.93679
455.3		0.93679
455.4		0.93679
455.5		0.93679
455.6		0.93679
455.7		0.93679
455.8		0.93679
455.9		0.93679
456		0.93679
456.1		0.938053
456.2		0.938053
456.3		0.938053
456.4		0.938053
456.5		0.938053
456.6		0.938053
456.7		0.938053
456.8		0.938053
456.9		0.938053
457		0.938053
457.1		0.938687
457.2		0.938687
457.3		0.938687
457.4		0.938687
457.5		0.938687
457.6		0.938687
457.7		0.938687
457.8		0.938687
457.9		0.938687
458		0.938687
458.1		0.941319
458.2		0.941319
458.3		0.941319
458.4		0.941319
458.5		0.941319
458.6		0.941319
458.7		0.941319
458.8		0.941319
458.9		0.941319
459		0.941319
459.1		0.942824
459.2		0.942824
459.3		0.942824
459.4		0.942824
459.5		0.942824
459.6		0.942824
459.7		0.942824
459.8		0.942824
459.9		0.942824
460		0.942824
460.1		0.943413
460.2		0.943413
460.3		0.943413
460.4		0.943413
460.5		0.943413
460.6		0.943413
460.7		0.943413
460.8		0.943413
460.9		0.943413
461		0.943413
461.1		0.948173
461.2		0.948173
461.3		0.948173
461.4		0.948173
461.5		0.948173
461.6		0.948173
461.7		0.948173
461.8		0.948173
461.9		0.948173
462		0.948173
462.1		0.950883
462.2		0.950883
462.3		0.950883
462.4		0.950883
462.5		0.950883
462.6		0.950883
462.7		0.950883
462.8		0.950883
462.9		0.950883
463		0.950883
463.1		0.952168
463.2		0.952168
463.3		0.952168
463.4		0.952168
463.5		0.952168
463.6		0.952168
463.7		0.952168
463.8		0.952168
463.9		0.952168
464		0.952168
464.1		0.953021
464.2		0.953021
464.3		0.953021
464.4		0.953021
464.5		0.953021
464.6		0.953021
464.7		0.953021
464.8		0.953021
464.9		0.953021
465		0.953021
465.1		0.954258
465.2		0.954258
465.3		0.954258
465.4		0.954258
465.5		0.954258
465.6		0.954258
465.7		0.954258
465.8		0.954258
465.9		0.954258
466		0.954258
466.1		0.95558
466.2		0.95558
466.3		0.95558
466.4		0.95558
466.5		0.95558
466.6		0.95558
466.7		0.95558
466.8		0.95558
466.9		0.95558
467		0.95558
467.1		0.960787
467.2		0.960787
467.3		0.960787
467.4		0.960787
467.5		0.960787
467.6		0.960787
467.7		0.960787
467.8		0.960787
467.9		0.960787
468		0.960787
468.1		0.961281
468.2		0.961281
468.3		0.961281
468.4		0.961281
468.5		0.961281
468.6		0.961281
468.7		0.961281
468.8		0.961281
468.9		0.961281
469		0.961281
469.1		0.961889
469.2		0.961889
469.3		0.961889
469.4		0.961889
469.5		0.961889
469.6		0.961889
469.7		0.961889
469.8		0.961889
469.9		0.961889
470		0.961889
470.1		0.963745
470.2		0.963745
470.3		0.963745
470.4		0.963745
470.5		0.963745
470.6		0.963745
470.7		0.963745
470.8		0.963745
470.9		0.963745
471		0.963745
471.1		0.966059
471.2		0.966059
471.3		0.966059
471.4		0.966059
471.5		0.966059
471.6		0.966059
471.7		0.966059
471.8		0.966059
471.9		0.966059
472		0.966059
472.1		0.971178
472.2		0.971178
472.3		0.971178
472.4		0.971178
472.5		0.971178
472.6		0.971178
472.7		0.971178
472.8		0.971178
472.9		0.971178
473		0.971178
473.1		0.972364
473.2		0.972364
473.3		0.972364
473.4		0.972364
473.5		0.972364
473.6		0.972364
473.7		0.972364
473.8		0.972364
473.9		0.972364
474		0.972364
474.1		0.97314
474.2		0.97314
474.3		0.97314
474.4		0.97314
474.5		0.97314
474.6		0.97314
474.7		0.97314
474.8		0.97314
474.9		0.97314
475		0.97314
475.1		0.975007
475.2		0.975007
475.3		0.975007
475.4		0.975007
475.5		0.975007
475.6		0.975007
475.7		0.975007
475.8		0.975007
475.9		0.975007
476		0.975007
476.1		0.978189
476.2		0.978189
476.3		0.978189
476.4		0.978189
476.5		0.978189
476.6		0.978189
476.7		0.978189
476.8		0.978189
476.9		0.978189
477		0.978189
477.1		0.980712
477.2		0.980712
477.3		0.980712
477.4		0.980712
477.5		0.980712
477.6		0.980712
477.7		0.980712
477.8		0.980712
477.9		0.980712
478		0.980712
478.1		0.981781
478.2		0.981781
478.3		0.981781
478.4		0.981781
478.5		0.981781
478.6		0.981781
478.7		0.981781
478.8		0.981781
478.9		0.981781
479		0.981781
479.1		0.982414
479.2		0.982414
479.3		0.982414
479.4		0.982414
479.5		0.982414
479.6		0.982414
479.7		0.982414
479.8		0.982414
479.9		0.982414
480		0.982414
480.1		0.986405
480.2		0.986405
480.3		0.986405
480.4		0.986405
480.5		0.986405
480.6		0.986405
480.7		0.986405
480.8		0.986405
480.9		0.986405
481		0.986405
481.1		0.986599
481.2		0.986599
481.3		0.986599
481.4		0.986599
481.5		0.986599
481.6		0.986599
481.7		0.986599
481.8		0.986599
481.9		0.986599
482		0.986599
482.1		0.988357
482.2		0.988357
482.3		0.988357
482.4		0.988357
482.5		0.988357
482.6		0.988357
482.7		0.988357
482.8		0.988357
482.9		0.988357
483		0.988357
483.1		0.992985
483.2		0.992985
483.3		0.992985
483.4		0.992985
483.5		0.992985
483.6		0.992985
483.7		0.992985
483.8		0.992985
483.9		0.992985
484		0.992985
484.1		0.993248
484.2		0.993248
484.3		0.993248
484.4		0.993248
484.5		0.993248
484.6		0.993248
484.7		0.993248
484.8		0.993248
484.9		0.993248
485		0.993248
485.1		0.996697
485.2		0.996697
485.3		0.996697
485.4		0.996697
485.5		0.996697
485.6		0.996697
485.7		0.996697
485.8		0.996697
485.9		0.996697
486		0.996697
486.1		0.997862
486.2		0.997862
486.3		0.997862
486.4		0.997862
486.5		0.997862
486.6		0.997862
486.7		0.997862
486.8		0.997862
486.9		0.997862
487		0.997862
487.1		0.999876
487.2		0.999876
487.3		0.999876
487.4		0.999876
487.5		0.999876
487.6		0.999876
487.7		0.999876
487.8		0.999876
487.9		0.999876
488		0.999876
488.1		1
488.2		1
488.3		1
488.4		1
488.5		1
488.6		1
488.7		1
488.8		1
488.9		1
489		1
489.1		1
489.2		1
489.3		1
489.4		1
489.5		1
489.6		1
489.7		1
489.8		1
489.9		1
490		1
490.1		1
490.2		1
490.3		1
490.4		1
490.5		1
490.6		1
490.7		1
490.8		1
490.9		1
491		1
491.1		1
491.2		1
491.3		1
491.4		1
491.5		1
491.6		1
491.7		1
491.8		1
491.9		1
492		1
492.1		1
492.2		1
492.3		1
492.4		1
492.5		1
492.6		1
492.7		1
492.8		1
492.9		1
493		1
493.1		1
493.2		1
493.3		1
493.4		1
493.5		1
493.6		1
493.7		1
493.8		1
493.9		1
494		1
494.1		1
494.2		1
494.3		1
494.4		1
494.5		1
494.6		1
494.7		1
494.8		1
494.9		1
495		1
495.1		1
495.2		1
495.3		1
495.4		1
495.5		1
495.6		1
495.7		1
495.8		1
495.9		1
496		1
496.1		1
496.2		1
496.3		1
496.4		1
496.5		1
496.6		1
496.7		1
496.8		1
496.9		1
497		1
497.1		1
497.2		1
497.3		1
497.4		1
497.5		1
497.6		1
497.7		1
497.8		1
497.9		1
498		1
498.1		1
498.2		1
498.3		1
498.4		1
498.5		1
498.6		1
498.7		1
498.8		1
498.9		1
499		1
499.1		1
499.2		1
499.3		1
499.4		1
499.5		1
499.6		1
499.7		1
499.8		1
499.9		1
500		1
500.1		1
500.2		1
500.3		1
500.4		1
500.5		1
500.6		1
500.7		1
500.8		1
500.9		1
501		1
501.1		1
501.2		1
501.3		1
501.4		1
501.5		1
501.6		1
501.7		1
501.8		1
501.9		1
502		1
502.1		1
502.2		1
502.3		1
502.4		1
502.5		1
502.6		1
502.7		1
502.8		1
502.9		1
503		1
503.1		1
503.2		1
503.3		1
503.4		1
503.5		1
503.6		1
503.7		1
503.8		1
503.9		1
504		1
504.1		1
504.2		1
504.3		1
504.4		1
504.5		1
504.6		1
504.7		1
504.8		1
504.9		1
505		1
505.1		1
505.2		1
505.3		1
505.4		1
505.5		1
505.6		1
505.7		1
505.8		1
505.9		1
506		1
506.1		1
506.2		1
506.3		1
506.4		1
506.5		1
506.6		1
506.7		1
506.8		1
506.9		1
507		1
507.1		1
507.2		1
507.3		1
507.4		1
507.5		1
507.6		1
507.7		1
507.8		1
507.9		1
508		1
508.1		1
508.2		1
508.3		1
508.4		1
508.5		1
508.6		1
508.7		1
508.8		1
508.9		1
509		1
509.1		1
509.2		1
509.3		1
509.4		1
509.5		1
509.6		1
509.7		1
509.8		1
509.9		1
510		1
510.1		1
510.2		1
510.3		1
510.4		1
510.5		1
510.6		1
510.7		1
510.8		1
510.9		1
511		1
511.1		1
511.2		1
511.3		1
511.4		1
511.5		1
511.6		1
511.7		1
511.8		1
511.9		1
512		1
512.1		1
512.2		1
512.3		1
512.4		1
512.5		1
512.6		1
512.7		1
512.8		1
512.9		1
513		1
513.1		1
513.2		1
513.3		1
513.4		1
513.5		1
513.6		1
513.7		1
513.8		1
513.9		1
514		1
514.1		1
514.2		1
514.3		1
514.4		1
514.5		1
514.6		1
514.7		1
514.8		1
514.9		1
515		1
515.1		1
515.2		1
515.3		1
515.4		1
515.5		1
515.6		1
515.7		1
515.8		1
515.9		1
516		1
516.1		1
516.2		1
516.3		1
516.4		1
516.5		1
516.6		1
516.7		1
516.8		1
516.9		1
517		1
517.1		1
517.2		1
517.3		1
517.4		1
517.5		1
517.6		1
517.7		1
517.8		1
517.9		1
518		1
518.1		1
518.2		1
518.3		1
518.4		1
518.5		1
518.6		1
518.7		1
518.8		1
518.9		1
519		1
519.1		1
519.2		1
519.3		1
519.4		1
519.5		1
519.6		1
519.7		1
519.8		1
519.9		1
520		1
520.1		1
520.2		1
520.3		1
520.4		1
520.5		1
520.6		1
520.7		1
520.8		1
520.9		1
521		1
521.1		1
521.2		1
521.3		1
521.4		1
521.5		1
521.6		1
521.7		1
521.8		1
521.9		1
522		1
522.1		1
522.2		1
522.3		1
522.4		1
522.5		1
522.6		1
522.7		1
522.8		1
522.9		1
523		1
523.1		1
523.2		1
523.3		1
523.4		1
523.5		1
523.6		1
523.7		1
523.8		1
523.9		1
524		1
524.1		1
524.2		1
524.3		1
524.4		1
524.5		1
524.6		1
524.7		1
524.8		1
524.9		1
525		1
525.1		1
525.2		1
525.3		1
525.4		1
525.5		1
525.6		1
525.7		1
525.8		1
525.9		1
526		1
526.1		1
526.2		1
526.3		1
526.4		1
526.5		1
526.6		1
526.7		1
526.8		1
526.9		1
527		1
527.1		1
527.2		1
527.3		1
527.4		1
527.5		1
527.6		1
527.7		1
527.8		1
527.9		1
528		1
528.1		1
528.2		1
528.3		1
528.4		1
528.5		1
528.6		1
528.7		1
528.8		1
528.9		1
529		1
529.1		1
529.2		1
529.3		1
529.4		1
529.5		1
529.6		1
529.7		1
529.8		1
529.9		1
530		1
530.1		1
530.2		1
530.3		1
530.4		1
530.5		1
530.6		1
530.7		1
530.8		1
530.9		1
531		1
531.1		1
531.2		1
531.3		1
531.4		1
531.5		1
531.6		1
531.7		1
531.8		1
531.9		1
532		1
532.1		1
532.2		1
532.3		1
532.4		1
532.5		1
532.6		1
532.7		1
532.8		1
532.9		1
533		1
533.1		1
533.2		1
533.3		1
533.4		1
533.5		1
533.6		1
533.7		1
533.8		1
533.9		1
534		1
534.1		1
534.2		1
534.3		1
534.4		1
534.5		1
534.6		1
534.7		1
534.8		1
534.9		1
535		1
535.1		1
535.2		1
535.3		1
535.4		1
535.5		1
535.6		1
535.7		1
535.8		1
535.9		1
536		1
536.1		1
536.2		1
536.3		1
536.4		1
536.5		1
536.6		1
536.7		1
536.8		1
536.9		1
537		1
537.1		1
537.2		1
537.3		1
537.4		1
537.5		1
537.6		1
537.7		1
537.8		1
537.9		1
538		1
538.1		1
538.2		1
538.3		1
538.4		1
538.5		1
538.6		1
538.7		1
538.8		1
538.9		1
539		1
539.1		1
539.2		1
539.3		1
539.4		1
539.5		1
539.6		1
539.7		1
539.8		1
539.9		1
540		1
540.1		1
540.2		1
540.3		1
540.4		1
540.5		1
540.6		1
540.7		1
540.8		1
540.9		1
541		1
541.1		1
541.2		1
541.3		1
541.4		1
541.5		1
541.6		1
541.7		1
541.8		1
541.9		1
542		1
542.1		1
542.2		1
542.3		1
542.4		1
542.5		1
542.6		1
542.7		1
542.8		1
542.9		1
543		1
543.1		1
543.2		1
543.3		1
543.4		1
543.5		1
543.6		1
543.7		1
543.8		1
543.9		1
544		1
544.1		1
544.2		1
544.3		1
544.4		1
544.5		1
544.6		1
544.7		1
544.8		1
544.9		1
545		1
545.1		1
545.2		1
545.3		1
545.4		1
545.5		1
545.6		1
545.7		1
545.8		1
545.9		1
546		1
546.1		1
546.2		1
546.3		1
546.4		1
546.5		1
546.6		1
546.7		1
546.8		1
546.9		1
547		1
547.1		1
547.2		1
547.3		1
547.4		1
547.5		1
547.6		1
547.7		1
547.8		1
547.9		1
548		1
548.1		1
548.2		1
548.3		1
548.4		1
548.5		1
548.6		1
548.7		1
548.8		1
548.9		1
549		1
549.1		1
549.2		1
549.3		1
549.4		1
549.5		1
549.6		1
549.7		1
549.8		1
549.9		1
550		1
550.1		1
550.2		1
550.3		1
550.4		1
550.5		1
550.6		1
550.7		1
550.8		1
550.9		1
551		1
551.1		1
551.2		1
551.3		1
551.4		1
551.5		1
551.6		1
551.7		1
551.8		1
551.9		1
552		1
552.1		1
552.2		1
552.3		1
552.4		1
552.5		1
552.6		1
552.7		1
552.8		1
552.9		1
553		1
553.1		1
553.2		1
553.3		1
553.4		1
553.5		1
553.6		1
553.7		1
553.8		1
553.9		1
554		1
554.1		1
554.2		1
554.3		1
554.4		1
554.5		1
554.6		1
554.7		1
554.8		1
554.9		1
555		1
555.1		1
555.2		1
555.3		1
555.4		1
555.5		1
555.6		1
555.7		1
555.8		1
555.9		1
556		1
556.1		1
556.2		1
556.3		1
556.4		1
556.5		1
556.6		1
556.7		1
556.8		1
556.9		1
557		1
557.1		1
557.2		1
557.3		1
557.4		1
557.5		1
557.6		1
557.7		1
557.8		1
557.9		1
558		1
558.1		1
558.2		1
558.3		1
558.4		1
558.5		1
558.6		1
558.7		1
558.8		1
558.9		1
559		1
559.1		1
559.2		1
559.3		1
559.4		1
559.5		1
559.6		1
559.7		1
559.8		1
559.9		1
560		1
560.1		1
560.2		1
560.3		1
560.4		1
560.5		1
560.6		1
560.7		1
560.8		1
560.9		1
561		1
561.1		1
561.2		1
561.3		1
561.4		1
561.5		1
561.6		1
561.7		1
561.8		1
561.9		1
562		1
562.1		1
562.2		1
562.3		1
562.4		1
562.5		1
562.6		1
562.7		1
562.8		1
562.9		1
563		1
563.1		1
563.2		1
563.3		1
563.4		1
563.5		1
563.6		1
563.7		1
563.8		1
563.9		1
564		1
564.1		1
564.2		1
564.3		1
564.4		1
564.5		1
564.6		1
564.7		1
564.8		1
564.9		1
565		1
565.1		1
565.2		1
565.3		1
565.4		1
565.5		1
565.6		1
565.7		1
565.8		1
565.9		1
566		1
566.1		1
566.2		1
566.3		1
566.4		1
566.5		1
566.6		1
566.7		1
566.8		1
566.9		1
567		1
567.1		1
567.2		1
567.3		1
567.4		1
567.5		1
567.6		1
567.7		1
567.8		1
567.9		1
568		1
568.1		1
568.2		1
568.3		1
568.4		1
568.5		1
568.6		1
568.7		1
568.8		1
568.9		1
569		1
569.1		1
569.2		1
569.3		1
569.4		1
569.5		1
569.6		1
569.7		1
569.8		1
569.9		1
570		1
570.1		1
570.2		1
570.3		1
570.4		1
570.5		1
570.6		1
570.7		1
570.8		1
570.9		1
571		1
571.1		1
571.2		1
571.3		1
571.4		1
571.5		1
571.6		1
571.7		1
571.8		1
571.9		1
572		1
572.1		1
572.2		1
572.3		1
572.4		1
572.5		1
572.6		1
572.7		1
572.8		1
572.9		1
573		1
573.1		1
573.2		1
573.3		1
573.4		1
573.5		1
573.6		1
573.7		1
573.8		1
573.9		1
574		1
574.1		1
574.2		1
574.3		1
574.4		1
574.5		1
574.6		1
574.7		1
574.8		1
574.9		1
575		1
575.1		1
575.2		1
575.3		1
575.4		1
575.5		1
575.6		1
575.7		1
575.8		1
575.9		1
576		1
576.1		1
576.2		1
576.3		1
576.4		1
576.5		1
576.6		1
576.7		1
576.8		1
576.9		1
577		1
577.1		1
577.2		1
577.3		1
577.4		1
577.5		1
577.6		1
577.7		1
577.8		1
577.9		1
578		1
578.1		1
578.2		1
578.3		1
578.4		1
578.5		1
578.6		1
578.7		1
578.8		1
578.9		1
579		1
579.1		1
579.2		1
579.3		1
579.4		1
579.5		1
579.6		1
579.7		1
579.8		1
579.9		1
580		1
580.1		1
580.2		1
580.3		1
580.4		1
580.5		1
580.6		1
580.7		1
580.8		1
580.9		1
581		1
581.1		1
581.2		1
581.3		1
581.4		1
581.5		1
581.6		1
581.7		1
581.8		1
581.9		1
582		1
582.1		1
582.2		1
582.3		1
582.4		1
582.5		1
582.6		1
582.7		1
582.8		1
582.9		1
583		1
583.1		1
583.2		1
583.3		1
583.4		1
583.5		1
583.6		1
583.7		1
583.8		1
583.9		1
584		1
584.1		1
584.2		1
584.3		1
584.4		1
584.5		1
584.6		1
584.7		1
584.8		1
584.9		1
585		1
585.1		1
585.2		1
585.3		1
585.4		1
585.5		1
585.6		1
585.7		1
585.8		1
585.9		1
586		1
586.1		1
586.2		1
586.3		1
586.4		1
586.5		1
586.6		1
586.7		1
586.8		1
586.9		1
587		1
587.1		1
587.2		1
587.3		1
587.4		1
587.5		1
587.6		1
587.7		1
587.8		1
587.9		1
588		1
588.1		1
588.2		1
588.3		1
588.4		1
588.5		1
588.6		1
588.7		1
588.8		1
588.9		1
589		1
589.1		1
589.2		1
589.3		1
589.4		1
589.5		1
589.6		1
589.7		1
589.8		1
589.9		1
590		1
590.1		1
590.2		1
590.3		1
590.4		1
590.5		1
590.6		1
590.7		1
590.8		1
590.9		1
591		1
591.1		1
591.2		1
591.3		1
591.4		1
591.5		1
591.6		1
591.7		1
591.8		1
591.9		1
592		1
592.1		1
592.2		1
592.3		1
592.4		1
592.5		1
592.6		1
592.7		1
592.8		1
592.9		1
593		1
593.1		1
593.2		1
593.3		1
593.4		1
593.5		1
593.6		1
593.7		1
593.8		1
593.9		1
594		1
594.1		1
594.2		1
594.3		1
594.4		1
594.5		1
594.6		1
594.7		1
594.8		1
594.9		1
595		1
595.1		1
595.2		1
595.3		1
595.4		1
595.5		1
595.6		1
595.7		1
595.8		1
595.9		1
596		1
596.1		1
596.2		1
596.3		1
596.4		1
596.5		1
596.6		1
596.7		1
596.8		1
596.9		1
597		1
597.1		1
597.2		1
597.3		1
597.4		1
597.5		1
597.6		1
597.7		1
597.8		1
597.9		1
598		1
598.1		1
598.2		1
598.3		1
598.4		1
598.5		1
598.6		1
598.7		1
598.8		1
598.9		1
599		1
599.1		1
599.2		1
599.3		1
599.4		1
599.5		1
599.6		1
599.7		1
599.8		1
599.9		1
600		1
