# Calibration file of tamex_id 1 @ channel 6
# fine_T bin		 Calibration value
0.1		0
0.2		0
0.3		0
0.4		0
0.5		0
0.6		0
0.7		0
0.8		0
0.9		0
1		0
1.1		0
1.2		0
1.3		0
1.4		0
1.5		0
1.6		0
1.7		0
1.8		0
1.9		0
2		0
2.1		0
2.2		0
2.3		0
2.4		0
2.5		0
2.6		0
2.7		0
2.8		0
2.9		0
3		0
3.1		0
3.2		0
3.3		0
3.4		0
3.5		0
3.6		0
3.7		0
3.8		0
3.9		0
4		0
4.1		0
4.2		0
4.3		0
4.4		0
4.5		0
4.6		0
4.7		0
4.8		0
4.9		0
5		0
5.1		0
5.2		0
5.3		0
5.4		0
5.5		0
5.6		0
5.7		0
5.8		0
5.9		0
6		0
6.1		0
6.2		0
6.3		0
6.4		0
6.5		0
6.6		0
6.7		0
6.8		0
6.9		0
7		0
7.1		0
7.2		0
7.3		0
7.4		0
7.5		0
7.6		0
7.7		0
7.8		0
7.9		0
8		0
8.1		0
8.2		0
8.3		0
8.4		0
8.5		0
8.6		0
8.7		0
8.8		0
8.9		0
9		0
9.1		0
9.2		0
9.3		0
9.4		0
9.5		0
9.6		0
9.7		0
9.8		0
9.9		0
10		0
10.1		0
10.2		0
10.3		0
10.4		0
10.5		0
10.6		0
10.7		0
10.8		0
10.9		0
11		0
11.1		0
11.2		0
11.3		0
11.4		0
11.5		0
11.6		0
11.7		0
11.8		0
11.9		0
12		0
12.1		0
12.2		0
12.3		0
12.4		0
12.5		0
12.6		0
12.7		0
12.8		0
12.9		0
13		0
13.1		0
13.2		0
13.3		0
13.4		0
13.5		0
13.6		0
13.7		0
13.8		0
13.9		0
14		0
14.1		0
14.2		0
14.3		0
14.4		0
14.5		0
14.6		0
14.7		0
14.8		0
14.9		0
15		0
15.1		0
15.2		0
15.3		0
15.4		0
15.5		0
15.6		0
15.7		0
15.8		0
15.9		0
16		0
16.1		0.00367101
16.2		0.00367101
16.3		0.00367101
16.4		0.00367101
16.5		0.00367101
16.6		0.00367101
16.7		0.00367101
16.8		0.00367101
16.9		0.00367101
17		0.00367101
17.1		0.00985123
17.2		0.00985123
17.3		0.00985123
17.4		0.00985123
17.5		0.00985123
17.6		0.00985123
17.7		0.00985123
17.8		0.00985123
17.9		0.00985123
18		0.00985123
18.1		0.0111299
18.2		0.0111299
18.3		0.0111299
18.4		0.0111299
18.5		0.0111299
18.6		0.0111299
18.7		0.0111299
18.8		0.0111299
18.9		0.0111299
19		0.0111299
19.1		0.0130101
19.2		0.0130101
19.3		0.0130101
19.4		0.0130101
19.5		0.0130101
19.6		0.0130101
19.7		0.0130101
19.8		0.0130101
19.9		0.0130101
20		0.0130101
20.1		0.0194034
20.2		0.0194034
20.3		0.0194034
20.4		0.0194034
20.5		0.0194034
20.6		0.0194034
20.7		0.0194034
20.8		0.0194034
20.9		0.0194034
21		0.0194034
21.1		0.0206133
21.2		0.0206133
21.3		0.0206133
21.4		0.0206133
21.5		0.0206133
21.6		0.0206133
21.7		0.0206133
21.8		0.0206133
21.9		0.0206133
22		0.0206133
22.1		0.0215792
22.2		0.0215792
22.3		0.0215792
22.4		0.0215792
22.5		0.0215792
22.6		0.0215792
22.7		0.0215792
22.8		0.0215792
22.9		0.0215792
23		0.0215792
23.1		0.0245559
23.2		0.0245559
23.3		0.0245559
23.4		0.0245559
23.5		0.0245559
23.6		0.0245559
23.7		0.0245559
23.8		0.0245559
23.9		0.0245559
24		0.0245559
24.1		0.0247965
24.2		0.0247965
24.3		0.0247965
24.4		0.0247965
24.5		0.0247965
24.6		0.0247965
24.7		0.0247965
24.8		0.0247965
24.9		0.0247965
25		0.0247965
25.1		0.030499
25.2		0.030499
25.3		0.030499
25.4		0.030499
25.5		0.030499
25.6		0.030499
25.7		0.030499
25.8		0.030499
25.9		0.030499
26		0.030499
26.1		0.0307464
26.2		0.0307464
26.3		0.0307464
26.4		0.0307464
26.5		0.0307464
26.6		0.0307464
26.7		0.0307464
26.8		0.0307464
26.9		0.0307464
27		0.0307464
27.1		0.0332935
27.2		0.0332935
27.3		0.0332935
27.4		0.0332935
27.5		0.0332935
27.6		0.0332935
27.7		0.0332935
27.8		0.0332935
27.9		0.0332935
28		0.0332935
28.1		0.0339294
28.2		0.0339294
28.3		0.0339294
28.4		0.0339294
28.5		0.0339294
28.6		0.0339294
28.7		0.0339294
28.8		0.0339294
28.9		0.0339294
29		0.0339294
29.1		0.0347234
29.2		0.0347234
29.3		0.0347234
29.4		0.0347234
29.5		0.0347234
29.6		0.0347234
29.7		0.0347234
29.8		0.0347234
29.9		0.0347234
30		0.0347234
30.1		0.0384906
30.2		0.0384906
30.3		0.0384906
30.4		0.0384906
30.5		0.0384906
30.6		0.0384906
30.7		0.0384906
30.8		0.0384906
30.9		0.0384906
31		0.0384906
31.1		0.0398037
31.2		0.0398037
31.3		0.0398037
31.4		0.0398037
31.5		0.0398037
31.6		0.0398037
31.7		0.0398037
31.8		0.0398037
31.9		0.0398037
32		0.0398037
32.1		0.0399549
32.2		0.0399549
32.3		0.0399549
32.4		0.0399549
32.5		0.0399549
32.6		0.0399549
32.7		0.0399549
32.8		0.0399549
32.9		0.0399549
33		0.0399549
33.1		0.0419966
33.2		0.0419966
33.3		0.0419966
33.4		0.0419966
33.5		0.0419966
33.6		0.0419966
33.7		0.0419966
33.8		0.0419966
33.9		0.0419966
34		0.0419966
34.1		0.0455164
34.2		0.0455164
34.3		0.0455164
34.4		0.0455164
34.5		0.0455164
34.6		0.0455164
34.7		0.0455164
34.8		0.0455164
34.9		0.0455164
35		0.0455164
35.1		0.0483419
35.2		0.0483419
35.3		0.0483419
35.4		0.0483419
35.5		0.0483419
35.6		0.0483419
35.7		0.0483419
35.8		0.0483419
35.9		0.0483419
36		0.0483419
36.1		0.0500364
36.2		0.0500364
36.3		0.0500364
36.4		0.0500364
36.5		0.0500364
36.6		0.0500364
36.7		0.0500364
36.8		0.0500364
36.9		0.0500364
37		0.0500364
37.1		0.0510814
37.2		0.0510814
37.3		0.0510814
37.4		0.0510814
37.5		0.0510814
37.6		0.0510814
37.7		0.0510814
37.8		0.0510814
37.9		0.0510814
38		0.0510814
38.1		0.0533534
38.2		0.0533534
38.3		0.0533534
38.4		0.0533534
38.5		0.0533534
38.6		0.0533534
38.7		0.0533534
38.8		0.0533534
38.9		0.0533534
39		0.0533534
39.1		0.0560482
39.2		0.0560482
39.3		0.0560482
39.4		0.0560482
39.5		0.0560482
39.6		0.0560482
39.7		0.0560482
39.8		0.0560482
39.9		0.0560482
40		0.0560482
40.1		0.0570932
40.2		0.0570932
40.3		0.0570932
40.4		0.0570932
40.5		0.0570932
40.6		0.0570932
40.7		0.0570932
40.8		0.0570932
40.9		0.0570932
41		0.0570932
41.1		0.0609292
41.2		0.0609292
41.3		0.0609292
41.4		0.0609292
41.5		0.0609292
41.6		0.0609292
41.7		0.0609292
41.8		0.0609292
41.9		0.0609292
42		0.0609292
42.1		0.06316
42.2		0.06316
42.3		0.06316
42.4		0.06316
42.5		0.06316
42.6		0.06316
42.7		0.06316
42.8		0.06316
42.9		0.06316
43		0.06316
43.1		0.0642874
43.2		0.0642874
43.3		0.0642874
43.4		0.0642874
43.5		0.0642874
43.6		0.0642874
43.7		0.0642874
43.8		0.0642874
43.9		0.0642874
44		0.0642874
44.1		0.0652017
44.2		0.0652017
44.3		0.0652017
44.4		0.0652017
44.5		0.0652017
44.6		0.0652017
44.7		0.0652017
44.8		0.0652017
44.9		0.0652017
45		0.0652017
45.1		0.0659957
45.2		0.0659957
45.3		0.0659957
45.4		0.0659957
45.5		0.0659957
45.6		0.0659957
45.7		0.0659957
45.8		0.0659957
45.9		0.0659957
46		0.0659957
46.1		0.0711619
46.2		0.0711619
46.3		0.0711619
46.4		0.0711619
46.5		0.0711619
46.6		0.0711619
46.7		0.0711619
46.8		0.0711619
46.9		0.0711619
47		0.0711619
47.1		0.0719181
47.2		0.0719181
47.3		0.0719181
47.4		0.0719181
47.5		0.0719181
47.6		0.0719181
47.7		0.0719181
47.8		0.0719181
47.9		0.0719181
48		0.0719181
48.1		0.0737021
48.2		0.0737021
48.3		0.0737021
48.4		0.0737021
48.5		0.0737021
48.6		0.0737021
48.7		0.0737021
48.8		0.0737021
48.9		0.0737021
49		0.0737021
49.1		0.0751354
49.2		0.0751354
49.3		0.0751354
49.4		0.0751354
49.5		0.0751354
49.6		0.0751354
49.7		0.0751354
49.8		0.0751354
49.9		0.0751354
50		0.0751354
50.1		0.0792773
50.2		0.0792773
50.3		0.0792773
50.4		0.0792773
50.5		0.0792773
50.6		0.0792773
50.7		0.0792773
50.8		0.0792773
50.9		0.0792773
51		0.0792773
51.1		0.0805285
51.2		0.0805285
51.3		0.0805285
51.4		0.0805285
51.5		0.0805285
51.6		0.0805285
51.7		0.0805285
51.8		0.0805285
51.9		0.0805285
52		0.0805285
52.1		0.083488
52.2		0.083488
52.3		0.083488
52.4		0.083488
52.5		0.083488
52.6		0.083488
52.7		0.083488
52.8		0.083488
52.9		0.083488
53		0.083488
53.1		0.0843645
53.2		0.0843645
53.3		0.0843645
53.4		0.0843645
53.5		0.0843645
53.6		0.0843645
53.7		0.0843645
53.8		0.0843645
53.9		0.0843645
54		0.0843645
54.1		0.0877262
54.2		0.0877262
54.3		0.0877262
54.4		0.0877262
54.5		0.0877262
54.6		0.0877262
54.7		0.0877262
54.8		0.0877262
54.9		0.0877262
55		0.0877262
55.1		0.089132
55.2		0.089132
55.3		0.089132
55.4		0.089132
55.5		0.089132
55.6		0.089132
55.7		0.089132
55.8		0.089132
55.9		0.089132
56		0.089132
56.1		0.0894586
56.2		0.0894586
56.3		0.0894586
56.4		0.0894586
56.5		0.0894586
56.6		0.0894586
56.7		0.0894586
56.8		0.0894586
56.9		0.0894586
57		0.0894586
57.1		0.0907029
57.2		0.0907029
57.3		0.0907029
57.4		0.0907029
57.5		0.0907029
57.6		0.0907029
57.7		0.0907029
57.8		0.0907029
57.9		0.0907029
58		0.0907029
58.1		0.0966493
58.2		0.0966493
58.3		0.0966493
58.4		0.0966493
58.5		0.0966493
58.6		0.0966493
58.7		0.0966493
58.8		0.0966493
58.9		0.0966493
59		0.0966493
59.1		0.0982717
59.2		0.0982717
59.3		0.0982717
59.4		0.0982717
59.5		0.0982717
59.6		0.0982717
59.7		0.0982717
59.8		0.0982717
59.9		0.0982717
60		0.0982717
60.1		0.0991586
60.2		0.0991586
60.3		0.0991586
60.4		0.0991586
60.5		0.0991586
60.6		0.0991586
60.7		0.0991586
60.8		0.0991586
60.9		0.0991586
61		0.0991586
61.1		0.100272
61.2		0.100272
61.3		0.100272
61.4		0.100272
61.5		0.100272
61.6		0.100272
61.7		0.100272
61.8		0.100272
61.9		0.100272
62		0.100272
62.1		0.10185
62.2		0.10185
62.3		0.10185
62.4		0.10185
62.5		0.10185
62.6		0.10185
62.7		0.10185
62.8		0.10185
62.9		0.10185
63		0.10185
63.1		0.106215
63.2		0.106215
63.3		0.106215
63.4		0.106215
63.5		0.106215
63.6		0.106215
63.7		0.106215
63.8		0.106215
63.9		0.106215
64		0.106215
64.1		0.108058
64.2		0.108058
64.3		0.108058
64.4		0.108058
64.5		0.108058
64.6		0.108058
64.7		0.108058
64.8		0.108058
64.9		0.108058
65		0.108058
65.1		0.11088
65.2		0.11088
65.3		0.11088
65.4		0.11088
65.5		0.11088
65.6		0.11088
65.7		0.11088
65.8		0.11088
65.9		0.11088
66		0.11088
66.1		0.112543
66.2		0.112543
66.3		0.112543
66.4		0.112543
66.5		0.112543
66.6		0.112543
66.7		0.112543
66.8		0.112543
66.9		0.112543
67		0.112543
67.1		0.113138
67.2		0.113138
67.3		0.113138
67.4		0.113138
67.5		0.113138
67.6		0.113138
67.7		0.113138
67.8		0.113138
67.9		0.113138
68		0.113138
68.1		0.115895
68.2		0.115895
68.3		0.115895
68.4		0.115895
68.5		0.115895
68.6		0.115895
68.7		0.115895
68.8		0.115895
68.9		0.115895
69		0.115895
69.1		0.11829
69.2		0.11829
69.3		0.11829
69.4		0.11829
69.5		0.11829
69.6		0.11829
69.7		0.11829
69.8		0.11829
69.9		0.11829
70		0.11829
70.1		0.119184
70.2		0.119184
70.3		0.119184
70.4		0.119184
70.5		0.119184
70.6		0.119184
70.7		0.119184
70.8		0.119184
70.9		0.119184
71		0.119184
71.1		0.123409
71.2		0.123409
71.3		0.123409
71.4		0.123409
71.5		0.123409
71.6		0.123409
71.7		0.123409
71.8		0.123409
71.9		0.123409
72		0.123409
72.1		0.124288
72.2		0.124288
72.3		0.124288
72.4		0.124288
72.5		0.124288
72.6		0.124288
72.7		0.124288
72.8		0.124288
72.9		0.124288
73		0.124288
73.1		0.125206
73.2		0.125206
73.3		0.125206
73.4		0.125206
73.5		0.125206
73.6		0.125206
73.7		0.125206
73.8		0.125206
73.9		0.125206
74		0.125206
74.1		0.126646
74.2		0.126646
74.3		0.126646
74.4		0.126646
74.5		0.126646
74.6		0.126646
74.7		0.126646
74.8		0.126646
74.9		0.126646
75		0.126646
75.1		0.129028
75.2		0.129028
75.3		0.129028
75.4		0.129028
75.5		0.129028
75.6		0.129028
75.7		0.129028
75.8		0.129028
75.9		0.129028
76		0.129028
76.1		0.13414
76.2		0.13414
76.3		0.13414
76.4		0.13414
76.5		0.13414
76.6		0.13414
76.7		0.13414
76.8		0.13414
76.9		0.13414
77		0.13414
77.1		0.134387
77.2		0.134387
77.3		0.134387
77.4		0.134387
77.5		0.134387
77.6		0.134387
77.7		0.134387
77.8		0.134387
77.9		0.134387
78		0.134387
78.1		0.136305
78.2		0.136305
78.3		0.136305
78.4		0.136305
78.5		0.136305
78.6		0.136305
78.7		0.136305
78.8		0.136305
78.9		0.136305
79		0.136305
79.1		0.136728
79.2		0.136728
79.3		0.136728
79.4		0.136728
79.5		0.136728
79.6		0.136728
79.7		0.136728
79.8		0.136728
79.9		0.136728
80		0.136728
80.1		0.140901
80.2		0.140901
80.3		0.140901
80.4		0.140901
80.5		0.140901
80.6		0.140901
80.7		0.140901
80.8		0.140901
80.9		0.140901
81		0.140901
81.1		0.142757
81.2		0.142757
81.3		0.142757
81.4		0.142757
81.5		0.142757
81.6		0.142757
81.7		0.142757
81.8		0.142757
81.9		0.142757
82		0.142757
82.1		0.143066
82.2		0.143066
82.3		0.143066
82.4		0.143066
82.5		0.143066
82.6		0.143066
82.7		0.143066
82.8		0.143066
82.9		0.143066
83		0.143066
83.1		0.144881
83.2		0.144881
83.3		0.144881
83.4		0.144881
83.5		0.144881
83.6		0.144881
83.7		0.144881
83.8		0.144881
83.9		0.144881
84		0.144881
84.1		0.150223
84.2		0.150223
84.3		0.150223
84.4		0.150223
84.5		0.150223
84.6		0.150223
84.7		0.150223
84.8		0.150223
84.9		0.150223
85		0.150223
85.1		0.152732
85.2		0.152732
85.3		0.152732
85.4		0.152732
85.5		0.152732
85.6		0.152732
85.7		0.152732
85.8		0.152732
85.9		0.152732
86		0.152732
86.1		0.153079
86.2		0.153079
86.3		0.153079
86.4		0.153079
86.5		0.153079
86.6		0.153079
86.7		0.153079
86.8		0.153079
86.9		0.153079
87		0.153079
87.1		0.155272
87.2		0.155272
87.3		0.155272
87.4		0.155272
87.5		0.155272
87.6		0.155272
87.7		0.155272
87.8		0.155272
87.9		0.155272
88		0.155272
88.1		0.158135
88.2		0.158135
88.3		0.158135
88.4		0.158135
88.5		0.158135
88.6		0.158135
88.7		0.158135
88.8		0.158135
88.9		0.158135
89		0.158135
89.1		0.159084
89.2		0.159084
89.3		0.159084
89.4		0.159084
89.5		0.159084
89.6		0.159084
89.7		0.159084
89.8		0.159084
89.9		0.159084
90		0.159084
90.1		0.161246
90.2		0.161246
90.3		0.161246
90.4		0.161246
90.5		0.161246
90.6		0.161246
90.7		0.161246
90.8		0.161246
90.9		0.161246
91		0.161246
91.1		0.164591
91.2		0.164591
91.3		0.164591
91.4		0.164591
91.5		0.164591
91.6		0.164591
91.7		0.164591
91.8		0.164591
91.9		0.164591
92		0.164591
92.1		0.16556
92.2		0.16556
92.3		0.16556
92.4		0.16556
92.5		0.16556
92.6		0.16556
92.7		0.16556
92.8		0.16556
92.9		0.16556
93		0.16556
93.1		0.167677
93.2		0.167677
93.3		0.167677
93.4		0.167677
93.5		0.167677
93.6		0.167677
93.7		0.167677
93.8		0.167677
93.9		0.167677
94		0.167677
94.1		0.168427
94.2		0.168427
94.3		0.168427
94.4		0.168427
94.5		0.168427
94.6		0.168427
94.7		0.168427
94.8		0.168427
94.9		0.168427
95		0.168427
95.1		0.169595
95.2		0.169595
95.3		0.169595
95.4		0.169595
95.5		0.169595
95.6		0.169595
95.7		0.169595
95.8		0.169595
95.9		0.169595
96		0.169595
96.1		0.173689
96.2		0.173689
96.3		0.173689
96.4		0.173689
96.5		0.173689
96.6		0.173689
96.7		0.173689
96.8		0.173689
96.9		0.173689
97		0.173689
97.1		0.175968
97.2		0.175968
97.3		0.175968
97.4		0.175968
97.5		0.175968
97.6		0.175968
97.7		0.175968
97.8		0.175968
97.9		0.175968
98		0.175968
98.1		0.176209
98.2		0.176209
98.3		0.176209
98.4		0.176209
98.5		0.176209
98.6		0.176209
98.7		0.176209
98.8		0.176209
98.9		0.176209
99		0.176209
99.1		0.179993
99.2		0.179993
99.3		0.179993
99.4		0.179993
99.5		0.179993
99.6		0.179993
99.7		0.179993
99.8		0.179993
99.9		0.179993
100		0.179993
100.1		0.181416
100.2		0.181416
100.3		0.181416
100.4		0.181416
100.5		0.181416
100.6		0.181416
100.7		0.181416
100.8		0.181416
100.9		0.181416
101		0.181416
101.1		0.183929
101.2		0.183929
101.3		0.183929
101.4		0.183929
101.5		0.183929
101.6		0.183929
101.7		0.183929
101.8		0.183929
101.9		0.183929
102		0.183929
102.1		0.184596
102.2		0.184596
102.3		0.184596
102.4		0.184596
102.5		0.184596
102.6		0.184596
102.7		0.184596
102.8		0.184596
102.9		0.184596
103		0.184596
103.1		0.186208
103.2		0.186208
103.3		0.186208
103.4		0.186208
103.5		0.186208
103.6		0.186208
103.7		0.186208
103.8		0.186208
103.9		0.186208
104		0.186208
104.1		0.190026
104.2		0.190026
104.3		0.190026
104.4		0.190026
104.5		0.190026
104.6		0.190026
104.7		0.190026
104.8		0.190026
104.9		0.190026
105		0.190026
105.1		0.191418
105.2		0.191418
105.3		0.191418
105.4		0.191418
105.5		0.191418
105.6		0.191418
105.7		0.191418
105.8		0.191418
105.9		0.191418
106		0.191418
106.1		0.193608
106.2		0.193608
106.3		0.193608
106.4		0.193608
106.5		0.193608
106.6		0.193608
106.7		0.193608
106.8		0.193608
106.9		0.193608
107		0.193608
107.1		0.194309
107.2		0.194309
107.3		0.194309
107.4		0.194309
107.5		0.194309
107.6		0.194309
107.7		0.194309
107.8		0.194309
107.9		0.194309
108		0.194309
108.1		0.194526
108.2		0.194526
108.3		0.194526
108.4		0.194526
108.5		0.194526
108.6		0.194526
108.7		0.194526
108.8		0.194526
108.9		0.194526
109		0.194526
109.1		0.200383
109.2		0.200383
109.3		0.200383
109.4		0.200383
109.5		0.200383
109.6		0.200383
109.7		0.200383
109.8		0.200383
109.9		0.200383
110		0.200383
110.1		0.203573
110.2		0.203573
110.3		0.203573
110.4		0.203573
110.5		0.203573
110.6		0.203573
110.7		0.203573
110.8		0.203573
110.9		0.203573
111		0.203573
111.1		0.203724
111.2		0.203724
111.3		0.203724
111.4		0.203724
111.5		0.203724
111.6		0.203724
111.7		0.203724
111.8		0.203724
111.9		0.203724
112		0.203724
112.1		0.204494
112.2		0.204494
112.3		0.204494
112.4		0.204494
112.5		0.204494
112.6		0.204494
112.7		0.204494
112.8		0.204494
112.9		0.204494
113		0.204494
113.1		0.205824
113.2		0.205824
113.3		0.205824
113.4		0.205824
113.5		0.205824
113.6		0.205824
113.7		0.205824
113.8		0.205824
113.9		0.205824
114		0.205824
114.1		0.210227
114.2		0.210227
114.3		0.210227
114.4		0.210227
114.5		0.210227
114.6		0.210227
114.7		0.210227
114.8		0.210227
114.9		0.210227
115		0.210227
115.1		0.210434
115.2		0.210434
115.3		0.210434
115.4		0.210434
115.5		0.210434
115.6		0.210434
115.7		0.210434
115.8		0.210434
115.9		0.210434
116		0.210434
116.1		0.214599
116.2		0.214599
116.3		0.214599
116.4		0.214599
116.5		0.214599
116.6		0.214599
116.7		0.214599
116.8		0.214599
116.9		0.214599
117		0.214599
117.1		0.215875
117.2		0.215875
117.3		0.215875
117.4		0.215875
117.5		0.215875
117.6		0.215875
117.7		0.215875
117.8		0.215875
117.9		0.215875
118		0.215875
118.1		0.220109
118.2		0.220109
118.3		0.220109
118.4		0.220109
118.5		0.220109
118.6		0.220109
118.7		0.220109
118.8		0.220109
118.9		0.220109
119		0.220109
119.1		0.22189
119.2		0.22189
119.3		0.22189
119.4		0.22189
119.5		0.22189
119.6		0.22189
119.7		0.22189
119.8		0.22189
119.9		0.22189
120		0.22189
120.1		0.222763
120.2		0.222763
120.3		0.222763
120.4		0.222763
120.5		0.222763
120.6		0.222763
120.7		0.222763
120.8		0.222763
120.9		0.222763
121		0.222763
121.1		0.22333
121.2		0.22333
121.3		0.22333
121.4		0.22333
121.5		0.22333
121.6		0.22333
121.7		0.22333
121.8		0.22333
121.9		0.22333
122		0.22333
122.1		0.228022
122.2		0.228022
122.3		0.228022
122.4		0.228022
122.5		0.228022
122.6		0.228022
122.7		0.228022
122.8		0.228022
122.9		0.228022
123		0.228022
123.1		0.228847
123.2		0.228847
123.3		0.228847
123.4		0.228847
123.5		0.228847
123.6		0.228847
123.7		0.228847
123.8		0.228847
123.9		0.228847
124		0.228847
124.1		0.230631
124.2		0.230631
124.3		0.230631
124.4		0.230631
124.5		0.230631
124.6		0.230631
124.7		0.230631
124.8		0.230631
124.9		0.230631
125		0.230631
125.1		0.230841
125.2		0.230841
125.3		0.230841
125.4		0.230841
125.5		0.230841
125.6		0.230841
125.7		0.230841
125.8		0.230841
125.9		0.230841
126		0.230841
126.1		0.236687
126.2		0.236687
126.3		0.236687
126.4		0.236687
126.5		0.236687
126.6		0.236687
126.7		0.236687
126.8		0.236687
126.9		0.236687
127		0.236687
127.1		0.236811
127.2		0.236811
127.3		0.236811
127.4		0.236811
127.5		0.236811
127.6		0.236811
127.7		0.236811
127.8		0.236811
127.9		0.236811
128		0.236811
128.1		0.239692
128.2		0.239692
128.3		0.239692
128.4		0.239692
128.5		0.239692
128.6		0.239692
128.7		0.239692
128.8		0.239692
128.9		0.239692
129		0.239692
129.1		0.241324
129.2		0.241324
129.3		0.241324
129.4		0.241324
129.5		0.241324
129.6		0.241324
129.7		0.241324
129.8		0.241324
129.9		0.241324
130		0.241324
130.1		0.243263
130.2		0.243263
130.3		0.243263
130.4		0.243263
130.5		0.243263
130.6		0.243263
130.7		0.243263
130.8		0.243263
130.9		0.243263
131		0.243263
131.1		0.24736
131.2		0.24736
131.3		0.24736
131.4		0.24736
131.5		0.24736
131.6		0.24736
131.7		0.24736
131.8		0.24736
131.9		0.24736
132		0.24736
132.1		0.249649
132.2		0.249649
132.3		0.249649
132.4		0.249649
132.5		0.249649
132.6		0.249649
132.7		0.249649
132.8		0.249649
132.9		0.249649
133		0.249649
133.1		0.249931
133.2		0.249931
133.3		0.249931
133.4		0.249931
133.5		0.249931
133.6		0.249931
133.7		0.249931
133.8		0.249931
133.9		0.249931
134		0.249931
134.1		0.254692
134.2		0.254692
134.3		0.254692
134.4		0.254692
134.5		0.254692
134.6		0.254692
134.7		0.254692
134.8		0.254692
134.9		0.254692
135		0.254692
135.1		0.254926
135.2		0.254926
135.3		0.254926
135.4		0.254926
135.5		0.254926
135.6		0.254926
135.7		0.254926
135.8		0.254926
135.9		0.254926
136		0.254926
136.1		0.25936
136.2		0.25936
136.3		0.25936
136.4		0.25936
136.5		0.25936
136.6		0.25936
136.7		0.25936
136.8		0.25936
136.9		0.25936
137		0.25936
137.1		0.259597
137.2		0.259597
137.3		0.259597
137.4		0.259597
137.5		0.259597
137.6		0.259597
137.7		0.259597
137.8		0.259597
137.9		0.259597
138		0.259597
138.1		0.260277
138.2		0.260277
138.3		0.260277
138.4		0.260277
138.5		0.260277
138.6		0.260277
138.7		0.260277
138.8		0.260277
138.9		0.260277
139		0.260277
139.1		0.265461
139.2		0.265461
139.3		0.265461
139.4		0.265461
139.5		0.265461
139.6		0.265461
139.7		0.265461
139.8		0.265461
139.9		0.265461
140		0.265461
140.1		0.265605
140.2		0.265605
140.3		0.265605
140.4		0.265605
140.5		0.265605
140.6		0.265605
140.7		0.265605
140.8		0.265605
140.9		0.265605
141		0.265605
141.1		0.266021
141.2		0.266021
141.3		0.266021
141.4		0.266021
141.5		0.266021
141.6		0.266021
141.7		0.266021
141.8		0.266021
141.9		0.266021
142		0.266021
142.1		0.269465
142.2		0.269465
142.3		0.269465
142.4		0.269465
142.5		0.269465
142.6		0.269465
142.7		0.269465
142.8		0.269465
142.9		0.269465
143		0.269465
143.1		0.269764
143.2		0.269764
143.3		0.269764
143.4		0.269764
143.5		0.269764
143.6		0.269764
143.7		0.269764
143.8		0.269764
143.9		0.269764
144		0.269764
144.1		0.274975
144.2		0.274975
144.3		0.274975
144.4		0.274975
144.5		0.274975
144.6		0.274975
144.7		0.274975
144.8		0.274975
144.9		0.274975
145		0.274975
145.1		0.275408
145.2		0.275408
145.3		0.275408
145.4		0.275408
145.5		0.275408
145.6		0.275408
145.7		0.275408
145.8		0.275408
145.9		0.275408
146		0.275408
146.1		0.276457
146.2		0.276457
146.3		0.276457
146.4		0.276457
146.5		0.276457
146.6		0.276457
146.7		0.276457
146.8		0.276457
146.9		0.276457
147		0.276457
147.1		0.276704
147.2		0.276704
147.3		0.276704
147.4		0.276704
147.5		0.276704
147.6		0.276704
147.7		0.276704
147.8		0.276704
147.9		0.276704
148		0.276704
148.1		0.284222
148.2		0.284222
148.3		0.284222
148.4		0.284222
148.5		0.284222
148.6		0.284222
148.7		0.284222
148.8		0.284222
148.9		0.284222
149		0.284222
149.1		0.28449
149.2		0.28449
149.3		0.28449
149.4		0.28449
149.5		0.28449
149.6		0.28449
149.7		0.28449
149.8		0.28449
149.9		0.28449
150		0.28449
150.1		0.285346
150.2		0.285346
150.3		0.285346
150.4		0.285346
150.5		0.285346
150.6		0.285346
150.7		0.285346
150.8		0.285346
150.9		0.285346
151		0.285346
151.1		0.286081
151.2		0.286081
151.3		0.286081
151.4		0.286081
151.5		0.286081
151.6		0.286081
151.7		0.286081
151.8		0.286081
151.9		0.286081
152		0.286081
152.1		0.288154
152.2		0.288154
152.3		0.288154
152.4		0.288154
152.5		0.288154
152.6		0.288154
152.7		0.288154
152.8		0.288154
152.9		0.288154
153		0.288154
153.1		0.29343
153.2		0.29343
153.3		0.29343
153.4		0.29343
153.5		0.29343
153.6		0.29343
153.7		0.29343
153.8		0.29343
153.9		0.29343
154		0.29343
154.1		0.295327
154.2		0.295327
154.3		0.295327
154.4		0.295327
154.5		0.295327
154.6		0.295327
154.7		0.295327
154.8		0.295327
154.9		0.295327
155		0.295327
155.1		0.29576
155.2		0.29576
155.3		0.29576
155.4		0.29576
155.5		0.29576
155.6		0.29576
155.7		0.29576
155.8		0.29576
155.9		0.29576
156		0.29576
156.1		0.298015
156.2		0.298015
156.3		0.298015
156.4		0.298015
156.5		0.298015
156.6		0.298015
156.7		0.298015
156.8		0.298015
156.9		0.298015
157		0.298015
157.1		0.29818
157.2		0.29818
157.3		0.29818
157.4		0.29818
157.5		0.29818
157.6		0.29818
157.7		0.29818
157.8		0.29818
157.9		0.29818
158		0.29818
158.1		0.299548
158.2		0.299548
158.3		0.299548
158.4		0.299548
158.5		0.299548
158.6		0.299548
158.7		0.299548
158.8		0.299548
158.9		0.299548
159		0.299548
159.1		0.304158
159.2		0.304158
159.3		0.304158
159.4		0.304158
159.5		0.304158
159.6		0.304158
159.7		0.304158
159.8		0.304158
159.9		0.304158
160		0.304158
160.1		0.306698
160.2		0.306698
160.3		0.306698
160.4		0.306698
160.5		0.306698
160.6		0.306698
160.7		0.306698
160.8		0.306698
160.9		0.306698
161		0.306698
161.1		0.309097
161.2		0.309097
161.3		0.309097
161.4		0.309097
161.5		0.309097
161.6		0.309097
161.7		0.309097
161.8		0.309097
161.9		0.309097
162		0.309097
162.1		0.310527
162.2		0.310527
162.3		0.310527
162.4		0.310527
162.5		0.310527
162.6		0.310527
162.7		0.310527
162.8		0.310527
162.9		0.310527
163		0.310527
163.1		0.312167
163.2		0.312167
163.3		0.312167
163.4		0.312167
163.5		0.312167
163.6		0.312167
163.7		0.312167
163.8		0.312167
163.9		0.312167
164		0.312167
164.1		0.312737
164.2		0.312737
164.3		0.312737
164.4		0.312737
164.5		0.312737
164.6		0.312737
164.7		0.312737
164.8		0.312737
164.9		0.312737
165		0.312737
165.1		0.31712
165.2		0.31712
165.3		0.31712
165.4		0.31712
165.5		0.31712
165.6		0.31712
165.7		0.31712
165.8		0.31712
165.9		0.31712
166		0.31712
166.1		0.317494
166.2		0.317494
166.3		0.317494
166.4		0.317494
166.5		0.317494
166.6		0.317494
166.7		0.317494
166.8		0.317494
166.9		0.317494
167		0.317494
167.1		0.320024
167.2		0.320024
167.3		0.320024
167.4		0.320024
167.5		0.320024
167.6		0.320024
167.7		0.320024
167.8		0.320024
167.9		0.320024
168		0.320024
168.1		0.320554
168.2		0.320554
168.3		0.320554
168.4		0.320554
168.5		0.320554
168.6		0.320554
168.7		0.320554
168.8		0.320554
168.9		0.320554
169		0.320554
169.1		0.323228
169.2		0.323228
169.3		0.323228
169.4		0.323228
169.5		0.323228
169.6		0.323228
169.7		0.323228
169.8		0.323228
169.9		0.323228
170		0.323228
170.1		0.328435
170.2		0.328435
170.3		0.328435
170.4		0.328435
170.5		0.328435
170.6		0.328435
170.7		0.328435
170.8		0.328435
170.9		0.328435
171		0.328435
171.1		0.329999
171.2		0.329999
171.3		0.329999
171.4		0.329999
171.5		0.329999
171.6		0.329999
171.7		0.329999
171.8		0.329999
171.9		0.329999
172		0.329999
172.1		0.331536
172.2		0.331536
172.3		0.331536
172.4		0.331536
172.5		0.331536
172.6		0.331536
172.7		0.331536
172.8		0.331536
172.9		0.331536
173		0.331536
173.1		0.332044
173.2		0.332044
173.3		0.332044
173.4		0.332044
173.5		0.332044
173.6		0.332044
173.7		0.332044
173.8		0.332044
173.9		0.332044
174		0.332044
174.1		0.336867
174.2		0.336867
174.3		0.336867
174.4		0.336867
174.5		0.336867
174.6		0.336867
174.7		0.336867
174.8		0.336867
174.9		0.336867
175		0.336867
175.1		0.337128
175.2		0.337128
175.3		0.337128
175.4		0.337128
175.5		0.337128
175.6		0.337128
175.7		0.337128
175.8		0.337128
175.9		0.337128
176		0.337128
176.1		0.340555
176.2		0.340555
176.3		0.340555
176.4		0.340555
176.5		0.340555
176.6		0.340555
176.7		0.340555
176.8		0.340555
176.9		0.340555
177		0.340555
177.1		0.341837
177.2		0.341837
177.3		0.341837
177.4		0.341837
177.5		0.341837
177.6		0.341837
177.7		0.341837
177.8		0.341837
177.9		0.341837
178		0.341837
178.1		0.345292
178.2		0.345292
178.3		0.345292
178.4		0.345292
178.5		0.345292
178.6		0.345292
178.7		0.345292
178.8		0.345292
178.9		0.345292
179		0.345292
179.1		0.345436
179.2		0.345436
179.3		0.345436
179.4		0.345436
179.5		0.345436
179.6		0.345436
179.7		0.345436
179.8		0.345436
179.9		0.345436
180		0.345436
180.1		0.348313
180.2		0.348313
180.3		0.348313
180.4		0.348313
180.5		0.348313
180.6		0.348313
180.7		0.348313
180.8		0.348313
180.9		0.348313
181		0.348313
181.1		0.348732
181.2		0.348732
181.3		0.348732
181.4		0.348732
181.5		0.348732
181.6		0.348732
181.7		0.348732
181.8		0.348732
181.9		0.348732
182		0.348732
182.1		0.351747
182.2		0.351747
182.3		0.351747
182.4		0.351747
182.5		0.351747
182.6		0.351747
182.7		0.351747
182.8		0.351747
182.9		0.351747
183		0.351747
183.1		0.355463
183.2		0.355463
183.3		0.355463
183.4		0.355463
183.5		0.355463
183.6		0.355463
183.7		0.355463
183.8		0.355463
183.9		0.355463
184		0.355463
184.1		0.356105
184.2		0.356105
184.3		0.356105
184.4		0.356105
184.5		0.356105
184.6		0.356105
184.7		0.356105
184.8		0.356105
184.9		0.356105
185		0.356105
185.1		0.356655
185.2		0.356655
185.3		0.356655
185.4		0.356655
185.5		0.356655
185.6		0.356655
185.7		0.356655
185.8		0.356655
185.9		0.356655
186		0.356655
186.1		0.361089
186.2		0.361089
186.3		0.361089
186.4		0.361089
186.5		0.361089
186.6		0.361089
186.7		0.361089
186.8		0.361089
186.9		0.361089
187		0.361089
187.1		0.361454
187.2		0.361454
187.3		0.361454
187.4		0.361454
187.5		0.361454
187.6		0.361454
187.7		0.361454
187.8		0.361454
187.9		0.361454
188		0.361454
188.1		0.364561
188.2		0.364561
188.3		0.364561
188.4		0.364561
188.5		0.364561
188.6		0.364561
188.7		0.364561
188.8		0.364561
188.9		0.364561
189		0.364561
189.1		0.366032
189.2		0.366032
189.3		0.366032
189.4		0.366032
189.5		0.366032
189.6		0.366032
189.7		0.366032
189.8		0.366032
189.9		0.366032
190		0.366032
190.1		0.367679
190.2		0.367679
190.3		0.367679
190.4		0.367679
190.5		0.367679
190.6		0.367679
190.7		0.367679
190.8		0.367679
190.9		0.367679
191		0.367679
191.1		0.370463
191.2		0.370463
191.3		0.370463
191.4		0.370463
191.5		0.370463
191.6		0.370463
191.7		0.370463
191.8		0.370463
191.9		0.370463
192		0.370463
192.1		0.372023
192.2		0.372023
192.3		0.372023
192.4		0.372023
192.5		0.372023
192.6		0.372023
192.7		0.372023
192.8		0.372023
192.9		0.372023
193		0.372023
193.1		0.376763
193.2		0.376763
193.3		0.376763
193.4		0.376763
193.5		0.376763
193.6		0.376763
193.7		0.376763
193.8		0.376763
193.9		0.376763
194		0.376763
194.1		0.377186
194.2		0.377186
194.3		0.377186
194.4		0.377186
194.5		0.377186
194.6		0.377186
194.7		0.377186
194.8		0.377186
194.9		0.377186
195		0.377186
195.1		0.377368
195.2		0.377368
195.3		0.377368
195.4		0.377368
195.5		0.377368
195.6		0.377368
195.7		0.377368
195.8		0.377368
195.9		0.377368
196		0.377368
196.1		0.378812
196.2		0.378812
196.3		0.378812
196.4		0.378812
196.5		0.378812
196.6		0.378812
196.7		0.378812
196.8		0.378812
196.9		0.378812
197		0.378812
197.1		0.382009
197.2		0.382009
197.3		0.382009
197.4		0.382009
197.5		0.382009
197.6		0.382009
197.7		0.382009
197.8		0.382009
197.9		0.382009
198		0.382009
198.1		0.383497
198.2		0.383497
198.3		0.383497
198.4		0.383497
198.5		0.383497
198.6		0.383497
198.7		0.383497
198.8		0.383497
198.9		0.383497
199		0.383497
199.1		0.388409
199.2		0.388409
199.3		0.388409
199.4		0.388409
199.5		0.388409
199.6		0.388409
199.7		0.388409
199.8		0.388409
199.9		0.388409
200		0.388409
200.1		0.391148
200.2		0.391148
200.3		0.391148
200.4		0.391148
200.5		0.391148
200.6		0.391148
200.7		0.391148
200.8		0.391148
200.9		0.391148
201		0.391148
201.1		0.391647
201.2		0.391647
201.3		0.391647
201.4		0.391647
201.5		0.391647
201.6		0.391647
201.7		0.391647
201.8		0.391647
201.9		0.391647
202		0.391647
202.1		0.392819
202.2		0.392819
202.3		0.392819
202.4		0.392819
202.5		0.392819
202.6		0.392819
202.7		0.392819
202.8		0.392819
202.9		0.392819
203		0.392819
203.1		0.393303
203.2		0.393303
203.3		0.393303
203.4		0.393303
203.5		0.393303
203.6		0.393303
203.7		0.393303
203.8		0.393303
203.9		0.393303
204		0.393303
204.1		0.399236
204.2		0.399236
204.3		0.399236
204.4		0.399236
204.5		0.399236
204.6		0.399236
204.7		0.399236
204.8		0.399236
204.9		0.399236
205		0.399236
205.1		0.39992
205.2		0.39992
205.3		0.39992
205.4		0.39992
205.5		0.39992
205.6		0.39992
205.7		0.39992
205.8		0.39992
205.9		0.39992
206		0.39992
206.1		0.400126
206.2		0.400126
206.3		0.400126
206.4		0.400126
206.5		0.400126
206.6		0.400126
206.7		0.400126
206.8		0.400126
206.9		0.400126
207		0.400126
207.1		0.402845
207.2		0.402845
207.3		0.402845
207.4		0.402845
207.5		0.402845
207.6		0.402845
207.7		0.402845
207.8		0.402845
207.9		0.402845
208		0.402845
208.1		0.405853
208.2		0.405853
208.3		0.405853
208.4		0.405853
208.5		0.405853
208.6		0.405853
208.7		0.405853
208.8		0.405853
208.9		0.405853
209		0.405853
209.1		0.406695
209.2		0.406695
209.3		0.406695
209.4		0.406695
209.5		0.406695
209.6		0.406695
209.7		0.406695
209.8		0.406695
209.9		0.406695
210		0.406695
210.1		0.409008
210.2		0.409008
210.3		0.409008
210.4		0.409008
210.5		0.409008
210.6		0.409008
210.7		0.409008
210.8		0.409008
210.9		0.409008
211		0.409008
211.1		0.41117
211.2		0.41117
211.3		0.41117
211.4		0.41117
211.5		0.41117
211.6		0.41117
211.7		0.41117
211.8		0.41117
211.9		0.41117
212		0.41117
212.1		0.415522
212.2		0.415522
212.3		0.415522
212.4		0.415522
212.5		0.415522
212.6		0.415522
212.7		0.415522
212.8		0.415522
212.9		0.415522
213		0.415522
213.1		0.417347
213.2		0.417347
213.3		0.417347
213.4		0.417347
213.5		0.417347
213.6		0.417347
213.7		0.417347
213.8		0.417347
213.9		0.417347
214		0.417347
214.1		0.417832
214.2		0.417832
214.3		0.417832
214.4		0.417832
214.5		0.417832
214.6		0.417832
214.7		0.417832
214.8		0.417832
214.9		0.417832
215		0.417832
215.1		0.419588
215.2		0.419588
215.3		0.419588
215.4		0.419588
215.5		0.419588
215.6		0.419588
215.7		0.419588
215.8		0.419588
215.9		0.419588
216		0.419588
216.1		0.423318
216.2		0.423318
216.3		0.423318
216.4		0.423318
216.5		0.423318
216.6		0.423318
216.7		0.423318
216.8		0.423318
216.9		0.423318
217		0.423318
217.1		0.426841
217.2		0.426841
217.3		0.426841
217.4		0.426841
217.5		0.426841
217.6		0.426841
217.7		0.426841
217.8		0.426841
217.9		0.426841
218		0.426841
218.1		0.427033
218.2		0.427033
218.3		0.427033
218.4		0.427033
218.5		0.427033
218.6		0.427033
218.7		0.427033
218.8		0.427033
218.9		0.427033
219		0.427033
219.1		0.427797
219.2		0.427797
219.3		0.427797
219.4		0.427797
219.5		0.427797
219.6		0.427797
219.7		0.427797
219.8		0.427797
219.9		0.427797
220		0.427797
220.1		0.428697
220.2		0.428697
220.3		0.428697
220.4		0.428697
220.5		0.428697
220.6		0.428697
220.7		0.428697
220.8		0.428697
220.9		0.428697
221		0.428697
221.1		0.433372
221.2		0.433372
221.3		0.433372
221.4		0.433372
221.5		0.433372
221.6		0.433372
221.7		0.433372
221.8		0.433372
221.9		0.433372
222		0.433372
222.1		0.435321
222.2		0.435321
222.3		0.435321
222.4		0.435321
222.5		0.435321
222.6		0.435321
222.7		0.435321
222.8		0.435321
222.9		0.435321
223		0.435321
223.1		0.437067
223.2		0.437067
223.3		0.437067
223.4		0.437067
223.5		0.437067
223.6		0.437067
223.7		0.437067
223.8		0.437067
223.9		0.437067
224		0.437067
224.1		0.437383
224.2		0.437383
224.3		0.437383
224.4		0.437383
224.5		0.437383
224.6		0.437383
224.7		0.437383
224.8		0.437383
224.9		0.437383
225		0.437383
225.1		0.438249
225.2		0.438249
225.3		0.438249
225.4		0.438249
225.5		0.438249
225.6		0.438249
225.7		0.438249
225.8		0.438249
225.9		0.438249
226		0.438249
226.1		0.442085
226.2		0.442085
226.3		0.442085
226.4		0.442085
226.5		0.442085
226.6		0.442085
226.7		0.442085
226.8		0.442085
226.9		0.442085
227		0.442085
227.1		0.445096
227.2		0.445096
227.3		0.445096
227.4		0.445096
227.5		0.445096
227.6		0.445096
227.7		0.445096
227.8		0.445096
227.9		0.445096
228		0.445096
228.1		0.44545
228.2		0.44545
228.3		0.44545
228.4		0.44545
228.5		0.44545
228.6		0.44545
228.7		0.44545
228.8		0.44545
228.9		0.44545
229		0.44545
229.1		0.446767
229.2		0.446767
229.3		0.446767
229.4		0.446767
229.5		0.446767
229.6		0.446767
229.7		0.446767
229.8		0.446767
229.9		0.446767
230		0.446767
230.1		0.451978
230.2		0.451978
230.3		0.451978
230.4		0.451978
230.5		0.451978
230.6		0.451978
230.7		0.451978
230.8		0.451978
230.9		0.451978
231		0.451978
231.1		0.452861
231.2		0.452861
231.3		0.452861
231.4		0.452861
231.5		0.452861
231.6		0.452861
231.7		0.452861
231.8		0.452861
231.9		0.452861
232		0.452861
232.1		0.453645
232.2		0.453645
232.3		0.453645
232.4		0.453645
232.5		0.453645
232.6		0.453645
232.7		0.453645
232.8		0.453645
232.9		0.453645
233		0.453645
233.1		0.454814
233.2		0.454814
233.3		0.454814
233.4		0.454814
233.5		0.454814
233.6		0.454814
233.7		0.454814
233.8		0.454814
233.9		0.454814
234		0.454814
234.1		0.458199
234.2		0.458199
234.3		0.458199
234.4		0.458199
234.5		0.458199
234.6		0.458199
234.7		0.458199
234.8		0.458199
234.9		0.458199
235		0.458199
235.1		0.460695
235.2		0.460695
235.3		0.460695
235.4		0.460695
235.5		0.460695
235.6		0.460695
235.7		0.460695
235.8		0.460695
235.9		0.460695
236		0.460695
236.1		0.462341
236.2		0.462341
236.3		0.462341
236.4		0.462341
236.5		0.462341
236.6		0.462341
236.7		0.462341
236.8		0.462341
236.9		0.462341
237		0.462341
237.1		0.463331
237.2		0.463331
237.3		0.463331
237.4		0.463331
237.5		0.463331
237.6		0.463331
237.7		0.463331
237.8		0.463331
237.9		0.463331
238		0.463331
238.1		0.467147
238.2		0.467147
238.3		0.467147
238.4		0.467147
238.5		0.467147
238.6		0.467147
238.7		0.467147
238.8		0.467147
238.9		0.467147
239		0.467147
239.1		0.47024
239.2		0.47024
239.3		0.47024
239.4		0.47024
239.5		0.47024
239.6		0.47024
239.7		0.47024
239.8		0.47024
239.9		0.47024
240		0.47024
240.1		0.470357
240.2		0.470357
240.3		0.470357
240.4		0.470357
240.5		0.470357
240.6		0.470357
240.7		0.470357
240.8		0.470357
240.9		0.470357
241		0.470357
241.1		0.472381
241.2		0.472381
241.3		0.472381
241.4		0.472381
241.5		0.472381
241.6		0.472381
241.7		0.472381
241.8		0.472381
241.9		0.472381
242		0.472381
242.1		0.476334
242.2		0.476334
242.3		0.476334
242.4		0.476334
242.5		0.476334
242.6		0.476334
242.7		0.476334
242.8		0.476334
242.9		0.476334
243		0.476334
243.1		0.477953
243.2		0.477953
243.3		0.477953
243.4		0.477953
243.5		0.477953
243.6		0.477953
243.7		0.477953
243.8		0.477953
243.9		0.477953
244		0.477953
244.1		0.479026
244.2		0.479026
244.3		0.479026
244.4		0.479026
244.5		0.479026
244.6		0.479026
244.7		0.479026
244.8		0.479026
244.9		0.479026
245		0.479026
245.1		0.482875
245.2		0.482875
245.3		0.482875
245.4		0.482875
245.5		0.482875
245.6		0.482875
245.7		0.482875
245.8		0.482875
245.9		0.482875
246		0.482875
246.1		0.483085
246.2		0.483085
246.3		0.483085
246.4		0.483085
246.5		0.483085
246.6		0.483085
246.7		0.483085
246.8		0.483085
246.9		0.483085
247		0.483085
247.1		0.48533
247.2		0.48533
247.3		0.48533
247.4		0.48533
247.5		0.48533
247.6		0.48533
247.7		0.48533
247.8		0.48533
247.9		0.48533
248		0.48533
248.1		0.486437
248.2		0.486437
248.3		0.486437
248.4		0.486437
248.5		0.486437
248.6		0.486437
248.7		0.486437
248.8		0.486437
248.9		0.486437
249		0.486437
249.1		0.488238
249.2		0.488238
249.3		0.488238
249.4		0.488238
249.5		0.488238
249.6		0.488238
249.7		0.488238
249.8		0.488238
249.9		0.488238
250		0.488238
250.1		0.490279
250.2		0.490279
250.3		0.490279
250.4		0.490279
250.5		0.490279
250.6		0.490279
250.7		0.490279
250.8		0.490279
250.9		0.490279
251		0.490279
251.1		0.493834
251.2		0.493834
251.3		0.493834
251.4		0.493834
251.5		0.493834
251.6		0.493834
251.7		0.493834
251.8		0.493834
251.9		0.493834
252		0.493834
252.1		0.496793
252.2		0.496793
252.3		0.496793
252.4		0.496793
252.5		0.496793
252.6		0.496793
252.7		0.496793
252.8		0.496793
252.9		0.496793
253		0.496793
253.1		0.498866
253.2		0.498866
253.3		0.498866
253.4		0.498866
253.5		0.498866
253.6		0.498866
253.7		0.498866
253.8		0.498866
253.9		0.498866
254		0.498866
254.1		0.499333
254.2		0.499333
254.3		0.499333
254.4		0.499333
254.5		0.499333
254.6		0.499333
254.7		0.499333
254.8		0.499333
254.9		0.499333
255		0.499333
255.1		0.503011
255.2		0.503011
255.3		0.503011
255.4		0.503011
255.5		0.503011
255.6		0.503011
255.7		0.503011
255.8		0.503011
255.9		0.503011
256		0.503011
256.1		0.504695
256.2		0.504695
256.3		0.504695
256.4		0.504695
256.5		0.504695
256.6		0.504695
256.7		0.504695
256.8		0.504695
256.9		0.504695
257		0.504695
257.1		0.50562
257.2		0.50562
257.3		0.50562
257.4		0.50562
257.5		0.50562
257.6		0.50562
257.7		0.50562
257.8		0.50562
257.9		0.50562
258		0.50562
258.1		0.509026
258.2		0.509026
258.3		0.509026
258.4		0.509026
258.5		0.509026
258.6		0.509026
258.7		0.509026
258.8		0.509026
258.9		0.509026
259		0.509026
259.1		0.50993
259.2		0.50993
259.3		0.50993
259.4		0.50993
259.5		0.50993
259.6		0.50993
259.7		0.50993
259.8		0.50993
259.9		0.50993
260		0.50993
260.1		0.513955
260.2		0.513955
260.3		0.513955
260.4		0.513955
260.5		0.513955
260.6		0.513955
260.7		0.513955
260.8		0.513955
260.9		0.513955
261		0.513955
261.1		0.516056
261.2		0.516056
261.3		0.516056
261.4		0.516056
261.5		0.516056
261.6		0.516056
261.7		0.516056
261.8		0.516056
261.9		0.516056
262		0.516056
262.1		0.516282
262.2		0.516282
262.3		0.516282
262.4		0.516282
262.5		0.516282
262.6		0.516282
262.7		0.516282
262.8		0.516282
262.9		0.516282
263		0.516282
263.1		0.51674
263.2		0.51674
263.3		0.51674
263.4		0.51674
263.5		0.51674
263.6		0.51674
263.7		0.51674
263.8		0.51674
263.9		0.51674
264		0.51674
264.1		0.521249
264.2		0.521249
264.3		0.521249
264.4		0.521249
264.5		0.521249
264.6		0.521249
264.7		0.521249
264.8		0.521249
264.9		0.521249
265		0.521249
265.1		0.523281
265.2		0.523281
265.3		0.523281
265.4		0.523281
265.5		0.523281
265.6		0.523281
265.7		0.523281
265.8		0.523281
265.9		0.523281
266		0.523281
266.1		0.52502
266.2		0.52502
266.3		0.52502
266.4		0.52502
266.5		0.52502
266.6		0.52502
266.7		0.52502
266.8		0.52502
266.9		0.52502
267		0.52502
267.1		0.526642
267.2		0.526642
267.3		0.526642
267.4		0.526642
267.5		0.526642
267.6		0.526642
267.7		0.526642
267.8		0.526642
267.9		0.526642
268		0.526642
268.1		0.528189
268.2		0.528189
268.3		0.528189
268.4		0.528189
268.5		0.528189
268.6		0.528189
268.7		0.528189
268.8		0.528189
268.9		0.528189
269		0.528189
269.1		0.531565
269.2		0.531565
269.3		0.531565
269.4		0.531565
269.5		0.531565
269.6		0.531565
269.7		0.531565
269.8		0.531565
269.9		0.531565
270		0.531565
270.1		0.531956
270.2		0.531956
270.3		0.531956
270.4		0.531956
270.5		0.531956
270.6		0.531956
270.7		0.531956
270.8		0.531956
270.9		0.531956
271		0.531956
271.1		0.533383
271.2		0.533383
271.3		0.533383
271.4		0.533383
271.5		0.533383
271.6		0.533383
271.7		0.533383
271.8		0.533383
271.9		0.533383
272		0.533383
272.1		0.538769
272.2		0.538769
272.3		0.538769
272.4		0.538769
272.5		0.538769
272.6		0.538769
272.7		0.538769
272.8		0.538769
272.9		0.538769
273		0.538769
273.1		0.539013
273.2		0.539013
273.3		0.539013
273.4		0.539013
273.5		0.539013
273.6		0.539013
273.7		0.539013
273.8		0.539013
273.9		0.539013
274		0.539013
274.1		0.539481
274.2		0.539481
274.3		0.539481
274.4		0.539481
274.5		0.539481
274.6		0.539481
274.7		0.539481
274.8		0.539481
274.9		0.539481
275		0.539481
275.1		0.542306
275.2		0.542306
275.3		0.542306
275.4		0.542306
275.5		0.542306
275.6		0.542306
275.7		0.542306
275.8		0.542306
275.9		0.542306
276		0.542306
276.1		0.545613
276.2		0.545613
276.3		0.545613
276.4		0.545613
276.5		0.545613
276.6		0.545613
276.7		0.545613
276.8		0.545613
276.9		0.545613
277		0.545613
277.1		0.547703
277.2		0.547703
277.3		0.547703
277.4		0.547703
277.5		0.547703
277.6		0.547703
277.7		0.547703
277.8		0.547703
277.9		0.547703
278		0.547703
278.1		0.547971
278.2		0.547971
278.3		0.547971
278.4		0.547971
278.5		0.547971
278.6		0.547971
278.7		0.547971
278.8		0.547971
278.9		0.547971
279		0.547971
279.1		0.550483
279.2		0.550483
279.3		0.550483
279.4		0.550483
279.5		0.550483
279.6		0.550483
279.7		0.550483
279.8		0.550483
279.9		0.550483
280		0.550483
280.1		0.553646
280.2		0.553646
280.3		0.553646
280.4		0.553646
280.5		0.553646
280.6		0.553646
280.7		0.553646
280.8		0.553646
280.9		0.553646
281		0.553646
281.1		0.555536
281.2		0.555536
281.3		0.555536
281.4		0.555536
281.5		0.555536
281.6		0.555536
281.7		0.555536
281.8		0.555536
281.9		0.555536
282		0.555536
282.1		0.557093
282.2		0.557093
282.3		0.557093
282.4		0.557093
282.5		0.557093
282.6		0.557093
282.7		0.557093
282.8		0.557093
282.9		0.557093
283		0.557093
283.1		0.559004
283.2		0.559004
283.3		0.559004
283.4		0.559004
283.5		0.559004
283.6		0.559004
283.7		0.559004
283.8		0.559004
283.9		0.559004
284		0.559004
284.1		0.564803
284.2		0.564803
284.3		0.564803
284.4		0.564803
284.5		0.564803
284.6		0.564803
284.7		0.564803
284.8		0.564803
284.9		0.564803
285		0.564803
285.1		0.565779
285.2		0.565779
285.3		0.565779
285.4		0.565779
285.5		0.565779
285.6		0.565779
285.7		0.565779
285.8		0.565779
285.9		0.565779
286		0.565779
286.1		0.567481
286.2		0.567481
286.3		0.567481
286.4		0.567481
286.5		0.567481
286.6		0.567481
286.7		0.567481
286.8		0.567481
286.9		0.567481
287		0.567481
287.1		0.569935
287.2		0.569935
287.3		0.569935
287.4		0.569935
287.5		0.569935
287.6		0.569935
287.7		0.569935
287.8		0.569935
287.9		0.569935
288		0.569935
288.1		0.575166
288.2		0.575166
288.3		0.575166
288.4		0.575166
288.5		0.575166
288.6		0.575166
288.7		0.575166
288.8		0.575166
288.9		0.575166
289		0.575166
289.1		0.575826
289.2		0.575826
289.3		0.575826
289.4		0.575826
289.5		0.575826
289.6		0.575826
289.7		0.575826
289.8		0.575826
289.9		0.575826
290		0.575826
290.1		0.578019
290.2		0.578019
290.3		0.578019
290.4		0.578019
290.5		0.578019
290.6		0.578019
290.7		0.578019
290.8		0.578019
290.9		0.578019
291		0.578019
291.1		0.582058
291.2		0.582058
291.3		0.582058
291.4		0.582058
291.5		0.582058
291.6		0.582058
291.7		0.582058
291.8		0.582058
291.9		0.582058
292		0.582058
292.1		0.583368
292.2		0.583368
292.3		0.583368
292.4		0.583368
292.5		0.583368
292.6		0.583368
292.7		0.583368
292.8		0.583368
292.9		0.583368
293		0.583368
293.1		0.584433
293.2		0.584433
293.3		0.584433
293.4		0.584433
293.5		0.584433
293.6		0.584433
293.7		0.584433
293.8		0.584433
293.9		0.584433
294		0.584433
294.1		0.585832
294.2		0.585832
294.3		0.585832
294.4		0.585832
294.5		0.585832
294.6		0.585832
294.7		0.585832
294.8		0.585832
294.9		0.585832
295		0.585832
295.1		0.587901
295.2		0.587901
295.3		0.587901
295.4		0.587901
295.5		0.587901
295.6		0.587901
295.7		0.587901
295.8		0.587901
295.9		0.587901
296		0.587901
296.1		0.591792
296.2		0.591792
296.3		0.591792
296.4		0.591792
296.5		0.591792
296.6		0.591792
296.7		0.591792
296.8		0.591792
296.9		0.591792
297		0.591792
297.1		0.593205
297.2		0.593205
297.3		0.593205
297.4		0.593205
297.5		0.593205
297.6		0.593205
297.7		0.593205
297.8		0.593205
297.9		0.593205
298		0.593205
298.1		0.594089
298.2		0.594089
298.3		0.594089
298.4		0.594089
298.5		0.594089
298.6		0.594089
298.7		0.594089
298.8		0.594089
298.9		0.594089
299		0.594089
299.1		0.601221
299.2		0.601221
299.3		0.601221
299.4		0.601221
299.5		0.601221
299.6		0.601221
299.7		0.601221
299.8		0.601221
299.9		0.601221
300		0.601221
300.1		0.602008
300.2		0.602008
300.3		0.602008
300.4		0.602008
300.5		0.602008
300.6		0.602008
300.7		0.602008
300.8		0.602008
300.9		0.602008
301		0.602008
301.1		0.603919
301.2		0.603919
301.3		0.603919
301.4		0.603919
301.5		0.603919
301.6		0.603919
301.7		0.603919
301.8		0.603919
301.9		0.603919
302		0.603919
302.1		0.609484
302.2		0.609484
302.3		0.609484
302.4		0.609484
302.5		0.609484
302.6		0.609484
302.7		0.609484
302.8		0.609484
302.9		0.609484
303		0.609484
303.1		0.609742
303.2		0.609742
303.3		0.609742
303.4		0.609742
303.5		0.609742
303.6		0.609742
303.7		0.609742
303.8		0.609742
303.9		0.609742
304		0.609742
304.1		0.613155
304.2		0.613155
304.3		0.613155
304.4		0.613155
304.5		0.613155
304.6		0.613155
304.7		0.613155
304.8		0.613155
304.9		0.613155
305		0.613155
305.1		0.613403
305.2		0.613403
305.3		0.613403
305.4		0.613403
305.5		0.613403
305.6		0.613403
305.7		0.613403
305.8		0.613403
305.9		0.613403
306		0.613403
306.1		0.615943
306.2		0.615943
306.3		0.615943
306.4		0.615943
306.5		0.615943
306.6		0.615943
306.7		0.615943
306.8		0.615943
306.9		0.615943
307		0.615943
307.1		0.616957
307.2		0.616957
307.3		0.616957
307.4		0.616957
307.5		0.616957
307.6		0.616957
307.7		0.616957
307.8		0.616957
307.9		0.616957
308		0.616957
308.1		0.61873
308.2		0.61873
308.3		0.61873
308.4		0.61873
308.5		0.61873
308.6		0.61873
308.7		0.61873
308.8		0.61873
308.9		0.61873
309		0.61873
309.1		0.620184
309.2		0.620184
309.3		0.620184
309.4		0.620184
309.5		0.620184
309.6		0.620184
309.7		0.620184
309.8		0.620184
309.9		0.620184
310		0.620184
310.1		0.626268
310.2		0.626268
310.3		0.626268
310.4		0.626268
310.5		0.626268
310.6		0.626268
310.7		0.626268
310.8		0.626268
310.9		0.626268
311		0.626268
311.1		0.628124
311.2		0.628124
311.3		0.628124
311.4		0.628124
311.5		0.628124
311.6		0.628124
311.7		0.628124
311.8		0.628124
311.9		0.628124
312		0.628124
312.1		0.628585
312.2		0.628585
312.3		0.628585
312.4		0.628585
312.5		0.628585
312.6		0.628585
312.7		0.628585
312.8		0.628585
312.9		0.628585
313		0.628585
313.1		0.62929
313.2		0.62929
313.3		0.62929
313.4		0.62929
313.5		0.62929
313.6		0.62929
313.7		0.62929
313.8		0.62929
313.9		0.62929
314		0.62929
314.1		0.634074
314.2		0.634074
314.3		0.634074
314.4		0.634074
314.5		0.634074
314.6		0.634074
314.7		0.634074
314.8		0.634074
314.9		0.634074
315		0.634074
315.1		0.635786
315.2		0.635786
315.3		0.635786
315.4		0.635786
315.5		0.635786
315.6		0.635786
315.7		0.635786
315.8		0.635786
315.9		0.635786
316		0.635786
316.1		0.638357
316.2		0.638357
316.3		0.638357
316.4		0.638357
316.5		0.638357
316.6		0.638357
316.7		0.638357
316.8		0.638357
316.9		0.638357
317		0.638357
317.1		0.638608
317.2		0.638608
317.3		0.638608
317.4		0.638608
317.5		0.638608
317.6		0.638608
317.7		0.638608
317.8		0.638608
317.9		0.638608
318		0.638608
318.1		0.639687
318.2		0.639687
318.3		0.639687
318.4		0.639687
318.5		0.639687
318.6		0.639687
318.7		0.639687
318.8		0.639687
318.9		0.639687
319		0.639687
319.1		0.645754
319.2		0.645754
319.3		0.645754
319.4		0.645754
319.5		0.645754
319.6		0.645754
319.7		0.645754
319.8		0.645754
319.9		0.645754
320		0.645754
320.1		0.645964
320.2		0.645964
320.3		0.645964
320.4		0.645964
320.5		0.645964
320.6		0.645964
320.7		0.645964
320.8		0.645964
320.9		0.645964
321		0.645964
321.1		0.648621
321.2		0.648621
321.3		0.648621
321.4		0.648621
321.5		0.648621
321.6		0.648621
321.7		0.648621
321.8		0.648621
321.9		0.648621
322		0.648621
322.1		0.648941
322.2		0.648941
322.3		0.648941
322.4		0.648941
322.5		0.648941
322.6		0.648941
322.7		0.648941
322.8		0.648941
322.9		0.648941
323		0.648941
323.1		0.651611
323.2		0.651611
323.3		0.651611
323.4		0.651611
323.5		0.651611
323.6		0.651611
323.7		0.651611
323.8		0.651611
323.9		0.651611
324		0.651611
324.1		0.655221
324.2		0.655221
324.3		0.655221
324.4		0.655221
324.5		0.655221
324.6		0.655221
324.7		0.655221
324.8		0.655221
324.9		0.655221
325		0.655221
325.1		0.655935
325.2		0.655935
325.3		0.655935
325.4		0.655935
325.5		0.655935
325.6		0.655935
325.7		0.655935
325.8		0.655935
325.9		0.655935
326		0.655935
326.1		0.658091
326.2		0.658091
326.3		0.658091
326.4		0.658091
326.5		0.658091
326.6		0.658091
326.7		0.658091
326.8		0.658091
326.9		0.658091
327		0.658091
327.1		0.660442
327.2		0.660442
327.3		0.660442
327.4		0.660442
327.5		0.660442
327.6		0.660442
327.7		0.660442
327.8		0.660442
327.9		0.660442
328		0.660442
328.1		0.663391
328.2		0.663391
328.3		0.663391
328.4		0.663391
328.5		0.663391
328.6		0.663391
328.7		0.663391
328.8		0.663391
328.9		0.663391
329		0.663391
329.1		0.665539
329.2		0.665539
329.3		0.665539
329.4		0.665539
329.5		0.665539
329.6		0.665539
329.7		0.665539
329.8		0.665539
329.9		0.665539
330		0.665539
330.1		0.66666
330.2		0.66666
330.3		0.66666
330.4		0.66666
330.5		0.66666
330.6		0.66666
330.7		0.66666
330.8		0.66666
330.9		0.66666
331		0.66666
331.1		0.667567
331.2		0.667567
331.3		0.667567
331.4		0.667567
331.5		0.667567
331.6		0.667567
331.7		0.667567
331.8		0.667567
331.9		0.667567
332		0.667567
332.1		0.671176
332.2		0.671176
332.3		0.671176
332.4		0.671176
332.5		0.671176
332.6		0.671176
332.7		0.671176
332.8		0.671176
332.9		0.671176
333		0.671176
333.1		0.673197
333.2		0.673197
333.3		0.673197
333.4		0.673197
333.5		0.673197
333.6		0.673197
333.7		0.673197
333.8		0.673197
333.9		0.673197
334		0.673197
334.1		0.673442
334.2		0.673442
334.3		0.673442
334.4		0.673442
334.5		0.673442
334.6		0.673442
334.7		0.673442
334.8		0.673442
334.9		0.673442
335		0.673442
335.1		0.676294
335.2		0.676294
335.3		0.676294
335.4		0.676294
335.5		0.676294
335.6		0.676294
335.7		0.676294
335.8		0.676294
335.9		0.676294
336		0.676294
336.1		0.680361
336.2		0.680361
336.3		0.680361
336.4		0.680361
336.5		0.680361
336.6		0.680361
336.7		0.680361
336.8		0.680361
336.9		0.680361
337		0.680361
337.1		0.682767
337.2		0.682767
337.3		0.682767
337.4		0.682767
337.5		0.682767
337.6		0.682767
337.7		0.682767
337.8		0.682767
337.9		0.682767
338		0.682767
338.1		0.683021
338.2		0.683021
338.3		0.683021
338.4		0.683021
338.5		0.683021
338.6		0.683021
338.7		0.683021
338.8		0.683021
338.9		0.683021
339		0.683021
339.1		0.687627
339.2		0.687627
339.3		0.687627
339.4		0.687627
339.5		0.687627
339.6		0.687627
339.7		0.687627
339.8		0.687627
339.9		0.687627
340		0.687627
340.1		0.689525
340.2		0.689525
340.3		0.689525
340.4		0.689525
340.5		0.689525
340.6		0.689525
340.7		0.689525
340.8		0.689525
340.9		0.689525
341		0.689525
341.1		0.694615
341.2		0.694615
341.3		0.694615
341.4		0.694615
341.5		0.694615
341.6		0.694615
341.7		0.694615
341.8		0.694615
341.9		0.694615
342		0.694615
342.1		0.69677
342.2		0.69677
342.3		0.69677
342.4		0.69677
342.5		0.69677
342.6		0.69677
342.7		0.69677
342.8		0.69677
342.9		0.69677
343		0.69677
343.1		0.698427
343.2		0.698427
343.3		0.698427
343.4		0.698427
343.5		0.698427
343.6		0.698427
343.7		0.698427
343.8		0.698427
343.9		0.698427
344		0.698427
344.1		0.699365
344.2		0.699365
344.3		0.699365
344.4		0.699365
344.5		0.699365
344.6		0.699365
344.7		0.699365
344.8		0.699365
344.9		0.699365
345		0.699365
345.1		0.703267
345.2		0.703267
345.3		0.703267
345.4		0.703267
345.5		0.703267
345.6		0.703267
345.7		0.703267
345.8		0.703267
345.9		0.703267
346		0.703267
346.1		0.703806
346.2		0.703806
346.3		0.703806
346.4		0.703806
346.5		0.703806
346.6		0.703806
346.7		0.703806
346.8		0.703806
346.9		0.703806
347		0.703806
347.1		0.70658
347.2		0.70658
347.3		0.70658
347.4		0.70658
347.5		0.70658
347.6		0.70658
347.7		0.70658
347.8		0.70658
347.9		0.70658
348		0.70658
348.1		0.706783
348.2		0.706783
348.3		0.706783
348.4		0.706783
348.5		0.706783
348.6		0.706783
348.7		0.706783
348.8		0.706783
348.9		0.706783
349		0.706783
349.1		0.70899
349.2		0.70899
349.3		0.70899
349.4		0.70899
349.5		0.70899
349.6		0.70899
349.7		0.70899
349.8		0.70899
349.9		0.70899
350		0.70899
350.1		0.712372
350.2		0.712372
350.3		0.712372
350.4		0.712372
350.5		0.712372
350.6		0.712372
350.7		0.712372
350.8		0.712372
350.9		0.712372
351		0.712372
351.1		0.713836
351.2		0.713836
351.3		0.713836
351.4		0.713836
351.5		0.713836
351.6		0.713836
351.7		0.713836
351.8		0.713836
351.9		0.713836
352		0.713836
352.1		0.717944
352.2		0.717944
352.3		0.717944
352.4		0.717944
352.5		0.717944
352.6		0.717944
352.7		0.717944
352.8		0.717944
352.9		0.717944
353		0.717944
353.1		0.718576
353.2		0.718576
353.3		0.718576
353.4		0.718576
353.5		0.718576
353.6		0.718576
353.7		0.718576
353.8		0.718576
353.9		0.718576
354		0.718576
354.1		0.722488
354.2		0.722488
354.3		0.722488
354.4		0.722488
354.5		0.722488
354.6		0.722488
354.7		0.722488
354.8		0.722488
354.9		0.722488
355		0.722488
355.1		0.724678
355.2		0.724678
355.3		0.724678
355.4		0.724678
355.5		0.724678
355.6		0.724678
355.7		0.724678
355.8		0.724678
355.9		0.724678
356		0.724678
356.1		0.728156
356.2		0.728156
356.3		0.728156
356.4		0.728156
356.5		0.728156
356.6		0.728156
356.7		0.728156
356.8		0.728156
356.9		0.728156
357		0.728156
357.1		0.728967
357.2		0.728967
357.3		0.728967
357.4		0.728967
357.5		0.728967
357.6		0.728967
357.7		0.728967
357.8		0.728967
357.9		0.728967
358		0.728967
358.1		0.7339
358.2		0.7339
358.3		0.7339
358.4		0.7339
358.5		0.7339
358.6		0.7339
358.7		0.7339
358.8		0.7339
358.9		0.7339
359		0.7339
359.1		0.73469
359.2		0.73469
359.3		0.73469
359.4		0.73469
359.5		0.73469
359.6		0.73469
359.7		0.73469
359.8		0.73469
359.9		0.73469
360		0.73469
360.1		0.734955
360.2		0.734955
360.3		0.734955
360.4		0.734955
360.5		0.734955
360.6		0.734955
360.7		0.734955
360.8		0.734955
360.9		0.734955
361		0.734955
361.1		0.737884
361.2		0.737884
361.3		0.737884
361.4		0.737884
361.5		0.737884
361.6		0.737884
361.7		0.737884
361.8		0.737884
361.9		0.737884
362		0.737884
362.1		0.741627
362.2		0.741627
362.3		0.741627
362.4		0.741627
362.5		0.741627
362.6		0.741627
362.7		0.741627
362.8		0.741627
362.9		0.741627
363		0.741627
363.1		0.742974
363.2		0.742974
363.3		0.742974
363.4		0.742974
363.5		0.742974
363.6		0.742974
363.7		0.742974
363.8		0.742974
363.9		0.742974
364		0.742974
364.1		0.743583
364.2		0.743583
364.3		0.743583
364.4		0.743583
364.5		0.743583
364.6		0.743583
364.7		0.743583
364.8		0.743583
364.9		0.743583
365		0.743583
365.1		0.74547
365.2		0.74547
365.3		0.74547
365.4		0.74547
365.5		0.74547
365.6		0.74547
365.7		0.74547
365.8		0.74547
365.9		0.74547
366		0.74547
366.1		0.747989
366.2		0.747989
366.3		0.747989
366.4		0.747989
366.5		0.747989
366.6		0.747989
366.7		0.747989
366.8		0.747989
366.9		0.747989
367		0.747989
367.1		0.753145
367.2		0.753145
367.3		0.753145
367.4		0.753145
367.5		0.753145
367.6		0.753145
367.7		0.753145
367.8		0.753145
367.9		0.753145
368		0.753145
368.1		0.754166
368.2		0.754166
368.3		0.754166
368.4		0.754166
368.5		0.754166
368.6		0.754166
368.7		0.754166
368.8		0.754166
368.9		0.754166
369		0.754166
369.1		0.75595
369.2		0.75595
369.3		0.75595
369.4		0.75595
369.5		0.75595
369.6		0.75595
369.7		0.75595
369.8		0.75595
369.9		0.75595
370		0.75595
370.1		0.756455
370.2		0.756455
370.3		0.756455
370.4		0.756455
370.5		0.756455
370.6		0.756455
370.7		0.756455
370.8		0.756455
370.9		0.756455
371		0.756455
371.1		0.758274
371.2		0.758274
371.3		0.758274
371.4		0.758274
371.5		0.758274
371.6		0.758274
371.7		0.758274
371.8		0.758274
371.9		0.758274
372		0.758274
372.1		0.762986
372.2		0.762986
372.3		0.762986
372.4		0.762986
372.5		0.762986
372.6		0.762986
372.7		0.762986
372.8		0.762986
372.9		0.762986
373		0.762986
373.1		0.765877
373.2		0.765877
373.3		0.765877
373.4		0.765877
373.5		0.765877
373.6		0.765877
373.7		0.765877
373.8		0.765877
373.9		0.765877
374		0.765877
374.1		0.767915
374.2		0.767915
374.3		0.767915
374.4		0.767915
374.5		0.767915
374.6		0.767915
374.7		0.767915
374.8		0.767915
374.9		0.767915
375		0.767915
375.1		0.768224
375.2		0.768224
375.3		0.768224
375.4		0.768224
375.5		0.768224
375.6		0.768224
375.7		0.768224
375.8		0.768224
375.9		0.768224
376		0.768224
376.1		0.771153
376.2		0.771153
376.3		0.771153
376.4		0.771153
376.5		0.771153
376.6		0.771153
376.7		0.771153
376.8		0.771153
376.9		0.771153
377		0.771153
377.1		0.772999
377.2		0.772999
377.3		0.772999
377.4		0.772999
377.5		0.772999
377.6		0.772999
377.7		0.772999
377.8		0.772999
377.9		0.772999
378		0.772999
378.1		0.774645
378.2		0.774645
378.3		0.774645
378.4		0.774645
378.5		0.774645
378.6		0.774645
378.7		0.774645
378.8		0.774645
378.9		0.774645
379		0.774645
379.1		0.777564
379.2		0.777564
379.3		0.777564
379.4		0.777564
379.5		0.777564
379.6		0.777564
379.7		0.777564
379.8		0.777564
379.9		0.777564
380		0.777564
380.1		0.782816
380.2		0.782816
380.3		0.782816
380.4		0.782816
380.5		0.782816
380.6		0.782816
380.7		0.782816
380.8		0.782816
380.9		0.782816
381		0.782816
381.1		0.783489
381.2		0.783489
381.3		0.783489
381.4		0.783489
381.5		0.783489
381.6		0.783489
381.7		0.783489
381.8		0.783489
381.9		0.783489
382		0.783489
382.1		0.784039
382.2		0.784039
382.3		0.784039
382.4		0.784039
382.5		0.784039
382.6		0.784039
382.7		0.784039
382.8		0.784039
382.9		0.784039
383		0.784039
383.1		0.784184
383.2		0.784184
383.3		0.784184
383.4		0.784184
383.5		0.784184
383.6		0.784184
383.7		0.784184
383.8		0.784184
383.9		0.784184
384		0.784184
384.1		0.788384
384.2		0.788384
384.3		0.788384
384.4		0.788384
384.5		0.788384
384.6		0.788384
384.7		0.788384
384.8		0.788384
384.9		0.788384
385		0.788384
385.1		0.790302
385.2		0.790302
385.3		0.790302
385.4		0.790302
385.5		0.790302
385.6		0.790302
385.7		0.790302
385.8		0.790302
385.9		0.790302
386		0.790302
386.1		0.79254
386.2		0.79254
386.3		0.79254
386.4		0.79254
386.5		0.79254
386.6		0.79254
386.7		0.79254
386.8		0.79254
386.9		0.79254
387		0.79254
387.1		0.794331
387.2		0.794331
387.3		0.794331
387.4		0.794331
387.5		0.794331
387.6		0.794331
387.7		0.794331
387.8		0.794331
387.9		0.794331
388		0.794331
388.1		0.794585
388.2		0.794585
388.3		0.794585
388.4		0.794585
388.5		0.794585
388.6		0.794585
388.7		0.794585
388.8		0.794585
388.9		0.794585
389		0.794585
389.1		0.799517
389.2		0.799517
389.3		0.799517
389.4		0.799517
389.5		0.799517
389.6		0.799517
389.7		0.799517
389.8		0.799517
389.9		0.799517
390		0.799517
390.1		0.800373
390.2		0.800373
390.3		0.800373
390.4		0.800373
390.5		0.800373
390.6		0.800373
390.7		0.800373
390.8		0.800373
390.9		0.800373
391		0.800373
391.1		0.801222
391.2		0.801222
391.3		0.801222
391.4		0.801222
391.5		0.801222
391.6		0.801222
391.7		0.801222
391.8		0.801222
391.9		0.801222
392		0.801222
392.1		0.802391
392.2		0.802391
392.3		0.802391
392.4		0.802391
392.5		0.802391
392.6		0.802391
392.7		0.802391
392.8		0.802391
392.9		0.802391
393		0.802391
393.1		0.804178
393.2		0.804178
393.3		0.804178
393.4		0.804178
393.5		0.804178
393.6		0.804178
393.7		0.804178
393.8		0.804178
393.9		0.804178
394		0.804178
394.1		0.810493
394.2		0.810493
394.3		0.810493
394.4		0.810493
394.5		0.810493
394.6		0.810493
394.7		0.810493
394.8		0.810493
394.9		0.810493
395		0.810493
395.1		0.811019
395.2		0.811019
395.3		0.811019
395.4		0.811019
395.5		0.811019
395.6		0.811019
395.7		0.811019
395.8		0.811019
395.9		0.811019
396		0.811019
396.1		0.812469
396.2		0.812469
396.3		0.812469
396.4		0.812469
396.5		0.812469
396.6		0.812469
396.7		0.812469
396.8		0.812469
396.9		0.812469
397		0.812469
397.1		0.813596
397.2		0.813596
397.3		0.813596
397.4		0.813596
397.5		0.813596
397.6		0.813596
397.7		0.813596
397.8		0.813596
397.9		0.813596
398		0.813596
398.1		0.818288
398.2		0.818288
398.3		0.818288
398.4		0.818288
398.5		0.818288
398.6		0.818288
398.7		0.818288
398.8		0.818288
398.9		0.818288
399		0.818288
399.1		0.819113
399.2		0.819113
399.3		0.819113
399.4		0.819113
399.5		0.819113
399.6		0.819113
399.7		0.819113
399.8		0.819113
399.9		0.819113
400		0.819113
400.1		0.821392
400.2		0.821392
400.3		0.821392
400.4		0.821392
400.5		0.821392
400.6		0.821392
400.7		0.821392
400.8		0.821392
400.9		0.821392
401		0.821392
401.1		0.822121
401.2		0.822121
401.3		0.822121
401.4		0.822121
401.5		0.822121
401.6		0.822121
401.7		0.822121
401.8		0.822121
401.9		0.822121
402		0.822121
402.1		0.826112
402.2		0.826112
402.3		0.826112
402.4		0.826112
402.5		0.826112
402.6		0.826112
402.7		0.826112
402.8		0.826112
402.9		0.826112
403		0.826112
403.1		0.826833
403.2		0.826833
403.3		0.826833
403.4		0.826833
403.5		0.826833
403.6		0.826833
403.7		0.826833
403.8		0.826833
403.9		0.826833
404		0.826833
404.1		0.827067
404.2		0.827067
404.3		0.827067
404.4		0.827067
404.5		0.827067
404.6		0.827067
404.7		0.827067
404.8		0.827067
404.9		0.827067
405		0.827067
405.1		0.828356
405.2		0.828356
405.3		0.828356
405.4		0.828356
405.5		0.828356
405.6		0.828356
405.7		0.828356
405.8		0.828356
405.9		0.828356
406		0.828356
406.1		0.833694
406.2		0.833694
406.3		0.833694
406.4		0.833694
406.5		0.833694
406.6		0.833694
406.7		0.833694
406.8		0.833694
406.9		0.833694
407		0.833694
407.1		0.836492
407.2		0.836492
407.3		0.836492
407.4		0.836492
407.5		0.836492
407.6		0.836492
407.7		0.836492
407.8		0.836492
407.9		0.836492
408		0.836492
408.1		0.836709
408.2		0.836709
408.3		0.836709
408.4		0.836709
408.5		0.836709
408.6		0.836709
408.7		0.836709
408.8		0.836709
408.9		0.836709
409		0.836709
409.1		0.836991
409.2		0.836991
409.3		0.836991
409.4		0.836991
409.5		0.836991
409.6		0.836991
409.7		0.836991
409.8		0.836991
409.9		0.836991
410		0.836991
410.1		0.838919
410.2		0.838919
410.3		0.838919
410.4		0.838919
410.5		0.838919
410.6		0.838919
410.7		0.838919
410.8		0.838919
410.9		0.838919
411		0.838919
411.1		0.84324
411.2		0.84324
411.3		0.84324
411.4		0.84324
411.5		0.84324
411.6		0.84324
411.7		0.84324
411.8		0.84324
411.9		0.84324
412		0.84324
412.1		0.844401
412.2		0.844401
412.3		0.844401
412.4		0.844401
412.5		0.844401
412.6		0.844401
412.7		0.844401
412.8		0.844401
412.9		0.844401
413		0.844401
413.1		0.847333
413.2		0.847333
413.3		0.847333
413.4		0.847333
413.5		0.847333
413.6		0.847333
413.7		0.847333
413.8		0.847333
413.9		0.847333
414		0.847333
414.1		0.848756
414.2		0.848756
414.3		0.848756
414.4		0.848756
414.5		0.848756
414.6		0.848756
414.7		0.848756
414.8		0.848756
414.9		0.848756
415		0.848756
415.1		0.849578
415.2		0.849578
415.3		0.849578
415.4		0.849578
415.5		0.849578
415.6		0.849578
415.7		0.849578
415.8		0.849578
415.9		0.849578
416		0.849578
416.1		0.852427
416.2		0.852427
416.3		0.852427
416.4		0.852427
416.5		0.852427
416.6		0.852427
416.7		0.852427
416.8		0.852427
416.9		0.852427
417		0.852427
417.1		0.85252
417.2		0.85252
417.3		0.85252
417.4		0.85252
417.5		0.85252
417.6		0.85252
417.7		0.85252
417.8		0.85252
417.9		0.85252
418		0.85252
418.1		0.856171
418.2		0.856171
418.3		0.856171
418.4		0.856171
418.5		0.856171
418.6		0.856171
418.7		0.856171
418.8		0.856171
418.9		0.856171
419		0.856171
419.1		0.858886
419.2		0.858886
419.3		0.858886
419.4		0.858886
419.5		0.858886
419.6		0.858886
419.7		0.858886
419.8		0.858886
419.9		0.858886
420		0.858886
420.1		0.859663
420.2		0.859663
420.3		0.859663
420.4		0.859663
420.5		0.859663
420.6		0.859663
420.7		0.859663
420.8		0.859663
420.9		0.859663
421		0.859663
421.1		0.86177
421.2		0.86177
421.3		0.86177
421.4		0.86177
421.5		0.86177
421.6		0.86177
421.7		0.86177
421.8		0.86177
421.9		0.86177
422		0.86177
422.1		0.865018
422.2		0.865018
422.3		0.865018
422.4		0.865018
422.5		0.865018
422.6		0.865018
422.7		0.865018
422.8		0.865018
422.9		0.865018
423		0.865018
423.1		0.866342
423.2		0.866342
423.3		0.866342
423.4		0.866342
423.5		0.866342
423.6		0.866342
423.7		0.866342
423.8		0.866342
423.9		0.866342
424		0.866342
424.1		0.869576
424.2		0.869576
424.3		0.869576
424.4		0.869576
424.5		0.869576
424.6		0.869576
424.7		0.869576
424.8		0.869576
424.9		0.869576
425		0.869576
425.1		0.8708
425.2		0.8708
425.3		0.8708
425.4		0.8708
425.5		0.8708
425.6		0.8708
425.7		0.8708
425.8		0.8708
425.9		0.8708
426		0.8708
426.1		0.87302
426.2		0.87302
426.3		0.87302
426.4		0.87302
426.5		0.87302
426.6		0.87302
426.7		0.87302
426.8		0.87302
426.9		0.87302
427		0.87302
427.1		0.873429
427.2		0.873429
427.3		0.873429
427.4		0.873429
427.5		0.873429
427.6		0.873429
427.7		0.873429
427.8		0.873429
427.9		0.873429
428		0.873429
428.1		0.878764
428.2		0.878764
428.3		0.878764
428.4		0.878764
428.5		0.878764
428.6		0.878764
428.7		0.878764
428.8		0.878764
428.9		0.878764
429		0.878764
429.1		0.879393
429.2		0.879393
429.3		0.879393
429.4		0.879393
429.5		0.879393
429.6		0.879393
429.7		0.879393
429.8		0.879393
429.9		0.879393
430		0.879393
430.1		0.88185
430.2		0.88185
430.3		0.88185
430.4		0.88185
430.5		0.88185
430.6		0.88185
430.7		0.88185
430.8		0.88185
430.9		0.88185
431		0.88185
431.1		0.883256
431.2		0.883256
431.3		0.883256
431.4		0.883256
431.5		0.883256
431.6		0.883256
431.7		0.883256
431.8		0.883256
431.9		0.883256
432		0.883256
432.1		0.886718
432.2		0.886718
432.3		0.886718
432.4		0.886718
432.5		0.886718
432.6		0.886718
432.7		0.886718
432.8		0.886718
432.9		0.886718
433		0.886718
433.1		0.888808
433.2		0.888808
433.3		0.888808
433.4		0.888808
433.5		0.888808
433.6		0.888808
433.7		0.888808
433.8		0.888808
433.9		0.888808
434		0.888808
434.1		0.889034
434.2		0.889034
434.3		0.889034
434.4		0.889034
434.5		0.889034
434.6		0.889034
434.7		0.889034
434.8		0.889034
434.9		0.889034
435		0.889034
435.1		0.889382
435.2		0.889382
435.3		0.889382
435.4		0.889382
435.5		0.889382
435.6		0.889382
435.7		0.889382
435.8		0.889382
435.9		0.889382
436		0.889382
436.1		0.894541
436.2		0.894541
436.3		0.894541
436.4		0.894541
436.5		0.894541
436.6		0.894541
436.7		0.894541
436.8		0.894541
436.9		0.894541
437		0.894541
437.1		0.895761
437.2		0.895761
437.3		0.895761
437.4		0.895761
437.5		0.895761
437.6		0.895761
437.7		0.895761
437.8		0.895761
437.9		0.895761
438		0.895761
438.1		0.897428
438.2		0.897428
438.3		0.897428
438.4		0.897428
438.5		0.897428
438.6		0.897428
438.7		0.897428
438.8		0.897428
438.9		0.897428
439		0.897428
439.1		0.900845
439.2		0.900845
439.3		0.900845
439.4		0.900845
439.5		0.900845
439.6		0.900845
439.7		0.900845
439.8		0.900845
439.9		0.900845
440		0.900845
440.1		0.901965
440.2		0.901965
440.3		0.901965
440.4		0.901965
440.5		0.901965
440.6		0.901965
440.7		0.901965
440.8		0.901965
440.9		0.901965
441		0.901965
441.1		0.903925
441.2		0.903925
441.3		0.903925
441.4		0.903925
441.5		0.903925
441.6		0.903925
441.7		0.903925
441.8		0.903925
441.9		0.903925
442		0.903925
442.1		0.905733
442.2		0.905733
442.3		0.905733
442.4		0.905733
442.5		0.905733
442.6		0.905733
442.7		0.905733
442.8		0.905733
442.9		0.905733
443		0.905733
443.1		0.907723
443.2		0.907723
443.3		0.907723
443.4		0.907723
443.5		0.907723
443.6		0.907723
443.7		0.907723
443.8		0.907723
443.9		0.907723
444		0.907723
444.1		0.909325
444.2		0.909325
444.3		0.909325
444.4		0.909325
444.5		0.909325
444.6		0.909325
444.7		0.909325
444.8		0.909325
444.9		0.909325
445		0.909325
445.1		0.912528
445.2		0.912528
445.3		0.912528
445.4		0.912528
445.5		0.912528
445.6		0.912528
445.7		0.912528
445.8		0.912528
445.9		0.912528
446		0.912528
446.1		0.914099
446.2		0.914099
446.3		0.914099
446.4		0.914099
446.5		0.914099
446.6		0.914099
446.7		0.914099
446.8		0.914099
446.9		0.914099
447		0.914099
447.1		0.917021
447.2		0.917021
447.3		0.917021
447.4		0.917021
447.5		0.917021
447.6		0.917021
447.7		0.917021
447.8		0.917021
447.9		0.917021
448		0.917021
448.1		0.917268
448.2		0.917268
448.3		0.917268
448.4		0.917268
448.5		0.917268
448.6		0.917268
448.7		0.917268
448.8		0.917268
448.9		0.917268
449		0.917268
449.1		0.918691
449.2		0.918691
449.3		0.918691
449.4		0.918691
449.5		0.918691
449.6		0.918691
449.7		0.918691
449.8		0.918691
449.9		0.918691
450		0.918691
450.1		0.923421
450.2		0.923421
450.3		0.923421
450.4		0.923421
450.5		0.923421
450.6		0.923421
450.7		0.923421
450.8		0.923421
450.9		0.923421
451		0.923421
451.1		0.926301
451.2		0.926301
451.3		0.926301
451.4		0.926301
451.5		0.926301
451.6		0.926301
451.7		0.926301
451.8		0.926301
451.9		0.926301
452		0.926301
452.1		0.92669
452.2		0.92669
452.3		0.92669
452.4		0.92669
452.5		0.92669
452.6		0.92669
452.7		0.92669
452.8		0.92669
452.9		0.92669
453		0.92669
453.1		0.927312
453.2		0.927312
453.3		0.927312
453.4		0.927312
453.5		0.927312
453.6		0.927312
453.7		0.927312
453.8		0.927312
453.9		0.927312
454		0.927312
454.1		0.931034
454.2		0.931034
454.3		0.931034
454.4		0.931034
454.5		0.931034
454.6		0.931034
454.7		0.931034
454.8		0.931034
454.9		0.931034
455		0.931034
455.1		0.935132
455.2		0.935132
455.3		0.935132
455.4		0.935132
455.5		0.935132
455.6		0.935132
455.7		0.935132
455.8		0.935132
455.9		0.935132
456		0.935132
456.1		0.936878
456.2		0.936878
456.3		0.936878
456.4		0.936878
456.5		0.936878
456.6		0.936878
456.7		0.936878
456.8		0.936878
456.9		0.936878
457		0.936878
457.1		0.939246
457.2		0.939246
457.3		0.939246
457.4		0.939246
457.5		0.939246
457.6		0.939246
457.7		0.939246
457.8		0.939246
457.9		0.939246
458		0.939246
458.1		0.939772
458.2		0.939772
458.3		0.939772
458.4		0.939772
458.5		0.939772
458.6		0.939772
458.7		0.939772
458.8		0.939772
458.9		0.939772
459		0.939772
459.1		0.940728
459.2		0.940728
459.3		0.940728
459.4		0.940728
459.5		0.940728
459.6		0.940728
459.7		0.940728
459.8		0.940728
459.9		0.940728
460		0.940728
460.1		0.943182
460.2		0.943182
460.3		0.943182
460.4		0.943182
460.5		0.943182
460.6		0.943182
460.7		0.943182
460.8		0.943182
460.9		0.943182
461		0.943182
461.1		0.945677
461.2		0.945677
461.3		0.945677
461.4		0.945677
461.5		0.945677
461.6		0.945677
461.7		0.945677
461.8		0.945677
461.9		0.945677
462		0.945677
462.1		0.947358
462.2		0.947358
462.3		0.947358
462.4		0.947358
462.5		0.947358
462.6		0.947358
462.7		0.947358
462.8		0.947358
462.9		0.947358
463		0.947358
463.1		0.951789
463.2		0.951789
463.3		0.951789
463.4		0.951789
463.5		0.951789
463.6		0.951789
463.7		0.951789
463.8		0.951789
463.9		0.951789
464		0.951789
464.1		0.953153
464.2		0.953153
464.3		0.953153
464.4		0.953153
464.5		0.953153
464.6		0.953153
464.7		0.953153
464.8		0.953153
464.9		0.953153
465		0.953153
465.1		0.953459
465.2		0.953459
465.3		0.953459
465.4		0.953459
465.5		0.953459
465.6		0.953459
465.7		0.953459
465.8		0.953459
465.9		0.953459
466		0.953459
466.1		0.955876
466.2		0.955876
466.3		0.955876
466.4		0.955876
466.5		0.955876
466.6		0.955876
466.7		0.955876
466.8		0.955876
466.9		0.955876
467		0.955876
467.1		0.958522
467.2		0.958522
467.3		0.958522
467.4		0.958522
467.5		0.958522
467.6		0.958522
467.7		0.958522
467.8		0.958522
467.9		0.958522
468		0.958522
468.1		0.958835
468.2		0.958835
468.3		0.958835
468.4		0.958835
468.5		0.958835
468.6		0.958835
468.7		0.958835
468.8		0.958835
468.9		0.958835
469		0.958835
469.1		0.961764
469.2		0.961764
469.3		0.961764
469.4		0.961764
469.5		0.961764
469.6		0.961764
469.7		0.961764
469.8		0.961764
469.9		0.961764
470		0.961764
470.1		0.966215
470.2		0.966215
470.3		0.966215
470.4		0.966215
470.5		0.966215
470.6		0.966215
470.7		0.966215
470.8		0.966215
470.9		0.966215
471		0.966215
471.1		0.967679
471.2		0.967679
471.3		0.967679
471.4		0.967679
471.5		0.967679
471.6		0.967679
471.7		0.967679
471.8		0.967679
471.9		0.967679
472		0.967679
472.1		0.969649
472.2		0.969649
472.3		0.969649
472.4		0.969649
472.5		0.969649
472.6		0.969649
472.7		0.969649
472.8		0.969649
472.9		0.969649
473		0.969649
473.1		0.969972
473.2		0.969972
473.3		0.969972
473.4		0.969972
473.5		0.969972
473.6		0.969972
473.7		0.969972
473.8		0.969972
473.9		0.969972
474		0.969972
474.1		0.973873
474.2		0.973873
474.3		0.973873
474.4		0.973873
474.5		0.973873
474.6		0.973873
474.7		0.973873
474.8		0.973873
474.9		0.973873
475		0.973873
475.1		0.977534
475.2		0.977534
475.3		0.977534
475.4		0.977534
475.5		0.977534
475.6		0.977534
475.7		0.977534
475.8		0.977534
475.9		0.977534
476		0.977534
476.1		0.977936
476.2		0.977936
476.3		0.977936
476.4		0.977936
476.5		0.977936
476.6		0.977936
476.7		0.977936
476.8		0.977936
476.9		0.977936
477		0.977936
477.1		0.978627
477.2		0.978627
477.3		0.978627
477.4		0.978627
477.5		0.978627
477.6		0.978627
477.7		0.978627
477.8		0.978627
477.9		0.978627
478		0.978627
478.1		0.9818
478.2		0.9818
478.3		0.9818
478.4		0.9818
478.5		0.9818
478.6		0.9818
478.7		0.9818
478.8		0.9818
478.9		0.9818
479		0.9818
479.1		0.983718
479.2		0.983718
479.3		0.983718
479.4		0.983718
479.5		0.983718
479.6		0.983718
479.7		0.983718
479.8		0.983718
479.9		0.983718
480		0.983718
480.1		0.986117
480.2		0.986117
480.3		0.986117
480.4		0.986117
480.5		0.986117
480.6		0.986117
480.7		0.986117
480.8		0.986117
480.9		0.986117
481		0.986117
481.1		0.98722
481.2		0.98722
481.3		0.98722
481.4		0.98722
481.5		0.98722
481.6		0.98722
481.7		0.98722
481.8		0.98722
481.9		0.98722
482		0.98722
482.1		0.989888
482.2		0.989888
482.3		0.989888
482.4		0.989888
482.5		0.989888
482.6		0.989888
482.7		0.989888
482.8		0.989888
482.9		0.989888
483		0.989888
483.1		0.991111
483.2		0.991111
483.3		0.991111
483.4		0.991111
483.5		0.991111
483.6		0.991111
483.7		0.991111
483.8		0.991111
483.9		0.991111
484		0.991111
484.1		0.994487
484.2		0.994487
484.3		0.994487
484.4		0.994487
484.5		0.994487
484.6		0.994487
484.7		0.994487
484.8		0.994487
484.9		0.994487
485		0.994487
485.1		0.994899
485.2		0.994899
485.3		0.994899
485.4		0.994899
485.5		0.994899
485.6		0.994899
485.7		0.994899
485.8		0.994899
485.9		0.994899
486		0.994899
486.1		0.996941
486.2		0.996941
486.3		0.996941
486.4		0.996941
486.5		0.996941
486.6		0.996941
486.7		0.996941
486.8		0.996941
486.9		0.996941
487		0.996941
487.1		0.999897
487.2		0.999897
487.3		0.999897
487.4		0.999897
487.5		0.999897
487.6		0.999897
487.7		0.999897
487.8		0.999897
487.9		0.999897
488		0.999897
488.1		0.999966
488.2		0.999966
488.3		0.999966
488.4		0.999966
488.5		0.999966
488.6		0.999966
488.7		0.999966
488.8		0.999966
488.9		0.999966
489		0.999966
489.1		1
489.2		1
489.3		1
489.4		1
489.5		1
489.6		1
489.7		1
489.8		1
489.9		1
490		1
490.1		1
490.2		1
490.3		1
490.4		1
490.5		1
490.6		1
490.7		1
490.8		1
490.9		1
491		1
491.1		1
491.2		1
491.3		1
491.4		1
491.5		1
491.6		1
491.7		1
491.8		1
491.9		1
492		1
492.1		1
492.2		1
492.3		1
492.4		1
492.5		1
492.6		1
492.7		1
492.8		1
492.9		1
493		1
493.1		1
493.2		1
493.3		1
493.4		1
493.5		1
493.6		1
493.7		1
493.8		1
493.9		1
494		1
494.1		1
494.2		1
494.3		1
494.4		1
494.5		1
494.6		1
494.7		1
494.8		1
494.9		1
495		1
495.1		1
495.2		1
495.3		1
495.4		1
495.5		1
495.6		1
495.7		1
495.8		1
495.9		1
496		1
496.1		1
496.2		1
496.3		1
496.4		1
496.5		1
496.6		1
496.7		1
496.8		1
496.9		1
497		1
497.1		1
497.2		1
497.3		1
497.4		1
497.5		1
497.6		1
497.7		1
497.8		1
497.9		1
498		1
498.1		1
498.2		1
498.3		1
498.4		1
498.5		1
498.6		1
498.7		1
498.8		1
498.9		1
499		1
499.1		1
499.2		1
499.3		1
499.4		1
499.5		1
499.6		1
499.7		1
499.8		1
499.9		1
500		1
500.1		1
500.2		1
500.3		1
500.4		1
500.5		1
500.6		1
500.7		1
500.8		1
500.9		1
501		1
501.1		1
501.2		1
501.3		1
501.4		1
501.5		1
501.6		1
501.7		1
501.8		1
501.9		1
502		1
502.1		1
502.2		1
502.3		1
502.4		1
502.5		1
502.6		1
502.7		1
502.8		1
502.9		1
503		1
503.1		1
503.2		1
503.3		1
503.4		1
503.5		1
503.6		1
503.7		1
503.8		1
503.9		1
504		1
504.1		1
504.2		1
504.3		1
504.4		1
504.5		1
504.6		1
504.7		1
504.8		1
504.9		1
505		1
505.1		1
505.2		1
505.3		1
505.4		1
505.5		1
505.6		1
505.7		1
505.8		1
505.9		1
506		1
506.1		1
506.2		1
506.3		1
506.4		1
506.5		1
506.6		1
506.7		1
506.8		1
506.9		1
507		1
507.1		1
507.2		1
507.3		1
507.4		1
507.5		1
507.6		1
507.7		1
507.8		1
507.9		1
508		1
508.1		1
508.2		1
508.3		1
508.4		1
508.5		1
508.6		1
508.7		1
508.8		1
508.9		1
509		1
509.1		1
509.2		1
509.3		1
509.4		1
509.5		1
509.6		1
509.7		1
509.8		1
509.9		1
510		1
510.1		1
510.2		1
510.3		1
510.4		1
510.5		1
510.6		1
510.7		1
510.8		1
510.9		1
511		1
511.1		1
511.2		1
511.3		1
511.4		1
511.5		1
511.6		1
511.7		1
511.8		1
511.9		1
512		1
512.1		1
512.2		1
512.3		1
512.4		1
512.5		1
512.6		1
512.7		1
512.8		1
512.9		1
513		1
513.1		1
513.2		1
513.3		1
513.4		1
513.5		1
513.6		1
513.7		1
513.8		1
513.9		1
514		1
514.1		1
514.2		1
514.3		1
514.4		1
514.5		1
514.6		1
514.7		1
514.8		1
514.9		1
515		1
515.1		1
515.2		1
515.3		1
515.4		1
515.5		1
515.6		1
515.7		1
515.8		1
515.9		1
516		1
516.1		1
516.2		1
516.3		1
516.4		1
516.5		1
516.6		1
516.7		1
516.8		1
516.9		1
517		1
517.1		1
517.2		1
517.3		1
517.4		1
517.5		1
517.6		1
517.7		1
517.8		1
517.9		1
518		1
518.1		1
518.2		1
518.3		1
518.4		1
518.5		1
518.6		1
518.7		1
518.8		1
518.9		1
519		1
519.1		1
519.2		1
519.3		1
519.4		1
519.5		1
519.6		1
519.7		1
519.8		1
519.9		1
520		1
520.1		1
520.2		1
520.3		1
520.4		1
520.5		1
520.6		1
520.7		1
520.8		1
520.9		1
521		1
521.1		1
521.2		1
521.3		1
521.4		1
521.5		1
521.6		1
521.7		1
521.8		1
521.9		1
522		1
522.1		1
522.2		1
522.3		1
522.4		1
522.5		1
522.6		1
522.7		1
522.8		1
522.9		1
523		1
523.1		1
523.2		1
523.3		1
523.4		1
523.5		1
523.6		1
523.7		1
523.8		1
523.9		1
524		1
524.1		1
524.2		1
524.3		1
524.4		1
524.5		1
524.6		1
524.7		1
524.8		1
524.9		1
525		1
525.1		1
525.2		1
525.3		1
525.4		1
525.5		1
525.6		1
525.7		1
525.8		1
525.9		1
526		1
526.1		1
526.2		1
526.3		1
526.4		1
526.5		1
526.6		1
526.7		1
526.8		1
526.9		1
527		1
527.1		1
527.2		1
527.3		1
527.4		1
527.5		1
527.6		1
527.7		1
527.8		1
527.9		1
528		1
528.1		1
528.2		1
528.3		1
528.4		1
528.5		1
528.6		1
528.7		1
528.8		1
528.9		1
529		1
529.1		1
529.2		1
529.3		1
529.4		1
529.5		1
529.6		1
529.7		1
529.8		1
529.9		1
530		1
530.1		1
530.2		1
530.3		1
530.4		1
530.5		1
530.6		1
530.7		1
530.8		1
530.9		1
531		1
531.1		1
531.2		1
531.3		1
531.4		1
531.5		1
531.6		1
531.7		1
531.8		1
531.9		1
532		1
532.1		1
532.2		1
532.3		1
532.4		1
532.5		1
532.6		1
532.7		1
532.8		1
532.9		1
533		1
533.1		1
533.2		1
533.3		1
533.4		1
533.5		1
533.6		1
533.7		1
533.8		1
533.9		1
534		1
534.1		1
534.2		1
534.3		1
534.4		1
534.5		1
534.6		1
534.7		1
534.8		1
534.9		1
535		1
535.1		1
535.2		1
535.3		1
535.4		1
535.5		1
535.6		1
535.7		1
535.8		1
535.9		1
536		1
536.1		1
536.2		1
536.3		1
536.4		1
536.5		1
536.6		1
536.7		1
536.8		1
536.9		1
537		1
537.1		1
537.2		1
537.3		1
537.4		1
537.5		1
537.6		1
537.7		1
537.8		1
537.9		1
538		1
538.1		1
538.2		1
538.3		1
538.4		1
538.5		1
538.6		1
538.7		1
538.8		1
538.9		1
539		1
539.1		1
539.2		1
539.3		1
539.4		1
539.5		1
539.6		1
539.7		1
539.8		1
539.9		1
540		1
540.1		1
540.2		1
540.3		1
540.4		1
540.5		1
540.6		1
540.7		1
540.8		1
540.9		1
541		1
541.1		1
541.2		1
541.3		1
541.4		1
541.5		1
541.6		1
541.7		1
541.8		1
541.9		1
542		1
542.1		1
542.2		1
542.3		1
542.4		1
542.5		1
542.6		1
542.7		1
542.8		1
542.9		1
543		1
543.1		1
543.2		1
543.3		1
543.4		1
543.5		1
543.6		1
543.7		1
543.8		1
543.9		1
544		1
544.1		1
544.2		1
544.3		1
544.4		1
544.5		1
544.6		1
544.7		1
544.8		1
544.9		1
545		1
545.1		1
545.2		1
545.3		1
545.4		1
545.5		1
545.6		1
545.7		1
545.8		1
545.9		1
546		1
546.1		1
546.2		1
546.3		1
546.4		1
546.5		1
546.6		1
546.7		1
546.8		1
546.9		1
547		1
547.1		1
547.2		1
547.3		1
547.4		1
547.5		1
547.6		1
547.7		1
547.8		1
547.9		1
548		1
548.1		1
548.2		1
548.3		1
548.4		1
548.5		1
548.6		1
548.7		1
548.8		1
548.9		1
549		1
549.1		1
549.2		1
549.3		1
549.4		1
549.5		1
549.6		1
549.7		1
549.8		1
549.9		1
550		1
550.1		1
550.2		1
550.3		1
550.4		1
550.5		1
550.6		1
550.7		1
550.8		1
550.9		1
551		1
551.1		1
551.2		1
551.3		1
551.4		1
551.5		1
551.6		1
551.7		1
551.8		1
551.9		1
552		1
552.1		1
552.2		1
552.3		1
552.4		1
552.5		1
552.6		1
552.7		1
552.8		1
552.9		1
553		1
553.1		1
553.2		1
553.3		1
553.4		1
553.5		1
553.6		1
553.7		1
553.8		1
553.9		1
554		1
554.1		1
554.2		1
554.3		1
554.4		1
554.5		1
554.6		1
554.7		1
554.8		1
554.9		1
555		1
555.1		1
555.2		1
555.3		1
555.4		1
555.5		1
555.6		1
555.7		1
555.8		1
555.9		1
556		1
556.1		1
556.2		1
556.3		1
556.4		1
556.5		1
556.6		1
556.7		1
556.8		1
556.9		1
557		1
557.1		1
557.2		1
557.3		1
557.4		1
557.5		1
557.6		1
557.7		1
557.8		1
557.9		1
558		1
558.1		1
558.2		1
558.3		1
558.4		1
558.5		1
558.6		1
558.7		1
558.8		1
558.9		1
559		1
559.1		1
559.2		1
559.3		1
559.4		1
559.5		1
559.6		1
559.7		1
559.8		1
559.9		1
560		1
560.1		1
560.2		1
560.3		1
560.4		1
560.5		1
560.6		1
560.7		1
560.8		1
560.9		1
561		1
561.1		1
561.2		1
561.3		1
561.4		1
561.5		1
561.6		1
561.7		1
561.8		1
561.9		1
562		1
562.1		1
562.2		1
562.3		1
562.4		1
562.5		1
562.6		1
562.7		1
562.8		1
562.9		1
563		1
563.1		1
563.2		1
563.3		1
563.4		1
563.5		1
563.6		1
563.7		1
563.8		1
563.9		1
564		1
564.1		1
564.2		1
564.3		1
564.4		1
564.5		1
564.6		1
564.7		1
564.8		1
564.9		1
565		1
565.1		1
565.2		1
565.3		1
565.4		1
565.5		1
565.6		1
565.7		1
565.8		1
565.9		1
566		1
566.1		1
566.2		1
566.3		1
566.4		1
566.5		1
566.6		1
566.7		1
566.8		1
566.9		1
567		1
567.1		1
567.2		1
567.3		1
567.4		1
567.5		1
567.6		1
567.7		1
567.8		1
567.9		1
568		1
568.1		1
568.2		1
568.3		1
568.4		1
568.5		1
568.6		1
568.7		1
568.8		1
568.9		1
569		1
569.1		1
569.2		1
569.3		1
569.4		1
569.5		1
569.6		1
569.7		1
569.8		1
569.9		1
570		1
570.1		1
570.2		1
570.3		1
570.4		1
570.5		1
570.6		1
570.7		1
570.8		1
570.9		1
571		1
571.1		1
571.2		1
571.3		1
571.4		1
571.5		1
571.6		1
571.7		1
571.8		1
571.9		1
572		1
572.1		1
572.2		1
572.3		1
572.4		1
572.5		1
572.6		1
572.7		1
572.8		1
572.9		1
573		1
573.1		1
573.2		1
573.3		1
573.4		1
573.5		1
573.6		1
573.7		1
573.8		1
573.9		1
574		1
574.1		1
574.2		1
574.3		1
574.4		1
574.5		1
574.6		1
574.7		1
574.8		1
574.9		1
575		1
575.1		1
575.2		1
575.3		1
575.4		1
575.5		1
575.6		1
575.7		1
575.8		1
575.9		1
576		1
576.1		1
576.2		1
576.3		1
576.4		1
576.5		1
576.6		1
576.7		1
576.8		1
576.9		1
577		1
577.1		1
577.2		1
577.3		1
577.4		1
577.5		1
577.6		1
577.7		1
577.8		1
577.9		1
578		1
578.1		1
578.2		1
578.3		1
578.4		1
578.5		1
578.6		1
578.7		1
578.8		1
578.9		1
579		1
579.1		1
579.2		1
579.3		1
579.4		1
579.5		1
579.6		1
579.7		1
579.8		1
579.9		1
580		1
580.1		1
580.2		1
580.3		1
580.4		1
580.5		1
580.6		1
580.7		1
580.8		1
580.9		1
581		1
581.1		1
581.2		1
581.3		1
581.4		1
581.5		1
581.6		1
581.7		1
581.8		1
581.9		1
582		1
582.1		1
582.2		1
582.3		1
582.4		1
582.5		1
582.6		1
582.7		1
582.8		1
582.9		1
583		1
583.1		1
583.2		1
583.3		1
583.4		1
583.5		1
583.6		1
583.7		1
583.8		1
583.9		1
584		1
584.1		1
584.2		1
584.3		1
584.4		1
584.5		1
584.6		1
584.7		1
584.8		1
584.9		1
585		1
585.1		1
585.2		1
585.3		1
585.4		1
585.5		1
585.6		1
585.7		1
585.8		1
585.9		1
586		1
586.1		1
586.2		1
586.3		1
586.4		1
586.5		1
586.6		1
586.7		1
586.8		1
586.9		1
587		1
587.1		1
587.2		1
587.3		1
587.4		1
587.5		1
587.6		1
587.7		1
587.8		1
587.9		1
588		1
588.1		1
588.2		1
588.3		1
588.4		1
588.5		1
588.6		1
588.7		1
588.8		1
588.9		1
589		1
589.1		1
589.2		1
589.3		1
589.4		1
589.5		1
589.6		1
589.7		1
589.8		1
589.9		1
590		1
590.1		1
590.2		1
590.3		1
590.4		1
590.5		1
590.6		1
590.7		1
590.8		1
590.9		1
591		1
591.1		1
591.2		1
591.3		1
591.4		1
591.5		1
591.6		1
591.7		1
591.8		1
591.9		1
592		1
592.1		1
592.2		1
592.3		1
592.4		1
592.5		1
592.6		1
592.7		1
592.8		1
592.9		1
593		1
593.1		1
593.2		1
593.3		1
593.4		1
593.5		1
593.6		1
593.7		1
593.8		1
593.9		1
594		1
594.1		1
594.2		1
594.3		1
594.4		1
594.5		1
594.6		1
594.7		1
594.8		1
594.9		1
595		1
595.1		1
595.2		1
595.3		1
595.4		1
595.5		1
595.6		1
595.7		1
595.8		1
595.9		1
596		1
596.1		1
596.2		1
596.3		1
596.4		1
596.5		1
596.6		1
596.7		1
596.8		1
596.9		1
597		1
597.1		1
597.2		1
597.3		1
597.4		1
597.5		1
597.6		1
597.7		1
597.8		1
597.9		1
598		1
598.1		1
598.2		1
598.3		1
598.4		1
598.5		1
598.6		1
598.7		1
598.8		1
598.9		1
599		1
599.1		1
599.2		1
599.3		1
599.4		1
599.5		1
599.6		1
599.7		1
599.8		1
599.9		1
600		1
