# Calibration file of tamex_id 2 @ channel 37
# fine_T bin		 Calibration value
0.1		0
0.2		0
0.3		0
0.4		0
0.5		0
0.6		0
0.7		0
0.8		0
0.9		0
1		0
1.1		0
1.2		0
1.3		0
1.4		0
1.5		0
1.6		0
1.7		0
1.8		0
1.9		0
2		0
2.1		0
2.2		0
2.3		0
2.4		0
2.5		0
2.6		0
2.7		0
2.8		0
2.9		0
3		0
3.1		0
3.2		0
3.3		0
3.4		0
3.5		0
3.6		0
3.7		0
3.8		0
3.9		0
4		0
4.1		0
4.2		0
4.3		0
4.4		0
4.5		0
4.6		0
4.7		0
4.8		0
4.9		0
5		0
5.1		0
5.2		0
5.3		0
5.4		0
5.5		0
5.6		0
5.7		0
5.8		0
5.9		0
6		0
6.1		0
6.2		0
6.3		0
6.4		0
6.5		0
6.6		0
6.7		0
6.8		0
6.9		0
7		0
7.1		0
7.2		0
7.3		0
7.4		0
7.5		0
7.6		0
7.7		0
7.8		0
7.9		0
8		0
8.1		0
8.2		0
8.3		0
8.4		0
8.5		0
8.6		0
8.7		0
8.8		0
8.9		0
9		0
9.1		0
9.2		0
9.3		0
9.4		0
9.5		0
9.6		0
9.7		0
9.8		0
9.9		0
10		0
10.1		0
10.2		0
10.3		0
10.4		0
10.5		0
10.6		0
10.7		0
10.8		0
10.9		0
11		0
11.1		0
11.2		0
11.3		0
11.4		0
11.5		0
11.6		0
11.7		0
11.8		0
11.9		0
12		0
12.1		0
12.2		0
12.3		0
12.4		0
12.5		0
12.6		0
12.7		0
12.8		0
12.9		0
13		0
13.1		0
13.2		0
13.3		0
13.4		0
13.5		0
13.6		0
13.7		0
13.8		0
13.9		0
14		0
14.1		0
14.2		0
14.3		0
14.4		0
14.5		0
14.6		0
14.7		0
14.8		0
14.9		0
15		0
15.1		0
15.2		0
15.3		0
15.4		0
15.5		0
15.6		0
15.7		0
15.8		0
15.9		0
16		0
16.1		0
16.2		0
16.3		0
16.4		0
16.5		0
16.6		0
16.7		0
16.8		0
16.9		0
17		0
17.1		0.00697565
17.2		0.00697565
17.3		0.00697565
17.4		0.00697565
17.5		0.00697565
17.6		0.00697565
17.7		0.00697565
17.8		0.00697565
17.9		0.00697565
18		0.00697565
18.1		0.00891163
18.2		0.00891163
18.3		0.00891163
18.4		0.00891163
18.5		0.00891163
18.6		0.00891163
18.7		0.00891163
18.8		0.00891163
18.9		0.00891163
19		0.00891163
19.1		0.010863
19.2		0.010863
19.3		0.010863
19.4		0.010863
19.5		0.010863
19.6		0.010863
19.7		0.010863
19.8		0.010863
19.9		0.010863
20		0.010863
20.1		0.0156645
20.2		0.0156645
20.3		0.0156645
20.4		0.0156645
20.5		0.0156645
20.6		0.0156645
20.7		0.0156645
20.8		0.0156645
20.9		0.0156645
21		0.0156645
21.1		0.0179615
21.2		0.0179615
21.3		0.0179615
21.4		0.0179615
21.5		0.0179615
21.6		0.0179615
21.7		0.0179615
21.8		0.0179615
21.9		0.0179615
22		0.0179615
22.1		0.0194212
22.2		0.0194212
22.3		0.0194212
22.4		0.0194212
22.5		0.0194212
22.6		0.0194212
22.7		0.0194212
22.8		0.0194212
22.9		0.0194212
23		0.0194212
23.1		0.0194212
23.2		0.0194212
23.3		0.0194212
23.4		0.0194212
23.5		0.0194212
23.6		0.0194212
23.7		0.0194212
23.8		0.0194212
23.9		0.0194212
24		0.0194212
24.1		0.0220102
24.2		0.0220102
24.3		0.0220102
24.4		0.0220102
24.5		0.0220102
24.6		0.0220102
24.7		0.0220102
24.8		0.0220102
24.9		0.0220102
25		0.0220102
25.1		0.0247682
25.2		0.0247682
25.3		0.0247682
25.4		0.0247682
25.5		0.0247682
25.6		0.0247682
25.7		0.0247682
25.8		0.0247682
25.9		0.0247682
26		0.0247682
26.1		0.0277874
26.2		0.0277874
26.3		0.0277874
26.4		0.0277874
26.5		0.0277874
26.6		0.0277874
26.7		0.0277874
26.8		0.0277874
26.9		0.0277874
27		0.0277874
27.1		0.0279948
27.2		0.0279948
27.3		0.0279948
27.4		0.0279948
27.5		0.0279948
27.6		0.0279948
27.7		0.0279948
27.8		0.0279948
27.9		0.0279948
28		0.0279948
28.1		0.029731
28.2		0.029731
28.3		0.029731
28.4		0.029731
28.5		0.029731
28.6		0.029731
28.7		0.029731
28.8		0.029731
28.9		0.029731
29		0.029731
29.1		0.0333341
29.2		0.0333341
29.3		0.0333341
29.4		0.0333341
29.5		0.0333341
29.6		0.0333341
29.7		0.0333341
29.8		0.0333341
29.9		0.0333341
30		0.0333341
30.1		0.037352
30.2		0.037352
30.3		0.037352
30.4		0.037352
30.5		0.037352
30.6		0.037352
30.7		0.037352
30.8		0.037352
30.9		0.037352
31		0.037352
31.1		0.0374519
31.2		0.0374519
31.3		0.0374519
31.4		0.0374519
31.5		0.0374519
31.6		0.0374519
31.7		0.0374519
31.8		0.0374519
31.9		0.0374519
32		0.0374519
32.1		0.0382509
32.2		0.0382509
32.3		0.0382509
32.4		0.0382509
32.5		0.0382509
32.6		0.0382509
32.7		0.0382509
32.8		0.0382509
32.9		0.0382509
33		0.0382509
33.1		0.0383815
33.2		0.0383815
33.3		0.0383815
33.4		0.0383815
33.5		0.0383815
33.6		0.0383815
33.7		0.0383815
33.8		0.0383815
33.9		0.0383815
34		0.0383815
34.1		0.0435671
34.2		0.0435671
34.3		0.0435671
34.4		0.0435671
34.5		0.0435671
34.6		0.0435671
34.7		0.0435671
34.8		0.0435671
34.9		0.0435671
35		0.0435671
35.1		0.0444045
35.2		0.0444045
35.3		0.0444045
35.4		0.0444045
35.5		0.0444045
35.6		0.0444045
35.7		0.0444045
35.8		0.0444045
35.9		0.0444045
36		0.0444045
36.1		0.0491369
36.2		0.0491369
36.3		0.0491369
36.4		0.0491369
36.5		0.0491369
36.6		0.0491369
36.7		0.0491369
36.8		0.0491369
36.9		0.0491369
37		0.0491369
37.1		0.0493904
37.2		0.0493904
37.3		0.0493904
37.4		0.0493904
37.5		0.0493904
37.6		0.0493904
37.7		0.0493904
37.8		0.0493904
37.9		0.0493904
38		0.0493904
38.1		0.0509499
38.2		0.0509499
38.3		0.0509499
38.4		0.0509499
38.5		0.0509499
38.6		0.0509499
38.7		0.0509499
38.8		0.0509499
38.9		0.0509499
39		0.0509499
39.1		0.0537848
39.2		0.0537848
39.3		0.0537848
39.4		0.0537848
39.5		0.0537848
39.6		0.0537848
39.7		0.0537848
39.8		0.0537848
39.9		0.0537848
40		0.0537848
40.1		0.0550447
40.2		0.0550447
40.3		0.0550447
40.4		0.0550447
40.5		0.0550447
40.6		0.0550447
40.7		0.0550447
40.8		0.0550447
40.9		0.0550447
41		0.0550447
41.1		0.0572111
41.2		0.0572111
41.3		0.0572111
41.4		0.0572111
41.5		0.0572111
41.6		0.0572111
41.7		0.0572111
41.8		0.0572111
41.9		0.0572111
42		0.0572111
42.1		0.0599538
42.2		0.0599538
42.3		0.0599538
42.4		0.0599538
42.5		0.0599538
42.6		0.0599538
42.7		0.0599538
42.8		0.0599538
42.9		0.0599538
43		0.0599538
43.1		0.062827
43.2		0.062827
43.3		0.062827
43.4		0.062827
43.5		0.062827
43.6		0.062827
43.7		0.062827
43.8		0.062827
43.9		0.062827
44		0.062827
44.1		0.0631804
44.2		0.0631804
44.3		0.0631804
44.4		0.0631804
44.5		0.0631804
44.6		0.0631804
44.7		0.0631804
44.8		0.0631804
44.9		0.0631804
45		0.0631804
45.1		0.063795
45.2		0.063795
45.3		0.063795
45.4		0.063795
45.5		0.063795
45.6		0.063795
45.7		0.063795
45.8		0.063795
45.9		0.063795
46		0.063795
46.1		0.0678052
46.2		0.0678052
46.3		0.0678052
46.4		0.0678052
46.5		0.0678052
46.6		0.0678052
46.7		0.0678052
46.8		0.0678052
46.9		0.0678052
47		0.0678052
47.1		0.0707168
47.2		0.0707168
47.3		0.0707168
47.4		0.0707168
47.5		0.0707168
47.6		0.0707168
47.7		0.0707168
47.8		0.0707168
47.9		0.0707168
48		0.0707168
48.1		0.0708705
48.2		0.0708705
48.3		0.0708705
48.4		0.0708705
48.5		0.0708705
48.6		0.0708705
48.7		0.0708705
48.8		0.0708705
48.9		0.0708705
49		0.0708705
49.1		0.0735056
49.2		0.0735056
49.3		0.0735056
49.4		0.0735056
49.5		0.0735056
49.6		0.0735056
49.7		0.0735056
49.8		0.0735056
49.9		0.0735056
50		0.0735056
50.1		0.0750805
50.2		0.0750805
50.3		0.0750805
50.4		0.0750805
50.5		0.0750805
50.6		0.0750805
50.7		0.0750805
50.8		0.0750805
50.9		0.0750805
51		0.0750805
51.1		0.0780689
51.2		0.0780689
51.3		0.0780689
51.4		0.0780689
51.5		0.0780689
51.6		0.0780689
51.7		0.0780689
51.8		0.0780689
51.9		0.0780689
52		0.0780689
52.1		0.0794595
52.2		0.0794595
52.3		0.0794595
52.4		0.0794595
52.5		0.0794595
52.6		0.0794595
52.7		0.0794595
52.8		0.0794595
52.9		0.0794595
53		0.0794595
53.1		0.0816259
53.2		0.0816259
53.3		0.0816259
53.4		0.0816259
53.5		0.0816259
53.6		0.0816259
53.7		0.0816259
53.8		0.0816259
53.9		0.0816259
54		0.0816259
54.1		0.0845376
54.2		0.0845376
54.3		0.0845376
54.4		0.0845376
54.5		0.0845376
54.6		0.0845376
54.7		0.0845376
54.8		0.0845376
54.9		0.0845376
55		0.0845376
55.1		0.0852981
55.2		0.0852981
55.3		0.0852981
55.4		0.0852981
55.5		0.0852981
55.6		0.0852981
55.7		0.0852981
55.8		0.0852981
55.9		0.0852981
56		0.0852981
56.1		0.0874876
56.2		0.0874876
56.3		0.0874876
56.4		0.0874876
56.5		0.0874876
56.6		0.0874876
56.7		0.0874876
56.8		0.0874876
56.9		0.0874876
57		0.0874876
57.1		0.0878333
57.2		0.0878333
57.3		0.0878333
57.4		0.0878333
57.5		0.0878333
57.6		0.0878333
57.7		0.0878333
57.8		0.0878333
57.9		0.0878333
58		0.0878333
58.1		0.0949934
58.2		0.0949934
58.3		0.0949934
58.4		0.0949934
58.5		0.0949934
58.6		0.0949934
58.7		0.0949934
58.8		0.0949934
58.9		0.0949934
59		0.0949934
59.1		0.0958
59.2		0.0958
59.3		0.0958
59.4		0.0958
59.5		0.0958
59.6		0.0958
59.7		0.0958
59.8		0.0958
59.9		0.0958
60		0.0958
60.1		0.0967834
60.2		0.0967834
60.3		0.0967834
60.4		0.0967834
60.5		0.0967834
60.6		0.0967834
60.7		0.0967834
60.8		0.0967834
60.9		0.0967834
61		0.0967834
61.1		0.0970062
61.2		0.0970062
61.3		0.0970062
61.4		0.0970062
61.5		0.0970062
61.6		0.0970062
61.7		0.0970062
61.8		0.0970062
61.9		0.0970062
62		0.0970062
62.1		0.102276
62.2		0.102276
62.3		0.102276
62.4		0.102276
62.5		0.102276
62.6		0.102276
62.7		0.102276
62.8		0.102276
62.9		0.102276
63		0.102276
63.1		0.104266
63.2		0.104266
63.3		0.104266
63.4		0.104266
63.5		0.104266
63.6		0.104266
63.7		0.104266
63.8		0.104266
63.9		0.104266
64		0.104266
64.1		0.10452
64.2		0.10452
64.3		0.10452
64.4		0.10452
64.5		0.10452
64.6		0.10452
64.7		0.10452
64.8		0.10452
64.9		0.10452
65		0.10452
65.1		0.107923
65.2		0.107923
65.3		0.107923
65.4		0.107923
65.5		0.107923
65.6		0.107923
65.7		0.107923
65.8		0.107923
65.9		0.107923
66		0.107923
66.1		0.108845
66.2		0.108845
66.3		0.108845
66.4		0.108845
66.5		0.108845
66.6		0.108845
66.7		0.108845
66.8		0.108845
66.9		0.108845
67		0.108845
67.1		0.11221
67.2		0.11221
67.3		0.11221
67.4		0.11221
67.5		0.11221
67.6		0.11221
67.7		0.11221
67.8		0.11221
67.9		0.11221
68		0.11221
68.1		0.11496
68.2		0.11496
68.3		0.11496
68.4		0.11496
68.5		0.11496
68.6		0.11496
68.7		0.11496
68.8		0.11496
68.9		0.11496
69		0.11496
69.1		0.116174
69.2		0.116174
69.3		0.116174
69.4		0.116174
69.5		0.116174
69.6		0.116174
69.7		0.116174
69.8		0.116174
69.9		0.116174
70		0.116174
70.1		0.116481
70.2		0.116481
70.3		0.116481
70.4		0.116481
70.5		0.116481
70.6		0.116481
70.7		0.116481
70.8		0.116481
70.9		0.116481
71		0.116481
71.1		0.1198
71.2		0.1198
71.3		0.1198
71.4		0.1198
71.5		0.1198
71.6		0.1198
71.7		0.1198
71.8		0.1198
71.9		0.1198
72		0.1198
72.1		0.12361
72.2		0.12361
72.3		0.12361
72.4		0.12361
72.5		0.12361
72.6		0.12361
72.7		0.12361
72.8		0.12361
72.9		0.12361
73		0.12361
73.1		0.124486
73.2		0.124486
73.3		0.124486
73.4		0.124486
73.5		0.124486
73.6		0.124486
73.7		0.124486
73.8		0.124486
73.9		0.124486
74		0.124486
74.1		0.124755
74.2		0.124755
74.3		0.124755
74.4		0.124755
74.5		0.124755
74.6		0.124755
74.7		0.124755
74.8		0.124755
74.9		0.124755
75		0.124755
75.1		0.128235
75.2		0.128235
75.3		0.128235
75.4		0.128235
75.5		0.128235
75.6		0.128235
75.7		0.128235
75.8		0.128235
75.9		0.128235
76		0.128235
76.1		0.132246
76.2		0.132246
76.3		0.132246
76.4		0.132246
76.5		0.132246
76.6		0.132246
76.7		0.132246
76.8		0.132246
76.9		0.132246
77		0.132246
77.1		0.13286
77.2		0.13286
77.3		0.13286
77.4		0.13286
77.5		0.13286
77.6		0.13286
77.7		0.13286
77.8		0.13286
77.9		0.13286
78		0.13286
78.1		0.133359
78.2		0.133359
78.3		0.133359
78.4		0.133359
78.5		0.133359
78.6		0.133359
78.7		0.133359
78.8		0.133359
78.9		0.133359
79		0.133359
79.1		0.136064
79.2		0.136064
79.3		0.136064
79.4		0.136064
79.5		0.136064
79.6		0.136064
79.7		0.136064
79.8		0.136064
79.9		0.136064
80		0.136064
80.1		0.141357
80.2		0.141357
80.3		0.141357
80.4		0.141357
80.5		0.141357
80.6		0.141357
80.7		0.141357
80.8		0.141357
80.9		0.141357
81		0.141357
81.1		0.142755
81.2		0.142755
81.3		0.142755
81.4		0.142755
81.5		0.142755
81.6		0.142755
81.7		0.142755
81.8		0.142755
81.9		0.142755
82		0.142755
82.1		0.142878
82.2		0.142878
82.3		0.142878
82.4		0.142878
82.5		0.142878
82.6		0.142878
82.7		0.142878
82.8		0.142878
82.9		0.142878
83		0.142878
83.1		0.143124
83.2		0.143124
83.3		0.143124
83.4		0.143124
83.5		0.143124
83.6		0.143124
83.7		0.143124
83.8		0.143124
83.9		0.143124
84		0.143124
84.1		0.14907
84.2		0.14907
84.3		0.14907
84.4		0.14907
84.5		0.14907
84.6		0.14907
84.7		0.14907
84.8		0.14907
84.9		0.14907
85		0.14907
85.1		0.152581
85.2		0.152581
85.3		0.152581
85.4		0.152581
85.5		0.152581
85.6		0.152581
85.7		0.152581
85.8		0.152581
85.9		0.152581
86		0.152581
86.1		0.153395
86.2		0.153395
86.3		0.153395
86.4		0.153395
86.5		0.153395
86.6		0.153395
86.7		0.153395
86.8		0.153395
86.9		0.153395
87		0.153395
87.1		0.15368
87.2		0.15368
87.3		0.15368
87.4		0.15368
87.5		0.15368
87.6		0.15368
87.7		0.15368
87.8		0.15368
87.9		0.15368
88		0.15368
88.1		0.157137
88.2		0.157137
88.3		0.157137
88.4		0.157137
88.5		0.157137
88.6		0.157137
88.7		0.157137
88.8		0.157137
88.9		0.157137
89		0.157137
89.1		0.159288
89.2		0.159288
89.3		0.159288
89.4		0.159288
89.5		0.159288
89.6		0.159288
89.7		0.159288
89.8		0.159288
89.9		0.159288
90		0.159288
90.1		0.159764
90.2		0.159764
90.3		0.159764
90.4		0.159764
90.5		0.159764
90.6		0.159764
90.7		0.159764
90.8		0.159764
90.9		0.159764
91		0.159764
91.1		0.164327
91.2		0.164327
91.3		0.164327
91.4		0.164327
91.5		0.164327
91.6		0.164327
91.7		0.164327
91.8		0.164327
91.9		0.164327
92		0.164327
92.1		0.166133
92.2		0.166133
92.3		0.166133
92.4		0.166133
92.5		0.166133
92.6		0.166133
92.7		0.166133
92.8		0.166133
92.9		0.166133
93		0.166133
93.1		0.169313
93.2		0.169313
93.3		0.169313
93.4		0.169313
93.5		0.169313
93.6		0.169313
93.7		0.169313
93.8		0.169313
93.9		0.169313
94		0.169313
94.1		0.169989
94.2		0.169989
94.3		0.169989
94.4		0.169989
94.5		0.169989
94.6		0.169989
94.7		0.169989
94.8		0.169989
94.9		0.169989
95		0.169989
95.1		0.170243
95.2		0.170243
95.3		0.170243
95.4		0.170243
95.5		0.170243
95.6		0.170243
95.7		0.170243
95.8		0.170243
95.9		0.170243
96		0.170243
96.1		0.171633
96.2		0.171633
96.3		0.171633
96.4		0.171633
96.5		0.171633
96.6		0.171633
96.7		0.171633
96.8		0.171633
96.9		0.171633
97		0.171633
97.1		0.174568
97.2		0.174568
97.3		0.174568
97.4		0.174568
97.5		0.174568
97.6		0.174568
97.7		0.174568
97.8		0.174568
97.9		0.174568
98		0.174568
98.1		0.178893
98.2		0.178893
98.3		0.178893
98.4		0.178893
98.5		0.178893
98.6		0.178893
98.7		0.178893
98.8		0.178893
98.9		0.178893
99		0.178893
99.1		0.181075
99.2		0.181075
99.3		0.181075
99.4		0.181075
99.5		0.181075
99.6		0.181075
99.7		0.181075
99.8		0.181075
99.9		0.181075
100		0.181075
100.1		0.182719
100.2		0.182719
100.3		0.182719
100.4		0.182719
100.5		0.182719
100.6		0.182719
100.7		0.182719
100.8		0.182719
100.9		0.182719
101		0.182719
101.1		0.182957
101.2		0.182957
101.3		0.182957
101.4		0.182957
101.5		0.182957
101.6		0.182957
101.7		0.182957
101.8		0.182957
101.9		0.182957
102		0.182957
102.1		0.187513
102.2		0.187513
102.3		0.187513
102.4		0.187513
102.5		0.187513
102.6		0.187513
102.7		0.187513
102.8		0.187513
102.9		0.187513
103		0.187513
103.1		0.188957
103.2		0.188957
103.3		0.188957
103.4		0.188957
103.5		0.188957
103.6		0.188957
103.7		0.188957
103.8		0.188957
103.9		0.188957
104		0.188957
104.1		0.191761
104.2		0.191761
104.3		0.191761
104.4		0.191761
104.5		0.191761
104.6		0.191761
104.7		0.191761
104.8		0.191761
104.9		0.191761
105		0.191761
105.1		0.191953
105.2		0.191953
105.3		0.191953
105.4		0.191953
105.5		0.191953
105.6		0.191953
105.7		0.191953
105.8		0.191953
105.9		0.191953
106		0.191953
106.1		0.196732
106.2		0.196732
106.3		0.196732
106.4		0.196732
106.5		0.196732
106.6		0.196732
106.7		0.196732
106.8		0.196732
106.9		0.196732
107		0.196732
107.1		0.198169
107.2		0.198169
107.3		0.198169
107.4		0.198169
107.5		0.198169
107.6		0.198169
107.7		0.198169
107.8		0.198169
107.9		0.198169
108		0.198169
108.1		0.198261
108.2		0.198261
108.3		0.198261
108.4		0.198261
108.5		0.198261
108.6		0.198261
108.7		0.198261
108.8		0.198261
108.9		0.198261
109		0.198261
109.1		0.199659
109.2		0.199659
109.3		0.199659
109.4		0.199659
109.5		0.199659
109.6		0.199659
109.7		0.199659
109.8		0.199659
109.9		0.199659
110		0.199659
110.1		0.205628
110.2		0.205628
110.3		0.205628
110.4		0.205628
110.5		0.205628
110.6		0.205628
110.7		0.205628
110.8		0.205628
110.9		0.205628
111		0.205628
111.1		0.206711
111.2		0.206711
111.3		0.206711
111.4		0.206711
111.5		0.206711
111.6		0.206711
111.7		0.206711
111.8		0.206711
111.9		0.206711
112		0.206711
112.1		0.207495
112.2		0.207495
112.3		0.207495
112.4		0.207495
112.5		0.207495
112.6		0.207495
112.7		0.207495
112.8		0.207495
112.9		0.207495
113		0.207495
113.1		0.20864
113.2		0.20864
113.3		0.20864
113.4		0.20864
113.5		0.20864
113.6		0.20864
113.7		0.20864
113.8		0.20864
113.9		0.20864
114		0.20864
114.1		0.211544
114.2		0.211544
114.3		0.211544
114.4		0.211544
114.5		0.211544
114.6		0.211544
114.7		0.211544
114.8		0.211544
114.9		0.211544
115		0.211544
115.1		0.215915
115.2		0.215915
115.3		0.215915
115.4		0.215915
115.5		0.215915
115.6		0.215915
115.7		0.215915
115.8		0.215915
115.9		0.215915
116		0.215915
116.1		0.217252
116.2		0.217252
116.3		0.217252
116.4		0.217252
116.5		0.217252
116.6		0.217252
116.7		0.217252
116.8		0.217252
116.9		0.217252
117		0.217252
117.1		0.219065
117.2		0.219065
117.3		0.219065
117.4		0.219065
117.5		0.219065
117.6		0.219065
117.7		0.219065
117.8		0.219065
117.9		0.219065
118		0.219065
118.1		0.219987
118.2		0.219987
118.3		0.219987
118.4		0.219987
118.5		0.219987
118.6		0.219987
118.7		0.219987
118.8		0.219987
118.9		0.219987
119		0.219987
119.1		0.223159
119.2		0.223159
119.3		0.223159
119.4		0.223159
119.5		0.223159
119.6		0.223159
119.7		0.223159
119.8		0.223159
119.9		0.223159
120		0.223159
120.1		0.22478
120.2		0.22478
120.3		0.22478
120.4		0.22478
120.5		0.22478
120.6		0.22478
120.7		0.22478
120.8		0.22478
120.9		0.22478
121		0.22478
121.1		0.22634
121.2		0.22634
121.3		0.22634
121.4		0.22634
121.5		0.22634
121.6		0.22634
121.7		0.22634
121.8		0.22634
121.9		0.22634
122		0.22634
122.1		0.227707
122.2		0.227707
122.3		0.227707
122.4		0.227707
122.5		0.227707
122.6		0.227707
122.7		0.227707
122.8		0.227707
122.9		0.227707
123		0.227707
123.1		0.22836
123.2		0.22836
123.3		0.22836
123.4		0.22836
123.5		0.22836
123.6		0.22836
123.7		0.22836
123.8		0.22836
123.9		0.22836
124		0.22836
124.1		0.233684
124.2		0.233684
124.3		0.233684
124.4		0.233684
124.5		0.233684
124.6		0.233684
124.7		0.233684
124.8		0.233684
124.9		0.233684
125		0.233684
125.1		0.237003
125.2		0.237003
125.3		0.237003
125.4		0.237003
125.5		0.237003
125.6		0.237003
125.7		0.237003
125.8		0.237003
125.9		0.237003
126		0.237003
126.1		0.237779
126.2		0.237779
126.3		0.237779
126.4		0.237779
126.5		0.237779
126.6		0.237779
126.7		0.237779
126.8		0.237779
126.9		0.237779
127		0.237779
127.1		0.237925
127.2		0.237925
127.3		0.237925
127.4		0.237925
127.5		0.237925
127.6		0.237925
127.7		0.237925
127.8		0.237925
127.9		0.237925
128		0.237925
128.1		0.242097
128.2		0.242097
128.3		0.242097
128.4		0.242097
128.5		0.242097
128.6		0.242097
128.7		0.242097
128.8		0.242097
128.9		0.242097
129		0.242097
129.1		0.244179
129.2		0.244179
129.3		0.244179
129.4		0.244179
129.5		0.244179
129.6		0.244179
129.7		0.244179
129.8		0.244179
129.9		0.244179
130		0.244179
130.1		0.244424
130.2		0.244424
130.3		0.244424
130.4		0.244424
130.5		0.244424
130.6		0.244424
130.7		0.244424
130.8		0.244424
130.9		0.244424
131		0.244424
131.1		0.249172
131.2		0.249172
131.3		0.249172
131.4		0.249172
131.5		0.249172
131.6		0.249172
131.7		0.249172
131.8		0.249172
131.9		0.249172
132		0.249172
132.1		0.252176
132.2		0.252176
132.3		0.252176
132.4		0.252176
132.5		0.252176
132.6		0.252176
132.7		0.252176
132.8		0.252176
132.9		0.252176
133		0.252176
133.1		0.254158
133.2		0.254158
133.3		0.254158
133.4		0.254158
133.5		0.254158
133.6		0.254158
133.7		0.254158
133.8		0.254158
133.9		0.254158
134		0.254158
134.1		0.254335
134.2		0.254335
134.3		0.254335
134.4		0.254335
134.5		0.254335
134.6		0.254335
134.7		0.254335
134.8		0.254335
134.9		0.254335
135		0.254335
135.1		0.255917
135.2		0.255917
135.3		0.255917
135.4		0.255917
135.5		0.255917
135.6		0.255917
135.7		0.255917
135.8		0.255917
135.9		0.255917
136		0.255917
136.1		0.261149
136.2		0.261149
136.3		0.261149
136.4		0.261149
136.5		0.261149
136.6		0.261149
136.7		0.261149
136.8		0.261149
136.9		0.261149
137		0.261149
137.1		0.261403
137.2		0.261403
137.3		0.261403
137.4		0.261403
137.5		0.261403
137.6		0.261403
137.7		0.261403
137.8		0.261403
137.9		0.261403
138		0.261403
138.1		0.261971
138.2		0.261971
138.3		0.261971
138.4		0.261971
138.5		0.261971
138.6		0.261971
138.7		0.261971
138.8		0.261971
138.9		0.261971
139		0.261971
139.1		0.265098
139.2		0.265098
139.3		0.265098
139.4		0.265098
139.5		0.265098
139.6		0.265098
139.7		0.265098
139.8		0.265098
139.9		0.265098
140		0.265098
140.1		0.266258
140.2		0.266258
140.3		0.266258
140.4		0.266258
140.5		0.266258
140.6		0.266258
140.7		0.266258
140.8		0.266258
140.9		0.266258
141		0.266258
141.1		0.27149
141.2		0.27149
141.3		0.27149
141.4		0.27149
141.5		0.27149
141.6		0.27149
141.7		0.27149
141.8		0.27149
141.9		0.27149
142		0.27149
142.1		0.272834
142.2		0.272834
142.3		0.272834
142.4		0.272834
142.5		0.272834
142.6		0.272834
142.7		0.272834
142.8		0.272834
142.9		0.272834
143		0.272834
143.1		0.273141
143.2		0.273141
143.3		0.273141
143.4		0.273141
143.5		0.273141
143.6		0.273141
143.7		0.273141
143.8		0.273141
143.9		0.273141
144		0.273141
144.1		0.275246
144.2		0.275246
144.3		0.275246
144.4		0.275246
144.5		0.275246
144.6		0.275246
144.7		0.275246
144.8		0.275246
144.9		0.275246
145		0.275246
145.1		0.276568
145.2		0.276568
145.3		0.276568
145.4		0.276568
145.5		0.276568
145.6		0.276568
145.7		0.276568
145.8		0.276568
145.9		0.276568
146		0.276568
146.1		0.27991
146.2		0.27991
146.3		0.27991
146.4		0.27991
146.5		0.27991
146.6		0.27991
146.7		0.27991
146.8		0.27991
146.9		0.27991
147		0.27991
147.1		0.281477
147.2		0.281477
147.3		0.281477
147.4		0.281477
147.5		0.281477
147.6		0.281477
147.7		0.281477
147.8		0.281477
147.9		0.281477
148		0.281477
148.1		0.282714
148.2		0.282714
148.3		0.282714
148.4		0.282714
148.5		0.282714
148.6		0.282714
148.7		0.282714
148.8		0.282714
148.9		0.282714
149		0.282714
149.1		0.287123
149.2		0.287123
149.3		0.287123
149.4		0.287123
149.5		0.287123
149.6		0.287123
149.7		0.287123
149.8		0.287123
149.9		0.287123
150		0.287123
150.1		0.287538
150.2		0.287538
150.3		0.287538
150.4		0.287538
150.5		0.287538
150.6		0.287538
150.7		0.287538
150.8		0.287538
150.9		0.287538
151		0.287538
151.1		0.290335
151.2		0.290335
151.3		0.290335
151.4		0.290335
151.5		0.290335
151.6		0.290335
151.7		0.290335
151.8		0.290335
151.9		0.290335
152		0.290335
152.1		0.290435
152.2		0.290435
152.3		0.290435
152.4		0.290435
152.5		0.290435
152.6		0.290435
152.7		0.290435
152.8		0.290435
152.9		0.290435
153		0.290435
153.1		0.290565
153.2		0.290565
153.3		0.290565
153.4		0.290565
153.5		0.290565
153.6		0.290565
153.7		0.290565
153.8		0.290565
153.9		0.290565
154		0.290565
154.1		0.295474
154.2		0.295474
154.3		0.295474
154.4		0.295474
154.5		0.295474
154.6		0.295474
154.7		0.295474
154.8		0.295474
154.9		0.295474
155		0.295474
155.1		0.298063
155.2		0.298063
155.3		0.298063
155.4		0.298063
155.5		0.298063
155.6		0.298063
155.7		0.298063
155.8		0.298063
155.9		0.298063
156		0.298063
156.1		0.300022
156.2		0.300022
156.3		0.300022
156.4		0.300022
156.5		0.300022
156.6		0.300022
156.7		0.300022
156.8		0.300022
156.9		0.300022
157		0.300022
157.1		0.300207
157.2		0.300207
157.3		0.300207
157.4		0.300207
157.5		0.300207
157.6		0.300207
157.7		0.300207
157.8		0.300207
157.9		0.300207
158		0.300207
158.1		0.304593
158.2		0.304593
158.3		0.304593
158.4		0.304593
158.5		0.304593
158.6		0.304593
158.7		0.304593
158.8		0.304593
158.9		0.304593
159		0.304593
159.1		0.304993
159.2		0.304993
159.3		0.304993
159.4		0.304993
159.5		0.304993
159.6		0.304993
159.7		0.304993
159.8		0.304993
159.9		0.304993
160		0.304993
160.1		0.3053
160.2		0.3053
160.3		0.3053
160.4		0.3053
160.5		0.3053
160.6		0.3053
160.7		0.3053
160.8		0.3053
160.9		0.3053
161		0.3053
161.1		0.310194
161.2		0.310194
161.3		0.310194
161.4		0.310194
161.5		0.310194
161.6		0.310194
161.7		0.310194
161.8		0.310194
161.9		0.310194
162		0.310194
162.1		0.31329
162.2		0.31329
162.3		0.31329
162.4		0.31329
162.5		0.31329
162.6		0.31329
162.7		0.31329
162.8		0.31329
162.9		0.31329
163		0.31329
163.1		0.316048
163.2		0.316048
163.3		0.316048
163.4		0.316048
163.5		0.316048
163.6		0.316048
163.7		0.316048
163.8		0.316048
163.9		0.316048
164		0.316048
164.1		0.317515
164.2		0.317515
164.3		0.317515
164.4		0.317515
164.5		0.317515
164.6		0.317515
164.7		0.317515
164.8		0.317515
164.9		0.317515
165		0.317515
165.1		0.317884
165.2		0.317884
165.3		0.317884
165.4		0.317884
165.5		0.317884
165.6		0.317884
165.7		0.317884
165.8		0.317884
165.9		0.317884
166		0.317884
166.1		0.322163
166.2		0.322163
166.3		0.322163
166.4		0.322163
166.5		0.322163
166.6		0.322163
166.7		0.322163
166.8		0.322163
166.9		0.322163
167		0.322163
167.1		0.324184
167.2		0.324184
167.3		0.324184
167.4		0.324184
167.5		0.324184
167.6		0.324184
167.7		0.324184
167.8		0.324184
167.9		0.324184
168		0.324184
168.1		0.325121
168.2		0.325121
168.3		0.325121
168.4		0.325121
168.5		0.325121
168.6		0.325121
168.7		0.325121
168.8		0.325121
168.9		0.325121
169		0.325121
169.1		0.326212
169.2		0.326212
169.3		0.326212
169.4		0.326212
169.5		0.326212
169.6		0.326212
169.7		0.326212
169.8		0.326212
169.9		0.326212
170		0.326212
170.1		0.330153
170.2		0.330153
170.3		0.330153
170.4		0.330153
170.5		0.330153
170.6		0.330153
170.7		0.330153
170.8		0.330153
170.9		0.330153
171		0.330153
171.1		0.331528
171.2		0.331528
171.3		0.331528
171.4		0.331528
171.5		0.331528
171.6		0.331528
171.7		0.331528
171.8		0.331528
171.9		0.331528
172		0.331528
172.1		0.333633
172.2		0.333633
172.3		0.333633
172.4		0.333633
172.5		0.333633
172.6		0.333633
172.7		0.333633
172.8		0.333633
172.9		0.333633
173		0.333633
173.1		0.335085
173.2		0.335085
173.3		0.335085
173.4		0.335085
173.5		0.335085
173.6		0.335085
173.7		0.335085
173.8		0.335085
173.9		0.335085
174		0.335085
174.1		0.337198
174.2		0.337198
174.3		0.337198
174.4		0.337198
174.5		0.337198
174.6		0.337198
174.7		0.337198
174.8		0.337198
174.9		0.337198
175		0.337198
175.1		0.3411
175.2		0.3411
175.3		0.3411
175.4		0.3411
175.5		0.3411
175.6		0.3411
175.7		0.3411
175.8		0.3411
175.9		0.3411
176		0.3411
176.1		0.343336
176.2		0.343336
176.3		0.343336
176.4		0.343336
176.5		0.343336
176.6		0.343336
176.7		0.343336
176.8		0.343336
176.9		0.343336
177		0.343336
177.1		0.343466
177.2		0.343466
177.3		0.343466
177.4		0.343466
177.5		0.343466
177.6		0.343466
177.7		0.343466
177.8		0.343466
177.9		0.343466
178		0.343466
178.1		0.345618
178.2		0.345618
178.3		0.345618
178.4		0.345618
178.5		0.345618
178.6		0.345618
178.7		0.345618
178.8		0.345618
178.9		0.345618
179		0.345618
179.1		0.348399
179.2		0.348399
179.3		0.348399
179.4		0.348399
179.5		0.348399
179.6		0.348399
179.7		0.348399
179.8		0.348399
179.9		0.348399
180		0.348399
180.1		0.350258
180.2		0.350258
180.3		0.350258
180.4		0.350258
180.5		0.350258
180.6		0.350258
180.7		0.350258
180.8		0.350258
180.9		0.350258
181		0.350258
181.1		0.353016
181.2		0.353016
181.3		0.353016
181.4		0.353016
181.5		0.353016
181.6		0.353016
181.7		0.353016
181.8		0.353016
181.9		0.353016
182		0.353016
182.1		0.355451
182.2		0.355451
182.3		0.355451
182.4		0.355451
182.5		0.355451
182.6		0.355451
182.7		0.355451
182.8		0.355451
182.9		0.355451
183		0.355451
183.1		0.356342
183.2		0.356342
183.3		0.356342
183.4		0.356342
183.5		0.356342
183.6		0.356342
183.7		0.356342
183.8		0.356342
183.9		0.356342
184		0.356342
184.1		0.359684
184.2		0.359684
184.3		0.359684
184.4		0.359684
184.5		0.359684
184.6		0.359684
184.7		0.359684
184.8		0.359684
184.9		0.359684
185		0.359684
185.1		0.359861
185.2		0.359861
185.3		0.359861
185.4		0.359861
185.5		0.359861
185.6		0.359861
185.7		0.359861
185.8		0.359861
185.9		0.359861
186		0.359861
186.1		0.361059
186.2		0.361059
186.3		0.361059
186.4		0.361059
186.5		0.361059
186.6		0.361059
186.7		0.361059
186.8		0.361059
186.9		0.361059
187		0.361059
187.1		0.364078
187.2		0.364078
187.3		0.364078
187.4		0.364078
187.5		0.364078
187.6		0.364078
187.7		0.364078
187.8		0.364078
187.9		0.364078
188		0.364078
188.1		0.367804
188.2		0.367804
188.3		0.367804
188.4		0.367804
188.5		0.367804
188.6		0.367804
188.7		0.367804
188.8		0.367804
188.9		0.367804
189		0.367804
189.1		0.371054
189.2		0.371054
189.3		0.371054
189.4		0.371054
189.5		0.371054
189.6		0.371054
189.7		0.371054
189.8		0.371054
189.9		0.371054
190		0.371054
190.1		0.371577
190.2		0.371577
190.3		0.371577
190.4		0.371577
190.5		0.371577
190.6		0.371577
190.7		0.371577
190.8		0.371577
190.9		0.371577
191		0.371577
191.1		0.37279
191.2		0.37279
191.3		0.37279
191.4		0.37279
191.5		0.37279
191.6		0.37279
191.7		0.37279
191.8		0.37279
191.9		0.37279
192		0.37279
192.1		0.376724
192.2		0.376724
192.3		0.376724
192.4		0.376724
192.5		0.376724
192.6		0.376724
192.7		0.376724
192.8		0.376724
192.9		0.376724
193		0.376724
193.1		0.377208
193.2		0.377208
193.3		0.377208
193.4		0.377208
193.5		0.377208
193.6		0.377208
193.7		0.377208
193.8		0.377208
193.9		0.377208
194		0.377208
194.1		0.380058
194.2		0.380058
194.3		0.380058
194.4		0.380058
194.5		0.380058
194.6		0.380058
194.7		0.380058
194.8		0.380058
194.9		0.380058
195		0.380058
195.1		0.380442
195.2		0.380442
195.3		0.380442
195.4		0.380442
195.5		0.380442
195.6		0.380442
195.7		0.380442
195.8		0.380442
195.9		0.380442
196		0.380442
196.1		0.386073
196.2		0.386073
196.3		0.386073
196.4		0.386073
196.5		0.386073
196.6		0.386073
196.7		0.386073
196.8		0.386073
196.9		0.386073
197		0.386073
197.1		0.386204
197.2		0.386204
197.3		0.386204
197.4		0.386204
197.5		0.386204
197.6		0.386204
197.7		0.386204
197.8		0.386204
197.9		0.386204
198		0.386204
198.1		0.386473
198.2		0.386473
198.3		0.386473
198.4		0.386473
198.5		0.386473
198.6		0.386473
198.7		0.386473
198.8		0.386473
198.9		0.386473
199		0.386473
199.1		0.388701
199.2		0.388701
199.3		0.388701
199.4		0.388701
199.5		0.388701
199.6		0.388701
199.7		0.388701
199.8		0.388701
199.9		0.388701
200		0.388701
200.1		0.391428
200.2		0.391428
200.3		0.391428
200.4		0.391428
200.5		0.391428
200.6		0.391428
200.7		0.391428
200.8		0.391428
200.9		0.391428
201		0.391428
201.1		0.39543
201.2		0.39543
201.3		0.39543
201.4		0.39543
201.5		0.39543
201.6		0.39543
201.7		0.39543
201.8		0.39543
201.9		0.39543
202		0.39543
202.1		0.395845
202.2		0.395845
202.3		0.395845
202.4		0.395845
202.5		0.395845
202.6		0.395845
202.7		0.395845
202.8		0.395845
202.9		0.395845
203		0.395845
203.1		0.397466
203.2		0.397466
203.3		0.397466
203.4		0.397466
203.5		0.397466
203.6		0.397466
203.7		0.397466
203.8		0.397466
203.9		0.397466
204		0.397466
204.1		0.40256
204.2		0.40256
204.3		0.40256
204.4		0.40256
204.5		0.40256
204.6		0.40256
204.7		0.40256
204.8		0.40256
204.9		0.40256
205		0.40256
205.1		0.40405
205.2		0.40405
205.3		0.40405
205.4		0.40405
205.5		0.40405
205.6		0.40405
205.7		0.40405
205.8		0.40405
205.9		0.40405
206		0.40405
206.1		0.404373
206.2		0.404373
206.3		0.404373
206.4		0.404373
206.5		0.404373
206.6		0.404373
206.7		0.404373
206.8		0.404373
206.9		0.404373
207		0.404373
207.1		0.406532
207.2		0.406532
207.3		0.406532
207.4		0.406532
207.5		0.406532
207.6		0.406532
207.7		0.406532
207.8		0.406532
207.9		0.406532
208		0.406532
208.1		0.409174
208.2		0.409174
208.3		0.409174
208.4		0.409174
208.5		0.409174
208.6		0.409174
208.7		0.409174
208.8		0.409174
208.9		0.409174
209		0.409174
209.1		0.412478
209.2		0.412478
209.3		0.412478
209.4		0.412478
209.5		0.412478
209.6		0.412478
209.7		0.412478
209.8		0.412478
209.9		0.412478
210		0.412478
210.1		0.413914
210.2		0.413914
210.3		0.413914
210.4		0.413914
210.5		0.413914
210.6		0.413914
210.7		0.413914
210.8		0.413914
210.9		0.413914
211		0.413914
211.1		0.414783
211.2		0.414783
211.3		0.414783
211.4		0.414783
211.5		0.414783
211.6		0.414783
211.7		0.414783
211.8		0.414783
211.9		0.414783
212		0.414783
212.1		0.418916
212.2		0.418916
212.3		0.418916
212.4		0.418916
212.5		0.418916
212.6		0.418916
212.7		0.418916
212.8		0.418916
212.9		0.418916
213		0.418916
213.1		0.420445
213.2		0.420445
213.3		0.420445
213.4		0.420445
213.5		0.420445
213.6		0.420445
213.7		0.420445
213.8		0.420445
213.9		0.420445
214		0.420445
214.1		0.422803
214.2		0.422803
214.3		0.422803
214.4		0.422803
214.5		0.422803
214.6		0.422803
214.7		0.422803
214.8		0.422803
214.9		0.422803
215		0.422803
215.1		0.425653
215.2		0.425653
215.3		0.425653
215.4		0.425653
215.5		0.425653
215.6		0.425653
215.7		0.425653
215.8		0.425653
215.9		0.425653
216		0.425653
216.1		0.427505
216.2		0.427505
216.3		0.427505
216.4		0.427505
216.5		0.427505
216.6		0.427505
216.7		0.427505
216.8		0.427505
216.9		0.427505
217		0.427505
217.1		0.42994
217.2		0.42994
217.3		0.42994
217.4		0.42994
217.5		0.42994
217.6		0.42994
217.7		0.42994
217.8		0.42994
217.9		0.42994
218		0.42994
218.1		0.430547
218.2		0.430547
218.3		0.430547
218.4		0.430547
218.5		0.430547
218.6		0.430547
218.7		0.430547
218.8		0.430547
218.9		0.430547
219		0.430547
219.1		0.433389
219.2		0.433389
219.3		0.433389
219.4		0.433389
219.5		0.433389
219.6		0.433389
219.7		0.433389
219.8		0.433389
219.9		0.433389
220		0.433389
220.1		0.435464
220.2		0.435464
220.3		0.435464
220.4		0.435464
220.5		0.435464
220.6		0.435464
220.7		0.435464
220.8		0.435464
220.9		0.435464
221		0.435464
221.1		0.437653
221.2		0.437653
221.3		0.437653
221.4		0.437653
221.5		0.437653
221.6		0.437653
221.7		0.437653
221.8		0.437653
221.9		0.437653
222		0.437653
222.1		0.440749
222.2		0.440749
222.3		0.440749
222.4		0.440749
222.5		0.440749
222.6		0.440749
222.7		0.440749
222.8		0.440749
222.9		0.440749
223		0.440749
223.1		0.440957
223.2		0.440957
223.3		0.440957
223.4		0.440957
223.5		0.440957
223.6		0.440957
223.7		0.440957
223.8		0.440957
223.9		0.440957
224		0.440957
224.1		0.442401
224.2		0.442401
224.3		0.442401
224.4		0.442401
224.5		0.442401
224.6		0.442401
224.7		0.442401
224.8		0.442401
224.9		0.442401
225		0.442401
225.1		0.44479
225.2		0.44479
225.3		0.44479
225.4		0.44479
225.5		0.44479
225.6		0.44479
225.7		0.44479
225.8		0.44479
225.9		0.44479
226		0.44479
226.1		0.451028
226.2		0.451028
226.3		0.451028
226.4		0.451028
226.5		0.451028
226.6		0.451028
226.7		0.451028
226.8		0.451028
226.9		0.451028
227		0.451028
227.1		0.45119
227.2		0.45119
227.3		0.45119
227.4		0.45119
227.5		0.45119
227.6		0.45119
227.7		0.45119
227.8		0.45119
227.9		0.45119
228		0.45119
228.1		0.451827
228.2		0.451827
228.3		0.451827
228.4		0.451827
228.5		0.451827
228.6		0.451827
228.7		0.451827
228.8		0.451827
228.9		0.451827
229		0.451827
229.1		0.453402
229.2		0.453402
229.3		0.453402
229.4		0.453402
229.5		0.453402
229.6		0.453402
229.7		0.453402
229.8		0.453402
229.9		0.453402
230		0.453402
230.1		0.456959
230.2		0.456959
230.3		0.456959
230.4		0.456959
230.5		0.456959
230.6		0.456959
230.7		0.456959
230.8		0.456959
230.9		0.456959
231		0.456959
231.1		0.458257
231.2		0.458257
231.3		0.458257
231.4		0.458257
231.5		0.458257
231.6		0.458257
231.7		0.458257
231.8		0.458257
231.9		0.458257
232		0.458257
232.1		0.461246
232.2		0.461246
232.3		0.461246
232.4		0.461246
232.5		0.461246
232.6		0.461246
232.7		0.461246
232.8		0.461246
232.9		0.461246
233		0.461246
233.1		0.46203
233.2		0.46203
233.3		0.46203
233.4		0.46203
233.5		0.46203
233.6		0.46203
233.7		0.46203
233.8		0.46203
233.9		0.46203
234		0.46203
234.1		0.466086
234.2		0.466086
234.3		0.466086
234.4		0.466086
234.5		0.466086
234.6		0.466086
234.7		0.466086
234.8		0.466086
234.9		0.466086
235		0.466086
235.1		0.468506
235.2		0.468506
235.3		0.468506
235.4		0.468506
235.5		0.468506
235.6		0.468506
235.7		0.468506
235.8		0.468506
235.9		0.468506
236		0.468506
236.1		0.468898
236.2		0.468898
236.3		0.468898
236.4		0.468898
236.5		0.468898
236.6		0.468898
236.7		0.468898
236.8		0.468898
236.9		0.468898
237		0.468898
237.1		0.469428
237.2		0.469428
237.3		0.469428
237.4		0.469428
237.5		0.469428
237.6		0.469428
237.7		0.469428
237.8		0.469428
237.9		0.469428
238		0.469428
238.1		0.473615
238.2		0.473615
238.3		0.473615
238.4		0.473615
238.5		0.473615
238.6		0.473615
238.7		0.473615
238.8		0.473615
238.9		0.473615
239		0.473615
239.1		0.476288
239.2		0.476288
239.3		0.476288
239.4		0.476288
239.5		0.476288
239.6		0.476288
239.7		0.476288
239.8		0.476288
239.9		0.476288
240		0.476288
240.1		0.476964
240.2		0.476964
240.3		0.476964
240.4		0.476964
240.5		0.476964
240.6		0.476964
240.7		0.476964
240.8		0.476964
240.9		0.476964
241		0.476964
241.1		0.477594
241.2		0.477594
241.3		0.477594
241.4		0.477594
241.5		0.477594
241.6		0.477594
241.7		0.477594
241.8		0.477594
241.9		0.477594
242		0.477594
242.1		0.483456
242.2		0.483456
242.3		0.483456
242.4		0.483456
242.5		0.483456
242.6		0.483456
242.7		0.483456
242.8		0.483456
242.9		0.483456
243		0.483456
243.1		0.483709
243.2		0.483709
243.3		0.483709
243.4		0.483709
243.5		0.483709
243.6		0.483709
243.7		0.483709
243.8		0.483709
243.9		0.483709
244		0.483709
244.1		0.485899
244.2		0.485899
244.3		0.485899
244.4		0.485899
244.5		0.485899
244.6		0.485899
244.7		0.485899
244.8		0.485899
244.9		0.485899
245		0.485899
245.1		0.487505
245.2		0.487505
245.3		0.487505
245.4		0.487505
245.5		0.487505
245.6		0.487505
245.7		0.487505
245.8		0.487505
245.9		0.487505
246		0.487505
246.1		0.488933
246.2		0.488933
246.3		0.488933
246.4		0.488933
246.5		0.488933
246.6		0.488933
246.7		0.488933
246.8		0.488933
246.9		0.488933
247		0.488933
247.1		0.492736
247.2		0.492736
247.3		0.492736
247.4		0.492736
247.5		0.492736
247.6		0.492736
247.7		0.492736
247.8		0.492736
247.9		0.492736
248		0.492736
248.1		0.493558
248.2		0.493558
248.3		0.493558
248.4		0.493558
248.5		0.493558
248.6		0.493558
248.7		0.493558
248.8		0.493558
248.9		0.493558
249		0.493558
249.1		0.495172
249.2		0.495172
249.3		0.495172
249.4		0.495172
249.5		0.495172
249.6		0.495172
249.7		0.495172
249.8		0.495172
249.9		0.495172
250		0.495172
250.1		0.497538
250.2		0.497538
250.3		0.497538
250.4		0.497538
250.5		0.497538
250.6		0.497538
250.7		0.497538
250.8		0.497538
250.9		0.497538
251		0.497538
251.1		0.501241
251.2		0.501241
251.3		0.501241
251.4		0.501241
251.5		0.501241
251.6		0.501241
251.7		0.501241
251.8		0.501241
251.9		0.501241
252		0.501241
252.1		0.506472
252.2		0.506472
252.3		0.506472
252.4		0.506472
252.5		0.506472
252.6		0.506472
252.7		0.506472
252.8		0.506472
252.9		0.506472
253		0.506472
253.1		0.507056
253.2		0.507056
253.3		0.507056
253.4		0.507056
253.5		0.507056
253.6		0.507056
253.7		0.507056
253.8		0.507056
253.9		0.507056
254		0.507056
254.1		0.507548
254.2		0.507548
254.3		0.507548
254.4		0.507548
254.5		0.507548
254.6		0.507548
254.7		0.507548
254.8		0.507548
254.9		0.507548
255		0.507548
255.1		0.508086
255.2		0.508086
255.3		0.508086
255.4		0.508086
255.5		0.508086
255.6		0.508086
255.7		0.508086
255.8		0.508086
255.9		0.508086
256		0.508086
256.1		0.513471
256.2		0.513471
256.3		0.513471
256.4		0.513471
256.5		0.513471
256.6		0.513471
256.7		0.513471
256.8		0.513471
256.9		0.513471
257		0.513471
257.1		0.515338
257.2		0.515338
257.3		0.515338
257.4		0.515338
257.5		0.515338
257.6		0.515338
257.7		0.515338
257.8		0.515338
257.9		0.515338
258		0.515338
258.1		0.515522
258.2		0.515522
258.3		0.515522
258.4		0.515522
258.5		0.515522
258.6		0.515522
258.7		0.515522
258.8		0.515522
258.9		0.515522
259		0.515522
259.1		0.517504
259.2		0.517504
259.3		0.517504
259.4		0.517504
259.5		0.517504
259.6		0.517504
259.7		0.517504
259.8		0.517504
259.9		0.517504
260		0.517504
260.1		0.523189
260.2		0.523189
260.3		0.523189
260.4		0.523189
260.5		0.523189
260.6		0.523189
260.7		0.523189
260.8		0.523189
260.9		0.523189
261		0.523189
261.1		0.523973
261.2		0.523973
261.3		0.523973
261.4		0.523973
261.5		0.523973
261.6		0.523973
261.7		0.523973
261.8		0.523973
261.9		0.523973
262		0.523973
262.1		0.524157
262.2		0.524157
262.3		0.524157
262.4		0.524157
262.5		0.524157
262.6		0.524157
262.7		0.524157
262.8		0.524157
262.9		0.524157
263		0.524157
263.1		0.525855
263.2		0.525855
263.3		0.525855
263.4		0.525855
263.5		0.525855
263.6		0.525855
263.7		0.525855
263.8		0.525855
263.9		0.525855
264		0.525855
264.1		0.530411
264.2		0.530411
264.3		0.530411
264.4		0.530411
264.5		0.530411
264.6		0.530411
264.7		0.530411
264.8		0.530411
264.9		0.530411
265		0.530411
265.1		0.533929
265.2		0.533929
265.3		0.533929
265.4		0.533929
265.5		0.533929
265.6		0.533929
265.7		0.533929
265.8		0.533929
265.9		0.533929
266		0.533929
266.1		0.535535
266.2		0.535535
266.3		0.535535
266.4		0.535535
266.5		0.535535
266.6		0.535535
266.7		0.535535
266.8		0.535535
266.9		0.535535
267		0.535535
267.1		0.537033
267.2		0.537033
267.3		0.537033
267.4		0.537033
267.5		0.537033
267.6		0.537033
267.7		0.537033
267.8		0.537033
267.9		0.537033
268		0.537033
268.1		0.53774
268.2		0.53774
268.3		0.53774
268.4		0.53774
268.5		0.53774
268.6		0.53774
268.7		0.53774
268.8		0.53774
268.9		0.53774
269		0.53774
269.1		0.540644
269.2		0.540644
269.3		0.540644
269.4		0.540644
269.5		0.540644
269.6		0.540644
269.7		0.540644
269.8		0.540644
269.9		0.540644
270		0.540644
270.1		0.541043
270.2		0.541043
270.3		0.541043
270.4		0.541043
270.5		0.541043
270.6		0.541043
270.7		0.541043
270.8		0.541043
270.9		0.541043
271		0.541043
271.1		0.54394
271.2		0.54394
271.3		0.54394
271.4		0.54394
271.5		0.54394
271.6		0.54394
271.7		0.54394
271.8		0.54394
271.9		0.54394
272		0.54394
272.1		0.5451
272.2		0.5451
272.3		0.5451
272.4		0.5451
272.5		0.5451
272.6		0.5451
272.7		0.5451
272.8		0.5451
272.9		0.5451
273		0.5451
273.1		0.548718
273.2		0.548718
273.3		0.548718
273.4		0.548718
273.5		0.548718
273.6		0.548718
273.7		0.548718
273.8		0.548718
273.9		0.548718
274		0.548718
274.1		0.550792
274.2		0.550792
274.3		0.550792
274.4		0.550792
274.5		0.550792
274.6		0.550792
274.7		0.550792
274.8		0.550792
274.9		0.550792
275		0.550792
275.1		0.551476
275.2		0.551476
275.3		0.551476
275.4		0.551476
275.5		0.551476
275.6		0.551476
275.7		0.551476
275.8		0.551476
275.9		0.551476
276		0.551476
276.1		0.552644
276.2		0.552644
276.3		0.552644
276.4		0.552644
276.5		0.552644
276.6		0.552644
276.7		0.552644
276.8		0.552644
276.9		0.552644
277		0.552644
277.1		0.554495
277.2		0.554495
277.3		0.554495
277.4		0.554495
277.5		0.554495
277.6		0.554495
277.7		0.554495
277.8		0.554495
277.9		0.554495
278		0.554495
278.1		0.559512
278.2		0.559512
278.3		0.559512
278.4		0.559512
278.5		0.559512
278.6		0.559512
278.7		0.559512
278.8		0.559512
278.9		0.559512
279		0.559512
279.1		0.560457
279.2		0.560457
279.3		0.560457
279.4		0.560457
279.5		0.560457
279.6		0.560457
279.7		0.560457
279.8		0.560457
279.9		0.560457
280		0.560457
280.1		0.562792
280.2		0.562792
280.3		0.562792
280.4		0.562792
280.5		0.562792
280.6		0.562792
280.7		0.562792
280.8		0.562792
280.9		0.562792
281		0.562792
281.1		0.564721
281.2		0.564721
281.3		0.564721
281.4		0.564721
281.5		0.564721
281.6		0.564721
281.7		0.564721
281.8		0.564721
281.9		0.564721
282		0.564721
282.1		0.566365
282.2		0.566365
282.3		0.566365
282.4		0.566365
282.5		0.566365
282.6		0.566365
282.7		0.566365
282.8		0.566365
282.9		0.566365
283		0.566365
283.1		0.57059
283.2		0.57059
283.3		0.57059
283.4		0.57059
283.5		0.57059
283.6		0.57059
283.7		0.57059
283.8		0.57059
283.9		0.57059
284		0.57059
284.1		0.57258
284.2		0.57258
284.3		0.57258
284.4		0.57258
284.5		0.57258
284.6		0.57258
284.7		0.57258
284.8		0.57258
284.9		0.57258
285		0.57258
285.1		0.575653
285.2		0.575653
285.3		0.575653
285.4		0.575653
285.5		0.575653
285.6		0.575653
285.7		0.575653
285.8		0.575653
285.9		0.575653
286		0.575653
286.1		0.575806
286.2		0.575806
286.3		0.575806
286.4		0.575806
286.5		0.575806
286.6		0.575806
286.7		0.575806
286.8		0.575806
286.9		0.575806
287		0.575806
287.1		0.579725
287.2		0.579725
287.3		0.579725
287.4		0.579725
287.5		0.579725
287.6		0.579725
287.7		0.579725
287.8		0.579725
287.9		0.579725
288		0.579725
288.1		0.583535
288.2		0.583535
288.3		0.583535
288.4		0.583535
288.5		0.583535
288.6		0.583535
288.7		0.583535
288.8		0.583535
288.9		0.583535
289		0.583535
289.1		0.584349
289.2		0.584349
289.3		0.584349
289.4		0.584349
289.5		0.584349
289.6		0.584349
289.7		0.584349
289.8		0.584349
289.9		0.584349
290		0.584349
290.1		0.586424
290.2		0.586424
290.3		0.586424
290.4		0.586424
290.5		0.586424
290.6		0.586424
290.7		0.586424
290.8		0.586424
290.9		0.586424
291		0.586424
291.1		0.589043
291.2		0.589043
291.3		0.589043
291.4		0.589043
291.5		0.589043
291.6		0.589043
291.7		0.589043
291.8		0.589043
291.9		0.589043
292		0.589043
292.1		0.591118
292.2		0.591118
292.3		0.591118
292.4		0.591118
292.5		0.591118
292.6		0.591118
292.7		0.591118
292.8		0.591118
292.9		0.591118
293		0.591118
293.1		0.591678
293.2		0.591678
293.3		0.591678
293.4		0.591678
293.5		0.591678
293.6		0.591678
293.7		0.591678
293.8		0.591678
293.9		0.591678
294		0.591678
294.1		0.595343
294.2		0.595343
294.3		0.595343
294.4		0.595343
294.5		0.595343
294.6		0.595343
294.7		0.595343
294.8		0.595343
294.9		0.595343
295		0.595343
295.1		0.595466
295.2		0.595466
295.3		0.595466
295.4		0.595466
295.5		0.595466
295.6		0.595466
295.7		0.595466
295.8		0.595466
295.9		0.595466
296		0.595466
296.1		0.601957
296.2		0.601957
296.3		0.601957
296.4		0.601957
296.5		0.601957
296.6		0.601957
296.7		0.601957
296.8		0.601957
296.9		0.601957
297		0.601957
297.1		0.602587
297.2		0.602587
297.3		0.602587
297.4		0.602587
297.5		0.602587
297.6		0.602587
297.7		0.602587
297.8		0.602587
297.9		0.602587
298		0.602587
298.1		0.605223
298.2		0.605223
298.3		0.605223
298.4		0.605223
298.5		0.605223
298.6		0.605223
298.7		0.605223
298.8		0.605223
298.9		0.605223
299		0.605223
299.1		0.609602
299.2		0.609602
299.3		0.609602
299.4		0.609602
299.5		0.609602
299.6		0.609602
299.7		0.609602
299.8		0.609602
299.9		0.609602
300		0.609602
300.1		0.615141
300.2		0.615141
300.3		0.615141
300.4		0.615141
300.5		0.615141
300.6		0.615141
300.7		0.615141
300.8		0.615141
300.9		0.615141
301		0.615141
301.1		0.615655
301.2		0.615655
301.3		0.615655
301.4		0.615655
301.5		0.615655
301.6		0.615655
301.7		0.615655
301.8		0.615655
301.9		0.615655
302		0.615655
302.1		0.619927
302.2		0.619927
302.3		0.619927
302.4		0.619927
302.5		0.619927
302.6		0.619927
302.7		0.619927
302.8		0.619927
302.9		0.619927
303		0.619927
303.1		0.620226
303.2		0.620226
303.3		0.620226
303.4		0.620226
303.5		0.620226
303.6		0.620226
303.7		0.620226
303.8		0.620226
303.9		0.620226
304		0.620226
304.1		0.621256
304.2		0.621256
304.3		0.621256
304.4		0.621256
304.5		0.621256
304.6		0.621256
304.7		0.621256
304.8		0.621256
304.9		0.621256
305		0.621256
305.1		0.624552
305.2		0.624552
305.3		0.624552
305.4		0.624552
305.5		0.624552
305.6		0.624552
305.7		0.624552
305.8		0.624552
305.9		0.624552
306		0.624552
306.1		0.624805
306.2		0.624805
306.3		0.624805
306.4		0.624805
306.5		0.624805
306.6		0.624805
306.7		0.624805
306.8		0.624805
306.9		0.624805
307		0.624805
307.1		0.628654
307.2		0.628654
307.3		0.628654
307.4		0.628654
307.5		0.628654
307.6		0.628654
307.7		0.628654
307.8		0.628654
307.9		0.628654
308		0.628654
308.1		0.630721
308.2		0.630721
308.3		0.630721
308.4		0.630721
308.5		0.630721
308.6		0.630721
308.7		0.630721
308.8		0.630721
308.9		0.630721
309		0.630721
309.1		0.63152
309.2		0.63152
309.3		0.63152
309.4		0.63152
309.5		0.63152
309.6		0.63152
309.7		0.63152
309.8		0.63152
309.9		0.63152
310		0.63152
310.1		0.633986
310.2		0.633986
310.3		0.633986
310.4		0.633986
310.5		0.633986
310.6		0.633986
310.7		0.633986
310.8		0.633986
310.9		0.633986
311		0.633986
311.1		0.635607
311.2		0.635607
311.3		0.635607
311.4		0.635607
311.5		0.635607
311.6		0.635607
311.7		0.635607
311.8		0.635607
311.9		0.635607
312		0.635607
312.1		0.638188
312.2		0.638188
312.3		0.638188
312.4		0.638188
312.5		0.638188
312.6		0.638188
312.7		0.638188
312.8		0.638188
312.9		0.638188
313		0.638188
313.1		0.639525
313.2		0.639525
313.3		0.639525
313.4		0.639525
313.5		0.639525
313.6		0.639525
313.7		0.639525
313.8		0.639525
313.9		0.639525
314		0.639525
314.1		0.641015
314.2		0.641015
314.3		0.641015
314.4		0.641015
314.5		0.641015
314.6		0.641015
314.7		0.641015
314.8		0.641015
314.9		0.641015
315		0.641015
315.1		0.646147
315.2		0.646147
315.3		0.646147
315.4		0.646147
315.5		0.646147
315.6		0.646147
315.7		0.646147
315.8		0.646147
315.9		0.646147
316		0.646147
316.1		0.647069
316.2		0.647069
316.3		0.647069
316.4		0.647069
316.5		0.647069
316.6		0.647069
316.7		0.647069
316.8		0.647069
316.9		0.647069
317		0.647069
317.1		0.650472
317.2		0.650472
317.3		0.650472
317.4		0.650472
317.5		0.650472
317.6		0.650472
317.7		0.650472
317.8		0.650472
317.9		0.650472
318		0.650472
318.1		0.65177
318.2		0.65177
318.3		0.65177
318.4		0.65177
318.5		0.65177
318.6		0.65177
318.7		0.65177
318.8		0.65177
318.9		0.65177
319		0.65177
319.1		0.652262
319.2		0.652262
319.3		0.652262
319.4		0.652262
319.5		0.652262
319.6		0.652262
319.7		0.652262
319.8		0.652262
319.9		0.652262
320		0.652262
320.1		0.654667
320.2		0.654667
320.3		0.654667
320.4		0.654667
320.5		0.654667
320.6		0.654667
320.7		0.654667
320.8		0.654667
320.9		0.654667
321		0.654667
321.1		0.65893
321.2		0.65893
321.3		0.65893
321.4		0.65893
321.5		0.65893
321.6		0.65893
321.7		0.65893
321.8		0.65893
321.9		0.65893
322		0.65893
322.1		0.660137
322.2		0.660137
322.3		0.660137
322.4		0.660137
322.5		0.660137
322.6		0.660137
322.7		0.660137
322.8		0.660137
322.9		0.660137
323		0.660137
323.1		0.662219
323.2		0.662219
323.3		0.662219
323.4		0.662219
323.5		0.662219
323.6		0.662219
323.7		0.662219
323.8		0.662219
323.9		0.662219
324		0.662219
324.1		0.663786
324.2		0.663786
324.3		0.663786
324.4		0.663786
324.5		0.663786
324.6		0.663786
324.7		0.663786
324.8		0.663786
324.9		0.663786
325		0.663786
325.1		0.665292
325.2		0.665292
325.3		0.665292
325.4		0.665292
325.5		0.665292
325.6		0.665292
325.7		0.665292
325.8		0.665292
325.9		0.665292
326		0.665292
326.1		0.667504
326.2		0.667504
326.3		0.667504
326.4		0.667504
326.5		0.667504
326.6		0.667504
326.7		0.667504
326.8		0.667504
326.9		0.667504
327		0.667504
327.1		0.672021
327.2		0.672021
327.3		0.672021
327.4		0.672021
327.5		0.672021
327.6		0.672021
327.7		0.672021
327.8		0.672021
327.9		0.672021
328		0.672021
328.1		0.672628
328.2		0.672628
328.3		0.672628
328.4		0.672628
328.5		0.672628
328.6		0.672628
328.7		0.672628
328.8		0.672628
328.9		0.672628
329		0.672628
329.1		0.673266
329.2		0.673266
329.3		0.673266
329.4		0.673266
329.5		0.673266
329.6		0.673266
329.7		0.673266
329.8		0.673266
329.9		0.673266
330		0.673266
330.1		0.675325
330.2		0.675325
330.3		0.675325
330.4		0.675325
330.5		0.675325
330.6		0.675325
330.7		0.675325
330.8		0.675325
330.9		0.675325
331		0.675325
331.1		0.676761
331.2		0.676761
331.3		0.676761
331.4		0.676761
331.5		0.676761
331.6		0.676761
331.7		0.676761
331.8		0.676761
331.9		0.676761
332		0.676761
332.1		0.681924
332.2		0.681924
332.3		0.681924
332.4		0.681924
332.5		0.681924
332.6		0.681924
332.7		0.681924
332.8		0.681924
332.9		0.681924
333		0.681924
333.1		0.68396
333.2		0.68396
333.3		0.68396
333.4		0.68396
333.5		0.68396
333.6		0.68396
333.7		0.68396
333.8		0.68396
333.9		0.68396
334		0.68396
334.1		0.684152
334.2		0.684152
334.3		0.684152
334.4		0.684152
334.5		0.684152
334.6		0.684152
334.7		0.684152
334.8		0.684152
334.9		0.684152
335		0.684152
335.1		0.684605
335.2		0.684605
335.3		0.684605
335.4		0.684605
335.5		0.684605
335.6		0.684605
335.7		0.684605
335.8		0.684605
335.9		0.684605
336		0.684605
336.1		0.688715
336.2		0.688715
336.3		0.688715
336.4		0.688715
336.5		0.688715
336.6		0.688715
336.7		0.688715
336.8		0.688715
336.9		0.688715
337		0.688715
337.1		0.693286
337.2		0.693286
337.3		0.693286
337.4		0.693286
337.5		0.693286
337.6		0.693286
337.7		0.693286
337.8		0.693286
337.9		0.693286
338		0.693286
338.1		0.696037
338.2		0.696037
338.3		0.696037
338.4		0.696037
338.5		0.696037
338.6		0.696037
338.7		0.696037
338.8		0.696037
338.9		0.696037
339		0.696037
339.1		0.697535
339.2		0.697535
339.3		0.697535
339.4		0.697535
339.5		0.697535
339.6		0.697535
339.7		0.697535
339.8		0.697535
339.9		0.697535
340		0.697535
340.1		0.698434
340.2		0.698434
340.3		0.698434
340.4		0.698434
340.5		0.698434
340.6		0.698434
340.7		0.698434
340.8		0.698434
340.9		0.698434
341		0.698434
341.1		0.704257
341.2		0.704257
341.3		0.704257
341.4		0.704257
341.5		0.704257
341.6		0.704257
341.7		0.704257
341.8		0.704257
341.9		0.704257
342		0.704257
342.1		0.706293
342.2		0.706293
342.3		0.706293
342.4		0.706293
342.5		0.706293
342.6		0.706293
342.7		0.706293
342.8		0.706293
342.9		0.706293
343		0.706293
343.1		0.707591
343.2		0.707591
343.3		0.707591
343.4		0.707591
343.5		0.707591
343.6		0.707591
343.7		0.707591
343.8		0.707591
343.9		0.707591
344		0.707591
344.1		0.708597
344.2		0.708597
344.3		0.708597
344.4		0.708597
344.5		0.708597
344.6		0.708597
344.7		0.708597
344.8		0.708597
344.9		0.708597
345		0.708597
345.1		0.712984
345.2		0.712984
345.3		0.712984
345.4		0.712984
345.5		0.712984
345.6		0.712984
345.7		0.712984
345.8		0.712984
345.9		0.712984
346		0.712984
346.1		0.715627
346.2		0.715627
346.3		0.715627
346.4		0.715627
346.5		0.715627
346.6		0.715627
346.7		0.715627
346.8		0.715627
346.9		0.715627
347		0.715627
347.1		0.716019
347.2		0.716019
347.3		0.716019
347.4		0.716019
347.5		0.716019
347.6		0.716019
347.7		0.716019
347.8		0.716019
347.9		0.716019
348		0.716019
348.1		0.717655
348.2		0.717655
348.3		0.717655
348.4		0.717655
348.5		0.717655
348.6		0.717655
348.7		0.717655
348.8		0.717655
348.9		0.717655
349		0.717655
349.1		0.720183
349.2		0.720183
349.3		0.720183
349.4		0.720183
349.5		0.720183
349.6		0.720183
349.7		0.720183
349.8		0.720183
349.9		0.720183
350		0.720183
350.1		0.720459
350.2		0.720459
350.3		0.720459
350.4		0.720459
350.5		0.720459
350.6		0.720459
350.7		0.720459
350.8		0.720459
350.9		0.720459
351		0.720459
351.1		0.72291
351.2		0.72291
351.3		0.72291
351.4		0.72291
351.5		0.72291
351.6		0.72291
351.7		0.72291
351.8		0.72291
351.9		0.72291
352		0.72291
352.1		0.728118
352.2		0.728118
352.3		0.728118
352.4		0.728118
352.5		0.728118
352.6		0.728118
352.7		0.728118
352.8		0.728118
352.9		0.728118
353		0.728118
353.1		0.729309
353.2		0.729309
353.3		0.729309
353.4		0.729309
353.5		0.729309
353.6		0.729309
353.7		0.729309
353.8		0.729309
353.9		0.729309
354		0.729309
354.1		0.729678
354.2		0.729678
354.3		0.729678
354.4		0.729678
354.5		0.729678
354.6		0.729678
354.7		0.729678
354.8		0.729678
354.9		0.729678
355		0.729678
355.1		0.73504
355.2		0.73504
355.3		0.73504
355.4		0.73504
355.5		0.73504
355.6		0.73504
355.7		0.73504
355.8		0.73504
355.9		0.73504
356		0.73504
356.1		0.740349
356.2		0.740349
356.3		0.740349
356.4		0.740349
356.5		0.740349
356.6		0.740349
356.7		0.740349
356.8		0.740349
356.9		0.740349
357		0.740349
357.1		0.742316
357.2		0.742316
357.3		0.742316
357.4		0.742316
357.5		0.742316
357.6		0.742316
357.7		0.742316
357.8		0.742316
357.9		0.742316
358		0.742316
358.1		0.744244
358.2		0.744244
358.3		0.744244
358.4		0.744244
358.5		0.744244
358.6		0.744244
358.7		0.744244
358.8		0.744244
358.9		0.744244
359		0.744244
359.1		0.746126
359.2		0.746126
359.3		0.746126
359.4		0.746126
359.5		0.746126
359.6		0.746126
359.7		0.746126
359.8		0.746126
359.9		0.746126
360		0.746126
360.1		0.749276
360.2		0.749276
360.3		0.749276
360.4		0.749276
360.5		0.749276
360.6		0.749276
360.7		0.749276
360.8		0.749276
360.9		0.749276
361		0.749276
361.1		0.751173
361.2		0.751173
361.3		0.751173
361.4		0.751173
361.5		0.751173
361.6		0.751173
361.7		0.751173
361.8		0.751173
361.9		0.751173
362		0.751173
362.1		0.753471
362.2		0.753471
362.3		0.753471
362.4		0.753471
362.5		0.753471
362.6		0.753471
362.7		0.753471
362.8		0.753471
362.9		0.753471
363		0.753471
363.1		0.754039
363.2		0.754039
363.3		0.754039
363.4		0.754039
363.5		0.754039
363.6		0.754039
363.7		0.754039
363.8		0.754039
363.9		0.754039
364		0.754039
364.1		0.75702
364.2		0.75702
364.3		0.75702
364.4		0.75702
364.5		0.75702
364.6		0.75702
364.7		0.75702
364.8		0.75702
364.9		0.75702
365		0.75702
365.1		0.758549
365.2		0.758549
365.3		0.758549
365.4		0.758549
365.5		0.758549
365.6		0.758549
365.7		0.758549
365.8		0.758549
365.9		0.758549
366		0.758549
366.1		0.760085
366.2		0.760085
366.3		0.760085
366.4		0.760085
366.5		0.760085
366.6		0.760085
366.7		0.760085
366.8		0.760085
366.9		0.760085
367		0.760085
367.1		0.763143
367.2		0.763143
367.3		0.763143
367.4		0.763143
367.5		0.763143
367.6		0.763143
367.7		0.763143
367.8		0.763143
367.9		0.763143
368		0.763143
368.1		0.767145
368.2		0.767145
368.3		0.767145
368.4		0.767145
368.5		0.767145
368.6		0.767145
368.7		0.767145
368.8		0.767145
368.9		0.767145
369		0.767145
369.1		0.768052
369.2		0.768052
369.3		0.768052
369.4		0.768052
369.5		0.768052
369.6		0.768052
369.7		0.768052
369.8		0.768052
369.9		0.768052
370		0.768052
370.1		0.769266
370.2		0.769266
370.3		0.769266
370.4		0.769266
370.5		0.769266
370.6		0.769266
370.7		0.769266
370.8		0.769266
370.9		0.769266
371		0.769266
371.1		0.769842
371.2		0.769842
371.3		0.769842
371.4		0.769842
371.5		0.769842
371.6		0.769842
371.7		0.769842
371.8		0.769842
371.9		0.769842
372		0.769842
372.1		0.774213
372.2		0.774213
372.3		0.774213
372.4		0.774213
372.5		0.774213
372.6		0.774213
372.7		0.774213
372.8		0.774213
372.9		0.774213
373		0.774213
373.1		0.776472
373.2		0.776472
373.3		0.776472
373.4		0.776472
373.5		0.776472
373.6		0.776472
373.7		0.776472
373.8		0.776472
373.9		0.776472
374		0.776472
374.1		0.777847
374.2		0.777847
374.3		0.777847
374.4		0.777847
374.5		0.777847
374.6		0.777847
374.7		0.777847
374.8		0.777847
374.9		0.777847
375		0.777847
375.1		0.781573
375.2		0.781573
375.3		0.781573
375.4		0.781573
375.5		0.781573
375.6		0.781573
375.7		0.781573
375.8		0.781573
375.9		0.781573
376		0.781573
376.1		0.782625
376.2		0.782625
376.3		0.782625
376.4		0.782625
376.5		0.782625
376.6		0.782625
376.7		0.782625
376.8		0.782625
376.9		0.782625
377		0.782625
377.1		0.785814
377.2		0.785814
377.3		0.785814
377.4		0.785814
377.5		0.785814
377.6		0.785814
377.7		0.785814
377.8		0.785814
377.9		0.785814
378		0.785814
378.1		0.786075
378.2		0.786075
378.3		0.786075
378.4		0.786075
378.5		0.786075
378.6		0.786075
378.7		0.786075
378.8		0.786075
378.9		0.786075
379		0.786075
379.1		0.786474
379.2		0.786474
379.3		0.786474
379.4		0.786474
379.5		0.786474
379.6		0.786474
379.7		0.786474
379.8		0.786474
379.9		0.786474
380		0.786474
380.1		0.790823
380.2		0.790823
380.3		0.790823
380.4		0.790823
380.5		0.790823
380.6		0.790823
380.7		0.790823
380.8		0.790823
380.9		0.790823
381		0.790823
381.1		0.793196
381.2		0.793196
381.3		0.793196
381.4		0.793196
381.5		0.793196
381.6		0.793196
381.7		0.793196
381.8		0.793196
381.9		0.793196
382		0.793196
382.1		0.796684
382.2		0.796684
382.3		0.796684
382.4		0.796684
382.5		0.796684
382.6		0.796684
382.7		0.796684
382.8		0.796684
382.9		0.796684
383		0.796684
383.1		0.797022
383.2		0.797022
383.3		0.797022
383.4		0.797022
383.5		0.797022
383.6		0.797022
383.7		0.797022
383.8		0.797022
383.9		0.797022
384		0.797022
384.1		0.798052
384.2		0.798052
384.3		0.798052
384.4		0.798052
384.5		0.798052
384.6		0.798052
384.7		0.798052
384.8		0.798052
384.9		0.798052
385		0.798052
385.1		0.80094
385.2		0.80094
385.3		0.80094
385.4		0.80094
385.5		0.80094
385.6		0.80094
385.7		0.80094
385.8		0.80094
385.9		0.80094
386		0.80094
386.1		0.80283
386.2		0.80283
386.3		0.80283
386.4		0.80283
386.5		0.80283
386.6		0.80283
386.7		0.80283
386.8		0.80283
386.9		0.80283
387		0.80283
387.1		0.804328
387.2		0.804328
387.3		0.804328
387.4		0.804328
387.5		0.804328
387.6		0.804328
387.7		0.804328
387.8		0.804328
387.9		0.804328
388		0.804328
388.1		0.808461
388.2		0.808461
388.3		0.808461
388.4		0.808461
388.5		0.808461
388.6		0.808461
388.7		0.808461
388.8		0.808461
388.9		0.808461
389		0.808461
389.1		0.808945
389.2		0.808945
389.3		0.808945
389.4		0.808945
389.5		0.808945
389.6		0.808945
389.7		0.808945
389.8		0.808945
389.9		0.808945
390		0.808945
390.1		0.811319
390.2		0.811319
390.3		0.811319
390.4		0.811319
390.5		0.811319
390.6		0.811319
390.7		0.811319
390.8		0.811319
390.9		0.811319
391		0.811319
391.1		0.813301
391.2		0.813301
391.3		0.813301
391.4		0.813301
391.5		0.813301
391.6		0.813301
391.7		0.813301
391.8		0.813301
391.9		0.813301
392		0.813301
392.1		0.813977
392.2		0.813977
392.3		0.813977
392.4		0.813977
392.5		0.813977
392.6		0.813977
392.7		0.813977
392.8		0.813977
392.9		0.813977
393		0.813977
393.1		0.814116
393.2		0.814116
393.3		0.814116
393.4		0.814116
393.5		0.814116
393.6		0.814116
393.7		0.814116
393.8		0.814116
393.9		0.814116
394		0.814116
394.1		0.821568
394.2		0.821568
394.3		0.821568
394.4		0.821568
394.5		0.821568
394.6		0.821568
394.7		0.821568
394.8		0.821568
394.9		0.821568
395		0.821568
395.1		0.823096
395.2		0.823096
395.3		0.823096
395.4		0.823096
395.5		0.823096
395.6		0.823096
395.7		0.823096
395.8		0.823096
395.9		0.823096
396		0.823096
396.1		0.823557
396.2		0.823557
396.3		0.823557
396.4		0.823557
396.5		0.823557
396.6		0.823557
396.7		0.823557
396.8		0.823557
396.9		0.823557
397		0.823557
397.1		0.825278
397.2		0.825278
397.3		0.825278
397.4		0.825278
397.5		0.825278
397.6		0.825278
397.7		0.825278
397.8		0.825278
397.9		0.825278
398		0.825278
398.1		0.827545
398.2		0.827545
398.3		0.827545
398.4		0.827545
398.5		0.827545
398.6		0.827545
398.7		0.827545
398.8		0.827545
398.9		0.827545
399		0.827545
399.1		0.831693
399.2		0.831693
399.3		0.831693
399.4		0.831693
399.5		0.831693
399.6		0.831693
399.7		0.831693
399.8		0.831693
399.9		0.831693
400		0.831693
400.1		0.832822
400.2		0.832822
400.3		0.832822
400.4		0.832822
400.5		0.832822
400.6		0.832822
400.7		0.832822
400.8		0.832822
400.9		0.832822
401		0.832822
401.1		0.835281
401.2		0.835281
401.3		0.835281
401.4		0.835281
401.5		0.835281
401.6		0.835281
401.7		0.835281
401.8		0.835281
401.9		0.835281
402		0.835281
402.1		0.836733
402.2		0.836733
402.3		0.836733
402.4		0.836733
402.5		0.836733
402.6		0.836733
402.7		0.836733
402.8		0.836733
402.9		0.836733
403		0.836733
403.1		0.838023
403.2		0.838023
403.3		0.838023
403.4		0.838023
403.5		0.838023
403.6		0.838023
403.7		0.838023
403.8		0.838023
403.9		0.838023
404		0.838023
404.1		0.840359
404.2		0.840359
404.3		0.840359
404.4		0.840359
404.5		0.840359
404.6		0.840359
404.7		0.840359
404.8		0.840359
404.9		0.840359
405		0.840359
405.1		0.84274
405.2		0.84274
405.3		0.84274
405.4		0.84274
405.5		0.84274
405.6		0.84274
405.7		0.84274
405.8		0.84274
405.9		0.84274
406		0.84274
406.1		0.844569
406.2		0.844569
406.3		0.844569
406.4		0.844569
406.5		0.844569
406.6		0.844569
406.7		0.844569
406.8		0.844569
406.9		0.844569
407		0.844569
407.1		0.847335
407.2		0.847335
407.3		0.847335
407.4		0.847335
407.5		0.847335
407.6		0.847335
407.7		0.847335
407.8		0.847335
407.9		0.847335
408		0.847335
408.1		0.848218
408.2		0.848218
408.3		0.848218
408.4		0.848218
408.5		0.848218
408.6		0.848218
408.7		0.848218
408.8		0.848218
408.9		0.848218
409		0.848218
409.1		0.851445
409.2		0.851445
409.3		0.851445
409.4		0.851445
409.5		0.851445
409.6		0.851445
409.7		0.851445
409.8		0.851445
409.9		0.851445
410		0.851445
410.1		0.852167
410.2		0.852167
410.3		0.852167
410.4		0.852167
410.5		0.852167
410.6		0.852167
410.7		0.852167
410.8		0.852167
410.9		0.852167
411		0.852167
411.1		0.854495
411.2		0.854495
411.3		0.854495
411.4		0.854495
411.5		0.854495
411.6		0.854495
411.7		0.854495
411.8		0.854495
411.9		0.854495
412		0.854495
412.1		0.858105
412.2		0.858105
412.3		0.858105
412.4		0.858105
412.5		0.858105
412.6		0.858105
412.7		0.858105
412.8		0.858105
412.9		0.858105
413		0.858105
413.1		0.859381
413.2		0.859381
413.3		0.859381
413.4		0.859381
413.5		0.859381
413.6		0.859381
413.7		0.859381
413.8		0.859381
413.9		0.859381
414		0.859381
414.1		0.86021
414.2		0.86021
414.3		0.86021
414.4		0.86021
414.5		0.86021
414.6		0.86021
414.7		0.86021
414.8		0.86021
414.9		0.86021
415		0.86021
415.1		0.861463
415.2		0.861463
415.3		0.861463
415.4		0.861463
415.5		0.861463
415.6		0.861463
415.7		0.861463
415.8		0.861463
415.9		0.861463
416		0.861463
416.1		0.866487
416.2		0.866487
416.3		0.866487
416.4		0.866487
416.5		0.866487
416.6		0.866487
416.7		0.866487
416.8		0.866487
416.9		0.866487
417		0.866487
417.1		0.868607
417.2		0.868607
417.3		0.868607
417.4		0.868607
417.5		0.868607
417.6		0.868607
417.7		0.868607
417.8		0.868607
417.9		0.868607
418		0.868607
418.1		0.868876
418.2		0.868876
418.3		0.868876
418.4		0.868876
418.5		0.868876
418.6		0.868876
418.7		0.868876
418.8		0.868876
418.9		0.868876
419		0.868876
419.1		0.869591
419.2		0.869591
419.3		0.869591
419.4		0.869591
419.5		0.869591
419.6		0.869591
419.7		0.869591
419.8		0.869591
419.9		0.869591
420		0.869591
420.1		0.875606
420.2		0.875606
420.3		0.875606
420.4		0.875606
420.5		0.875606
420.6		0.875606
420.7		0.875606
420.8		0.875606
420.9		0.875606
421		0.875606
421.1		0.875898
421.2		0.875898
421.3		0.875898
421.4		0.875898
421.5		0.875898
421.6		0.875898
421.7		0.875898
421.8		0.875898
421.9		0.875898
422		0.875898
422.1		0.877557
422.2		0.877557
422.3		0.877557
422.4		0.877557
422.5		0.877557
422.6		0.877557
422.7		0.877557
422.8		0.877557
422.9		0.877557
423		0.877557
423.1		0.879509
423.2		0.879509
423.3		0.879509
423.4		0.879509
423.5		0.879509
423.6		0.879509
423.7		0.879509
423.8		0.879509
423.9		0.879509
424		0.879509
424.1		0.882413
424.2		0.882413
424.3		0.882413
424.4		0.882413
424.5		0.882413
424.6		0.882413
424.7		0.882413
424.8		0.882413
424.9		0.882413
425		0.882413
425.1		0.883511
425.2		0.883511
425.3		0.883511
425.4		0.883511
425.5		0.883511
425.6		0.883511
425.7		0.883511
425.8		0.883511
425.9		0.883511
426		0.883511
426.1		0.884433
426.2		0.884433
426.3		0.884433
426.4		0.884433
426.5		0.884433
426.6		0.884433
426.7		0.884433
426.8		0.884433
426.9		0.884433
427		0.884433
427.1		0.886139
427.2		0.886139
427.3		0.886139
427.4		0.886139
427.5		0.886139
427.6		0.886139
427.7		0.886139
427.8		0.886139
427.9		0.886139
428		0.886139
428.1		0.891716
428.2		0.891716
428.3		0.891716
428.4		0.891716
428.5		0.891716
428.6		0.891716
428.7		0.891716
428.8		0.891716
428.9		0.891716
429		0.891716
429.1		0.893276
429.2		0.893276
429.3		0.893276
429.4		0.893276
429.5		0.893276
429.6		0.893276
429.7		0.893276
429.8		0.893276
429.9		0.893276
430		0.893276
430.1		0.894359
430.2		0.894359
430.3		0.894359
430.4		0.894359
430.5		0.894359
430.6		0.894359
430.7		0.894359
430.8		0.894359
430.9		0.894359
431		0.894359
431.1		0.894728
431.2		0.894728
431.3		0.894728
431.4		0.894728
431.5		0.894728
431.6		0.894728
431.7		0.894728
431.8		0.894728
431.9		0.894728
432		0.894728
432.1		0.895903
432.2		0.895903
432.3		0.895903
432.4		0.895903
432.5		0.895903
432.6		0.895903
432.7		0.895903
432.8		0.895903
432.9		0.895903
433		0.895903
433.1		0.90115
433.2		0.90115
433.3		0.90115
433.4		0.90115
433.5		0.90115
433.6		0.90115
433.7		0.90115
433.8		0.90115
433.9		0.90115
434		0.90115
434.1		0.901542
434.2		0.901542
434.3		0.901542
434.4		0.901542
434.5		0.901542
434.6		0.901542
434.7		0.901542
434.8		0.901542
434.9		0.901542
435		0.901542
435.1		0.903416
435.2		0.903416
435.3		0.903416
435.4		0.903416
435.5		0.903416
435.6		0.903416
435.7		0.903416
435.8		0.903416
435.9		0.903416
436		0.903416
436.1		0.905076
436.2		0.905076
436.3		0.905076
436.4		0.905076
436.5		0.905076
436.6		0.905076
436.7		0.905076
436.8		0.905076
436.9		0.905076
437		0.905076
437.1		0.90672
437.2		0.90672
437.3		0.90672
437.4		0.90672
437.5		0.90672
437.6		0.90672
437.7		0.90672
437.8		0.90672
437.9		0.90672
438		0.90672
438.1		0.911583
438.2		0.911583
438.3		0.911583
438.4		0.911583
438.5		0.911583
438.6		0.911583
438.7		0.911583
438.8		0.911583
438.9		0.911583
439		0.911583
439.1		0.913949
439.2		0.913949
439.3		0.913949
439.4		0.913949
439.5		0.913949
439.6		0.913949
439.7		0.913949
439.8		0.913949
439.9		0.913949
440		0.913949
440.1		0.916477
440.2		0.916477
440.3		0.916477
440.4		0.916477
440.5		0.916477
440.6		0.916477
440.7		0.916477
440.8		0.916477
440.9		0.916477
441		0.916477
441.1		0.916776
441.2		0.916776
441.3		0.916776
441.4		0.916776
441.5		0.916776
441.6		0.916776
441.7		0.916776
441.8		0.916776
441.9		0.916776
442		0.916776
442.1		0.921501
442.2		0.921501
442.3		0.921501
442.4		0.921501
442.5		0.921501
442.6		0.921501
442.7		0.921501
442.8		0.921501
442.9		0.921501
443		0.921501
443.1		0.922223
443.2		0.922223
443.3		0.922223
443.4		0.922223
443.5		0.922223
443.6		0.922223
443.7		0.922223
443.8		0.922223
443.9		0.922223
444		0.922223
444.1		0.922523
444.2		0.922523
444.3		0.922523
444.4		0.922523
444.5		0.922523
444.6		0.922523
444.7		0.922523
444.8		0.922523
444.9		0.922523
445		0.922523
445.1		0.927155
445.2		0.927155
445.3		0.927155
445.4		0.927155
445.5		0.927155
445.6		0.927155
445.7		0.927155
445.8		0.927155
445.9		0.927155
446		0.927155
446.1		0.929998
446.2		0.929998
446.3		0.929998
446.4		0.929998
446.5		0.929998
446.6		0.929998
446.7		0.929998
446.8		0.929998
446.9		0.929998
447		0.929998
447.1		0.93052
447.2		0.93052
447.3		0.93052
447.4		0.93052
447.5		0.93052
447.6		0.93052
447.7		0.93052
447.8		0.93052
447.9		0.93052
448		0.93052
448.1		0.931749
448.2		0.931749
448.3		0.931749
448.4		0.931749
448.5		0.931749
448.6		0.931749
448.7		0.931749
448.8		0.931749
448.9		0.931749
449		0.931749
449.1		0.932517
449.2		0.932517
449.3		0.932517
449.4		0.932517
449.5		0.932517
449.6		0.932517
449.7		0.932517
449.8		0.932517
449.9		0.932517
450		0.932517
450.1		0.938717
450.2		0.938717
450.3		0.938717
450.4		0.938717
450.5		0.938717
450.6		0.938717
450.7		0.938717
450.8		0.938717
450.9		0.938717
451		0.938717
451.1		0.939316
451.2		0.939316
451.3		0.939316
451.4		0.939316
451.5		0.939316
451.6		0.939316
451.7		0.939316
451.8		0.939316
451.9		0.939316
452		0.939316
452.1		0.940438
452.2		0.940438
452.3		0.940438
452.4		0.940438
452.5		0.940438
452.6		0.940438
452.7		0.940438
452.8		0.940438
452.9		0.940438
453		0.940438
453.1		0.941452
453.2		0.941452
453.3		0.941452
453.4		0.941452
453.5		0.941452
453.6		0.941452
453.7		0.941452
453.8		0.941452
453.9		0.941452
454		0.941452
454.1		0.944779
454.2		0.944779
454.3		0.944779
454.4		0.944779
454.5		0.944779
454.6		0.944779
454.7		0.944779
454.8		0.944779
454.9		0.944779
455		0.944779
455.1		0.946753
455.2		0.946753
455.3		0.946753
455.4		0.946753
455.5		0.946753
455.6		0.946753
455.7		0.946753
455.8		0.946753
455.9		0.946753
456		0.946753
456.1		0.947076
456.2		0.947076
456.3		0.947076
456.4		0.947076
456.5		0.947076
456.6		0.947076
456.7		0.947076
456.8		0.947076
456.9		0.947076
457		0.947076
457.1		0.950033
457.2		0.950033
457.3		0.950033
457.4		0.950033
457.5		0.950033
457.6		0.950033
457.7		0.950033
457.8		0.950033
457.9		0.950033
458		0.950033
458.1		0.951701
458.2		0.951701
458.3		0.951701
458.4		0.951701
458.5		0.951701
458.6		0.951701
458.7		0.951701
458.8		0.951701
458.9		0.951701
459		0.951701
459.1		0.956064
459.2		0.956064
459.3		0.956064
459.4		0.956064
459.5		0.956064
459.6		0.956064
459.7		0.956064
459.8		0.956064
459.9		0.956064
460		0.956064
460.1		0.956264
460.2		0.956264
460.3		0.956264
460.4		0.956264
460.5		0.956264
460.6		0.956264
460.7		0.956264
460.8		0.956264
460.9		0.956264
461		0.956264
461.1		0.958261
461.2		0.958261
461.3		0.958261
461.4		0.958261
461.5		0.958261
461.6		0.958261
461.7		0.958261
461.8		0.958261
461.9		0.958261
462		0.958261
462.1		0.960144
462.2		0.960144
462.3		0.960144
462.4		0.960144
462.5		0.960144
462.6		0.960144
462.7		0.960144
462.8		0.960144
462.9		0.960144
463		0.960144
463.1		0.961811
463.2		0.961811
463.3		0.961811
463.4		0.961811
463.5		0.961811
463.6		0.961811
463.7		0.961811
463.8		0.961811
463.9		0.961811
464		0.961811
464.1		0.962341
464.2		0.962341
464.3		0.962341
464.4		0.962341
464.5		0.962341
464.6		0.962341
464.7		0.962341
464.8		0.962341
464.9		0.962341
465		0.962341
465.1		0.968095
465.2		0.968095
465.3		0.968095
465.4		0.968095
465.5		0.968095
465.6		0.968095
465.7		0.968095
465.8		0.968095
465.9		0.968095
466		0.968095
466.1		0.968794
466.2		0.968794
466.3		0.968794
466.4		0.968794
466.5		0.968794
466.6		0.968794
466.7		0.968794
466.8		0.968794
466.9		0.968794
467		0.968794
467.1		0.972704
467.2		0.972704
467.3		0.972704
467.4		0.972704
467.5		0.972704
467.6		0.972704
467.7		0.972704
467.8		0.972704
467.9		0.972704
468		0.972704
468.1		0.973234
468.2		0.973234
468.3		0.973234
468.4		0.973234
468.5		0.973234
468.6		0.973234
468.7		0.973234
468.8		0.973234
468.9		0.973234
469		0.973234
469.1		0.97484
469.2		0.97484
469.3		0.97484
469.4		0.97484
469.5		0.97484
469.6		0.97484
469.7		0.97484
469.8		0.97484
469.9		0.97484
470		0.97484
470.1		0.976584
470.2		0.976584
470.3		0.976584
470.4		0.976584
470.5		0.976584
470.6		0.976584
470.7		0.976584
470.8		0.976584
470.9		0.976584
471		0.976584
471.1		0.977997
471.2		0.977997
471.3		0.977997
471.4		0.977997
471.5		0.977997
471.6		0.977997
471.7		0.977997
471.8		0.977997
471.9		0.977997
472		0.977997
472.1		0.984005
472.2		0.984005
472.3		0.984005
472.4		0.984005
472.5		0.984005
472.6		0.984005
472.7		0.984005
472.8		0.984005
472.9		0.984005
473		0.984005
473.1		0.98422
473.2		0.98422
473.3		0.98422
473.4		0.98422
473.5		0.98422
473.6		0.98422
473.7		0.98422
473.8		0.98422
473.9		0.98422
474		0.98422
474.1		0.98568
474.2		0.98568
474.3		0.98568
474.4		0.98568
474.5		0.98568
474.6		0.98568
474.7		0.98568
474.8		0.98568
474.9		0.98568
475		0.98568
475.1		0.9877
475.2		0.9877
475.3		0.9877
475.4		0.9877
475.5		0.9877
475.6		0.9877
475.7		0.9877
475.8		0.9877
475.9		0.9877
476		0.9877
476.1		0.989452
476.2		0.989452
476.3		0.989452
476.4		0.989452
476.5		0.989452
476.6		0.989452
476.7		0.989452
476.8		0.989452
476.9		0.989452
477		0.989452
477.1		0.992241
477.2		0.992241
477.3		0.992241
477.4		0.992241
477.5		0.992241
477.6		0.992241
477.7		0.992241
477.8		0.992241
477.9		0.992241
478		0.992241
478.1		0.995168
478.2		0.995168
478.3		0.995168
478.4		0.995168
478.5		0.995168
478.6		0.995168
478.7		0.995168
478.8		0.995168
478.9		0.995168
479		0.995168
479.1		0.995813
479.2		0.995813
479.3		0.995813
479.4		0.995813
479.5		0.995813
479.6		0.995813
479.7		0.995813
479.8		0.995813
479.9		0.995813
480		0.995813
480.1		0.999101
480.2		0.999101
480.3		0.999101
480.4		0.999101
480.5		0.999101
480.6		0.999101
480.7		0.999101
480.8		0.999101
480.9		0.999101
481		0.999101
481.1		0.999547
481.2		0.999547
481.3		0.999547
481.4		0.999547
481.5		0.999547
481.6		0.999547
481.7		0.999547
481.8		0.999547
481.9		0.999547
482		0.999547
482.1		0.999923
482.2		0.999923
482.3		0.999923
482.4		0.999923
482.5		0.999923
482.6		0.999923
482.7		0.999923
482.8		0.999923
482.9		0.999923
483		0.999923
483.1		1
483.2		1
483.3		1
483.4		1
483.5		1
483.6		1
483.7		1
483.8		1
483.9		1
484		1
484.1		1
484.2		1
484.3		1
484.4		1
484.5		1
484.6		1
484.7		1
484.8		1
484.9		1
485		1
485.1		1
485.2		1
485.3		1
485.4		1
485.5		1
485.6		1
485.7		1
485.8		1
485.9		1
486		1
486.1		1
486.2		1
486.3		1
486.4		1
486.5		1
486.6		1
486.7		1
486.8		1
486.9		1
487		1
487.1		1
487.2		1
487.3		1
487.4		1
487.5		1
487.6		1
487.7		1
487.8		1
487.9		1
488		1
488.1		1
488.2		1
488.3		1
488.4		1
488.5		1
488.6		1
488.7		1
488.8		1
488.9		1
489		1
489.1		1
489.2		1
489.3		1
489.4		1
489.5		1
489.6		1
489.7		1
489.8		1
489.9		1
490		1
490.1		1
490.2		1
490.3		1
490.4		1
490.5		1
490.6		1
490.7		1
490.8		1
490.9		1
491		1
491.1		1
491.2		1
491.3		1
491.4		1
491.5		1
491.6		1
491.7		1
491.8		1
491.9		1
492		1
492.1		1
492.2		1
492.3		1
492.4		1
492.5		1
492.6		1
492.7		1
492.8		1
492.9		1
493		1
493.1		1
493.2		1
493.3		1
493.4		1
493.5		1
493.6		1
493.7		1
493.8		1
493.9		1
494		1
494.1		1
494.2		1
494.3		1
494.4		1
494.5		1
494.6		1
494.7		1
494.8		1
494.9		1
495		1
495.1		1
495.2		1
495.3		1
495.4		1
495.5		1
495.6		1
495.7		1
495.8		1
495.9		1
496		1
496.1		1
496.2		1
496.3		1
496.4		1
496.5		1
496.6		1
496.7		1
496.8		1
496.9		1
497		1
497.1		1
497.2		1
497.3		1
497.4		1
497.5		1
497.6		1
497.7		1
497.8		1
497.9		1
498		1
498.1		1
498.2		1
498.3		1
498.4		1
498.5		1
498.6		1
498.7		1
498.8		1
498.9		1
499		1
499.1		1
499.2		1
499.3		1
499.4		1
499.5		1
499.6		1
499.7		1
499.8		1
499.9		1
500		1
500.1		1
500.2		1
500.3		1
500.4		1
500.5		1
500.6		1
500.7		1
500.8		1
500.9		1
501		1
501.1		1
501.2		1
501.3		1
501.4		1
501.5		1
501.6		1
501.7		1
501.8		1
501.9		1
502		1
502.1		1
502.2		1
502.3		1
502.4		1
502.5		1
502.6		1
502.7		1
502.8		1
502.9		1
503		1
503.1		1
503.2		1
503.3		1
503.4		1
503.5		1
503.6		1
503.7		1
503.8		1
503.9		1
504		1
504.1		1
504.2		1
504.3		1
504.4		1
504.5		1
504.6		1
504.7		1
504.8		1
504.9		1
505		1
505.1		1
505.2		1
505.3		1
505.4		1
505.5		1
505.6		1
505.7		1
505.8		1
505.9		1
506		1
506.1		1
506.2		1
506.3		1
506.4		1
506.5		1
506.6		1
506.7		1
506.8		1
506.9		1
507		1
507.1		1
507.2		1
507.3		1
507.4		1
507.5		1
507.6		1
507.7		1
507.8		1
507.9		1
508		1
508.1		1
508.2		1
508.3		1
508.4		1
508.5		1
508.6		1
508.7		1
508.8		1
508.9		1
509		1
509.1		1
509.2		1
509.3		1
509.4		1
509.5		1
509.6		1
509.7		1
509.8		1
509.9		1
510		1
510.1		1
510.2		1
510.3		1
510.4		1
510.5		1
510.6		1
510.7		1
510.8		1
510.9		1
511		1
511.1		1
511.2		1
511.3		1
511.4		1
511.5		1
511.6		1
511.7		1
511.8		1
511.9		1
512		1
512.1		1
512.2		1
512.3		1
512.4		1
512.5		1
512.6		1
512.7		1
512.8		1
512.9		1
513		1
513.1		1
513.2		1
513.3		1
513.4		1
513.5		1
513.6		1
513.7		1
513.8		1
513.9		1
514		1
514.1		1
514.2		1
514.3		1
514.4		1
514.5		1
514.6		1
514.7		1
514.8		1
514.9		1
515		1
515.1		1
515.2		1
515.3		1
515.4		1
515.5		1
515.6		1
515.7		1
515.8		1
515.9		1
516		1
516.1		1
516.2		1
516.3		1
516.4		1
516.5		1
516.6		1
516.7		1
516.8		1
516.9		1
517		1
517.1		1
517.2		1
517.3		1
517.4		1
517.5		1
517.6		1
517.7		1
517.8		1
517.9		1
518		1
518.1		1
518.2		1
518.3		1
518.4		1
518.5		1
518.6		1
518.7		1
518.8		1
518.9		1
519		1
519.1		1
519.2		1
519.3		1
519.4		1
519.5		1
519.6		1
519.7		1
519.8		1
519.9		1
520		1
520.1		1
520.2		1
520.3		1
520.4		1
520.5		1
520.6		1
520.7		1
520.8		1
520.9		1
521		1
521.1		1
521.2		1
521.3		1
521.4		1
521.5		1
521.6		1
521.7		1
521.8		1
521.9		1
522		1
522.1		1
522.2		1
522.3		1
522.4		1
522.5		1
522.6		1
522.7		1
522.8		1
522.9		1
523		1
523.1		1
523.2		1
523.3		1
523.4		1
523.5		1
523.6		1
523.7		1
523.8		1
523.9		1
524		1
524.1		1
524.2		1
524.3		1
524.4		1
524.5		1
524.6		1
524.7		1
524.8		1
524.9		1
525		1
525.1		1
525.2		1
525.3		1
525.4		1
525.5		1
525.6		1
525.7		1
525.8		1
525.9		1
526		1
526.1		1
526.2		1
526.3		1
526.4		1
526.5		1
526.6		1
526.7		1
526.8		1
526.9		1
527		1
527.1		1
527.2		1
527.3		1
527.4		1
527.5		1
527.6		1
527.7		1
527.8		1
527.9		1
528		1
528.1		1
528.2		1
528.3		1
528.4		1
528.5		1
528.6		1
528.7		1
528.8		1
528.9		1
529		1
529.1		1
529.2		1
529.3		1
529.4		1
529.5		1
529.6		1
529.7		1
529.8		1
529.9		1
530		1
530.1		1
530.2		1
530.3		1
530.4		1
530.5		1
530.6		1
530.7		1
530.8		1
530.9		1
531		1
531.1		1
531.2		1
531.3		1
531.4		1
531.5		1
531.6		1
531.7		1
531.8		1
531.9		1
532		1
532.1		1
532.2		1
532.3		1
532.4		1
532.5		1
532.6		1
532.7		1
532.8		1
532.9		1
533		1
533.1		1
533.2		1
533.3		1
533.4		1
533.5		1
533.6		1
533.7		1
533.8		1
533.9		1
534		1
534.1		1
534.2		1
534.3		1
534.4		1
534.5		1
534.6		1
534.7		1
534.8		1
534.9		1
535		1
535.1		1
535.2		1
535.3		1
535.4		1
535.5		1
535.6		1
535.7		1
535.8		1
535.9		1
536		1
536.1		1
536.2		1
536.3		1
536.4		1
536.5		1
536.6		1
536.7		1
536.8		1
536.9		1
537		1
537.1		1
537.2		1
537.3		1
537.4		1
537.5		1
537.6		1
537.7		1
537.8		1
537.9		1
538		1
538.1		1
538.2		1
538.3		1
538.4		1
538.5		1
538.6		1
538.7		1
538.8		1
538.9		1
539		1
539.1		1
539.2		1
539.3		1
539.4		1
539.5		1
539.6		1
539.7		1
539.8		1
539.9		1
540		1
540.1		1
540.2		1
540.3		1
540.4		1
540.5		1
540.6		1
540.7		1
540.8		1
540.9		1
541		1
541.1		1
541.2		1
541.3		1
541.4		1
541.5		1
541.6		1
541.7		1
541.8		1
541.9		1
542		1
542.1		1
542.2		1
542.3		1
542.4		1
542.5		1
542.6		1
542.7		1
542.8		1
542.9		1
543		1
543.1		1
543.2		1
543.3		1
543.4		1
543.5		1
543.6		1
543.7		1
543.8		1
543.9		1
544		1
544.1		1
544.2		1
544.3		1
544.4		1
544.5		1
544.6		1
544.7		1
544.8		1
544.9		1
545		1
545.1		1
545.2		1
545.3		1
545.4		1
545.5		1
545.6		1
545.7		1
545.8		1
545.9		1
546		1
546.1		1
546.2		1
546.3		1
546.4		1
546.5		1
546.6		1
546.7		1
546.8		1
546.9		1
547		1
547.1		1
547.2		1
547.3		1
547.4		1
547.5		1
547.6		1
547.7		1
547.8		1
547.9		1
548		1
548.1		1
548.2		1
548.3		1
548.4		1
548.5		1
548.6		1
548.7		1
548.8		1
548.9		1
549		1
549.1		1
549.2		1
549.3		1
549.4		1
549.5		1
549.6		1
549.7		1
549.8		1
549.9		1
550		1
550.1		1
550.2		1
550.3		1
550.4		1
550.5		1
550.6		1
550.7		1
550.8		1
550.9		1
551		1
551.1		1
551.2		1
551.3		1
551.4		1
551.5		1
551.6		1
551.7		1
551.8		1
551.9		1
552		1
552.1		1
552.2		1
552.3		1
552.4		1
552.5		1
552.6		1
552.7		1
552.8		1
552.9		1
553		1
553.1		1
553.2		1
553.3		1
553.4		1
553.5		1
553.6		1
553.7		1
553.8		1
553.9		1
554		1
554.1		1
554.2		1
554.3		1
554.4		1
554.5		1
554.6		1
554.7		1
554.8		1
554.9		1
555		1
555.1		1
555.2		1
555.3		1
555.4		1
555.5		1
555.6		1
555.7		1
555.8		1
555.9		1
556		1
556.1		1
556.2		1
556.3		1
556.4		1
556.5		1
556.6		1
556.7		1
556.8		1
556.9		1
557		1
557.1		1
557.2		1
557.3		1
557.4		1
557.5		1
557.6		1
557.7		1
557.8		1
557.9		1
558		1
558.1		1
558.2		1
558.3		1
558.4		1
558.5		1
558.6		1
558.7		1
558.8		1
558.9		1
559		1
559.1		1
559.2		1
559.3		1
559.4		1
559.5		1
559.6		1
559.7		1
559.8		1
559.9		1
560		1
560.1		1
560.2		1
560.3		1
560.4		1
560.5		1
560.6		1
560.7		1
560.8		1
560.9		1
561		1
561.1		1
561.2		1
561.3		1
561.4		1
561.5		1
561.6		1
561.7		1
561.8		1
561.9		1
562		1
562.1		1
562.2		1
562.3		1
562.4		1
562.5		1
562.6		1
562.7		1
562.8		1
562.9		1
563		1
563.1		1
563.2		1
563.3		1
563.4		1
563.5		1
563.6		1
563.7		1
563.8		1
563.9		1
564		1
564.1		1
564.2		1
564.3		1
564.4		1
564.5		1
564.6		1
564.7		1
564.8		1
564.9		1
565		1
565.1		1
565.2		1
565.3		1
565.4		1
565.5		1
565.6		1
565.7		1
565.8		1
565.9		1
566		1
566.1		1
566.2		1
566.3		1
566.4		1
566.5		1
566.6		1
566.7		1
566.8		1
566.9		1
567		1
567.1		1
567.2		1
567.3		1
567.4		1
567.5		1
567.6		1
567.7		1
567.8		1
567.9		1
568		1
568.1		1
568.2		1
568.3		1
568.4		1
568.5		1
568.6		1
568.7		1
568.8		1
568.9		1
569		1
569.1		1
569.2		1
569.3		1
569.4		1
569.5		1
569.6		1
569.7		1
569.8		1
569.9		1
570		1
570.1		1
570.2		1
570.3		1
570.4		1
570.5		1
570.6		1
570.7		1
570.8		1
570.9		1
571		1
571.1		1
571.2		1
571.3		1
571.4		1
571.5		1
571.6		1
571.7		1
571.8		1
571.9		1
572		1
572.1		1
572.2		1
572.3		1
572.4		1
572.5		1
572.6		1
572.7		1
572.8		1
572.9		1
573		1
573.1		1
573.2		1
573.3		1
573.4		1
573.5		1
573.6		1
573.7		1
573.8		1
573.9		1
574		1
574.1		1
574.2		1
574.3		1
574.4		1
574.5		1
574.6		1
574.7		1
574.8		1
574.9		1
575		1
575.1		1
575.2		1
575.3		1
575.4		1
575.5		1
575.6		1
575.7		1
575.8		1
575.9		1
576		1
576.1		1
576.2		1
576.3		1
576.4		1
576.5		1
576.6		1
576.7		1
576.8		1
576.9		1
577		1
577.1		1
577.2		1
577.3		1
577.4		1
577.5		1
577.6		1
577.7		1
577.8		1
577.9		1
578		1
578.1		1
578.2		1
578.3		1
578.4		1
578.5		1
578.6		1
578.7		1
578.8		1
578.9		1
579		1
579.1		1
579.2		1
579.3		1
579.4		1
579.5		1
579.6		1
579.7		1
579.8		1
579.9		1
580		1
580.1		1
580.2		1
580.3		1
580.4		1
580.5		1
580.6		1
580.7		1
580.8		1
580.9		1
581		1
581.1		1
581.2		1
581.3		1
581.4		1
581.5		1
581.6		1
581.7		1
581.8		1
581.9		1
582		1
582.1		1
582.2		1
582.3		1
582.4		1
582.5		1
582.6		1
582.7		1
582.8		1
582.9		1
583		1
583.1		1
583.2		1
583.3		1
583.4		1
583.5		1
583.6		1
583.7		1
583.8		1
583.9		1
584		1
584.1		1
584.2		1
584.3		1
584.4		1
584.5		1
584.6		1
584.7		1
584.8		1
584.9		1
585		1
585.1		1
585.2		1
585.3		1
585.4		1
585.5		1
585.6		1
585.7		1
585.8		1
585.9		1
586		1
586.1		1
586.2		1
586.3		1
586.4		1
586.5		1
586.6		1
586.7		1
586.8		1
586.9		1
587		1
587.1		1
587.2		1
587.3		1
587.4		1
587.5		1
587.6		1
587.7		1
587.8		1
587.9		1
588		1
588.1		1
588.2		1
588.3		1
588.4		1
588.5		1
588.6		1
588.7		1
588.8		1
588.9		1
589		1
589.1		1
589.2		1
589.3		1
589.4		1
589.5		1
589.6		1
589.7		1
589.8		1
589.9		1
590		1
590.1		1
590.2		1
590.3		1
590.4		1
590.5		1
590.6		1
590.7		1
590.8		1
590.9		1
591		1
591.1		1
591.2		1
591.3		1
591.4		1
591.5		1
591.6		1
591.7		1
591.8		1
591.9		1
592		1
592.1		1
592.2		1
592.3		1
592.4		1
592.5		1
592.6		1
592.7		1
592.8		1
592.9		1
593		1
593.1		1
593.2		1
593.3		1
593.4		1
593.5		1
593.6		1
593.7		1
593.8		1
593.9		1
594		1
594.1		1
594.2		1
594.3		1
594.4		1
594.5		1
594.6		1
594.7		1
594.8		1
594.9		1
595		1
595.1		1
595.2		1
595.3		1
595.4		1
595.5		1
595.6		1
595.7		1
595.8		1
595.9		1
596		1
596.1		1
596.2		1
596.3		1
596.4		1
596.5		1
596.6		1
596.7		1
596.8		1
596.9		1
597		1
597.1		1
597.2		1
597.3		1
597.4		1
597.5		1
597.6		1
597.7		1
597.8		1
597.9		1
598		1
598.1		1
598.2		1
598.3		1
598.4		1
598.5		1
598.6		1
598.7		1
598.8		1
598.9		1
599		1
599.1		1
599.2		1
599.3		1
599.4		1
599.5		1
599.6		1
599.7		1
599.8		1
599.9		1
600		1
