# Calibration file of tamex_id 0 @ channel 56
# fine_T bin		 Calibration value
0.1		0
0.2		0
0.3		0
0.4		0
0.5		0
0.6		0
0.7		0
0.8		0
0.9		0
1		0
1.1		0
1.2		0
1.3		0
1.4		0
1.5		0
1.6		0
1.7		0
1.8		0
1.9		0
2		0
2.1		0
2.2		0
2.3		0
2.4		0
2.5		0
2.6		0
2.7		0
2.8		0
2.9		0
3		0
3.1		0
3.2		0
3.3		0
3.4		0
3.5		0
3.6		0
3.7		0
3.8		0
3.9		0
4		0
4.1		0
4.2		0
4.3		0
4.4		0
4.5		0
4.6		0
4.7		0
4.8		0
4.9		0
5		0
5.1		0
5.2		0
5.3		0
5.4		0
5.5		0
5.6		0
5.7		0
5.8		0
5.9		0
6		0
6.1		0
6.2		0
6.3		0
6.4		0
6.5		0
6.6		0
6.7		0
6.8		0
6.9		0
7		0
7.1		0
7.2		0
7.3		0
7.4		0
7.5		0
7.6		0
7.7		0
7.8		0
7.9		0
8		0
8.1		0
8.2		0
8.3		0
8.4		0
8.5		0
8.6		0
8.7		0
8.8		0
8.9		0
9		0
9.1		0
9.2		0
9.3		0
9.4		0
9.5		0
9.6		0
9.7		0
9.8		0
9.9		0
10		0
10.1		0
10.2		0
10.3		0
10.4		0
10.5		0
10.6		0
10.7		0
10.8		0
10.9		0
11		0
11.1		0
11.2		0
11.3		0
11.4		0
11.5		0
11.6		0
11.7		0
11.8		0
11.9		0
12		0
12.1		0
12.2		0
12.3		0
12.4		0
12.5		0
12.6		0
12.7		0
12.8		0
12.9		0
13		0
13.1		0
13.2		0
13.3		0
13.4		0
13.5		0
13.6		0
13.7		0
13.8		0
13.9		0
14		0
14.1		0
14.2		0
14.3		0
14.4		0
14.5		0
14.6		0
14.7		0
14.8		0
14.9		0
15		0
15.1		0
15.2		0
15.3		0
15.4		0
15.5		0
15.6		0
15.7		0
15.8		0
15.9		0
16		0
16.1		0
16.2		0
16.3		0
16.4		0
16.5		0
16.6		0
16.7		0
16.8		0
16.9		0
17		0
17.1		0.00720875
17.2		0.00720875
17.3		0.00720875
17.4		0.00720875
17.5		0.00720875
17.6		0.00720875
17.7		0.00720875
17.8		0.00720875
17.9		0.00720875
18		0.00720875
18.1		0.0076684
18.2		0.0076684
18.3		0.0076684
18.4		0.0076684
18.5		0.0076684
18.6		0.0076684
18.7		0.0076684
18.8		0.0076684
18.9		0.0076684
19		0.0076684
19.1		0.00880614
19.2		0.00880614
19.3		0.00880614
19.4		0.00880614
19.5		0.00880614
19.6		0.00880614
19.7		0.00880614
19.8		0.00880614
19.9		0.00880614
20		0.00880614
20.1		0.0148453
20.2		0.0148453
20.3		0.0148453
20.4		0.0148453
20.5		0.0148453
20.6		0.0148453
20.7		0.0148453
20.8		0.0148453
20.9		0.0148453
21		0.0148453
21.1		0.0171754
21.2		0.0171754
21.3		0.0171754
21.4		0.0171754
21.5		0.0171754
21.6		0.0171754
21.7		0.0171754
21.8		0.0171754
21.9		0.0171754
22		0.0171754
22.1		0.0179718
22.2		0.0179718
22.3		0.0179718
22.4		0.0179718
22.5		0.0179718
22.6		0.0179718
22.7		0.0179718
22.8		0.0179718
22.9		0.0179718
23		0.0179718
23.1		0.0184679
23.2		0.0184679
23.3		0.0184679
23.4		0.0184679
23.5		0.0184679
23.6		0.0184679
23.7		0.0184679
23.8		0.0184679
23.9		0.0184679
24		0.0184679
24.1		0.0231508
24.2		0.0231508
24.3		0.0231508
24.4		0.0231508
24.5		0.0231508
24.6		0.0231508
24.7		0.0231508
24.8		0.0231508
24.9		0.0231508
25		0.0231508
25.1		0.0244023
25.2		0.0244023
25.3		0.0244023
25.4		0.0244023
25.5		0.0244023
25.6		0.0244023
25.7		0.0244023
25.8		0.0244023
25.9		0.0244023
26		0.0244023
26.1		0.0247801
26.2		0.0247801
26.3		0.0247801
26.4		0.0247801
26.5		0.0247801
26.6		0.0247801
26.7		0.0247801
26.8		0.0247801
26.9		0.0247801
27		0.0247801
27.1		0.0268007
27.2		0.0268007
27.3		0.0268007
27.4		0.0268007
27.5		0.0268007
27.6		0.0268007
27.7		0.0268007
27.8		0.0268007
27.9		0.0268007
28		0.0268007
28.1		0.0294858
28.2		0.0294858
28.3		0.0294858
28.4		0.0294858
28.5		0.0294858
28.6		0.0294858
28.7		0.0294858
28.8		0.0294858
28.9		0.0294858
29		0.0294858
29.1		0.0335271
29.2		0.0335271
29.3		0.0335271
29.4		0.0335271
29.5		0.0335271
29.6		0.0335271
29.7		0.0335271
29.8		0.0335271
29.9		0.0335271
30		0.0335271
30.1		0.034551
30.2		0.034551
30.3		0.034551
30.4		0.034551
30.5		0.034551
30.6		0.034551
30.7		0.034551
30.8		0.034551
30.9		0.034551
31		0.034551
31.1		0.0353839
31.2		0.0353839
31.3		0.0353839
31.4		0.0353839
31.5		0.0353839
31.6		0.0353839
31.7		0.0353839
31.8		0.0353839
31.9		0.0353839
32		0.0353839
32.1		0.0395389
32.2		0.0395389
32.3		0.0395389
32.4		0.0395389
32.5		0.0395389
32.6		0.0395389
32.7		0.0395389
32.8		0.0395389
32.9		0.0395389
33		0.0395389
33.1		0.0398757
33.2		0.0398757
33.3		0.0398757
33.4		0.0398757
33.5		0.0398757
33.6		0.0398757
33.7		0.0398757
33.8		0.0398757
33.9		0.0398757
34		0.0398757
34.1		0.0433299
34.2		0.0433299
34.3		0.0433299
34.4		0.0433299
34.5		0.0433299
34.6		0.0433299
34.7		0.0433299
34.8		0.0433299
34.9		0.0433299
35		0.0433299
35.1		0.0460104
35.2		0.0460104
35.3		0.0460104
35.4		0.0460104
35.5		0.0460104
35.6		0.0460104
35.7		0.0460104
35.8		0.0460104
35.9		0.0460104
36		0.0460104
36.1		0.0461378
36.2		0.0461378
36.3		0.0461378
36.4		0.0461378
36.5		0.0461378
36.6		0.0461378
36.7		0.0461378
36.8		0.0461378
36.9		0.0461378
37		0.0461378
37.1		0.0503429
37.2		0.0503429
37.3		0.0503429
37.4		0.0503429
37.5		0.0503429
37.6		0.0503429
37.7		0.0503429
37.8		0.0503429
37.9		0.0503429
38		0.0503429
38.1		0.0509436
38.2		0.0509436
38.3		0.0509436
38.4		0.0509436
38.5		0.0509436
38.6		0.0509436
38.7		0.0509436
38.8		0.0509436
38.9		0.0509436
39		0.0509436
39.1		0.0539837
39.2		0.0539837
39.3		0.0539837
39.4		0.0539837
39.5		0.0539837
39.6		0.0539837
39.7		0.0539837
39.8		0.0539837
39.9		0.0539837
40		0.0539837
40.1		0.054548
40.2		0.054548
40.3		0.054548
40.4		0.054548
40.5		0.054548
40.6		0.054548
40.7		0.054548
40.8		0.054548
40.9		0.054548
41		0.054548
41.1		0.0567552
41.2		0.0567552
41.3		0.0567552
41.4		0.0567552
41.5		0.0567552
41.6		0.0567552
41.7		0.0567552
41.8		0.0567552
41.9		0.0567552
42		0.0567552
42.1		0.0597361
42.2		0.0597361
42.3		0.0597361
42.4		0.0597361
42.5		0.0597361
42.6		0.0597361
42.7		0.0597361
42.8		0.0597361
42.9		0.0597361
43		0.0597361
43.1		0.0624167
43.2		0.0624167
43.3		0.0624167
43.4		0.0624167
43.5		0.0624167
43.6		0.0624167
43.7		0.0624167
43.8		0.0624167
43.9		0.0624167
44		0.0624167
44.1		0.0632358
44.2		0.0632358
44.3		0.0632358
44.4		0.0632358
44.5		0.0632358
44.6		0.0632358
44.7		0.0632358
44.8		0.0632358
44.9		0.0632358
45		0.0632358
45.1		0.0651563
45.2		0.0651563
45.3		0.0651563
45.4		0.0651563
45.5		0.0651563
45.6		0.0651563
45.7		0.0651563
45.8		0.0651563
45.9		0.0651563
46		0.0651563
46.1		0.0697483
46.2		0.0697483
46.3		0.0697483
46.4		0.0697483
46.5		0.0697483
46.6		0.0697483
46.7		0.0697483
46.8		0.0697483
46.9		0.0697483
47		0.0697483
47.1		0.0706949
47.2		0.0706949
47.3		0.0706949
47.4		0.0706949
47.5		0.0706949
47.6		0.0706949
47.7		0.0706949
47.8		0.0706949
47.9		0.0706949
48		0.0706949
48.1		0.0725062
48.2		0.0725062
48.3		0.0725062
48.4		0.0725062
48.5		0.0725062
48.6		0.0725062
48.7		0.0725062
48.8		0.0725062
48.9		0.0725062
49		0.0725062
49.1		0.0736803
49.2		0.0736803
49.3		0.0736803
49.4		0.0736803
49.5		0.0736803
49.6		0.0736803
49.7		0.0736803
49.8		0.0736803
49.9		0.0736803
50		0.0736803
50.1		0.076238
50.2		0.076238
50.3		0.076238
50.4		0.076238
50.5		0.076238
50.6		0.076238
50.7		0.076238
50.8		0.076238
50.9		0.076238
51		0.076238
51.1		0.0789003
51.2		0.0789003
51.3		0.0789003
51.4		0.0789003
51.5		0.0789003
51.6		0.0789003
51.7		0.0789003
51.8		0.0789003
51.9		0.0789003
52		0.0789003
52.1		0.0810074
52.2		0.0810074
52.3		0.0810074
52.4		0.0810074
52.5		0.0810074
52.6		0.0810074
52.7		0.0810074
52.8		0.0810074
52.9		0.0810074
53		0.0810074
53.1		0.0817902
53.2		0.0817902
53.3		0.0817902
53.4		0.0817902
53.5		0.0817902
53.6		0.0817902
53.7		0.0817902
53.8		0.0817902
53.9		0.0817902
54		0.0817902
54.1		0.0871467
54.2		0.0871467
54.3		0.0871467
54.4		0.0871467
54.5		0.0871467
54.6		0.0871467
54.7		0.0871467
54.8		0.0871467
54.9		0.0871467
55		0.0871467
55.1		0.0878794
55.2		0.0878794
55.3		0.0878794
55.4		0.0878794
55.5		0.0878794
55.6		0.0878794
55.7		0.0878794
55.8		0.0878794
55.9		0.0878794
56		0.0878794
56.1		0.0880523
56.2		0.0880523
56.3		0.0880523
56.4		0.0880523
56.5		0.0880523
56.6		0.0880523
56.7		0.0880523
56.8		0.0880523
56.9		0.0880523
57		0.0880523
57.1		0.0881888
57.2		0.0881888
57.3		0.0881888
57.4		0.0881888
57.5		0.0881888
57.6		0.0881888
57.7		0.0881888
57.8		0.0881888
57.9		0.0881888
58		0.0881888
58.1		0.0940733
58.2		0.0940733
58.3		0.0940733
58.4		0.0940733
58.5		0.0940733
58.6		0.0940733
58.7		0.0940733
58.8		0.0940733
58.9		0.0940733
59		0.0940733
59.1		0.0973045
59.2		0.0973045
59.3		0.0973045
59.4		0.0973045
59.5		0.0973045
59.6		0.0973045
59.7		0.0973045
59.8		0.0973045
59.9		0.0973045
60		0.0973045
60.1		0.0988472
60.2		0.0988472
60.3		0.0988472
60.4		0.0988472
60.5		0.0988472
60.6		0.0988472
60.7		0.0988472
60.8		0.0988472
60.9		0.0988472
61		0.0988472
61.1		0.0991112
61.2		0.0991112
61.3		0.0991112
61.4		0.0991112
61.5		0.0991112
61.6		0.0991112
61.7		0.0991112
61.8		0.0991112
61.9		0.0991112
62		0.0991112
62.1		0.102256
62.2		0.102256
62.3		0.102256
62.4		0.102256
62.5		0.102256
62.6		0.102256
62.7		0.102256
62.8		0.102256
62.9		0.102256
63		0.102256
63.1		0.103849
63.2		0.103849
63.3		0.103849
63.4		0.103849
63.5		0.103849
63.6		0.103849
63.7		0.103849
63.8		0.103849
63.9		0.103849
64		0.103849
64.1		0.105269
64.2		0.105269
64.3		0.105269
64.4		0.105269
64.5		0.105269
64.6		0.105269
64.7		0.105269
64.8		0.105269
64.9		0.105269
65		0.105269
65.1		0.109114
65.2		0.109114
65.3		0.109114
65.4		0.109114
65.5		0.109114
65.6		0.109114
65.7		0.109114
65.8		0.109114
65.9		0.109114
66		0.109114
66.1		0.11093
66.2		0.11093
66.3		0.11093
66.4		0.11093
66.5		0.11093
66.6		0.11093
66.7		0.11093
66.8		0.11093
66.9		0.11093
67		0.11093
67.1		0.113351
67.2		0.113351
67.3		0.113351
67.4		0.113351
67.5		0.113351
67.6		0.113351
67.7		0.113351
67.8		0.113351
67.9		0.113351
68		0.113351
68.1		0.115153
68.2		0.115153
68.3		0.115153
68.4		0.115153
68.5		0.115153
68.6		0.115153
68.7		0.115153
68.8		0.115153
68.9		0.115153
69		0.115153
69.1		0.11549
69.2		0.11549
69.3		0.11549
69.4		0.11549
69.5		0.11549
69.6		0.11549
69.7		0.11549
69.8		0.11549
69.9		0.11549
70		0.11549
70.1		0.119914
70.2		0.119914
70.3		0.119914
70.4		0.119914
70.5		0.119914
70.6		0.119914
70.7		0.119914
70.8		0.119914
70.9		0.119914
71		0.119914
71.1		0.122189
71.2		0.122189
71.3		0.122189
71.4		0.122189
71.5		0.122189
71.6		0.122189
71.7		0.122189
71.8		0.122189
71.9		0.122189
72		0.122189
72.1		0.124237
72.2		0.124237
72.3		0.124237
72.4		0.124237
72.5		0.124237
72.6		0.124237
72.7		0.124237
72.8		0.124237
72.9		0.124237
73		0.124237
73.1		0.125097
73.2		0.125097
73.3		0.125097
73.4		0.125097
73.5		0.125097
73.6		0.125097
73.7		0.125097
73.8		0.125097
73.9		0.125097
74		0.125097
74.1		0.127427
74.2		0.127427
74.3		0.127427
74.4		0.127427
74.5		0.127427
74.6		0.127427
74.7		0.127427
74.8		0.127427
74.9		0.127427
75		0.127427
75.1		0.129971
75.2		0.129971
75.3		0.129971
75.4		0.129971
75.5		0.129971
75.6		0.129971
75.7		0.129971
75.8		0.129971
75.9		0.129971
76		0.129971
76.1		0.131146
76.2		0.131146
76.3		0.131146
76.4		0.131146
76.5		0.131146
76.6		0.131146
76.7		0.131146
76.8		0.131146
76.9		0.131146
77		0.131146
77.1		0.136416
77.2		0.136416
77.3		0.136416
77.4		0.136416
77.5		0.136416
77.6		0.136416
77.7		0.136416
77.8		0.136416
77.9		0.136416
78		0.136416
78.1		0.136889
78.2		0.136889
78.3		0.136889
78.4		0.136889
78.5		0.136889
78.6		0.136889
78.7		0.136889
78.8		0.136889
78.9		0.136889
79		0.136889
79.1		0.137394
79.2		0.137394
79.3		0.137394
79.4		0.137394
79.5		0.137394
79.6		0.137394
79.7		0.137394
79.8		0.137394
79.9		0.137394
80		0.137394
80.1		0.142509
80.2		0.142509
80.3		0.142509
80.4		0.142509
80.5		0.142509
80.6		0.142509
80.7		0.142509
80.8		0.142509
80.9		0.142509
81		0.142509
81.1		0.14281
81.2		0.14281
81.3		0.14281
81.4		0.14281
81.5		0.14281
81.6		0.14281
81.7		0.14281
81.8		0.14281
81.9		0.14281
82		0.14281
82.1		0.143365
82.2		0.143365
82.3		0.143365
82.4		0.143365
82.5		0.143365
82.6		0.143365
82.7		0.143365
82.8		0.143365
82.9		0.143365
83		0.143365
83.1		0.146537
83.2		0.146537
83.3		0.146537
83.4		0.146537
83.5		0.146537
83.6		0.146537
83.7		0.146537
83.8		0.146537
83.9		0.146537
84		0.146537
84.1		0.150483
84.2		0.150483
84.3		0.150483
84.4		0.150483
84.5		0.150483
84.6		0.150483
84.7		0.150483
84.8		0.150483
84.9		0.150483
85		0.150483
85.1		0.151147
85.2		0.151147
85.3		0.151147
85.4		0.151147
85.5		0.151147
85.6		0.151147
85.7		0.151147
85.8		0.151147
85.9		0.151147
86		0.151147
86.1		0.154515
86.2		0.154515
86.3		0.154515
86.4		0.154515
86.5		0.154515
86.6		0.154515
86.7		0.154515
86.8		0.154515
86.9		0.154515
87		0.154515
87.1		0.155671
87.2		0.155671
87.3		0.155671
87.4		0.155671
87.5		0.155671
87.6		0.155671
87.7		0.155671
87.8		0.155671
87.9		0.155671
88		0.155671
88.1		0.159198
88.2		0.159198
88.3		0.159198
88.4		0.159198
88.5		0.159198
88.6		0.159198
88.7		0.159198
88.8		0.159198
88.9		0.159198
89		0.159198
89.1		0.160062
89.2		0.160062
89.3		0.160062
89.4		0.160062
89.5		0.160062
89.6		0.160062
89.7		0.160062
89.8		0.160062
89.9		0.160062
90		0.160062
90.1		0.161232
90.2		0.161232
90.3		0.161232
90.4		0.161232
90.5		0.161232
90.6		0.161232
90.7		0.161232
90.8		0.161232
90.9		0.161232
91		0.161232
91.1		0.163653
91.2		0.163653
91.3		0.163653
91.4		0.163653
91.5		0.163653
91.6		0.163653
91.7		0.163653
91.8		0.163653
91.9		0.163653
92		0.163653
92.1		0.166698
92.2		0.166698
92.3		0.166698
92.4		0.166698
92.5		0.166698
92.6		0.166698
92.7		0.166698
92.8		0.166698
92.9		0.166698
93		0.166698
93.1		0.168896
93.2		0.168896
93.3		0.168896
93.4		0.168896
93.5		0.168896
93.6		0.168896
93.7		0.168896
93.8		0.168896
93.9		0.168896
94		0.168896
94.1		0.169943
94.2		0.169943
94.3		0.169943
94.4		0.169943
94.5		0.169943
94.6		0.169943
94.7		0.169943
94.8		0.169943
94.9		0.169943
95		0.169943
95.1		0.171945
95.2		0.171945
95.3		0.171945
95.4		0.171945
95.5		0.171945
95.6		0.171945
95.7		0.171945
95.8		0.171945
95.9		0.171945
96		0.171945
96.1		0.173775
96.2		0.173775
96.3		0.173775
96.4		0.173775
96.5		0.173775
96.6		0.173775
96.7		0.173775
96.8		0.173775
96.9		0.173775
97		0.173775
97.1		0.177211
97.2		0.177211
97.3		0.177211
97.4		0.177211
97.5		0.177211
97.6		0.177211
97.7		0.177211
97.8		0.177211
97.9		0.177211
98		0.177211
98.1		0.178403
98.2		0.178403
98.3		0.178403
98.4		0.178403
98.5		0.178403
98.6		0.178403
98.7		0.178403
98.8		0.178403
98.9		0.178403
99		0.178403
99.1		0.181488
99.2		0.181488
99.3		0.181488
99.4		0.181488
99.5		0.181488
99.6		0.181488
99.7		0.181488
99.8		0.181488
99.9		0.181488
100		0.181488
100.1		0.183468
100.2		0.183468
100.3		0.183468
100.4		0.183468
100.5		0.183468
100.6		0.183468
100.7		0.183468
100.8		0.183468
100.9		0.183468
101		0.183468
101.1		0.18426
101.2		0.18426
101.3		0.18426
101.4		0.18426
101.5		0.18426
101.6		0.18426
101.7		0.18426
101.8		0.18426
101.9		0.18426
102		0.18426
102.1		0.189048
102.2		0.189048
102.3		0.189048
102.4		0.189048
102.5		0.189048
102.6		0.189048
102.7		0.189048
102.8		0.189048
102.9		0.189048
103		0.189048
103.1		0.189917
103.2		0.189917
103.3		0.189917
103.4		0.189917
103.5		0.189917
103.6		0.189917
103.7		0.189917
103.8		0.189917
103.9		0.189917
104		0.189917
104.1		0.190622
104.2		0.190622
104.3		0.190622
104.4		0.190622
104.5		0.190622
104.6		0.190622
104.7		0.190622
104.8		0.190622
104.9		0.190622
105		0.190622
105.1		0.194081
105.2		0.194081
105.3		0.194081
105.4		0.194081
105.5		0.194081
105.6		0.194081
105.7		0.194081
105.8		0.194081
105.9		0.194081
106		0.194081
106.1		0.19926
106.2		0.19926
106.3		0.19926
106.4		0.19926
106.5		0.19926
106.6		0.19926
106.7		0.19926
106.8		0.19926
106.9		0.19926
107		0.19926
107.1		0.199574
107.2		0.199574
107.3		0.199574
107.4		0.199574
107.5		0.199574
107.6		0.199574
107.7		0.199574
107.8		0.199574
107.9		0.199574
108		0.199574
108.1		0.200798
108.2		0.200798
108.3		0.200798
108.4		0.200798
108.5		0.200798
108.6		0.200798
108.7		0.200798
108.8		0.200798
108.9		0.200798
109		0.200798
109.1		0.200985
109.2		0.200985
109.3		0.200985
109.4		0.200985
109.5		0.200985
109.6		0.200985
109.7		0.200985
109.8		0.200985
109.9		0.200985
110		0.200985
110.1		0.206678
110.2		0.206678
110.3		0.206678
110.4		0.206678
110.5		0.206678
110.6		0.206678
110.7		0.206678
110.8		0.206678
110.9		0.206678
111		0.206678
111.1		0.20803
111.2		0.20803
111.3		0.20803
111.4		0.20803
111.5		0.20803
111.6		0.20803
111.7		0.20803
111.8		0.20803
111.9		0.20803
112		0.20803
112.1		0.209677
112.2		0.209677
112.3		0.209677
112.4		0.209677
112.5		0.209677
112.6		0.209677
112.7		0.209677
112.8		0.209677
112.9		0.209677
113		0.209677
113.1		0.211302
113.2		0.211302
113.3		0.211302
113.4		0.211302
113.5		0.211302
113.6		0.211302
113.7		0.211302
113.8		0.211302
113.9		0.211302
114		0.211302
114.1		0.214997
114.2		0.214997
114.3		0.214997
114.4		0.214997
114.5		0.214997
114.6		0.214997
114.7		0.214997
114.8		0.214997
114.9		0.214997
115		0.214997
115.1		0.217596
115.2		0.217596
115.3		0.217596
115.4		0.217596
115.5		0.217596
115.6		0.217596
115.7		0.217596
115.8		0.217596
115.9		0.217596
116		0.217596
116.1		0.21902
116.2		0.21902
116.3		0.21902
116.4		0.21902
116.5		0.21902
116.6		0.21902
116.7		0.21902
116.8		0.21902
116.9		0.21902
117		0.21902
117.1		0.220022
117.2		0.220022
117.3		0.220022
117.4		0.220022
117.5		0.220022
117.6		0.220022
117.7		0.220022
117.8		0.220022
117.9		0.220022
118		0.220022
118.1		0.224877
118.2		0.224877
118.3		0.224877
118.4		0.224877
118.5		0.224877
118.6		0.224877
118.7		0.224877
118.8		0.224877
118.9		0.224877
119		0.224877
119.1		0.225678
119.2		0.225678
119.3		0.225678
119.4		0.225678
119.5		0.225678
119.6		0.225678
119.7		0.225678
119.8		0.225678
119.9		0.225678
120		0.225678
120.1		0.22622
120.2		0.22622
120.3		0.22622
120.4		0.22622
120.5		0.22622
120.6		0.22622
120.7		0.22622
120.8		0.22622
120.9		0.22622
121		0.22622
121.1		0.230266
121.2		0.230266
121.3		0.230266
121.4		0.230266
121.5		0.230266
121.6		0.230266
121.7		0.230266
121.8		0.230266
121.9		0.230266
122		0.230266
122.1		0.23271
122.2		0.23271
122.3		0.23271
122.4		0.23271
122.5		0.23271
122.6		0.23271
122.7		0.23271
122.8		0.23271
122.9		0.23271
123		0.23271
123.1		0.233033
123.2		0.233033
123.3		0.233033
123.4		0.233033
123.5		0.233033
123.6		0.233033
123.7		0.233033
123.8		0.233033
123.9		0.233033
124		0.233033
124.1		0.236878
124.2		0.236878
124.3		0.236878
124.4		0.236878
124.5		0.236878
124.6		0.236878
124.7		0.236878
124.8		0.236878
124.9		0.236878
125		0.236878
125.1		0.238562
125.2		0.238562
125.3		0.238562
125.4		0.238562
125.5		0.238562
125.6		0.238562
125.7		0.238562
125.8		0.238562
125.9		0.238562
126		0.238562
126.1		0.242544
126.2		0.242544
126.3		0.242544
126.4		0.242544
126.5		0.242544
126.6		0.242544
126.7		0.242544
126.8		0.242544
126.9		0.242544
127		0.242544
127.1		0.244665
127.2		0.244665
127.3		0.244665
127.4		0.244665
127.5		0.244665
127.6		0.244665
127.7		0.244665
127.8		0.244665
127.9		0.244665
128		0.244665
128.1		0.245607
128.2		0.245607
128.3		0.245607
128.4		0.245607
128.5		0.245607
128.6		0.245607
128.7		0.245607
128.8		0.245607
128.9		0.245607
129		0.245607
129.1		0.24583
129.2		0.24583
129.3		0.24583
129.4		0.24583
129.5		0.24583
129.6		0.24583
129.7		0.24583
129.8		0.24583
129.9		0.24583
130		0.24583
130.1		0.251269
130.2		0.251269
130.3		0.251269
130.4		0.251269
130.5		0.251269
130.6		0.251269
130.7		0.251269
130.8		0.251269
130.9		0.251269
131		0.251269
131.1		0.25308
131.2		0.25308
131.3		0.25308
131.4		0.25308
131.5		0.25308
131.6		0.25308
131.7		0.25308
131.8		0.25308
131.9		0.25308
132		0.25308
132.1		0.254641
132.2		0.254641
132.3		0.254641
132.4		0.254641
132.5		0.254641
132.6		0.254641
132.7		0.254641
132.8		0.254641
132.9		0.254641
133		0.254641
133.1		0.255929
133.2		0.255929
133.3		0.255929
133.4		0.255929
133.5		0.255929
133.6		0.255929
133.7		0.255929
133.8		0.255929
133.9		0.255929
134		0.255929
134.1		0.259961
134.2		0.259961
134.3		0.259961
134.4		0.259961
134.5		0.259961
134.6		0.259961
134.7		0.259961
134.8		0.259961
134.9		0.259961
135		0.259961
135.1		0.260989
135.2		0.260989
135.3		0.260989
135.4		0.260989
135.5		0.260989
135.6		0.260989
135.7		0.260989
135.8		0.260989
135.9		0.260989
136		0.260989
136.1		0.263297
136.2		0.263297
136.3		0.263297
136.4		0.263297
136.5		0.263297
136.6		0.263297
136.7		0.263297
136.8		0.263297
136.9		0.263297
137		0.263297
137.1		0.265622
137.2		0.265622
137.3		0.265622
137.4		0.265622
137.5		0.265622
137.6		0.265622
137.7		0.265622
137.8		0.265622
137.9		0.265622
138		0.265622
138.1		0.265927
138.2		0.265927
138.3		0.265927
138.4		0.265927
138.5		0.265927
138.6		0.265927
138.7		0.265927
138.8		0.265927
138.9		0.265927
139		0.265927
139.1		0.268494
139.2		0.268494
139.3		0.268494
139.4		0.268494
139.5		0.268494
139.6		0.268494
139.7		0.268494
139.8		0.268494
139.9		0.268494
140		0.268494
140.1		0.272381
140.2		0.272381
140.3		0.272381
140.4		0.272381
140.5		0.272381
140.6		0.272381
140.7		0.272381
140.8		0.272381
140.9		0.272381
141		0.272381
141.1		0.273901
141.2		0.273901
141.3		0.273901
141.4		0.273901
141.5		0.273901
141.6		0.273901
141.7		0.273901
141.8		0.273901
141.9		0.273901
142		0.273901
142.1		0.27477
142.2		0.27477
142.3		0.27477
142.4		0.27477
142.5		0.27477
142.6		0.27477
142.7		0.27477
142.8		0.27477
142.9		0.27477
143		0.27477
143.1		0.275912
143.2		0.275912
143.3		0.275912
143.4		0.275912
143.5		0.275912
143.6		0.275912
143.7		0.275912
143.8		0.275912
143.9		0.275912
144		0.275912
144.1		0.280395
144.2		0.280395
144.3		0.280395
144.4		0.280395
144.5		0.280395
144.6		0.280395
144.7		0.280395
144.8		0.280395
144.9		0.280395
145		0.280395
145.1		0.282397
145.2		0.282397
145.3		0.282397
145.4		0.282397
145.5		0.282397
145.6		0.282397
145.7		0.282397
145.8		0.282397
145.9		0.282397
146		0.282397
146.1		0.282893
146.2		0.282893
146.3		0.282893
146.4		0.282893
146.5		0.282893
146.6		0.282893
146.7		0.282893
146.8		0.282893
146.9		0.282893
147		0.282893
147.1		0.283071
147.2		0.283071
147.3		0.283071
147.4		0.283071
147.5		0.283071
147.6		0.283071
147.7		0.283071
147.8		0.283071
147.9		0.283071
148		0.283071
148.1		0.289956
148.2		0.289956
148.3		0.289956
148.4		0.289956
148.5		0.289956
148.6		0.289956
148.7		0.289956
148.8		0.289956
148.9		0.289956
149		0.289956
149.1		0.292077
149.2		0.292077
149.3		0.292077
149.4		0.292077
149.5		0.292077
149.6		0.292077
149.7		0.292077
149.8		0.292077
149.9		0.292077
150		0.292077
150.1		0.292482
150.2		0.292482
150.3		0.292482
150.4		0.292482
150.5		0.292482
150.6		0.292482
150.7		0.292482
150.8		0.292482
150.9		0.292482
151		0.292482
151.1		0.292728
151.2		0.292728
151.3		0.292728
151.4		0.292728
151.5		0.292728
151.6		0.292728
151.7		0.292728
151.8		0.292728
151.9		0.292728
152		0.292728
152.1		0.297397
152.2		0.297397
152.3		0.297397
152.4		0.297397
152.5		0.297397
152.6		0.297397
152.7		0.297397
152.8		0.297397
152.9		0.297397
153		0.297397
153.1		0.299368
153.2		0.299368
153.3		0.299368
153.4		0.299368
153.5		0.299368
153.6		0.299368
153.7		0.299368
153.8		0.299368
153.9		0.299368
154		0.299368
154.1		0.300178
154.2		0.300178
154.3		0.300178
154.4		0.300178
154.5		0.300178
154.6		0.300178
154.7		0.300178
154.8		0.300178
154.9		0.300178
155		0.300178
155.1		0.30279
155.2		0.30279
155.3		0.30279
155.4		0.30279
155.5		0.30279
155.6		0.30279
155.7		0.30279
155.8		0.30279
155.9		0.30279
156		0.30279
156.1		0.304529
156.2		0.304529
156.3		0.304529
156.4		0.304529
156.5		0.304529
156.6		0.304529
156.7		0.304529
156.8		0.304529
156.9		0.304529
157		0.304529
157.1		0.307282
157.2		0.307282
157.3		0.307282
157.4		0.307282
157.5		0.307282
157.6		0.307282
157.7		0.307282
157.8		0.307282
157.9		0.307282
158		0.307282
158.1		0.309093
158.2		0.309093
158.3		0.309093
158.4		0.309093
158.5		0.309093
158.6		0.309093
158.7		0.309093
158.8		0.309093
158.9		0.309093
159		0.309093
159.1		0.31065
159.2		0.31065
159.3		0.31065
159.4		0.31065
159.5		0.31065
159.6		0.31065
159.7		0.31065
159.8		0.31065
159.9		0.31065
160		0.31065
160.1		0.31419
160.2		0.31419
160.3		0.31419
160.4		0.31419
160.5		0.31419
160.6		0.31419
160.7		0.31419
160.8		0.31419
160.9		0.31419
161		0.31419
161.1		0.315374
161.2		0.315374
161.3		0.315374
161.4		0.315374
161.5		0.315374
161.6		0.315374
161.7		0.315374
161.8		0.315374
161.9		0.315374
162		0.315374
162.1		0.317717
162.2		0.317717
162.3		0.317717
162.4		0.317717
162.5		0.317717
162.6		0.317717
162.7		0.317717
162.8		0.317717
162.9		0.317717
163		0.317717
163.1		0.321258
163.2		0.321258
163.3		0.321258
163.4		0.321258
163.5		0.321258
163.6		0.321258
163.7		0.321258
163.8		0.321258
163.9		0.321258
164		0.321258
164.1		0.322205
164.2		0.322205
164.3		0.322205
164.4		0.322205
164.5		0.322205
164.6		0.322205
164.7		0.322205
164.8		0.322205
164.9		0.322205
165		0.322205
165.1		0.326159
165.2		0.326159
165.3		0.326159
165.4		0.326159
165.5		0.326159
165.6		0.326159
165.7		0.326159
165.8		0.326159
165.9		0.326159
166		0.326159
166.1		0.327247
166.2		0.327247
166.3		0.327247
166.4		0.327247
166.5		0.327247
166.6		0.327247
166.7		0.327247
166.8		0.327247
166.9		0.327247
167		0.327247
167.1		0.329291
167.2		0.329291
167.3		0.329291
167.4		0.329291
167.5		0.329291
167.6		0.329291
167.7		0.329291
167.8		0.329291
167.9		0.329291
168		0.329291
168.1		0.329982
168.2		0.329982
168.3		0.329982
168.4		0.329982
168.5		0.329982
168.6		0.329982
168.7		0.329982
168.8		0.329982
168.9		0.329982
169		0.329982
169.1		0.333751
169.2		0.333751
169.3		0.333751
169.4		0.333751
169.5		0.333751
169.6		0.333751
169.7		0.333751
169.8		0.333751
169.9		0.333751
170		0.333751
170.1		0.337669
170.2		0.337669
170.3		0.337669
170.4		0.337669
170.5		0.337669
170.6		0.337669
170.7		0.337669
170.8		0.337669
170.9		0.337669
171		0.337669
171.1		0.339039
171.2		0.339039
171.3		0.339039
171.4		0.339039
171.5		0.339039
171.6		0.339039
171.7		0.339039
171.8		0.339039
171.9		0.339039
172		0.339039
172.1		0.339517
172.2		0.339517
172.3		0.339517
172.4		0.339517
172.5		0.339517
172.6		0.339517
172.7		0.339517
172.8		0.339517
172.9		0.339517
173		0.339517
173.1		0.342284
173.2		0.342284
173.3		0.342284
173.4		0.342284
173.5		0.342284
173.6		0.342284
173.7		0.342284
173.8		0.342284
173.9		0.342284
174		0.342284
174.1		0.345437
174.2		0.345437
174.3		0.345437
174.4		0.345437
174.5		0.345437
174.6		0.345437
174.7		0.345437
174.8		0.345437
174.9		0.345437
175		0.345437
175.1		0.346666
175.2		0.346666
175.3		0.346666
175.4		0.346666
175.5		0.346666
175.6		0.346666
175.7		0.346666
175.8		0.346666
175.9		0.346666
176		0.346666
176.1		0.347467
176.2		0.347467
176.3		0.347467
176.4		0.347467
176.5		0.347467
176.6		0.347467
176.7		0.347467
176.8		0.347467
176.9		0.347467
177		0.347467
177.1		0.348896
177.2		0.348896
177.3		0.348896
177.4		0.348896
177.5		0.348896
177.6		0.348896
177.7		0.348896
177.8		0.348896
177.9		0.348896
178		0.348896
178.1		0.354521
178.2		0.354521
178.3		0.354521
178.4		0.354521
178.5		0.354521
178.6		0.354521
178.7		0.354521
178.8		0.354521
178.9		0.354521
179		0.354521
179.1		0.355873
179.2		0.355873
179.3		0.355873
179.4		0.355873
179.5		0.355873
179.6		0.355873
179.7		0.355873
179.8		0.355873
179.9		0.355873
180		0.355873
180.1		0.355996
180.2		0.355996
180.3		0.355996
180.4		0.355996
180.5		0.355996
180.6		0.355996
180.7		0.355996
180.8		0.355996
180.9		0.355996
181		0.355996
181.1		0.356524
181.2		0.356524
181.3		0.356524
181.4		0.356524
181.5		0.356524
181.6		0.356524
181.7		0.356524
181.8		0.356524
181.9		0.356524
182		0.356524
182.1		0.36188
182.2		0.36188
182.3		0.36188
182.4		0.36188
182.5		0.36188
182.6		0.36188
182.7		0.36188
182.8		0.36188
182.9		0.36188
183		0.36188
183.1		0.363432
183.2		0.363432
183.3		0.363432
183.4		0.363432
183.5		0.363432
183.6		0.363432
183.7		0.363432
183.8		0.363432
183.9		0.363432
184		0.363432
184.1		0.363764
184.2		0.363764
184.3		0.363764
184.4		0.363764
184.5		0.363764
184.6		0.363764
184.7		0.363764
184.8		0.363764
184.9		0.363764
185		0.363764
185.1		0.365571
185.2		0.365571
185.3		0.365571
185.4		0.365571
185.5		0.365571
185.6		0.365571
185.7		0.365571
185.8		0.365571
185.9		0.365571
186		0.365571
186.1		0.367268
186.2		0.367268
186.3		0.367268
186.4		0.367268
186.5		0.367268
186.6		0.367268
186.7		0.367268
186.8		0.367268
186.9		0.367268
187		0.367268
187.1		0.373253
187.2		0.373253
187.3		0.373253
187.4		0.373253
187.5		0.373253
187.6		0.373253
187.7		0.373253
187.8		0.373253
187.9		0.373253
188		0.373253
188.1		0.373603
188.2		0.373603
188.3		0.373603
188.4		0.373603
188.5		0.373603
188.6		0.373603
188.7		0.373603
188.8		0.373603
188.9		0.373603
189		0.373603
189.1		0.375178
189.2		0.375178
189.3		0.375178
189.4		0.375178
189.5		0.375178
189.6		0.375178
189.7		0.375178
189.8		0.375178
189.9		0.375178
190		0.375178
190.1		0.377326
190.2		0.377326
190.3		0.377326
190.4		0.377326
190.5		0.377326
190.6		0.377326
190.7		0.377326
190.8		0.377326
190.9		0.377326
191		0.377326
191.1		0.378623
191.2		0.378623
191.3		0.378623
191.4		0.378623
191.5		0.378623
191.6		0.378623
191.7		0.378623
191.8		0.378623
191.9		0.378623
192		0.378623
192.1		0.381581
192.2		0.381581
192.3		0.381581
192.4		0.381581
192.5		0.381581
192.6		0.381581
192.7		0.381581
192.8		0.381581
192.9		0.381581
193		0.381581
193.1		0.382878
193.2		0.382878
193.3		0.382878
193.4		0.382878
193.5		0.382878
193.6		0.382878
193.7		0.382878
193.8		0.382878
193.9		0.382878
194		0.382878
194.1		0.387306
194.2		0.387306
194.3		0.387306
194.4		0.387306
194.5		0.387306
194.6		0.387306
194.7		0.387306
194.8		0.387306
194.9		0.387306
195		0.387306
195.1		0.389555
195.2		0.389555
195.3		0.389555
195.4		0.389555
195.5		0.389555
195.6		0.389555
195.7		0.389555
195.8		0.389555
195.9		0.389555
196		0.389555
196.1		0.389696
196.2		0.389696
196.3		0.389696
196.4		0.389696
196.5		0.389696
196.6		0.389696
196.7		0.389696
196.8		0.389696
196.9		0.389696
197		0.389696
197.1		0.391466
197.2		0.391466
197.3		0.391466
197.4		0.391466
197.5		0.391466
197.6		0.391466
197.7		0.391466
197.8		0.391466
197.9		0.391466
198		0.391466
198.1		0.391885
198.2		0.391885
198.3		0.391885
198.4		0.391885
198.5		0.391885
198.6		0.391885
198.7		0.391885
198.8		0.391885
198.9		0.391885
199		0.391885
199.1		0.398429
199.2		0.398429
199.3		0.398429
199.4		0.398429
199.5		0.398429
199.6		0.398429
199.7		0.398429
199.8		0.398429
199.9		0.398429
200		0.398429
200.1		0.399194
200.2		0.399194
200.3		0.399194
200.4		0.399194
200.5		0.399194
200.6		0.399194
200.7		0.399194
200.8		0.399194
200.9		0.399194
201		0.399194
201.1		0.400595
201.2		0.400595
201.3		0.400595
201.4		0.400595
201.5		0.400595
201.6		0.400595
201.7		0.400595
201.8		0.400595
201.9		0.400595
202		0.400595
202.1		0.401451
202.2		0.401451
202.3		0.401451
202.4		0.401451
202.5		0.401451
202.6		0.401451
202.7		0.401451
202.8		0.401451
202.9		0.401451
203		0.401451
203.1		0.402443
203.2		0.402443
203.3		0.402443
203.4		0.402443
203.5		0.402443
203.6		0.402443
203.7		0.402443
203.8		0.402443
203.9		0.402443
204		0.402443
204.1		0.410048
204.2		0.410048
204.3		0.410048
204.4		0.410048
204.5		0.410048
204.6		0.410048
204.7		0.410048
204.8		0.410048
204.9		0.410048
205		0.410048
205.1		0.410384
205.2		0.410384
205.3		0.410384
205.4		0.410384
205.5		0.410384
205.6		0.410384
205.7		0.410384
205.8		0.410384
205.9		0.410384
206		0.410384
206.1		0.411449
206.2		0.411449
206.3		0.411449
206.4		0.411449
206.5		0.411449
206.6		0.411449
206.7		0.411449
206.8		0.411449
206.9		0.411449
207		0.411449
207.1		0.412774
207.2		0.412774
207.3		0.412774
207.4		0.412774
207.5		0.412774
207.6		0.412774
207.7		0.412774
207.8		0.412774
207.9		0.412774
208		0.412774
208.1		0.41752
208.2		0.41752
208.3		0.41752
208.4		0.41752
208.5		0.41752
208.6		0.41752
208.7		0.41752
208.8		0.41752
208.9		0.41752
209		0.41752
209.1		0.418567
209.2		0.418567
209.3		0.418567
209.4		0.418567
209.5		0.418567
209.6		0.418567
209.7		0.418567
209.8		0.418567
209.9		0.418567
210		0.418567
210.1		0.421589
210.2		0.421589
210.3		0.421589
210.4		0.421589
210.5		0.421589
210.6		0.421589
210.7		0.421589
210.8		0.421589
210.9		0.421589
211		0.421589
211.1		0.422513
211.2		0.422513
211.3		0.422513
211.4		0.422513
211.5		0.422513
211.6		0.422513
211.7		0.422513
211.8		0.422513
211.9		0.422513
212		0.422513
212.1		0.426072
212.2		0.426072
212.3		0.426072
212.4		0.426072
212.5		0.426072
212.6		0.426072
212.7		0.426072
212.8		0.426072
212.9		0.426072
213		0.426072
213.1		0.428311
213.2		0.428311
213.3		0.428311
213.4		0.428311
213.5		0.428311
213.6		0.428311
213.7		0.428311
213.8		0.428311
213.9		0.428311
214		0.428311
214.1		0.428702
214.2		0.428702
214.3		0.428702
214.4		0.428702
214.5		0.428702
214.6		0.428702
214.7		0.428702
214.8		0.428702
214.9		0.428702
215		0.428702
215.1		0.429417
215.2		0.429417
215.3		0.429417
215.4		0.429417
215.5		0.429417
215.6		0.429417
215.7		0.429417
215.8		0.429417
215.9		0.429417
216		0.429417
216.1		0.434364
216.2		0.434364
216.3		0.434364
216.4		0.434364
216.5		0.434364
216.6		0.434364
216.7		0.434364
216.8		0.434364
216.9		0.434364
217		0.434364
217.1		0.437431
217.2		0.437431
217.3		0.437431
217.4		0.437431
217.5		0.437431
217.6		0.437431
217.7		0.437431
217.8		0.437431
217.9		0.437431
218		0.437431
218.1		0.438669
218.2		0.438669
218.3		0.438669
218.4		0.438669
218.5		0.438669
218.6		0.438669
218.7		0.438669
218.8		0.438669
218.9		0.438669
219		0.438669
219.1		0.440844
219.2		0.440844
219.3		0.440844
219.4		0.440844
219.5		0.440844
219.6		0.440844
219.7		0.440844
219.8		0.440844
219.9		0.440844
220		0.440844
220.1		0.442314
220.2		0.442314
220.3		0.442314
220.4		0.442314
220.5		0.442314
220.6		0.442314
220.7		0.442314
220.8		0.442314
220.9		0.442314
221		0.442314
221.1		0.445563
221.2		0.445563
221.3		0.445563
221.4		0.445563
221.5		0.445563
221.6		0.445563
221.7		0.445563
221.8		0.445563
221.9		0.445563
222		0.445563
222.1		0.445896
222.2		0.445896
222.3		0.445896
222.4		0.445896
222.5		0.445896
222.6		0.445896
222.7		0.445896
222.8		0.445896
222.9		0.445896
223		0.445896
223.1		0.448972
223.2		0.448972
223.3		0.448972
223.4		0.448972
223.5		0.448972
223.6		0.448972
223.7		0.448972
223.8		0.448972
223.9		0.448972
224		0.448972
224.1		0.4528
224.2		0.4528
224.3		0.4528
224.4		0.4528
224.5		0.4528
224.6		0.4528
224.7		0.4528
224.8		0.4528
224.9		0.4528
225		0.4528
225.1		0.454238
225.2		0.454238
225.3		0.454238
225.4		0.454238
225.5		0.454238
225.6		0.454238
225.7		0.454238
225.8		0.454238
225.9		0.454238
226		0.454238
226.1		0.454483
226.2		0.454483
226.3		0.454483
226.4		0.454483
226.5		0.454483
226.6		0.454483
226.7		0.454483
226.8		0.454483
226.9		0.454483
227		0.454483
227.1		0.455844
227.2		0.455844
227.3		0.455844
227.4		0.455844
227.5		0.455844
227.6		0.455844
227.7		0.455844
227.8		0.455844
227.9		0.455844
228		0.455844
228.1		0.457737
228.2		0.457737
228.3		0.457737
228.4		0.457737
228.5		0.457737
228.6		0.457737
228.7		0.457737
228.8		0.457737
228.9		0.457737
229		0.457737
229.1		0.460427
229.2		0.460427
229.3		0.460427
229.4		0.460427
229.5		0.460427
229.6		0.460427
229.7		0.460427
229.8		0.460427
229.9		0.460427
230		0.460427
230.1		0.461328
230.2		0.461328
230.3		0.461328
230.4		0.461328
230.5		0.461328
230.6		0.461328
230.7		0.461328
230.8		0.461328
230.9		0.461328
231		0.461328
231.1		0.466794
231.2		0.466794
231.3		0.466794
231.4		0.466794
231.5		0.466794
231.6		0.466794
231.7		0.466794
231.8		0.466794
231.9		0.466794
232		0.466794
232.1		0.467053
232.2		0.467053
232.3		0.467053
232.4		0.467053
232.5		0.467053
232.6		0.467053
232.7		0.467053
232.8		0.467053
232.9		0.467053
233		0.467053
233.1		0.468355
233.2		0.468355
233.3		0.468355
233.4		0.468355
233.5		0.468355
233.6		0.468355
233.7		0.468355
233.8		0.468355
233.9		0.468355
234		0.468355
234.1		0.47165
234.2		0.47165
234.3		0.47165
234.4		0.47165
234.5		0.47165
234.6		0.47165
234.7		0.47165
234.8		0.47165
234.9		0.47165
235		0.47165
235.1		0.471991
235.2		0.471991
235.3		0.471991
235.4		0.471991
235.5		0.471991
235.6		0.471991
235.7		0.471991
235.8		0.471991
235.9		0.471991
236		0.471991
236.1		0.475787
236.2		0.475787
236.3		0.475787
236.4		0.475787
236.5		0.475787
236.6		0.475787
236.7		0.475787
236.8		0.475787
236.9		0.475787
237		0.475787
237.1		0.476196
237.2		0.476196
237.3		0.476196
237.4		0.476196
237.5		0.476196
237.6		0.476196
237.7		0.476196
237.8		0.476196
237.9		0.476196
238		0.476196
238.1		0.483036
238.2		0.483036
238.3		0.483036
238.4		0.483036
238.5		0.483036
238.6		0.483036
238.7		0.483036
238.8		0.483036
238.9		0.483036
239		0.483036
239.1		0.484215
239.2		0.484215
239.3		0.484215
239.4		0.484215
239.5		0.484215
239.6		0.484215
239.7		0.484215
239.8		0.484215
239.9		0.484215
240		0.484215
240.1		0.485639
240.2		0.485639
240.3		0.485639
240.4		0.485639
240.5		0.485639
240.6		0.485639
240.7		0.485639
240.8		0.485639
240.9		0.485639
241		0.485639
241.1		0.485858
241.2		0.485858
241.3		0.485858
241.4		0.485858
241.5		0.485858
241.6		0.485858
241.7		0.485858
241.8		0.485858
241.9		0.485858
242		0.485858
242.1		0.487273
242.2		0.487273
242.3		0.487273
242.4		0.487273
242.5		0.487273
242.6		0.487273
242.7		0.487273
242.8		0.487273
242.9		0.487273
243		0.487273
243.1		0.489198
243.2		0.489198
243.3		0.489198
243.4		0.489198
243.5		0.489198
243.6		0.489198
243.7		0.489198
243.8		0.489198
243.9		0.489198
244		0.489198
244.1		0.492361
244.2		0.492361
244.3		0.492361
244.4		0.492361
244.5		0.492361
244.6		0.492361
244.7		0.492361
244.8		0.492361
244.9		0.492361
245		0.492361
245.1		0.495192
245.2		0.495192
245.3		0.495192
245.4		0.495192
245.5		0.495192
245.6		0.495192
245.7		0.495192
245.8		0.495192
245.9		0.495192
246		0.495192
246.1		0.497281
246.2		0.497281
246.3		0.497281
246.4		0.497281
246.5		0.497281
246.6		0.497281
246.7		0.497281
246.8		0.497281
246.9		0.497281
247		0.497281
247.1		0.497982
247.2		0.497982
247.3		0.497982
247.4		0.497982
247.5		0.497982
247.6		0.497982
247.7		0.497982
247.8		0.497982
247.9		0.497982
248		0.497982
248.1		0.501099
248.2		0.501099
248.3		0.501099
248.4		0.501099
248.5		0.501099
248.6		0.501099
248.7		0.501099
248.8		0.501099
248.9		0.501099
249		0.501099
249.1		0.501695
249.2		0.501695
249.3		0.501695
249.4		0.501695
249.5		0.501695
249.6		0.501695
249.7		0.501695
249.8		0.501695
249.9		0.501695
250		0.501695
250.1		0.509382
250.2		0.509382
250.3		0.509382
250.4		0.509382
250.5		0.509382
250.6		0.509382
250.7		0.509382
250.8		0.509382
250.9		0.509382
251		0.509382
251.1		0.5096
251.2		0.5096
251.3		0.5096
251.4		0.5096
251.5		0.5096
251.6		0.5096
251.7		0.5096
251.8		0.5096
251.9		0.5096
252		0.5096
252.1		0.511598
252.2		0.511598
252.3		0.511598
252.4		0.511598
252.5		0.511598
252.6		0.511598
252.7		0.511598
252.8		0.511598
252.9		0.511598
253		0.511598
253.1		0.511812
253.2		0.511812
253.3		0.511812
253.4		0.511812
253.5		0.511812
253.6		0.511812
253.7		0.511812
253.8		0.511812
253.9		0.511812
254		0.511812
254.1		0.518325
254.2		0.518325
254.3		0.518325
254.4		0.518325
254.5		0.518325
254.6		0.518325
254.7		0.518325
254.8		0.518325
254.9		0.518325
255		0.518325
255.1		0.519226
255.2		0.519226
255.3		0.519226
255.4		0.519226
255.5		0.519226
255.6		0.519226
255.7		0.519226
255.8		0.519226
255.9		0.519226
256		0.519226
256.1		0.521019
256.2		0.521019
256.3		0.521019
256.4		0.521019
256.5		0.521019
256.6		0.521019
256.7		0.521019
256.8		0.521019
256.9		0.521019
257		0.521019
257.1		0.523048
257.2		0.523048
257.3		0.523048
257.4		0.523048
257.5		0.523048
257.6		0.523048
257.7		0.523048
257.8		0.523048
257.9		0.523048
258		0.523048
258.1		0.525661
258.2		0.525661
258.3		0.525661
258.4		0.525661
258.5		0.525661
258.6		0.525661
258.7		0.525661
258.8		0.525661
258.9		0.525661
259		0.525661
259.1		0.527304
259.2		0.527304
259.3		0.527304
259.4		0.527304
259.5		0.527304
259.6		0.527304
259.7		0.527304
259.8		0.527304
259.9		0.527304
260		0.527304
260.1		0.527568
260.2		0.527568
260.3		0.527568
260.4		0.527568
260.5		0.527568
260.6		0.527568
260.7		0.527568
260.8		0.527568
260.9		0.527568
261		0.527568
261.1		0.530171
261.2		0.530171
261.3		0.530171
261.4		0.530171
261.5		0.530171
261.6		0.530171
261.7		0.530171
261.8		0.530171
261.9		0.530171
262		0.530171
262.1		0.534572
262.2		0.534572
262.3		0.534572
262.4		0.534572
262.5		0.534572
262.6		0.534572
262.7		0.534572
262.8		0.534572
262.9		0.534572
263		0.534572
263.1		0.537047
263.2		0.537047
263.3		0.537047
263.4		0.537047
263.5		0.537047
263.6		0.537047
263.7		0.537047
263.8		0.537047
263.9		0.537047
264		0.537047
264.1		0.538558
264.2		0.538558
264.3		0.538558
264.4		0.538558
264.5		0.538558
264.6		0.538558
264.7		0.538558
264.8		0.538558
264.9		0.538558
265		0.538558
265.1		0.540297
265.2		0.540297
265.3		0.540297
265.4		0.540297
265.5		0.540297
265.6		0.540297
265.7		0.540297
265.8		0.540297
265.9		0.540297
266		0.540297
266.1		0.543332
266.2		0.543332
266.3		0.543332
266.4		0.543332
266.5		0.543332
266.6		0.543332
266.7		0.543332
266.8		0.543332
266.9		0.543332
267		0.543332
267.1		0.544484
267.2		0.544484
267.3		0.544484
267.4		0.544484
267.5		0.544484
267.6		0.544484
267.7		0.544484
267.8		0.544484
267.9		0.544484
268		0.544484
268.1		0.546176
268.2		0.546176
268.3		0.546176
268.4		0.546176
268.5		0.546176
268.6		0.546176
268.7		0.546176
268.8		0.546176
268.9		0.546176
269		0.546176
269.1		0.548693
269.2		0.548693
269.3		0.548693
269.4		0.548693
269.5		0.548693
269.6		0.548693
269.7		0.548693
269.8		0.548693
269.9		0.548693
270		0.548693
270.1		0.550841
270.2		0.550841
270.3		0.550841
270.4		0.550841
270.5		0.550841
270.6		0.550841
270.7		0.550841
270.8		0.550841
270.9		0.550841
271		0.550841
271.1		0.551105
271.2		0.551105
271.3		0.551105
271.4		0.551105
271.5		0.551105
271.6		0.551105
271.7		0.551105
271.8		0.551105
271.9		0.551105
272		0.551105
272.1		0.555074
272.2		0.555074
272.3		0.555074
272.4		0.555074
272.5		0.555074
272.6		0.555074
272.7		0.555074
272.8		0.555074
272.9		0.555074
273		0.555074
273.1		0.555756
273.2		0.555756
273.3		0.555756
273.4		0.555756
273.5		0.555756
273.6		0.555756
273.7		0.555756
273.8		0.555756
273.9		0.555756
274		0.555756
274.1		0.557449
274.2		0.557449
274.3		0.557449
274.4		0.557449
274.5		0.557449
274.6		0.557449
274.7		0.557449
274.8		0.557449
274.9		0.557449
275		0.557449
275.1		0.558915
275.2		0.558915
275.3		0.558915
275.4		0.558915
275.5		0.558915
275.6		0.558915
275.7		0.558915
275.8		0.558915
275.9		0.558915
276		0.558915
276.1		0.564754
276.2		0.564754
276.3		0.564754
276.4		0.564754
276.5		0.564754
276.6		0.564754
276.7		0.564754
276.8		0.564754
276.9		0.564754
277		0.564754
277.1		0.565473
277.2		0.565473
277.3		0.565473
277.4		0.565473
277.5		0.565473
277.6		0.565473
277.7		0.565473
277.8		0.565473
277.9		0.565473
278		0.565473
278.1		0.566087
278.2		0.566087
278.3		0.566087
278.4		0.566087
278.5		0.566087
278.6		0.566087
278.7		0.566087
278.8		0.566087
278.9		0.566087
279		0.566087
279.1		0.56651
279.2		0.56651
279.3		0.56651
279.4		0.56651
279.5		0.56651
279.6		0.56651
279.7		0.56651
279.8		0.56651
279.9		0.56651
280		0.56651
280.1		0.571899
280.2		0.571899
280.3		0.571899
280.4		0.571899
280.5		0.571899
280.6		0.571899
280.7		0.571899
280.8		0.571899
280.9		0.571899
281		0.571899
281.1		0.572822
281.2		0.572822
281.3		0.572822
281.4		0.572822
281.5		0.572822
281.6		0.572822
281.7		0.572822
281.8		0.572822
281.9		0.572822
282		0.572822
282.1		0.575863
282.2		0.575863
282.3		0.575863
282.4		0.575863
282.5		0.575863
282.6		0.575863
282.7		0.575863
282.8		0.575863
282.9		0.575863
283		0.575863
283.1		0.576318
283.2		0.576318
283.3		0.576318
283.4		0.576318
283.5		0.576318
283.6		0.576318
283.7		0.576318
283.8		0.576318
283.9		0.576318
284		0.576318
284.1		0.581488
284.2		0.581488
284.3		0.581488
284.4		0.581488
284.5		0.581488
284.6		0.581488
284.7		0.581488
284.8		0.581488
284.9		0.581488
285		0.581488
285.1		0.582616
285.2		0.582616
285.3		0.582616
285.4		0.582616
285.5		0.582616
285.6		0.582616
285.7		0.582616
285.8		0.582616
285.9		0.582616
286		0.582616
286.1		0.583408
286.2		0.583408
286.3		0.583408
286.4		0.583408
286.5		0.583408
286.6		0.583408
286.7		0.583408
286.8		0.583408
286.9		0.583408
287		0.583408
287.1		0.588373
287.2		0.588373
287.3		0.588373
287.4		0.588373
287.5		0.588373
287.6		0.588373
287.7		0.588373
287.8		0.588373
287.9		0.588373
288		0.588373
288.1		0.590549
288.2		0.590549
288.3		0.590549
288.4		0.590549
288.5		0.590549
288.6		0.590549
288.7		0.590549
288.8		0.590549
288.9		0.590549
289		0.590549
289.1		0.591973
289.2		0.591973
289.3		0.591973
289.4		0.591973
289.5		0.591973
289.6		0.591973
289.7		0.591973
289.8		0.591973
289.9		0.591973
290		0.591973
290.1		0.593853
290.2		0.593853
290.3		0.593853
290.4		0.593853
290.5		0.593853
290.6		0.593853
290.7		0.593853
290.8		0.593853
290.9		0.593853
291		0.593853
291.1		0.599664
291.2		0.599664
291.3		0.599664
291.4		0.599664
291.5		0.599664
291.6		0.599664
291.7		0.599664
291.8		0.599664
291.9		0.599664
292		0.599664
292.1		0.601157
292.2		0.601157
292.3		0.601157
292.4		0.601157
292.5		0.601157
292.6		0.601157
292.7		0.601157
292.8		0.601157
292.9		0.601157
293		0.601157
293.1		0.60158
293.2		0.60158
293.3		0.60158
293.4		0.60158
293.5		0.60158
293.6		0.60158
293.7		0.60158
293.8		0.60158
293.9		0.60158
294		0.60158
294.1		0.601667
294.2		0.601667
294.3		0.601667
294.4		0.601667
294.5		0.601667
294.6		0.601667
294.7		0.601667
294.8		0.601667
294.9		0.601667
295		0.601667
295.1		0.6034
295.2		0.6034
295.3		0.6034
295.4		0.6034
295.5		0.6034
295.6		0.6034
295.7		0.6034
295.8		0.6034
295.9		0.6034
296		0.6034
296.1		0.603655
296.2		0.603655
296.3		0.603655
296.4		0.603655
296.5		0.603655
296.6		0.603655
296.7		0.603655
296.8		0.603655
296.9		0.603655
297		0.603655
297.1		0.607578
297.2		0.607578
297.3		0.607578
297.4		0.607578
297.5		0.607578
297.6		0.607578
297.7		0.607578
297.8		0.607578
297.9		0.607578
298		0.607578
298.1		0.609635
298.2		0.609635
298.3		0.609635
298.4		0.609635
298.5		0.609635
298.6		0.609635
298.7		0.609635
298.8		0.609635
298.9		0.609635
299		0.609635
299.1		0.609822
299.2		0.609822
299.3		0.609822
299.4		0.609822
299.5		0.609822
299.6		0.609822
299.7		0.609822
299.8		0.609822
299.9		0.609822
300		0.609822
300.1		0.612867
300.2		0.612867
300.3		0.612867
300.4		0.612867
300.5		0.612867
300.6		0.612867
300.7		0.612867
300.8		0.612867
300.9		0.612867
301		0.612867
301.1		0.614027
301.2		0.614027
301.3		0.614027
301.4		0.614027
301.5		0.614027
301.6		0.614027
301.7		0.614027
301.8		0.614027
301.9		0.614027
302		0.614027
302.1		0.618928
302.2		0.618928
302.3		0.618928
302.4		0.618928
302.5		0.618928
302.6		0.618928
302.7		0.618928
302.8		0.618928
302.9		0.618928
303		0.618928
303.1		0.61912
303.2		0.61912
303.3		0.61912
303.4		0.61912
303.5		0.61912
303.6		0.61912
303.7		0.61912
303.8		0.61912
303.9		0.61912
304		0.61912
304.1		0.620216
304.2		0.620216
304.3		0.620216
304.4		0.620216
304.5		0.620216
304.6		0.620216
304.7		0.620216
304.8		0.620216
304.9		0.620216
305		0.620216
305.1		0.622
305.2		0.622
305.3		0.622
305.4		0.622
305.5		0.622
305.6		0.622
305.7		0.622
305.8		0.622
305.9		0.622
306		0.622
306.1		0.625637
306.2		0.625637
306.3		0.625637
306.4		0.625637
306.5		0.625637
306.6		0.625637
306.7		0.625637
306.8		0.625637
306.9		0.625637
307		0.625637
307.1		0.627653
307.2		0.627653
307.3		0.627653
307.4		0.627653
307.5		0.627653
307.6		0.627653
307.7		0.627653
307.8		0.627653
307.9		0.627653
308		0.627653
308.1		0.62925
308.2		0.62925
308.3		0.62925
308.4		0.62925
308.5		0.62925
308.6		0.62925
308.7		0.62925
308.8		0.62925
308.9		0.62925
309		0.62925
309.1		0.631189
309.2		0.631189
309.3		0.631189
309.4		0.631189
309.5		0.631189
309.6		0.631189
309.7		0.631189
309.8		0.631189
309.9		0.631189
310		0.631189
310.1		0.631444
310.2		0.631444
310.3		0.631444
310.4		0.631444
310.5		0.631444
310.6		0.631444
310.7		0.631444
310.8		0.631444
310.9		0.631444
311		0.631444
311.1		0.636959
311.2		0.636959
311.3		0.636959
311.4		0.636959
311.5		0.636959
311.6		0.636959
311.7		0.636959
311.8		0.636959
311.9		0.636959
312		0.636959
312.1		0.637287
312.2		0.637287
312.3		0.637287
312.4		0.637287
312.5		0.637287
312.6		0.637287
312.7		0.637287
312.8		0.637287
312.9		0.637287
313		0.637287
313.1		0.637815
313.2		0.637815
313.3		0.637815
313.4		0.637815
313.5		0.637815
313.6		0.637815
313.7		0.637815
313.8		0.637815
313.9		0.637815
314		0.637815
314.1		0.640964
314.2		0.640964
314.3		0.640964
314.4		0.640964
314.5		0.640964
314.6		0.640964
314.7		0.640964
314.8		0.640964
314.9		0.640964
315		0.640964
315.1		0.641579
315.2		0.641579
315.3		0.641579
315.4		0.641579
315.5		0.641579
315.6		0.641579
315.7		0.641579
315.8		0.641579
315.9		0.641579
316		0.641579
316.1		0.648496
316.2		0.648496
316.3		0.648496
316.4		0.648496
316.5		0.648496
316.6		0.648496
316.7		0.648496
316.8		0.648496
316.9		0.648496
317		0.648496
317.1		0.648637
317.2		0.648637
317.3		0.648637
317.4		0.648637
317.5		0.648637
317.6		0.648637
317.7		0.648637
317.8		0.648637
317.9		0.648637
318		0.648637
318.1		0.649538
318.2		0.649538
318.3		0.649538
318.4		0.649538
318.5		0.649538
318.6		0.649538
318.7		0.649538
318.8		0.649538
318.9		0.649538
319		0.649538
319.1		0.654057
319.2		0.654057
319.3		0.654057
319.4		0.654057
319.5		0.654057
319.6		0.654057
319.7		0.654057
319.8		0.654057
319.9		0.654057
320		0.654057
320.1		0.65652
320.2		0.65652
320.3		0.65652
320.4		0.65652
320.5		0.65652
320.6		0.65652
320.7		0.65652
320.8		0.65652
320.9		0.65652
321		0.65652
321.1		0.658408
321.2		0.658408
321.3		0.658408
321.4		0.658408
321.5		0.658408
321.6		0.658408
321.7		0.658408
321.8		0.658408
321.9		0.658408
322		0.658408
322.1		0.658772
322.2		0.658772
322.3		0.658772
322.4		0.658772
322.5		0.658772
322.6		0.658772
322.7		0.658772
322.8		0.658772
322.9		0.658772
323		0.658772
323.1		0.659682
323.2		0.659682
323.3		0.659682
323.4		0.659682
323.5		0.659682
323.6		0.659682
323.7		0.659682
323.8		0.659682
323.9		0.659682
324		0.659682
324.1		0.663519
324.2		0.663519
324.3		0.663519
324.4		0.663519
324.5		0.663519
324.6		0.663519
324.7		0.663519
324.8		0.663519
324.9		0.663519
325		0.663519
325.1		0.665467
325.2		0.665467
325.3		0.665467
325.4		0.665467
325.5		0.665467
325.6		0.665467
325.7		0.665467
325.8		0.665467
325.9		0.665467
326		0.665467
326.1		0.665767
326.2		0.665767
326.3		0.665767
326.4		0.665767
326.5		0.665767
326.6		0.665767
326.7		0.665767
326.8		0.665767
326.9		0.665767
327		0.665767
327.1		0.669135
327.2		0.669135
327.3		0.669135
327.4		0.669135
327.5		0.669135
327.6		0.669135
327.7		0.669135
327.8		0.669135
327.9		0.669135
328		0.669135
328.1		0.673203
328.2		0.673203
328.3		0.673203
328.4		0.673203
328.5		0.673203
328.6		0.673203
328.7		0.673203
328.8		0.673203
328.9		0.673203
329		0.673203
329.1		0.673499
329.2		0.673499
329.3		0.673499
329.4		0.673499
329.5		0.673499
329.6		0.673499
329.7		0.673499
329.8		0.673499
329.9		0.673499
330		0.673499
330.1		0.6745
330.2		0.6745
330.3		0.6745
330.4		0.6745
330.5		0.6745
330.6		0.6745
330.7		0.6745
330.8		0.6745
330.9		0.6745
331		0.6745
331.1		0.676344
331.2		0.676344
331.3		0.676344
331.4		0.676344
331.5		0.676344
331.6		0.676344
331.7		0.676344
331.8		0.676344
331.9		0.676344
332		0.676344
332.1		0.679934
332.2		0.679934
332.3		0.679934
332.4		0.679934
332.5		0.679934
332.6		0.679934
332.7		0.679934
332.8		0.679934
332.9		0.679934
333		0.679934
333.1		0.683261
333.2		0.683261
333.3		0.683261
333.4		0.683261
333.5		0.683261
333.6		0.683261
333.7		0.683261
333.8		0.683261
333.9		0.683261
334		0.683261
334.1		0.683557
334.2		0.683557
334.3		0.683557
334.4		0.683557
334.5		0.683557
334.6		0.683557
334.7		0.683557
334.8		0.683557
334.9		0.683557
335		0.683557
335.1		0.683862
335.2		0.683862
335.3		0.683862
335.4		0.683862
335.5		0.683862
335.6		0.683862
335.7		0.683862
335.8		0.683862
335.9		0.683862
336		0.683862
336.1		0.689209
336.2		0.689209
336.3		0.689209
336.4		0.689209
336.5		0.689209
336.6		0.689209
336.7		0.689209
336.8		0.689209
336.9		0.689209
337		0.689209
337.1		0.690866
337.2		0.690866
337.3		0.690866
337.4		0.690866
337.5		0.690866
337.6		0.690866
337.7		0.690866
337.8		0.690866
337.9		0.690866
338		0.690866
338.1		0.691348
338.2		0.691348
338.3		0.691348
338.4		0.691348
338.5		0.691348
338.6		0.691348
338.7		0.691348
338.8		0.691348
338.9		0.691348
339		0.691348
339.1		0.69473
339.2		0.69473
339.3		0.69473
339.4		0.69473
339.5		0.69473
339.6		0.69473
339.7		0.69473
339.8		0.69473
339.9		0.69473
340		0.69473
340.1		0.696764
340.2		0.696764
340.3		0.696764
340.4		0.696764
340.5		0.696764
340.6		0.696764
340.7		0.696764
340.8		0.696764
340.9		0.696764
341		0.696764
341.1		0.699968
341.2		0.699968
341.3		0.699968
341.4		0.699968
341.5		0.699968
341.6		0.699968
341.7		0.699968
341.8		0.699968
341.9		0.699968
342		0.699968
342.1		0.702757
342.2		0.702757
342.3		0.702757
342.4		0.702757
342.5		0.702757
342.6		0.702757
342.7		0.702757
342.8		0.702757
342.9		0.702757
343		0.702757
343.1		0.703536
343.2		0.703536
343.3		0.703536
343.4		0.703536
343.5		0.703536
343.6		0.703536
343.7		0.703536
343.8		0.703536
343.9		0.703536
344		0.703536
344.1		0.707663
344.2		0.707663
344.3		0.707663
344.4		0.707663
344.5		0.707663
344.6		0.707663
344.7		0.707663
344.8		0.707663
344.9		0.707663
345		0.707663
345.1		0.713393
345.2		0.713393
345.3		0.713393
345.4		0.713393
345.5		0.713393
345.6		0.713393
345.7		0.713393
345.8		0.713393
345.9		0.713393
346		0.713393
346.1		0.714708
346.2		0.714708
346.3		0.714708
346.4		0.714708
346.5		0.714708
346.6		0.714708
346.7		0.714708
346.8		0.714708
346.9		0.714708
347		0.714708
347.1		0.714981
347.2		0.714981
347.3		0.714981
347.4		0.714981
347.5		0.714981
347.6		0.714981
347.7		0.714981
347.8		0.714981
347.9		0.714981
348		0.714981
348.1		0.715514
348.2		0.715514
348.3		0.715514
348.4		0.715514
348.5		0.715514
348.6		0.715514
348.7		0.715514
348.8		0.715514
348.9		0.715514
349		0.715514
349.1		0.721325
349.2		0.721325
349.3		0.721325
349.4		0.721325
349.5		0.721325
349.6		0.721325
349.7		0.721325
349.8		0.721325
349.9		0.721325
350		0.721325
350.1		0.724984
350.2		0.724984
350.3		0.724984
350.4		0.724984
350.5		0.724984
350.6		0.724984
350.7		0.724984
350.8		0.724984
350.9		0.724984
351		0.724984
351.1		0.725845
351.2		0.725845
351.3		0.725845
351.4		0.725845
351.5		0.725845
351.6		0.725845
351.7		0.725845
351.8		0.725845
351.9		0.725845
352		0.725845
352.1		0.725845
352.2		0.725845
352.3		0.725845
352.4		0.725845
352.5		0.725845
352.6		0.725845
352.7		0.725845
352.8		0.725845
352.9		0.725845
353		0.725845
353.1		0.726595
353.2		0.726595
353.3		0.726595
353.4		0.726595
353.5		0.726595
353.6		0.726595
353.7		0.726595
353.8		0.726595
353.9		0.726595
354		0.726595
354.1		0.726773
354.2		0.726773
354.3		0.726773
354.4		0.726773
354.5		0.726773
354.6		0.726773
354.7		0.726773
354.8		0.726773
354.9		0.726773
355		0.726773
355.1		0.730168
355.2		0.730168
355.3		0.730168
355.4		0.730168
355.5		0.730168
355.6		0.730168
355.7		0.730168
355.8		0.730168
355.9		0.730168
356		0.730168
356.1		0.731383
356.2		0.731383
356.3		0.731383
356.4		0.731383
356.5		0.731383
356.6		0.731383
356.7		0.731383
356.8		0.731383
356.9		0.731383
357		0.731383
357.1		0.735297
357.2		0.735297
357.3		0.735297
357.4		0.735297
357.5		0.735297
357.6		0.735297
357.7		0.735297
357.8		0.735297
357.9		0.735297
358		0.735297
358.1		0.735306
358.2		0.735306
358.3		0.735306
358.4		0.735306
358.5		0.735306
358.6		0.735306
358.7		0.735306
358.8		0.735306
358.9		0.735306
359		0.735306
359.1		0.735707
359.2		0.735707
359.3		0.735707
359.4		0.735707
359.5		0.735707
359.6		0.735707
359.7		0.735707
359.8		0.735707
359.9		0.735707
360		0.735707
360.1		0.736963
360.2		0.736963
360.3		0.736963
360.4		0.736963
360.5		0.736963
360.6		0.736963
360.7		0.736963
360.8		0.736963
360.9		0.736963
361		0.736963
361.1		0.740103
361.2		0.740103
361.3		0.740103
361.4		0.740103
361.5		0.740103
361.6		0.740103
361.7		0.740103
361.8		0.740103
361.9		0.740103
362		0.740103
362.1		0.745191
362.2		0.745191
362.3		0.745191
362.4		0.745191
362.5		0.745191
362.6		0.745191
362.7		0.745191
362.8		0.745191
362.9		0.745191
363		0.745191
363.1		0.745691
363.2		0.745691
363.3		0.745691
363.4		0.745691
363.5		0.745691
363.6		0.745691
363.7		0.745691
363.8		0.745691
363.9		0.745691
364		0.745691
364.1		0.745933
364.2		0.745933
364.3		0.745933
364.4		0.745933
364.5		0.745933
364.6		0.745933
364.7		0.745933
364.8		0.745933
364.9		0.745933
365		0.745933
365.1		0.748249
365.2		0.748249
365.3		0.748249
365.4		0.748249
365.5		0.748249
365.6		0.748249
365.7		0.748249
365.8		0.748249
365.9		0.748249
366		0.748249
366.1		0.751831
366.2		0.751831
366.3		0.751831
366.4		0.751831
366.5		0.751831
366.6		0.751831
366.7		0.751831
366.8		0.751831
366.9		0.751831
367		0.751831
367.1		0.753646
367.2		0.753646
367.3		0.753646
367.4		0.753646
367.5		0.753646
367.6		0.753646
367.7		0.753646
367.8		0.753646
367.9		0.753646
368		0.753646
368.1		0.756068
368.2		0.756068
368.3		0.756068
368.4		0.756068
368.5		0.756068
368.6		0.756068
368.7		0.756068
368.8		0.756068
368.9		0.756068
369		0.756068
369.1		0.757105
369.2		0.757105
369.3		0.757105
369.4		0.757105
369.5		0.757105
369.6		0.757105
369.7		0.757105
369.8		0.757105
369.9		0.757105
370		0.757105
370.1		0.760377
370.2		0.760377
370.3		0.760377
370.4		0.760377
370.5		0.760377
370.6		0.760377
370.7		0.760377
370.8		0.760377
370.9		0.760377
371		0.760377
371.1		0.761624
371.2		0.761624
371.3		0.761624
371.4		0.761624
371.5		0.761624
371.6		0.761624
371.7		0.761624
371.8		0.761624
371.9		0.761624
372		0.761624
372.1		0.762662
372.2		0.762662
372.3		0.762662
372.4		0.762662
372.5		0.762662
372.6		0.762662
372.7		0.762662
372.8		0.762662
372.9		0.762662
373		0.762662
373.1		0.765133
373.2		0.765133
373.3		0.765133
373.4		0.765133
373.5		0.765133
373.6		0.765133
373.7		0.765133
373.8		0.765133
373.9		0.765133
374		0.765133
374.1		0.767932
374.2		0.767932
374.3		0.767932
374.4		0.767932
374.5		0.767932
374.6		0.767932
374.7		0.767932
374.8		0.767932
374.9		0.767932
375		0.767932
375.1		0.770048
375.2		0.770048
375.3		0.770048
375.4		0.770048
375.5		0.770048
375.6		0.770048
375.7		0.770048
375.8		0.770048
375.9		0.770048
376		0.770048
376.1		0.771764
376.2		0.771764
376.3		0.771764
376.4		0.771764
376.5		0.771764
376.6		0.771764
376.7		0.771764
376.8		0.771764
376.9		0.771764
377		0.771764
377.1		0.772833
377.2		0.772833
377.3		0.772833
377.4		0.772833
377.5		0.772833
377.6		0.772833
377.7		0.772833
377.8		0.772833
377.9		0.772833
378		0.772833
378.1		0.774121
378.2		0.774121
378.3		0.774121
378.4		0.774121
378.5		0.774121
378.6		0.774121
378.7		0.774121
378.8		0.774121
378.9		0.774121
379		0.774121
379.1		0.779391
379.2		0.779391
379.3		0.779391
379.4		0.779391
379.5		0.779391
379.6		0.779391
379.7		0.779391
379.8		0.779391
379.9		0.779391
380		0.779391
380.1		0.779933
380.2		0.779933
380.3		0.779933
380.4		0.779933
380.5		0.779933
380.6		0.779933
380.7		0.779933
380.8		0.779933
380.9		0.779933
381		0.779933
381.1		0.783833
381.2		0.783833
381.3		0.783833
381.4		0.783833
381.5		0.783833
381.6		0.783833
381.7		0.783833
381.8		0.783833
381.9		0.783833
382		0.783833
382.1		0.784493
382.2		0.784493
382.3		0.784493
382.4		0.784493
382.5		0.784493
382.6		0.784493
382.7		0.784493
382.8		0.784493
382.9		0.784493
383		0.784493
383.1		0.785986
383.2		0.785986
383.3		0.785986
383.4		0.785986
383.5		0.785986
383.6		0.785986
383.7		0.785986
383.8		0.785986
383.9		0.785986
384		0.785986
384.1		0.789285
384.2		0.789285
384.3		0.789285
384.4		0.789285
384.5		0.789285
384.6		0.789285
384.7		0.789285
384.8		0.789285
384.9		0.789285
385		0.789285
385.1		0.791197
385.2		0.791197
385.3		0.791197
385.4		0.791197
385.5		0.791197
385.6		0.791197
385.7		0.791197
385.8		0.791197
385.9		0.791197
386		0.791197
386.1		0.793841
386.2		0.793841
386.3		0.793841
386.4		0.793841
386.5		0.793841
386.6		0.793841
386.7		0.793841
386.8		0.793841
386.9		0.793841
387		0.793841
387.1		0.794055
387.2		0.794055
387.3		0.794055
387.4		0.794055
387.5		0.794055
387.6		0.794055
387.7		0.794055
387.8		0.794055
387.9		0.794055
388		0.794055
388.1		0.798009
388.2		0.798009
388.3		0.798009
388.4		0.798009
388.5		0.798009
388.6		0.798009
388.7		0.798009
388.8		0.798009
388.9		0.798009
389		0.798009
389.1		0.800854
389.2		0.800854
389.3		0.800854
389.4		0.800854
389.5		0.800854
389.6		0.800854
389.7		0.800854
389.8		0.800854
389.9		0.800854
390		0.800854
390.1		0.801318
390.2		0.801318
390.3		0.801318
390.4		0.801318
390.5		0.801318
390.6		0.801318
390.7		0.801318
390.8		0.801318
390.9		0.801318
391		0.801318
391.1		0.802965
391.2		0.802965
391.3		0.802965
391.4		0.802965
391.5		0.802965
391.6		0.802965
391.7		0.802965
391.8		0.802965
391.9		0.802965
392		0.802965
392.1		0.80672
392.2		0.80672
392.3		0.80672
392.4		0.80672
392.5		0.80672
392.6		0.80672
392.7		0.80672
392.8		0.80672
392.9		0.80672
393		0.80672
393.1		0.808072
393.2		0.808072
393.3		0.808072
393.4		0.808072
393.5		0.808072
393.6		0.808072
393.7		0.808072
393.8		0.808072
393.9		0.808072
394		0.808072
394.1		0.809901
394.2		0.809901
394.3		0.809901
394.4		0.809901
394.5		0.809901
394.6		0.809901
394.7		0.809901
394.8		0.809901
394.9		0.809901
395		0.809901
395.1		0.810224
395.2		0.810224
395.3		0.810224
395.4		0.810224
395.5		0.810224
395.6		0.810224
395.7		0.810224
395.8		0.810224
395.9		0.810224
396		0.810224
396.1		0.813624
396.2		0.813624
396.3		0.813624
396.4		0.813624
396.5		0.813624
396.6		0.813624
396.7		0.813624
396.8		0.813624
396.9		0.813624
397		0.813624
397.1		0.816295
397.2		0.816295
397.3		0.816295
397.4		0.816295
397.5		0.816295
397.6		0.816295
397.7		0.816295
397.8		0.816295
397.9		0.816295
398		0.816295
398.1		0.817651
398.2		0.817651
398.3		0.817651
398.4		0.817651
398.5		0.817651
398.6		0.817651
398.7		0.817651
398.8		0.817651
398.9		0.817651
399		0.817651
399.1		0.818289
399.2		0.818289
399.3		0.818289
399.4		0.818289
399.5		0.818289
399.6		0.818289
399.7		0.818289
399.8		0.818289
399.9		0.818289
400		0.818289
400.1		0.823791
400.2		0.823791
400.3		0.823791
400.4		0.823791
400.5		0.823791
400.6		0.823791
400.7		0.823791
400.8		0.823791
400.9		0.823791
401		0.823791
401.1		0.824564
401.2		0.824564
401.3		0.824564
401.4		0.824564
401.5		0.824564
401.6		0.824564
401.7		0.824564
401.8		0.824564
401.9		0.824564
402		0.824564
402.1		0.825775
402.2		0.825775
402.3		0.825775
402.4		0.825775
402.5		0.825775
402.6		0.825775
402.7		0.825775
402.8		0.825775
402.9		0.825775
403		0.825775
403.1		0.828319
403.2		0.828319
403.3		0.828319
403.4		0.828319
403.5		0.828319
403.6		0.828319
403.7		0.828319
403.8		0.828319
403.9		0.828319
404		0.828319
404.1		0.830435
404.2		0.830435
404.3		0.830435
404.4		0.830435
404.5		0.830435
404.6		0.830435
404.7		0.830435
404.8		0.830435
404.9		0.830435
405		0.830435
405.1		0.83368
405.2		0.83368
405.3		0.83368
405.4		0.83368
405.5		0.83368
405.6		0.83368
405.7		0.83368
405.8		0.83368
405.9		0.83368
406		0.83368
406.1		0.833999
406.2		0.833999
406.3		0.833999
406.4		0.833999
406.5		0.833999
406.6		0.833999
406.7		0.833999
406.8		0.833999
406.9		0.833999
407		0.833999
407.1		0.835168
407.2		0.835168
407.3		0.835168
407.4		0.835168
407.5		0.835168
407.6		0.835168
407.7		0.835168
407.8		0.835168
407.9		0.835168
408		0.835168
408.1		0.837221
408.2		0.837221
408.3		0.837221
408.4		0.837221
408.5		0.837221
408.6		0.837221
408.7		0.837221
408.8		0.837221
408.9		0.837221
409		0.837221
409.1		0.841016
409.2		0.841016
409.3		0.841016
409.4		0.841016
409.5		0.841016
409.6		0.841016
409.7		0.841016
409.8		0.841016
409.9		0.841016
410		0.841016
410.1		0.842969
410.2		0.842969
410.3		0.842969
410.4		0.842969
410.5		0.842969
410.6		0.842969
410.7		0.842969
410.8		0.842969
410.9		0.842969
411		0.842969
411.1		0.84478
411.2		0.84478
411.3		0.84478
411.4		0.84478
411.5		0.84478
411.6		0.84478
411.7		0.84478
411.8		0.84478
411.9		0.84478
412		0.84478
412.1		0.847583
412.2		0.847583
412.3		0.847583
412.4		0.847583
412.5		0.847583
412.6		0.847583
412.7		0.847583
412.8		0.847583
412.9		0.847583
413		0.847583
413.1		0.849454
413.2		0.849454
413.3		0.849454
413.4		0.849454
413.5		0.849454
413.6		0.849454
413.7		0.849454
413.8		0.849454
413.9		0.849454
414		0.849454
414.1		0.852603
414.2		0.852603
414.3		0.852603
414.4		0.852603
414.5		0.852603
414.6		0.852603
414.7		0.852603
414.8		0.852603
414.9		0.852603
415		0.852603
415.1		0.853008
415.2		0.853008
415.3		0.853008
415.4		0.853008
415.5		0.853008
415.6		0.853008
415.7		0.853008
415.8		0.853008
415.9		0.853008
416		0.853008
416.1		0.853832
416.2		0.853832
416.3		0.853832
416.4		0.853832
416.5		0.853832
416.6		0.853832
416.7		0.853832
416.8		0.853832
416.9		0.853832
417		0.853832
417.1		0.857595
417.2		0.857595
417.3		0.857595
417.4		0.857595
417.5		0.857595
417.6		0.857595
417.7		0.857595
417.8		0.857595
417.9		0.857595
418		0.857595
418.1		0.861332
418.2		0.861332
418.3		0.861332
418.4		0.861332
418.5		0.861332
418.6		0.861332
418.7		0.861332
418.8		0.861332
418.9		0.861332
419		0.861332
419.1		0.862042
419.2		0.862042
419.3		0.862042
419.4		0.862042
419.5		0.862042
419.6		0.862042
419.7		0.862042
419.8		0.862042
419.9		0.862042
420		0.862042
420.1		0.863989
420.2		0.863989
420.3		0.863989
420.4		0.863989
420.5		0.863989
420.6		0.863989
420.7		0.863989
420.8		0.863989
420.9		0.863989
421		0.863989
421.1		0.86424
421.2		0.86424
421.3		0.86424
421.4		0.86424
421.5		0.86424
421.6		0.86424
421.7		0.86424
421.8		0.86424
421.9		0.86424
422		0.86424
422.1		0.869865
422.2		0.869865
422.3		0.869865
422.4		0.869865
422.5		0.869865
422.6		0.869865
422.7		0.869865
422.8		0.869865
422.9		0.869865
423		0.869865
423.1		0.871726
423.2		0.871726
423.3		0.871726
423.4		0.871726
423.5		0.871726
423.6		0.871726
423.7		0.871726
423.8		0.871726
423.9		0.871726
424		0.871726
424.1		0.872268
424.2		0.872268
424.3		0.872268
424.4		0.872268
424.5		0.872268
424.6		0.872268
424.7		0.872268
424.8		0.872268
424.9		0.872268
425		0.872268
425.1		0.872709
425.2		0.872709
425.3		0.872709
425.4		0.872709
425.5		0.872709
425.6		0.872709
425.7		0.872709
425.8		0.872709
425.9		0.872709
426		0.872709
426.1		0.878539
426.2		0.878539
426.3		0.878539
426.4		0.878539
426.5		0.878539
426.6		0.878539
426.7		0.878539
426.8		0.878539
426.9		0.878539
427		0.878539
427.1		0.87909
427.2		0.87909
427.3		0.87909
427.4		0.87909
427.5		0.87909
427.6		0.87909
427.7		0.87909
427.8		0.87909
427.9		0.87909
428		0.87909
428.1		0.880223
428.2		0.880223
428.3		0.880223
428.4		0.880223
428.5		0.880223
428.6		0.880223
428.7		0.880223
428.8		0.880223
428.9		0.880223
429		0.880223
429.1		0.881779
429.2		0.881779
429.3		0.881779
429.4		0.881779
429.5		0.881779
429.6		0.881779
429.7		0.881779
429.8		0.881779
429.9		0.881779
430		0.881779
430.1		0.886394
430.2		0.886394
430.3		0.886394
430.4		0.886394
430.5		0.886394
430.6		0.886394
430.7		0.886394
430.8		0.886394
430.9		0.886394
431		0.886394
431.1		0.888155
431.2		0.888155
431.3		0.888155
431.4		0.888155
431.5		0.888155
431.6		0.888155
431.7		0.888155
431.8		0.888155
431.9		0.888155
432		0.888155
432.1		0.888487
432.2		0.888487
432.3		0.888487
432.4		0.888487
432.5		0.888487
432.6		0.888487
432.7		0.888487
432.8		0.888487
432.9		0.888487
433		0.888487
433.1		0.888988
433.2		0.888988
433.3		0.888988
433.4		0.888988
433.5		0.888988
433.6		0.888988
433.7		0.888988
433.8		0.888988
433.9		0.888988
434		0.888988
434.1		0.894463
434.2		0.894463
434.3		0.894463
434.4		0.894463
434.5		0.894463
434.6		0.894463
434.7		0.894463
434.8		0.894463
434.9		0.894463
435		0.894463
435.1		0.896593
435.2		0.896593
435.3		0.896593
435.4		0.896593
435.5		0.896593
435.6		0.896593
435.7		0.896593
435.8		0.896593
435.9		0.896593
436		0.896593
436.1		0.897089
436.2		0.897089
436.3		0.897089
436.4		0.897089
436.5		0.897089
436.6		0.897089
436.7		0.897089
436.8		0.897089
436.9		0.897089
437		0.897089
437.1		0.899578
437.2		0.899578
437.3		0.899578
437.4		0.899578
437.5		0.899578
437.6		0.899578
437.7		0.899578
437.8		0.899578
437.9		0.899578
438		0.899578
438.1		0.90235
438.2		0.90235
438.3		0.90235
438.4		0.90235
438.5		0.90235
438.6		0.90235
438.7		0.90235
438.8		0.90235
438.9		0.90235
439		0.90235
439.1		0.903615
439.2		0.903615
439.3		0.903615
439.4		0.903615
439.5		0.903615
439.6		0.903615
439.7		0.903615
439.8		0.903615
439.9		0.903615
440		0.903615
440.1		0.904593
440.2		0.904593
440.3		0.904593
440.4		0.904593
440.5		0.904593
440.6		0.904593
440.7		0.904593
440.8		0.904593
440.9		0.904593
441		0.904593
441.1		0.906145
441.2		0.906145
441.3		0.906145
441.4		0.906145
441.5		0.906145
441.6		0.906145
441.7		0.906145
441.8		0.906145
441.9		0.906145
442		0.906145
442.1		0.911083
442.2		0.911083
442.3		0.911083
442.4		0.911083
442.5		0.911083
442.6		0.911083
442.7		0.911083
442.8		0.911083
442.9		0.911083
443		0.911083
443.1		0.91319
443.2		0.91319
443.3		0.91319
443.4		0.91319
443.5		0.91319
443.6		0.91319
443.7		0.91319
443.8		0.91319
443.9		0.91319
444		0.91319
444.1		0.913668
444.2		0.913668
444.3		0.913668
444.4		0.913668
444.5		0.913668
444.6		0.913668
444.7		0.913668
444.8		0.913668
444.9		0.913668
445		0.913668
445.1		0.917445
445.2		0.917445
445.3		0.917445
445.4		0.917445
445.5		0.917445
445.6		0.917445
445.7		0.917445
445.8		0.917445
445.9		0.917445
446		0.917445
446.1		0.917809
446.2		0.917809
446.3		0.917809
446.4		0.917809
446.5		0.917809
446.6		0.917809
446.7		0.917809
446.8		0.917809
446.9		0.917809
447		0.917809
447.1		0.922902
447.2		0.922902
447.3		0.922902
447.4		0.922902
447.5		0.922902
447.6		0.922902
447.7		0.922902
447.8		0.922902
447.9		0.922902
448		0.922902
448.1		0.923439
448.2		0.923439
448.3		0.923439
448.4		0.923439
448.5		0.923439
448.6		0.923439
448.7		0.923439
448.8		0.923439
448.9		0.923439
449		0.923439
449.1		0.926283
449.2		0.926283
449.3		0.926283
449.4		0.926283
449.5		0.926283
449.6		0.926283
449.7		0.926283
449.8		0.926283
449.9		0.926283
450		0.926283
450.1		0.926584
450.2		0.926584
450.3		0.926584
450.4		0.926584
450.5		0.926584
450.6		0.926584
450.7		0.926584
450.8		0.926584
450.9		0.926584
451		0.926584
451.1		0.928677
451.2		0.928677
451.3		0.928677
451.4		0.928677
451.5		0.928677
451.6		0.928677
451.7		0.928677
451.8		0.928677
451.9		0.928677
452		0.928677
452.1		0.933847
452.2		0.933847
452.3		0.933847
452.4		0.933847
452.5		0.933847
452.6		0.933847
452.7		0.933847
452.8		0.933847
452.9		0.933847
453		0.933847
453.1		0.934539
453.2		0.934539
453.3		0.934539
453.4		0.934539
453.5		0.934539
453.6		0.934539
453.7		0.934539
453.8		0.934539
453.9		0.934539
454		0.934539
454.1		0.937615
454.2		0.937615
454.3		0.937615
454.4		0.937615
454.5		0.937615
454.6		0.937615
454.7		0.937615
454.8		0.937615
454.9		0.937615
455		0.937615
455.1		0.937911
455.2		0.937911
455.3		0.937911
455.4		0.937911
455.5		0.937911
455.6		0.937911
455.7		0.937911
455.8		0.937911
455.9		0.937911
456		0.937911
456.1		0.944141
456.2		0.944141
456.3		0.944141
456.4		0.944141
456.5		0.944141
456.6		0.944141
456.7		0.944141
456.8		0.944141
456.9		0.944141
457		0.944141
457.1		0.944728
457.2		0.944728
457.3		0.944728
457.4		0.944728
457.5		0.944728
457.6		0.944728
457.7		0.944728
457.8		0.944728
457.9		0.944728
458		0.944728
458.1		0.945447
458.2		0.945447
458.3		0.945447
458.4		0.945447
458.5		0.945447
458.6		0.945447
458.7		0.945447
458.8		0.945447
458.9		0.945447
459		0.945447
459.1		0.94689
459.2		0.94689
459.3		0.94689
459.4		0.94689
459.5		0.94689
459.6		0.94689
459.7		0.94689
459.8		0.94689
459.9		0.94689
460		0.94689
460.1		0.951209
460.2		0.951209
460.3		0.951209
460.4		0.951209
460.5		0.951209
460.6		0.951209
460.7		0.951209
460.8		0.951209
460.9		0.951209
461		0.951209
461.1		0.951537
461.2		0.951537
461.3		0.951537
461.4		0.951537
461.5		0.951537
461.6		0.951537
461.7		0.951537
461.8		0.951537
461.9		0.951537
462		0.951537
462.1		0.953566
462.2		0.953566
462.3		0.953566
462.4		0.953566
462.5		0.953566
462.6		0.953566
462.7		0.953566
462.8		0.953566
462.9		0.953566
463		0.953566
463.1		0.956338
463.2		0.956338
463.3		0.956338
463.4		0.956338
463.5		0.956338
463.6		0.956338
463.7		0.956338
463.8		0.956338
463.9		0.956338
464		0.956338
464.1		0.960056
464.2		0.960056
464.3		0.960056
464.4		0.960056
464.5		0.960056
464.6		0.960056
464.7		0.960056
464.8		0.960056
464.9		0.960056
465		0.960056
465.1		0.961317
465.2		0.961317
465.3		0.961317
465.4		0.961317
465.5		0.961317
465.6		0.961317
465.7		0.961317
465.8		0.961317
465.9		0.961317
466		0.961317
466.1		0.961622
466.2		0.961622
466.3		0.961622
466.4		0.961622
466.5		0.961622
466.6		0.961622
466.7		0.961622
466.8		0.961622
466.9		0.961622
467		0.961622
467.1		0.964293
467.2		0.964293
467.3		0.964293
467.4		0.964293
467.5		0.964293
467.6		0.964293
467.7		0.964293
467.8		0.964293
467.9		0.964293
468		0.964293
468.1		0.966405
468.2		0.966405
468.3		0.966405
468.4		0.966405
468.5		0.966405
468.6		0.966405
468.7		0.966405
468.8		0.966405
468.9		0.966405
469		0.966405
469.1		0.970105
469.2		0.970105
469.3		0.970105
469.4		0.970105
469.5		0.970105
469.6		0.970105
469.7		0.970105
469.8		0.970105
469.9		0.970105
470		0.970105
470.1		0.971256
470.2		0.971256
470.3		0.971256
470.4		0.971256
470.5		0.971256
470.6		0.971256
470.7		0.971256
470.8		0.971256
470.9		0.971256
471		0.971256
471.1		0.971606
471.2		0.971606
471.3		0.971606
471.4		0.971606
471.5		0.971606
471.6		0.971606
471.7		0.971606
471.8		0.971606
471.9		0.971606
472		0.971606
472.1		0.973764
472.2		0.973764
472.3		0.973764
472.4		0.973764
472.5		0.973764
472.6		0.973764
472.7		0.973764
472.8		0.973764
472.9		0.973764
473		0.973764
473.1		0.977159
473.2		0.977159
473.3		0.977159
473.4		0.977159
473.5		0.977159
473.6		0.977159
473.7		0.977159
473.8		0.977159
473.9		0.977159
474		0.977159
474.1		0.981418
474.2		0.981418
474.3		0.981418
474.4		0.981418
474.5		0.981418
474.6		0.981418
474.7		0.981418
474.8		0.981418
474.9		0.981418
475		0.981418
475.1		0.981955
475.2		0.981955
475.3		0.981955
475.4		0.981955
475.5		0.981955
475.6		0.981955
475.7		0.981955
475.8		0.981955
475.9		0.981955
476		0.981955
476.1		0.983612
476.2		0.983612
476.3		0.983612
476.4		0.983612
476.5		0.983612
476.6		0.983612
476.7		0.983612
476.8		0.983612
476.9		0.983612
477		0.983612
477.1		0.984745
477.2		0.984745
477.3		0.984745
477.4		0.984745
477.5		0.984745
477.6		0.984745
477.7		0.984745
477.8		0.984745
477.9		0.984745
478		0.984745
478.1		0.988227
478.2		0.988227
478.3		0.988227
478.4		0.988227
478.5		0.988227
478.6		0.988227
478.7		0.988227
478.8		0.988227
478.9		0.988227
479		0.988227
479.1		0.989292
479.2		0.989292
479.3		0.989292
479.4		0.989292
479.5		0.989292
479.6		0.989292
479.7		0.989292
479.8		0.989292
479.9		0.989292
480		0.989292
480.1		0.992577
480.2		0.992577
480.3		0.992577
480.4		0.992577
480.5		0.992577
480.6		0.992577
480.7		0.992577
480.8		0.992577
480.9		0.992577
481		0.992577
481.1		0.995012
481.2		0.995012
481.3		0.995012
481.4		0.995012
481.5		0.995012
481.6		0.995012
481.7		0.995012
481.8		0.995012
481.9		0.995012
482		0.995012
482.1		0.995517
482.2		0.995517
482.3		0.995517
482.4		0.995517
482.5		0.995517
482.6		0.995517
482.7		0.995517
482.8		0.995517
482.9		0.995517
483		0.995517
483.1		0.998503
483.2		0.998503
483.3		0.998503
483.4		0.998503
483.5		0.998503
483.6		0.998503
483.7		0.998503
483.8		0.998503
483.9		0.998503
484		0.998503
484.1		0.999458
484.2		0.999458
484.3		0.999458
484.4		0.999458
484.5		0.999458
484.6		0.999458
484.7		0.999458
484.8		0.999458
484.9		0.999458
485		0.999458
485.1		0.999909
485.2		0.999909
485.3		0.999909
485.4		0.999909
485.5		0.999909
485.6		0.999909
485.7		0.999909
485.8		0.999909
485.9		0.999909
486		0.999909
486.1		1
486.2		1
486.3		1
486.4		1
486.5		1
486.6		1
486.7		1
486.8		1
486.9		1
487		1
487.1		1
487.2		1
487.3		1
487.4		1
487.5		1
487.6		1
487.7		1
487.8		1
487.9		1
488		1
488.1		1
488.2		1
488.3		1
488.4		1
488.5		1
488.6		1
488.7		1
488.8		1
488.9		1
489		1
489.1		1
489.2		1
489.3		1
489.4		1
489.5		1
489.6		1
489.7		1
489.8		1
489.9		1
490		1
490.1		1
490.2		1
490.3		1
490.4		1
490.5		1
490.6		1
490.7		1
490.8		1
490.9		1
491		1
491.1		1
491.2		1
491.3		1
491.4		1
491.5		1
491.6		1
491.7		1
491.8		1
491.9		1
492		1
492.1		1
492.2		1
492.3		1
492.4		1
492.5		1
492.6		1
492.7		1
492.8		1
492.9		1
493		1
493.1		1
493.2		1
493.3		1
493.4		1
493.5		1
493.6		1
493.7		1
493.8		1
493.9		1
494		1
494.1		1
494.2		1
494.3		1
494.4		1
494.5		1
494.6		1
494.7		1
494.8		1
494.9		1
495		1
495.1		1
495.2		1
495.3		1
495.4		1
495.5		1
495.6		1
495.7		1
495.8		1
495.9		1
496		1
496.1		1
496.2		1
496.3		1
496.4		1
496.5		1
496.6		1
496.7		1
496.8		1
496.9		1
497		1
497.1		1
497.2		1
497.3		1
497.4		1
497.5		1
497.6		1
497.7		1
497.8		1
497.9		1
498		1
498.1		1
498.2		1
498.3		1
498.4		1
498.5		1
498.6		1
498.7		1
498.8		1
498.9		1
499		1
499.1		1
499.2		1
499.3		1
499.4		1
499.5		1
499.6		1
499.7		1
499.8		1
499.9		1
500		1
500.1		1
500.2		1
500.3		1
500.4		1
500.5		1
500.6		1
500.7		1
500.8		1
500.9		1
501		1
501.1		1
501.2		1
501.3		1
501.4		1
501.5		1
501.6		1
501.7		1
501.8		1
501.9		1
502		1
502.1		1
502.2		1
502.3		1
502.4		1
502.5		1
502.6		1
502.7		1
502.8		1
502.9		1
503		1
503.1		1
503.2		1
503.3		1
503.4		1
503.5		1
503.6		1
503.7		1
503.8		1
503.9		1
504		1
504.1		1
504.2		1
504.3		1
504.4		1
504.5		1
504.6		1
504.7		1
504.8		1
504.9		1
505		1
505.1		1
505.2		1
505.3		1
505.4		1
505.5		1
505.6		1
505.7		1
505.8		1
505.9		1
506		1
506.1		1
506.2		1
506.3		1
506.4		1
506.5		1
506.6		1
506.7		1
506.8		1
506.9		1
507		1
507.1		1
507.2		1
507.3		1
507.4		1
507.5		1
507.6		1
507.7		1
507.8		1
507.9		1
508		1
508.1		1
508.2		1
508.3		1
508.4		1
508.5		1
508.6		1
508.7		1
508.8		1
508.9		1
509		1
509.1		1
509.2		1
509.3		1
509.4		1
509.5		1
509.6		1
509.7		1
509.8		1
509.9		1
510		1
510.1		1
510.2		1
510.3		1
510.4		1
510.5		1
510.6		1
510.7		1
510.8		1
510.9		1
511		1
511.1		1
511.2		1
511.3		1
511.4		1
511.5		1
511.6		1
511.7		1
511.8		1
511.9		1
512		1
512.1		1
512.2		1
512.3		1
512.4		1
512.5		1
512.6		1
512.7		1
512.8		1
512.9		1
513		1
513.1		1
513.2		1
513.3		1
513.4		1
513.5		1
513.6		1
513.7		1
513.8		1
513.9		1
514		1
514.1		1
514.2		1
514.3		1
514.4		1
514.5		1
514.6		1
514.7		1
514.8		1
514.9		1
515		1
515.1		1
515.2		1
515.3		1
515.4		1
515.5		1
515.6		1
515.7		1
515.8		1
515.9		1
516		1
516.1		1
516.2		1
516.3		1
516.4		1
516.5		1
516.6		1
516.7		1
516.8		1
516.9		1
517		1
517.1		1
517.2		1
517.3		1
517.4		1
517.5		1
517.6		1
517.7		1
517.8		1
517.9		1
518		1
518.1		1
518.2		1
518.3		1
518.4		1
518.5		1
518.6		1
518.7		1
518.8		1
518.9		1
519		1
519.1		1
519.2		1
519.3		1
519.4		1
519.5		1
519.6		1
519.7		1
519.8		1
519.9		1
520		1
520.1		1
520.2		1
520.3		1
520.4		1
520.5		1
520.6		1
520.7		1
520.8		1
520.9		1
521		1
521.1		1
521.2		1
521.3		1
521.4		1
521.5		1
521.6		1
521.7		1
521.8		1
521.9		1
522		1
522.1		1
522.2		1
522.3		1
522.4		1
522.5		1
522.6		1
522.7		1
522.8		1
522.9		1
523		1
523.1		1
523.2		1
523.3		1
523.4		1
523.5		1
523.6		1
523.7		1
523.8		1
523.9		1
524		1
524.1		1
524.2		1
524.3		1
524.4		1
524.5		1
524.6		1
524.7		1
524.8		1
524.9		1
525		1
525.1		1
525.2		1
525.3		1
525.4		1
525.5		1
525.6		1
525.7		1
525.8		1
525.9		1
526		1
526.1		1
526.2		1
526.3		1
526.4		1
526.5		1
526.6		1
526.7		1
526.8		1
526.9		1
527		1
527.1		1
527.2		1
527.3		1
527.4		1
527.5		1
527.6		1
527.7		1
527.8		1
527.9		1
528		1
528.1		1
528.2		1
528.3		1
528.4		1
528.5		1
528.6		1
528.7		1
528.8		1
528.9		1
529		1
529.1		1
529.2		1
529.3		1
529.4		1
529.5		1
529.6		1
529.7		1
529.8		1
529.9		1
530		1
530.1		1
530.2		1
530.3		1
530.4		1
530.5		1
530.6		1
530.7		1
530.8		1
530.9		1
531		1
531.1		1
531.2		1
531.3		1
531.4		1
531.5		1
531.6		1
531.7		1
531.8		1
531.9		1
532		1
532.1		1
532.2		1
532.3		1
532.4		1
532.5		1
532.6		1
532.7		1
532.8		1
532.9		1
533		1
533.1		1
533.2		1
533.3		1
533.4		1
533.5		1
533.6		1
533.7		1
533.8		1
533.9		1
534		1
534.1		1
534.2		1
534.3		1
534.4		1
534.5		1
534.6		1
534.7		1
534.8		1
534.9		1
535		1
535.1		1
535.2		1
535.3		1
535.4		1
535.5		1
535.6		1
535.7		1
535.8		1
535.9		1
536		1
536.1		1
536.2		1
536.3		1
536.4		1
536.5		1
536.6		1
536.7		1
536.8		1
536.9		1
537		1
537.1		1
537.2		1
537.3		1
537.4		1
537.5		1
537.6		1
537.7		1
537.8		1
537.9		1
538		1
538.1		1
538.2		1
538.3		1
538.4		1
538.5		1
538.6		1
538.7		1
538.8		1
538.9		1
539		1
539.1		1
539.2		1
539.3		1
539.4		1
539.5		1
539.6		1
539.7		1
539.8		1
539.9		1
540		1
540.1		1
540.2		1
540.3		1
540.4		1
540.5		1
540.6		1
540.7		1
540.8		1
540.9		1
541		1
541.1		1
541.2		1
541.3		1
541.4		1
541.5		1
541.6		1
541.7		1
541.8		1
541.9		1
542		1
542.1		1
542.2		1
542.3		1
542.4		1
542.5		1
542.6		1
542.7		1
542.8		1
542.9		1
543		1
543.1		1
543.2		1
543.3		1
543.4		1
543.5		1
543.6		1
543.7		1
543.8		1
543.9		1
544		1
544.1		1
544.2		1
544.3		1
544.4		1
544.5		1
544.6		1
544.7		1
544.8		1
544.9		1
545		1
545.1		1
545.2		1
545.3		1
545.4		1
545.5		1
545.6		1
545.7		1
545.8		1
545.9		1
546		1
546.1		1
546.2		1
546.3		1
546.4		1
546.5		1
546.6		1
546.7		1
546.8		1
546.9		1
547		1
547.1		1
547.2		1
547.3		1
547.4		1
547.5		1
547.6		1
547.7		1
547.8		1
547.9		1
548		1
548.1		1
548.2		1
548.3		1
548.4		1
548.5		1
548.6		1
548.7		1
548.8		1
548.9		1
549		1
549.1		1
549.2		1
549.3		1
549.4		1
549.5		1
549.6		1
549.7		1
549.8		1
549.9		1
550		1
550.1		1
550.2		1
550.3		1
550.4		1
550.5		1
550.6		1
550.7		1
550.8		1
550.9		1
551		1
551.1		1
551.2		1
551.3		1
551.4		1
551.5		1
551.6		1
551.7		1
551.8		1
551.9		1
552		1
552.1		1
552.2		1
552.3		1
552.4		1
552.5		1
552.6		1
552.7		1
552.8		1
552.9		1
553		1
553.1		1
553.2		1
553.3		1
553.4		1
553.5		1
553.6		1
553.7		1
553.8		1
553.9		1
554		1
554.1		1
554.2		1
554.3		1
554.4		1
554.5		1
554.6		1
554.7		1
554.8		1
554.9		1
555		1
555.1		1
555.2		1
555.3		1
555.4		1
555.5		1
555.6		1
555.7		1
555.8		1
555.9		1
556		1
556.1		1
556.2		1
556.3		1
556.4		1
556.5		1
556.6		1
556.7		1
556.8		1
556.9		1
557		1
557.1		1
557.2		1
557.3		1
557.4		1
557.5		1
557.6		1
557.7		1
557.8		1
557.9		1
558		1
558.1		1
558.2		1
558.3		1
558.4		1
558.5		1
558.6		1
558.7		1
558.8		1
558.9		1
559		1
559.1		1
559.2		1
559.3		1
559.4		1
559.5		1
559.6		1
559.7		1
559.8		1
559.9		1
560		1
560.1		1
560.2		1
560.3		1
560.4		1
560.5		1
560.6		1
560.7		1
560.8		1
560.9		1
561		1
561.1		1
561.2		1
561.3		1
561.4		1
561.5		1
561.6		1
561.7		1
561.8		1
561.9		1
562		1
562.1		1
562.2		1
562.3		1
562.4		1
562.5		1
562.6		1
562.7		1
562.8		1
562.9		1
563		1
563.1		1
563.2		1
563.3		1
563.4		1
563.5		1
563.6		1
563.7		1
563.8		1
563.9		1
564		1
564.1		1
564.2		1
564.3		1
564.4		1
564.5		1
564.6		1
564.7		1
564.8		1
564.9		1
565		1
565.1		1
565.2		1
565.3		1
565.4		1
565.5		1
565.6		1
565.7		1
565.8		1
565.9		1
566		1
566.1		1
566.2		1
566.3		1
566.4		1
566.5		1
566.6		1
566.7		1
566.8		1
566.9		1
567		1
567.1		1
567.2		1
567.3		1
567.4		1
567.5		1
567.6		1
567.7		1
567.8		1
567.9		1
568		1
568.1		1
568.2		1
568.3		1
568.4		1
568.5		1
568.6		1
568.7		1
568.8		1
568.9		1
569		1
569.1		1
569.2		1
569.3		1
569.4		1
569.5		1
569.6		1
569.7		1
569.8		1
569.9		1
570		1
570.1		1
570.2		1
570.3		1
570.4		1
570.5		1
570.6		1
570.7		1
570.8		1
570.9		1
571		1
571.1		1
571.2		1
571.3		1
571.4		1
571.5		1
571.6		1
571.7		1
571.8		1
571.9		1
572		1
572.1		1
572.2		1
572.3		1
572.4		1
572.5		1
572.6		1
572.7		1
572.8		1
572.9		1
573		1
573.1		1
573.2		1
573.3		1
573.4		1
573.5		1
573.6		1
573.7		1
573.8		1
573.9		1
574		1
574.1		1
574.2		1
574.3		1
574.4		1
574.5		1
574.6		1
574.7		1
574.8		1
574.9		1
575		1
575.1		1
575.2		1
575.3		1
575.4		1
575.5		1
575.6		1
575.7		1
575.8		1
575.9		1
576		1
576.1		1
576.2		1
576.3		1
576.4		1
576.5		1
576.6		1
576.7		1
576.8		1
576.9		1
577		1
577.1		1
577.2		1
577.3		1
577.4		1
577.5		1
577.6		1
577.7		1
577.8		1
577.9		1
578		1
578.1		1
578.2		1
578.3		1
578.4		1
578.5		1
578.6		1
578.7		1
578.8		1
578.9		1
579		1
579.1		1
579.2		1
579.3		1
579.4		1
579.5		1
579.6		1
579.7		1
579.8		1
579.9		1
580		1
580.1		1
580.2		1
580.3		1
580.4		1
580.5		1
580.6		1
580.7		1
580.8		1
580.9		1
581		1
581.1		1
581.2		1
581.3		1
581.4		1
581.5		1
581.6		1
581.7		1
581.8		1
581.9		1
582		1
582.1		1
582.2		1
582.3		1
582.4		1
582.5		1
582.6		1
582.7		1
582.8		1
582.9		1
583		1
583.1		1
583.2		1
583.3		1
583.4		1
583.5		1
583.6		1
583.7		1
583.8		1
583.9		1
584		1
584.1		1
584.2		1
584.3		1
584.4		1
584.5		1
584.6		1
584.7		1
584.8		1
584.9		1
585		1
585.1		1
585.2		1
585.3		1
585.4		1
585.5		1
585.6		1
585.7		1
585.8		1
585.9		1
586		1
586.1		1
586.2		1
586.3		1
586.4		1
586.5		1
586.6		1
586.7		1
586.8		1
586.9		1
587		1
587.1		1
587.2		1
587.3		1
587.4		1
587.5		1
587.6		1
587.7		1
587.8		1
587.9		1
588		1
588.1		1
588.2		1
588.3		1
588.4		1
588.5		1
588.6		1
588.7		1
588.8		1
588.9		1
589		1
589.1		1
589.2		1
589.3		1
589.4		1
589.5		1
589.6		1
589.7		1
589.8		1
589.9		1
590		1
590.1		1
590.2		1
590.3		1
590.4		1
590.5		1
590.6		1
590.7		1
590.8		1
590.9		1
591		1
591.1		1
591.2		1
591.3		1
591.4		1
591.5		1
591.6		1
591.7		1
591.8		1
591.9		1
592		1
592.1		1
592.2		1
592.3		1
592.4		1
592.5		1
592.6		1
592.7		1
592.8		1
592.9		1
593		1
593.1		1
593.2		1
593.3		1
593.4		1
593.5		1
593.6		1
593.7		1
593.8		1
593.9		1
594		1
594.1		1
594.2		1
594.3		1
594.4		1
594.5		1
594.6		1
594.7		1
594.8		1
594.9		1
595		1
595.1		1
595.2		1
595.3		1
595.4		1
595.5		1
595.6		1
595.7		1
595.8		1
595.9		1
596		1
596.1		1
596.2		1
596.3		1
596.4		1
596.5		1
596.6		1
596.7		1
596.8		1
596.9		1
597		1
597.1		1
597.2		1
597.3		1
597.4		1
597.5		1
597.6		1
597.7		1
597.8		1
597.9		1
598		1
598.1		1
598.2		1
598.3		1
598.4		1
598.5		1
598.6		1
598.7		1
598.8		1
598.9		1
599		1
599.1		1
599.2		1
599.3		1
599.4		1
599.5		1
599.6		1
599.7		1
599.8		1
599.9		1
600		1
