# Calibration file of tamex_id 1 @ channel 55
# fine_T bin		 Calibration value
0.1		0
0.2		0
0.3		0
0.4		0
0.5		0
0.6		0
0.7		0
0.8		0
0.9		0
1		0
1.1		0
1.2		0
1.3		0
1.4		0
1.5		0
1.6		0
1.7		0
1.8		0
1.9		0
2		0
2.1		0
2.2		0
2.3		0
2.4		0
2.5		0
2.6		0
2.7		0
2.8		0
2.9		0
3		0
3.1		0
3.2		0
3.3		0
3.4		0
3.5		0
3.6		0
3.7		0
3.8		0
3.9		0
4		0
4.1		0
4.2		0
4.3		0
4.4		0
4.5		0
4.6		0
4.7		0
4.8		0
4.9		0
5		0
5.1		0
5.2		0
5.3		0
5.4		0
5.5		0
5.6		0
5.7		0
5.8		0
5.9		0
6		0
6.1		0
6.2		0
6.3		0
6.4		0
6.5		0
6.6		0
6.7		0
6.8		0
6.9		0
7		0
7.1		0
7.2		0
7.3		0
7.4		0
7.5		0
7.6		0
7.7		0
7.8		0
7.9		0
8		0
8.1		0
8.2		0
8.3		0
8.4		0
8.5		0
8.6		0
8.7		0
8.8		0
8.9		0
9		0
9.1		0
9.2		0
9.3		0
9.4		0
9.5		0
9.6		0
9.7		0
9.8		0
9.9		0
10		0
10.1		0
10.2		0
10.3		0
10.4		0
10.5		0
10.6		0
10.7		0
10.8		0
10.9		0
11		0
11.1		0
11.2		0
11.3		0
11.4		0
11.5		0
11.6		0
11.7		0
11.8		0
11.9		0
12		0
12.1		0
12.2		0
12.3		0
12.4		0
12.5		0
12.6		0
12.7		0
12.8		0
12.9		0
13		0
13.1		0
13.2		0
13.3		0
13.4		0
13.5		0
13.6		0
13.7		0
13.8		0
13.9		0
14		0
14.1		0
14.2		0
14.3		0
14.4		0
14.5		0
14.6		0
14.7		0
14.8		0
14.9		0
15		0
15.1		0
15.2		0
15.3		0
15.4		0
15.5		0
15.6		0
15.7		0
15.8		0
15.9		0
16		0
16.1		0.00640098
16.2		0.00640098
16.3		0.00640098
16.4		0.00640098
16.5		0.00640098
16.6		0.00640098
16.7		0.00640098
16.8		0.00640098
16.9		0.00640098
17		0.00640098
17.1		0.00767571
17.2		0.00767571
17.3		0.00767571
17.4		0.00767571
17.5		0.00767571
17.6		0.00767571
17.7		0.00767571
17.8		0.00767571
17.9		0.00767571
18		0.00767571
18.1		0.0110993
18.2		0.0110993
18.3		0.0110993
18.4		0.0110993
18.5		0.0110993
18.6		0.0110993
18.7		0.0110993
18.8		0.0110993
18.9		0.0110993
19		0.0110993
19.1		0.0114635
19.2		0.0114635
19.3		0.0114635
19.4		0.0114635
19.5		0.0114635
19.6		0.0114635
19.7		0.0114635
19.8		0.0114635
19.9		0.0114635
20		0.0114635
20.1		0.0157703
20.2		0.0157703
20.3		0.0157703
20.4		0.0157703
20.5		0.0157703
20.6		0.0157703
20.7		0.0157703
20.8		0.0157703
20.9		0.0157703
21		0.0157703
21.1		0.0192211
21.2		0.0192211
21.3		0.0192211
21.4		0.0192211
21.5		0.0192211
21.6		0.0192211
21.7		0.0192211
21.8		0.0192211
21.9		0.0192211
22		0.0192211
22.1		0.0209147
22.2		0.0209147
22.3		0.0209147
22.4		0.0209147
22.5		0.0209147
22.6		0.0209147
22.7		0.0209147
22.8		0.0209147
22.9		0.0209147
23		0.0209147
23.1		0.021889
23.2		0.021889
23.3		0.021889
23.4		0.021889
23.5		0.021889
23.6		0.021889
23.7		0.021889
23.8		0.021889
23.9		0.021889
24		0.021889
24.1		0.0246661
24.2		0.0246661
24.3		0.0246661
24.4		0.0246661
24.5		0.0246661
24.6		0.0246661
24.7		0.0246661
24.8		0.0246661
24.9		0.0246661
25		0.0246661
25.1		0.0261866
25.2		0.0261866
25.3		0.0261866
25.4		0.0261866
25.5		0.0261866
25.6		0.0261866
25.7		0.0261866
25.8		0.0261866
25.9		0.0261866
26		0.0261866
26.1		0.0268877
26.2		0.0268877
26.3		0.0268877
26.4		0.0268877
26.5		0.0268877
26.6		0.0268877
26.7		0.0268877
26.8		0.0268877
26.9		0.0268877
27		0.0268877
27.1		0.0303841
27.2		0.0303841
27.3		0.0303841
27.4		0.0303841
27.5		0.0303841
27.6		0.0303841
27.7		0.0303841
27.8		0.0303841
27.9		0.0303841
28		0.0303841
28.1		0.0313584
28.2		0.0313584
28.3		0.0313584
28.4		0.0313584
28.5		0.0313584
28.6		0.0313584
28.7		0.0313584
28.8		0.0313584
28.9		0.0313584
29		0.0313584
29.1		0.0343358
29.2		0.0343358
29.3		0.0343358
29.4		0.0343358
29.5		0.0343358
29.6		0.0343358
29.7		0.0343358
29.8		0.0343358
29.9		0.0343358
30		0.0343358
30.1		0.0368215
30.2		0.0368215
30.3		0.0368215
30.4		0.0368215
30.5		0.0368215
30.6		0.0368215
30.7		0.0368215
30.8		0.0368215
30.9		0.0368215
31		0.0368215
31.1		0.0376956
31.2		0.0376956
31.3		0.0376956
31.4		0.0376956
31.5		0.0376956
31.6		0.0376956
31.7		0.0376956
31.8		0.0376956
31.9		0.0376956
32		0.0376956
32.1		0.0381145
32.2		0.0381145
32.3		0.0381145
32.4		0.0381145
32.5		0.0381145
32.6		0.0381145
32.7		0.0381145
32.8		0.0381145
32.9		0.0381145
33		0.0381145
33.1		0.040837
33.2		0.040837
33.3		0.040837
33.4		0.040837
33.5		0.040837
33.6		0.040837
33.7		0.040837
33.8		0.040837
33.9		0.040837
34		0.040837
34.1		0.0457356
34.2		0.0457356
34.3		0.0457356
34.4		0.0457356
34.5		0.0457356
34.6		0.0457356
34.7		0.0457356
34.8		0.0457356
34.9		0.0457356
35		0.0457356
35.1		0.0476295
35.2		0.0476295
35.3		0.0476295
35.4		0.0476295
35.5		0.0476295
35.6		0.0476295
35.7		0.0476295
35.8		0.0476295
35.9		0.0476295
36		0.0476295
36.1		0.0503701
36.2		0.0503701
36.3		0.0503701
36.4		0.0503701
36.5		0.0503701
36.6		0.0503701
36.7		0.0503701
36.8		0.0503701
36.9		0.0503701
37		0.0503701
37.1		0.0511441
37.2		0.0511441
37.3		0.0511441
37.4		0.0511441
37.5		0.0511441
37.6		0.0511441
37.7		0.0511441
37.8		0.0511441
37.9		0.0511441
38		0.0511441
38.1		0.0531017
38.2		0.0531017
38.3		0.0531017
38.4		0.0531017
38.5		0.0531017
38.6		0.0531017
38.7		0.0531017
38.8		0.0531017
38.9		0.0531017
39		0.0531017
39.1		0.0552596
39.2		0.0552596
39.3		0.0552596
39.4		0.0552596
39.5		0.0552596
39.6		0.0552596
39.7		0.0552596
39.8		0.0552596
39.9		0.0552596
40		0.0552596
40.1		0.0571262
40.2		0.0571262
40.3		0.0571262
40.4		0.0571262
40.5		0.0571262
40.6		0.0571262
40.7		0.0571262
40.8		0.0571262
40.9		0.0571262
41		0.0571262
41.1		0.0596301
41.2		0.0596301
41.3		0.0596301
41.4		0.0596301
41.5		0.0596301
41.6		0.0596301
41.7		0.0596301
41.8		0.0596301
41.9		0.0596301
42		0.0596301
42.1		0.0612327
42.2		0.0612327
42.3		0.0612327
42.4		0.0612327
42.5		0.0612327
42.6		0.0612327
42.7		0.0612327
42.8		0.0612327
42.9		0.0612327
43		0.0612327
43.1		0.0615149
43.2		0.0615149
43.3		0.0615149
43.4		0.0615149
43.5		0.0615149
43.6		0.0615149
43.7		0.0615149
43.8		0.0615149
43.9		0.0615149
44		0.0615149
44.1		0.0654848
44.2		0.0654848
44.3		0.0654848
44.4		0.0654848
44.5		0.0654848
44.6		0.0654848
44.7		0.0654848
44.8		0.0654848
44.9		0.0654848
45		0.0654848
45.1		0.0658399
45.2		0.0658399
45.3		0.0658399
45.4		0.0658399
45.5		0.0658399
45.6		0.0658399
45.7		0.0658399
45.8		0.0658399
45.9		0.0658399
46		0.0658399
46.1		0.072687
46.2		0.072687
46.3		0.072687
46.4		0.072687
46.5		0.072687
46.6		0.072687
46.7		0.072687
46.8		0.072687
46.9		0.072687
47		0.072687
47.1		0.0734519
47.2		0.0734519
47.3		0.0734519
47.4		0.0734519
47.5		0.0734519
47.6		0.0734519
47.7		0.0734519
47.8		0.0734519
47.9		0.0734519
48		0.0734519
48.1		0.0734974
48.2		0.0734974
48.3		0.0734974
48.4		0.0734974
48.5		0.0734974
48.6		0.0734974
48.7		0.0734974
48.8		0.0734974
48.9		0.0734974
49		0.0734974
49.1		0.0737341
49.2		0.0737341
49.3		0.0737341
49.4		0.0737341
49.5		0.0737341
49.6		0.0737341
49.7		0.0737341
49.8		0.0737341
49.9		0.0737341
50		0.0737341
50.1		0.0782777
50.2		0.0782777
50.3		0.0782777
50.4		0.0782777
50.5		0.0782777
50.6		0.0782777
50.7		0.0782777
50.8		0.0782777
50.9		0.0782777
51		0.0782777
51.1		0.0796981
51.2		0.0796981
51.3		0.0796981
51.4		0.0796981
51.5		0.0796981
51.6		0.0796981
51.7		0.0796981
51.8		0.0796981
51.9		0.0796981
52		0.0796981
52.1		0.0831125
52.2		0.0831125
52.3		0.0831125
52.4		0.0831125
52.5		0.0831125
52.6		0.0831125
52.7		0.0831125
52.8		0.0831125
52.9		0.0831125
53		0.0831125
53.1		0.0848881
53.2		0.0848881
53.3		0.0848881
53.4		0.0848881
53.5		0.0848881
53.6		0.0848881
53.7		0.0848881
53.8		0.0848881
53.9		0.0848881
54		0.0848881
54.1		0.0851157
54.2		0.0851157
54.3		0.0851157
54.4		0.0851157
54.5		0.0851157
54.6		0.0851157
54.7		0.0851157
54.8		0.0851157
54.9		0.0851157
55		0.0851157
55.1		0.0883845
55.2		0.0883845
55.3		0.0883845
55.4		0.0883845
55.5		0.0883845
55.6		0.0883845
55.7		0.0883845
55.8		0.0883845
55.9		0.0883845
56		0.0883845
56.1		0.0907518
56.2		0.0907518
56.3		0.0907518
56.4		0.0907518
56.5		0.0907518
56.6		0.0907518
56.7		0.0907518
56.8		0.0907518
56.9		0.0907518
57		0.0907518
57.1		0.0910068
57.2		0.0910068
57.3		0.0910068
57.4		0.0910068
57.5		0.0910068
57.6		0.0910068
57.7		0.0910068
57.8		0.0910068
57.9		0.0910068
58		0.0910068
58.1		0.0945942
58.2		0.0945942
58.3		0.0945942
58.4		0.0945942
58.5		0.0945942
58.6		0.0945942
58.7		0.0945942
58.8		0.0945942
58.9		0.0945942
59		0.0945942
59.1		0.0949858
59.2		0.0949858
59.3		0.0949858
59.4		0.0949858
59.5		0.0949858
59.6		0.0949858
59.7		0.0949858
59.8		0.0949858
59.9		0.0949858
60		0.0949858
60.1		0.0985186
60.2		0.0985186
60.3		0.0985186
60.4		0.0985186
60.5		0.0985186
60.6		0.0985186
60.7		0.0985186
60.8		0.0985186
60.9		0.0985186
61		0.0985186
61.1		0.0988646
61.2		0.0988646
61.3		0.0988646
61.4		0.0988646
61.5		0.0988646
61.6		0.0988646
61.7		0.0988646
61.8		0.0988646
61.9		0.0988646
62		0.0988646
62.1		0.100649
62.2		0.100649
62.3		0.100649
62.4		0.100649
62.5		0.100649
62.6		0.100649
62.7		0.100649
62.8		0.100649
62.9		0.100649
63		0.100649
63.1		0.105521
63.2		0.105521
63.3		0.105521
63.4		0.105521
63.5		0.105521
63.6		0.105521
63.7		0.105521
63.8		0.105521
63.9		0.105521
64		0.105521
64.1		0.105803
64.2		0.105803
64.3		0.105803
64.4		0.105803
64.5		0.105803
64.6		0.105803
64.7		0.105803
64.8		0.105803
64.9		0.105803
65		0.105803
65.1		0.107678
65.2		0.107678
65.3		0.107678
65.4		0.107678
65.5		0.107678
65.6		0.107678
65.7		0.107678
65.8		0.107678
65.9		0.107678
66		0.107678
66.1		0.110747
66.2		0.110747
66.3		0.110747
66.4		0.110747
66.5		0.110747
66.6		0.110747
66.7		0.110747
66.8		0.110747
66.9		0.110747
67		0.110747
67.1		0.111667
67.2		0.111667
67.3		0.111667
67.4		0.111667
67.5		0.111667
67.6		0.111667
67.7		0.111667
67.8		0.111667
67.9		0.111667
68		0.111667
68.1		0.113387
68.2		0.113387
68.3		0.113387
68.4		0.113387
68.5		0.113387
68.6		0.113387
68.7		0.113387
68.8		0.113387
68.9		0.113387
69		0.113387
69.1		0.116847
69.2		0.116847
69.3		0.116847
69.4		0.116847
69.5		0.116847
69.6		0.116847
69.7		0.116847
69.8		0.116847
69.9		0.116847
70		0.116847
70.1		0.117722
70.2		0.117722
70.3		0.117722
70.4		0.117722
70.5		0.117722
70.6		0.117722
70.7		0.117722
70.8		0.117722
70.9		0.117722
71		0.117722
71.1		0.118322
71.2		0.118322
71.3		0.118322
71.4		0.118322
71.5		0.118322
71.6		0.118322
71.7		0.118322
71.8		0.118322
71.9		0.118322
72		0.118322
72.1		0.124742
72.2		0.124742
72.3		0.124742
72.4		0.124742
72.5		0.124742
72.6		0.124742
72.7		0.124742
72.8		0.124742
72.9		0.124742
73		0.124742
73.1		0.125324
73.2		0.125324
73.3		0.125324
73.4		0.125324
73.5		0.125324
73.6		0.125324
73.7		0.125324
73.8		0.125324
73.9		0.125324
74		0.125324
74.1		0.126135
74.2		0.126135
74.3		0.126135
74.4		0.126135
74.5		0.126135
74.6		0.126135
74.7		0.126135
74.8		0.126135
74.9		0.126135
75		0.126135
75.1		0.128438
75.2		0.128438
75.3		0.128438
75.4		0.128438
75.5		0.128438
75.6		0.128438
75.7		0.128438
75.8		0.128438
75.9		0.128438
76		0.128438
76.1		0.128912
76.2		0.128912
76.3		0.128912
76.4		0.128912
76.5		0.128912
76.6		0.128912
76.7		0.128912
76.8		0.128912
76.9		0.128912
77		0.128912
77.1		0.131671
77.2		0.131671
77.3		0.131671
77.4		0.131671
77.5		0.131671
77.6		0.131671
77.7		0.131671
77.8		0.131671
77.9		0.131671
78		0.131671
78.1		0.136469
78.2		0.136469
78.3		0.136469
78.4		0.136469
78.5		0.136469
78.6		0.136469
78.7		0.136469
78.8		0.136469
78.9		0.136469
79		0.136469
79.1		0.137626
79.2		0.137626
79.3		0.137626
79.4		0.137626
79.5		0.137626
79.6		0.137626
79.7		0.137626
79.8		0.137626
79.9		0.137626
80		0.137626
80.1		0.140048
80.2		0.140048
80.3		0.140048
80.4		0.140048
80.5		0.140048
80.6		0.140048
80.7		0.140048
80.8		0.140048
80.9		0.140048
81		0.140048
81.1		0.140129
81.2		0.140129
81.3		0.140129
81.4		0.140129
81.5		0.140129
81.6		0.140129
81.7		0.140129
81.8		0.140129
81.9		0.140129
82		0.140129
82.1		0.140293
82.2		0.140293
82.3		0.140293
82.4		0.140293
82.5		0.140293
82.6		0.140293
82.7		0.140293
82.8		0.140293
82.9		0.140293
83		0.140293
83.1		0.142023
83.2		0.142023
83.3		0.142023
83.4		0.142023
83.5		0.142023
83.6		0.142023
83.7		0.142023
83.8		0.142023
83.9		0.142023
84		0.142023
84.1		0.144819
84.2		0.144819
84.3		0.144819
84.4		0.144819
84.5		0.144819
84.6		0.144819
84.7		0.144819
84.8		0.144819
84.9		0.144819
85		0.144819
85.1		0.150928
85.2		0.150928
85.3		0.150928
85.4		0.150928
85.5		0.150928
85.6		0.150928
85.7		0.150928
85.8		0.150928
85.9		0.150928
86		0.150928
86.1		0.151119
86.2		0.151119
86.3		0.151119
86.4		0.151119
86.5		0.151119
86.6		0.151119
86.7		0.151119
86.8		0.151119
86.9		0.151119
87		0.151119
87.1		0.151465
87.2		0.151465
87.3		0.151465
87.4		0.151465
87.5		0.151465
87.6		0.151465
87.7		0.151465
87.8		0.151465
87.9		0.151465
88		0.151465
88.1		0.152604
88.2		0.152604
88.3		0.152604
88.4		0.152604
88.5		0.152604
88.6		0.152604
88.7		0.152604
88.8		0.152604
88.9		0.152604
89		0.152604
89.1		0.156228
89.2		0.156228
89.3		0.156228
89.4		0.156228
89.5		0.156228
89.6		0.156228
89.7		0.156228
89.8		0.156228
89.9		0.156228
90		0.156228
90.1		0.158404
90.2		0.158404
90.3		0.158404
90.4		0.158404
90.5		0.158404
90.6		0.158404
90.7		0.158404
90.8		0.158404
90.9		0.158404
91		0.158404
91.1		0.162501
91.2		0.162501
91.3		0.162501
91.4		0.162501
91.5		0.162501
91.6		0.162501
91.7		0.162501
91.8		0.162501
91.9		0.162501
92		0.162501
92.1		0.163648
92.2		0.163648
92.3		0.163648
92.4		0.163648
92.5		0.163648
92.6		0.163648
92.7		0.163648
92.8		0.163648
92.9		0.163648
93		0.163648
93.1		0.164395
93.2		0.164395
93.3		0.164395
93.4		0.164395
93.5		0.164395
93.6		0.164395
93.7		0.164395
93.8		0.164395
93.9		0.164395
94		0.164395
94.1		0.166644
94.2		0.166644
94.3		0.166644
94.4		0.166644
94.5		0.166644
94.6		0.166644
94.7		0.166644
94.8		0.166644
94.9		0.166644
95		0.166644
95.1		0.168356
95.2		0.168356
95.3		0.168356
95.4		0.168356
95.5		0.168356
95.6		0.168356
95.7		0.168356
95.8		0.168356
95.9		0.168356
96		0.168356
96.1		0.170641
96.2		0.170641
96.3		0.170641
96.4		0.170641
96.5		0.170641
96.6		0.170641
96.7		0.170641
96.8		0.170641
96.9		0.170641
97		0.170641
97.1		0.173282
97.2		0.173282
97.3		0.173282
97.4		0.173282
97.5		0.173282
97.6		0.173282
97.7		0.173282
97.8		0.173282
97.9		0.173282
98		0.173282
98.1		0.173309
98.2		0.173309
98.3		0.173309
98.4		0.173309
98.5		0.173309
98.6		0.173309
98.7		0.173309
98.8		0.173309
98.9		0.173309
99		0.173309
99.1		0.178635
99.2		0.178635
99.3		0.178635
99.4		0.178635
99.5		0.178635
99.6		0.178635
99.7		0.178635
99.8		0.178635
99.9		0.178635
100		0.178635
100.1		0.179619
100.2		0.179619
100.3		0.179619
100.4		0.179619
100.5		0.179619
100.6		0.179619
100.7		0.179619
100.8		0.179619
100.9		0.179619
101		0.179619
101.1		0.180666
101.2		0.180666
101.3		0.180666
101.4		0.180666
101.5		0.180666
101.6		0.180666
101.7		0.180666
101.8		0.180666
101.9		0.180666
102		0.180666
102.1		0.184581
102.2		0.184581
102.3		0.184581
102.4		0.184581
102.5		0.184581
102.6		0.184581
102.7		0.184581
102.8		0.184581
102.9		0.184581
103		0.184581
103.1		0.187049
103.2		0.187049
103.3		0.187049
103.4		0.187049
103.5		0.187049
103.6		0.187049
103.7		0.187049
103.8		0.187049
103.9		0.187049
104		0.187049
104.1		0.187231
104.2		0.187231
104.3		0.187231
104.4		0.187231
104.5		0.187231
104.6		0.187231
104.7		0.187231
104.8		0.187231
104.9		0.187231
105		0.187231
105.1		0.19111
105.2		0.19111
105.3		0.19111
105.4		0.19111
105.5		0.19111
105.6		0.19111
105.7		0.19111
105.8		0.19111
105.9		0.19111
106		0.19111
106.1		0.193031
106.2		0.193031
106.3		0.193031
106.4		0.193031
106.5		0.193031
106.6		0.193031
106.7		0.193031
106.8		0.193031
106.9		0.193031
107		0.193031
107.1		0.193714
107.2		0.193714
107.3		0.193714
107.4		0.193714
107.5		0.193714
107.6		0.193714
107.7		0.193714
107.8		0.193714
107.9		0.193714
108		0.193714
108.1		0.198731
108.2		0.198731
108.3		0.198731
108.4		0.198731
108.5		0.198731
108.6		0.198731
108.7		0.198731
108.8		0.198731
108.9		0.198731
109		0.198731
109.1		0.199924
109.2		0.199924
109.3		0.199924
109.4		0.199924
109.5		0.199924
109.6		0.199924
109.7		0.199924
109.8		0.199924
109.9		0.199924
110		0.199924
110.1		0.201235
110.2		0.201235
110.3		0.201235
110.4		0.201235
110.5		0.201235
110.6		0.201235
110.7		0.201235
110.8		0.201235
110.9		0.201235
111		0.201235
111.1		0.202846
111.2		0.202846
111.3		0.202846
111.4		0.202846
111.5		0.202846
111.6		0.202846
111.7		0.202846
111.8		0.202846
111.9		0.202846
112		0.202846
112.1		0.203611
112.2		0.203611
112.3		0.203611
112.4		0.203611
112.5		0.203611
112.6		0.203611
112.7		0.203611
112.8		0.203611
112.9		0.203611
113		0.203611
113.1		0.205587
113.2		0.205587
113.3		0.205587
113.4		0.205587
113.5		0.205587
113.6		0.205587
113.7		0.205587
113.8		0.205587
113.9		0.205587
114		0.205587
114.1		0.210121
114.2		0.210121
114.3		0.210121
114.4		0.210121
114.5		0.210121
114.6		0.210121
114.7		0.210121
114.8		0.210121
114.9		0.210121
115		0.210121
115.1		0.211423
115.2		0.211423
115.3		0.211423
115.4		0.211423
115.5		0.211423
115.6		0.211423
115.7		0.211423
115.8		0.211423
115.9		0.211423
116		0.211423
116.1		0.212161
116.2		0.212161
116.3		0.212161
116.4		0.212161
116.5		0.212161
116.6		0.212161
116.7		0.212161
116.8		0.212161
116.9		0.212161
117		0.212161
117.1		0.217233
117.2		0.217233
117.3		0.217233
117.4		0.217233
117.5		0.217233
117.6		0.217233
117.7		0.217233
117.8		0.217233
117.9		0.217233
118		0.217233
118.1		0.217588
118.2		0.217588
118.3		0.217588
118.4		0.217588
118.5		0.217588
118.6		0.217588
118.7		0.217588
118.8		0.217588
118.9		0.217588
119		0.217588
119.1		0.220428
119.2		0.220428
119.3		0.220428
119.4		0.220428
119.5		0.220428
119.6		0.220428
119.7		0.220428
119.8		0.220428
119.9		0.220428
120		0.220428
120.1		0.222468
120.2		0.222468
120.3		0.222468
120.4		0.222468
120.5		0.222468
120.6		0.222468
120.7		0.222468
120.8		0.222468
120.9		0.222468
121		0.222468
121.1		0.222705
121.2		0.222705
121.3		0.222705
121.4		0.222705
121.5		0.222705
121.6		0.222705
121.7		0.222705
121.8		0.222705
121.9		0.222705
122		0.222705
122.1		0.223388
122.2		0.223388
122.3		0.223388
122.4		0.223388
122.5		0.223388
122.6		0.223388
122.7		0.223388
122.8		0.223388
122.9		0.223388
123		0.223388
123.1		0.227822
123.2		0.227822
123.3		0.227822
123.4		0.227822
123.5		0.227822
123.6		0.227822
123.7		0.227822
123.8		0.227822
123.9		0.227822
124		0.227822
124.1		0.23262
124.2		0.23262
124.3		0.23262
124.4		0.23262
124.5		0.23262
124.6		0.23262
124.7		0.23262
124.8		0.23262
124.9		0.23262
125		0.23262
125.1		0.233312
125.2		0.233312
125.3		0.233312
125.4		0.233312
125.5		0.233312
125.6		0.233312
125.7		0.233312
125.8		0.233312
125.9		0.233312
126		0.233312
126.1		0.234915
126.2		0.234915
126.3		0.234915
126.4		0.234915
126.5		0.234915
126.6		0.234915
126.7		0.234915
126.8		0.234915
126.9		0.234915
127		0.234915
127.1		0.237182
127.2		0.237182
127.3		0.237182
127.4		0.237182
127.5		0.237182
127.6		0.237182
127.7		0.237182
127.8		0.237182
127.9		0.237182
128		0.237182
128.1		0.240169
128.2		0.240169
128.3		0.240169
128.4		0.240169
128.5		0.240169
128.6		0.240169
128.7		0.240169
128.8		0.240169
128.9		0.240169
129		0.240169
129.1		0.241826
129.2		0.241826
129.3		0.241826
129.4		0.241826
129.5		0.241826
129.6		0.241826
129.7		0.241826
129.8		0.241826
129.9		0.241826
130		0.241826
130.1		0.243592
130.2		0.243592
130.3		0.243592
130.4		0.243592
130.5		0.243592
130.6		0.243592
130.7		0.243592
130.8		0.243592
130.9		0.243592
131		0.243592
131.1		0.245841
131.2		0.245841
131.3		0.245841
131.4		0.245841
131.5		0.245841
131.6		0.245841
131.7		0.245841
131.8		0.245841
131.9		0.245841
132		0.245841
132.1		0.247407
132.2		0.247407
132.3		0.247407
132.4		0.247407
132.5		0.247407
132.6		0.247407
132.7		0.247407
132.8		0.247407
132.9		0.247407
133		0.247407
133.1		0.249838
133.2		0.249838
133.3		0.249838
133.4		0.249838
133.5		0.249838
133.6		0.249838
133.7		0.249838
133.8		0.249838
133.9		0.249838
134		0.249838
134.1		0.251459
134.2		0.251459
134.3		0.251459
134.4		0.251459
134.5		0.251459
134.6		0.251459
134.7		0.251459
134.8		0.251459
134.9		0.251459
135		0.251459
135.1		0.251577
135.2		0.251577
135.3		0.251577
135.4		0.251577
135.5		0.251577
135.6		0.251577
135.7		0.251577
135.8		0.251577
135.9		0.251577
136		0.251577
136.1		0.254937
136.2		0.254937
136.3		0.254937
136.4		0.254937
136.5		0.254937
136.6		0.254937
136.7		0.254937
136.8		0.254937
136.9		0.254937
137		0.254937
137.1		0.259426
137.2		0.259426
137.3		0.259426
137.4		0.259426
137.5		0.259426
137.6		0.259426
137.7		0.259426
137.8		0.259426
137.9		0.259426
138		0.259426
138.1		0.259772
138.2		0.259772
138.3		0.259772
138.4		0.259772
138.5		0.259772
138.6		0.259772
138.7		0.259772
138.8		0.259772
138.9		0.259772
139		0.259772
139.1		0.2599
139.2		0.2599
139.3		0.2599
139.4		0.2599
139.5		0.2599
139.6		0.2599
139.7		0.2599
139.8		0.2599
139.9		0.2599
140		0.2599
140.1		0.263651
140.2		0.263651
140.3		0.263651
140.4		0.263651
140.5		0.263651
140.6		0.263651
140.7		0.263651
140.8		0.263651
140.9		0.263651
141		0.263651
141.1		0.265955
141.2		0.265955
141.3		0.265955
141.4		0.265955
141.5		0.265955
141.6		0.265955
141.7		0.265955
141.8		0.265955
141.9		0.265955
142		0.265955
142.1		0.270143
142.2		0.270143
142.3		0.270143
142.4		0.270143
142.5		0.270143
142.6		0.270143
142.7		0.270143
142.8		0.270143
142.9		0.270143
143		0.270143
143.1		0.271427
143.2		0.271427
143.3		0.271427
143.4		0.271427
143.5		0.271427
143.6		0.271427
143.7		0.271427
143.8		0.271427
143.9		0.271427
144		0.271427
144.1		0.272037
144.2		0.272037
144.3		0.272037
144.4		0.272037
144.5		0.272037
144.6		0.272037
144.7		0.272037
144.8		0.272037
144.9		0.272037
145		0.272037
145.1		0.274841
145.2		0.274841
145.3		0.274841
145.4		0.274841
145.5		0.274841
145.6		0.274841
145.7		0.274841
145.8		0.274841
145.9		0.274841
146		0.274841
146.1		0.27628
146.2		0.27628
146.3		0.27628
146.4		0.27628
146.5		0.27628
146.6		0.27628
146.7		0.27628
146.8		0.27628
146.9		0.27628
147		0.27628
147.1		0.276881
147.2		0.276881
147.3		0.276881
147.4		0.276881
147.5		0.276881
147.6		0.276881
147.7		0.276881
147.8		0.276881
147.9		0.276881
148		0.276881
148.1		0.280295
148.2		0.280295
148.3		0.280295
148.4		0.280295
148.5		0.280295
148.6		0.280295
148.7		0.280295
148.8		0.280295
148.9		0.280295
149		0.280295
149.1		0.281916
149.2		0.281916
149.3		0.281916
149.4		0.281916
149.5		0.281916
149.6		0.281916
149.7		0.281916
149.8		0.281916
149.9		0.281916
150		0.281916
150.1		0.285558
150.2		0.285558
150.3		0.285558
150.4		0.285558
150.5		0.285558
150.6		0.285558
150.7		0.285558
150.8		0.285558
150.9		0.285558
151		0.285558
151.1		0.286451
151.2		0.286451
151.3		0.286451
151.4		0.286451
151.5		0.286451
151.6		0.286451
151.7		0.286451
151.8		0.286451
151.9		0.286451
152		0.286451
152.1		0.287288
152.2		0.287288
152.3		0.287288
152.4		0.287288
152.5		0.287288
152.6		0.287288
152.7		0.287288
152.8		0.287288
152.9		0.287288
153		0.287288
153.1		0.291886
153.2		0.291886
153.3		0.291886
153.4		0.291886
153.5		0.291886
153.6		0.291886
153.7		0.291886
153.8		0.291886
153.9		0.291886
154		0.291886
154.1		0.29338
154.2		0.29338
154.3		0.29338
154.4		0.29338
154.5		0.29338
154.6		0.29338
154.7		0.29338
154.8		0.29338
154.9		0.29338
155		0.29338
155.1		0.293698
155.2		0.293698
155.3		0.293698
155.4		0.293698
155.5		0.293698
155.6		0.293698
155.7		0.293698
155.8		0.293698
155.9		0.293698
156		0.293698
156.1		0.297486
156.2		0.297486
156.3		0.297486
156.4		0.297486
156.5		0.297486
156.6		0.297486
156.7		0.297486
156.8		0.297486
156.9		0.297486
157		0.297486
157.1		0.298624
157.2		0.298624
157.3		0.298624
157.4		0.298624
157.5		0.298624
157.6		0.298624
157.7		0.298624
157.8		0.298624
157.9		0.298624
158		0.298624
158.1		0.299571
158.2		0.299571
158.3		0.299571
158.4		0.299571
158.5		0.299571
158.6		0.299571
158.7		0.299571
158.8		0.299571
158.9		0.299571
159		0.299571
159.1		0.303923
159.2		0.303923
159.3		0.303923
159.4		0.303923
159.5		0.303923
159.6		0.303923
159.7		0.303923
159.8		0.303923
159.9		0.303923
160		0.303923
160.1		0.304169
160.2		0.304169
160.3		0.304169
160.4		0.304169
160.5		0.304169
160.6		0.304169
160.7		0.304169
160.8		0.304169
160.9		0.304169
161		0.304169
161.1		0.306609
161.2		0.306609
161.3		0.306609
161.4		0.306609
161.5		0.306609
161.6		0.306609
161.7		0.306609
161.8		0.306609
161.9		0.306609
162		0.306609
162.1		0.312264
162.2		0.312264
162.3		0.312264
162.4		0.312264
162.5		0.312264
162.6		0.312264
162.7		0.312264
162.8		0.312264
162.9		0.312264
163		0.312264
163.1		0.312555
163.2		0.312555
163.3		0.312555
163.4		0.312555
163.5		0.312555
163.6		0.312555
163.7		0.312555
163.8		0.312555
163.9		0.312555
164		0.312555
164.1		0.315259
164.2		0.315259
164.3		0.315259
164.4		0.315259
164.5		0.315259
164.6		0.315259
164.7		0.315259
164.8		0.315259
164.9		0.315259
165		0.315259
165.1		0.317436
165.2		0.317436
165.3		0.317436
165.4		0.317436
165.5		0.317436
165.6		0.317436
165.7		0.317436
165.8		0.317436
165.9		0.317436
166		0.317436
166.1		0.319084
166.2		0.319084
166.3		0.319084
166.4		0.319084
166.5		0.319084
166.6		0.319084
166.7		0.319084
166.8		0.319084
166.9		0.319084
167		0.319084
167.1		0.320113
167.2		0.320113
167.3		0.320113
167.4		0.320113
167.5		0.320113
167.6		0.320113
167.7		0.320113
167.8		0.320113
167.9		0.320113
168		0.320113
168.1		0.322006
168.2		0.322006
168.3		0.322006
168.4		0.322006
168.5		0.322006
168.6		0.322006
168.7		0.322006
168.8		0.322006
168.9		0.322006
169		0.322006
169.1		0.326177
169.2		0.326177
169.3		0.326177
169.4		0.326177
169.5		0.326177
169.6		0.326177
169.7		0.326177
169.8		0.326177
169.9		0.326177
170		0.326177
170.1		0.328671
170.2		0.328671
170.3		0.328671
170.4		0.328671
170.5		0.328671
170.6		0.328671
170.7		0.328671
170.8		0.328671
170.9		0.328671
171		0.328671
171.1		0.329409
171.2		0.329409
171.3		0.329409
171.4		0.329409
171.5		0.329409
171.6		0.329409
171.7		0.329409
171.8		0.329409
171.9		0.329409
172		0.329409
172.1		0.330493
172.2		0.330493
172.3		0.330493
172.4		0.330493
172.5		0.330493
172.6		0.330493
172.7		0.330493
172.8		0.330493
172.9		0.330493
173		0.330493
173.1		0.33062
173.2		0.33062
173.3		0.33062
173.4		0.33062
173.5		0.33062
173.6		0.33062
173.7		0.33062
173.8		0.33062
173.9		0.33062
174		0.33062
174.1		0.337758
174.2		0.337758
174.3		0.337758
174.4		0.337758
174.5		0.337758
174.6		0.337758
174.7		0.337758
174.8		0.337758
174.9		0.337758
175		0.337758
175.1		0.340117
175.2		0.340117
175.3		0.340117
175.4		0.340117
175.5		0.340117
175.6		0.340117
175.7		0.340117
175.8		0.340117
175.9		0.340117
176		0.340117
176.1		0.340353
176.2		0.340353
176.3		0.340353
176.4		0.340353
176.5		0.340353
176.6		0.340353
176.7		0.340353
176.8		0.340353
176.9		0.340353
177		0.340353
177.1		0.340991
177.2		0.340991
177.3		0.340991
177.4		0.340991
177.5		0.340991
177.6		0.340991
177.7		0.340991
177.8		0.340991
177.9		0.340991
178		0.340991
178.1		0.343131
178.2		0.343131
178.3		0.343131
178.4		0.343131
178.5		0.343131
178.6		0.343131
178.7		0.343131
178.8		0.343131
178.9		0.343131
179		0.343131
179.1		0.345562
179.2		0.345562
179.3		0.345562
179.4		0.345562
179.5		0.345562
179.6		0.345562
179.7		0.345562
179.8		0.345562
179.9		0.345562
180		0.345562
180.1		0.348038
180.2		0.348038
180.3		0.348038
180.4		0.348038
180.5		0.348038
180.6		0.348038
180.7		0.348038
180.8		0.348038
180.9		0.348038
181		0.348038
181.1		0.351981
181.2		0.351981
181.3		0.351981
181.4		0.351981
181.5		0.351981
181.6		0.351981
181.7		0.351981
181.8		0.351981
181.9		0.351981
182		0.351981
182.1		0.353429
182.2		0.353429
182.3		0.353429
182.4		0.353429
182.5		0.353429
182.6		0.353429
182.7		0.353429
182.8		0.353429
182.9		0.353429
183		0.353429
183.1		0.353538
183.2		0.353538
183.3		0.353538
183.4		0.353538
183.5		0.353538
183.6		0.353538
183.7		0.353538
183.8		0.353538
183.9		0.353538
184		0.353538
184.1		0.353829
184.2		0.353829
184.3		0.353829
184.4		0.353829
184.5		0.353829
184.6		0.353829
184.7		0.353829
184.8		0.353829
184.9		0.353829
185		0.353829
185.1		0.3581
185.2		0.3581
185.3		0.3581
185.4		0.3581
185.5		0.3581
185.6		0.3581
185.7		0.3581
185.8		0.3581
185.9		0.3581
186		0.3581
186.1		0.358992
186.2		0.358992
186.3		0.358992
186.4		0.358992
186.5		0.358992
186.6		0.358992
186.7		0.358992
186.8		0.358992
186.9		0.358992
187		0.358992
187.1		0.364692
187.2		0.364692
187.3		0.364692
187.4		0.364692
187.5		0.364692
187.6		0.364692
187.7		0.364692
187.8		0.364692
187.9		0.364692
188		0.364692
188.1		0.364783
188.2		0.364783
188.3		0.364783
188.4		0.364783
188.5		0.364783
188.6		0.364783
188.7		0.364783
188.8		0.364783
188.9		0.364783
189		0.364783
189.1		0.365384
189.2		0.365384
189.3		0.365384
189.4		0.365384
189.5		0.365384
189.6		0.365384
189.7		0.365384
189.8		0.365384
189.9		0.365384
190		0.365384
190.1		0.366822
190.2		0.366822
190.3		0.366822
190.4		0.366822
190.5		0.366822
190.6		0.366822
190.7		0.366822
190.8		0.366822
190.9		0.366822
191		0.366822
191.1		0.370392
191.2		0.370392
191.3		0.370392
191.4		0.370392
191.5		0.370392
191.6		0.370392
191.7		0.370392
191.8		0.370392
191.9		0.370392
192		0.370392
192.1		0.370929
192.2		0.370929
192.3		0.370929
192.4		0.370929
192.5		0.370929
192.6		0.370929
192.7		0.370929
192.8		0.370929
192.9		0.370929
193		0.370929
193.1		0.376246
193.2		0.376246
193.3		0.376246
193.4		0.376246
193.5		0.376246
193.6		0.376246
193.7		0.376246
193.8		0.376246
193.9		0.376246
194		0.376246
194.1		0.376583
194.2		0.376583
194.3		0.376583
194.4		0.376583
194.5		0.376583
194.6		0.376583
194.7		0.376583
194.8		0.376583
194.9		0.376583
195		0.376583
195.1		0.377612
195.2		0.377612
195.3		0.377612
195.4		0.377612
195.5		0.377612
195.6		0.377612
195.7		0.377612
195.8		0.377612
195.9		0.377612
196		0.377612
196.1		0.379515
196.2		0.379515
196.3		0.379515
196.4		0.379515
196.5		0.379515
196.6		0.379515
196.7		0.379515
196.8		0.379515
196.9		0.379515
197		0.379515
197.1		0.381764
197.2		0.381764
197.3		0.381764
197.4		0.381764
197.5		0.381764
197.6		0.381764
197.7		0.381764
197.8		0.381764
197.9		0.381764
198		0.381764
198.1		0.382292
198.2		0.382292
198.3		0.382292
198.4		0.382292
198.5		0.382292
198.6		0.382292
198.7		0.382292
198.8		0.382292
198.9		0.382292
199		0.382292
199.1		0.386107
199.2		0.386107
199.3		0.386107
199.4		0.386107
199.5		0.386107
199.6		0.386107
199.7		0.386107
199.8		0.386107
199.9		0.386107
200		0.386107
200.1		0.386107
200.2		0.386107
200.3		0.386107
200.4		0.386107
200.5		0.386107
200.6		0.386107
200.7		0.386107
200.8		0.386107
200.9		0.386107
201		0.386107
201.1		0.390623
201.2		0.390623
201.3		0.390623
201.4		0.390623
201.5		0.390623
201.6		0.390623
201.7		0.390623
201.8		0.390623
201.9		0.390623
202		0.390623
202.1		0.393237
202.2		0.393237
202.3		0.393237
202.4		0.393237
202.5		0.393237
202.6		0.393237
202.7		0.393237
202.8		0.393237
202.9		0.393237
203		0.393237
203.1		0.395577
203.2		0.395577
203.3		0.395577
203.4		0.395577
203.5		0.395577
203.6		0.395577
203.7		0.395577
203.8		0.395577
203.9		0.395577
204		0.395577
204.1		0.400794
204.2		0.400794
204.3		0.400794
204.4		0.400794
204.5		0.400794
204.6		0.400794
204.7		0.400794
204.8		0.400794
204.9		0.400794
205		0.400794
205.1		0.401003
205.2		0.401003
205.3		0.401003
205.4		0.401003
205.5		0.401003
205.6		0.401003
205.7		0.401003
205.8		0.401003
205.9		0.401003
206		0.401003
206.1		0.402588
206.2		0.402588
206.3		0.402588
206.4		0.402588
206.5		0.402588
206.6		0.402588
206.7		0.402588
206.8		0.402588
206.9		0.402588
207		0.402588
207.1		0.405602
207.2		0.405602
207.3		0.405602
207.4		0.405602
207.5		0.405602
207.6		0.405602
207.7		0.405602
207.8		0.405602
207.9		0.405602
208		0.405602
208.1		0.407177
208.2		0.407177
208.3		0.407177
208.4		0.407177
208.5		0.407177
208.6		0.407177
208.7		0.407177
208.8		0.407177
208.9		0.407177
209		0.407177
209.1		0.407696
209.2		0.407696
209.3		0.407696
209.4		0.407696
209.5		0.407696
209.6		0.407696
209.7		0.407696
209.8		0.407696
209.9		0.407696
210		0.407696
210.1		0.411757
210.2		0.411757
210.3		0.411757
210.4		0.411757
210.5		0.411757
210.6		0.411757
210.7		0.411757
210.8		0.411757
210.9		0.411757
211		0.411757
211.1		0.413104
211.2		0.413104
211.3		0.413104
211.4		0.413104
211.5		0.413104
211.6		0.413104
211.7		0.413104
211.8		0.413104
211.9		0.413104
212		0.413104
212.1		0.41457
212.2		0.41457
212.3		0.41457
212.4		0.41457
212.5		0.41457
212.6		0.41457
212.7		0.41457
212.8		0.41457
212.9		0.41457
213		0.41457
213.1		0.4159
213.2		0.4159
213.3		0.4159
213.4		0.4159
213.5		0.4159
213.6		0.4159
213.7		0.4159
213.8		0.4159
213.9		0.4159
214		0.4159
214.1		0.42047
214.2		0.42047
214.3		0.42047
214.4		0.42047
214.5		0.42047
214.6		0.42047
214.7		0.42047
214.8		0.42047
214.9		0.42047
215		0.42047
215.1		0.422419
215.2		0.422419
215.3		0.422419
215.4		0.422419
215.5		0.422419
215.6		0.422419
215.7		0.422419
215.8		0.422419
215.9		0.422419
216		0.422419
216.1		0.424358
216.2		0.424358
216.3		0.424358
216.4		0.424358
216.5		0.424358
216.6		0.424358
216.7		0.424358
216.8		0.424358
216.9		0.424358
217		0.424358
217.1		0.426079
217.2		0.426079
217.3		0.426079
217.4		0.426079
217.5		0.426079
217.6		0.426079
217.7		0.426079
217.8		0.426079
217.9		0.426079
218		0.426079
218.1		0.429093
218.2		0.429093
218.3		0.429093
218.4		0.429093
218.5		0.429093
218.6		0.429093
218.7		0.429093
218.8		0.429093
218.9		0.429093
219		0.429093
219.1		0.429703
219.2		0.429703
219.3		0.429703
219.4		0.429703
219.5		0.429703
219.6		0.429703
219.7		0.429703
219.8		0.429703
219.9		0.429703
220		0.429703
220.1		0.433272
220.2		0.433272
220.3		0.433272
220.4		0.433272
220.5		0.433272
220.6		0.433272
220.7		0.433272
220.8		0.433272
220.9		0.433272
221		0.433272
221.1		0.433272
221.2		0.433272
221.3		0.433272
221.4		0.433272
221.5		0.433272
221.6		0.433272
221.7		0.433272
221.8		0.433272
221.9		0.433272
222		0.433272
222.1		0.434429
222.2		0.434429
222.3		0.434429
222.4		0.434429
222.5		0.434429
222.6		0.434429
222.7		0.434429
222.8		0.434429
222.9		0.434429
223		0.434429
223.1		0.43462
223.2		0.43462
223.3		0.43462
223.4		0.43462
223.5		0.43462
223.6		0.43462
223.7		0.43462
223.8		0.43462
223.9		0.43462
224		0.43462
224.1		0.437925
224.2		0.437925
224.3		0.437925
224.4		0.437925
224.5		0.437925
224.6		0.437925
224.7		0.437925
224.8		0.437925
224.9		0.437925
225		0.437925
225.1		0.44073
225.2		0.44073
225.3		0.44073
225.4		0.44073
225.5		0.44073
225.6		0.44073
225.7		0.44073
225.8		0.44073
225.9		0.44073
226		0.44073
226.1		0.444581
226.2		0.444581
226.3		0.444581
226.4		0.444581
226.5		0.444581
226.6		0.444581
226.7		0.444581
226.8		0.444581
226.9		0.444581
227		0.444581
227.1		0.44581
227.2		0.44581
227.3		0.44581
227.4		0.44581
227.5		0.44581
227.6		0.44581
227.7		0.44581
227.8		0.44581
227.9		0.44581
228		0.44581
228.1		0.446803
228.2		0.446803
228.3		0.446803
228.4		0.446803
228.5		0.446803
228.6		0.446803
228.7		0.446803
228.8		0.446803
228.9		0.446803
229		0.446803
229.1		0.448806
229.2		0.448806
229.3		0.448806
229.4		0.448806
229.5		0.448806
229.6		0.448806
229.7		0.448806
229.8		0.448806
229.9		0.448806
230		0.448806
230.1		0.451692
230.2		0.451692
230.3		0.451692
230.4		0.451692
230.5		0.451692
230.6		0.451692
230.7		0.451692
230.8		0.451692
230.9		0.451692
231		0.451692
231.1		0.452585
231.2		0.452585
231.3		0.452585
231.4		0.452585
231.5		0.452585
231.6		0.452585
231.7		0.452585
231.8		0.452585
231.9		0.452585
232		0.452585
232.1		0.457019
232.2		0.457019
232.3		0.457019
232.4		0.457019
232.5		0.457019
232.6		0.457019
232.7		0.457019
232.8		0.457019
232.9		0.457019
233		0.457019
233.1		0.457583
233.2		0.457583
233.3		0.457583
233.4		0.457583
233.5		0.457583
233.6		0.457583
233.7		0.457583
233.8		0.457583
233.9		0.457583
234		0.457583
234.1		0.459823
234.2		0.459823
234.3		0.459823
234.4		0.459823
234.5		0.459823
234.6		0.459823
234.7		0.459823
234.8		0.459823
234.9		0.459823
235		0.459823
235.1		0.460096
235.2		0.460096
235.3		0.460096
235.4		0.460096
235.5		0.460096
235.6		0.460096
235.7		0.460096
235.8		0.460096
235.9		0.460096
236		0.460096
236.1		0.460998
236.2		0.460998
236.3		0.460998
236.4		0.460998
236.5		0.460998
236.6		0.460998
236.7		0.460998
236.8		0.460998
236.9		0.460998
237		0.460998
237.1		0.464977
237.2		0.464977
237.3		0.464977
237.4		0.464977
237.5		0.464977
237.6		0.464977
237.7		0.464977
237.8		0.464977
237.9		0.464977
238		0.464977
238.1		0.468437
238.2		0.468437
238.3		0.468437
238.4		0.468437
238.5		0.468437
238.6		0.468437
238.7		0.468437
238.8		0.468437
238.9		0.468437
239		0.468437
239.1		0.470167
239.2		0.470167
239.3		0.470167
239.4		0.470167
239.5		0.470167
239.6		0.470167
239.7		0.470167
239.8		0.470167
239.9		0.470167
240		0.470167
240.1		0.47054
240.2		0.47054
240.3		0.47054
240.4		0.47054
240.5		0.47054
240.6		0.47054
240.7		0.47054
240.8		0.47054
240.9		0.47054
241		0.47054
241.1		0.473517
241.2		0.473517
241.3		0.473517
241.4		0.473517
241.5		0.473517
241.6		0.473517
241.7		0.473517
241.8		0.473517
241.9		0.473517
242		0.473517
242.1		0.475302
242.2		0.475302
242.3		0.475302
242.4		0.475302
242.5		0.475302
242.6		0.475302
242.7		0.475302
242.8		0.475302
242.9		0.475302
243		0.475302
243.1		0.478289
243.2		0.478289
243.3		0.478289
243.4		0.478289
243.5		0.478289
243.6		0.478289
243.7		0.478289
243.8		0.478289
243.9		0.478289
244		0.478289
244.1		0.478289
244.2		0.478289
244.3		0.478289
244.4		0.478289
244.5		0.478289
244.6		0.478289
244.7		0.478289
244.8		0.478289
244.9		0.478289
245		0.478289
245.1		0.479891
245.2		0.479891
245.3		0.479891
245.4		0.479891
245.5		0.479891
245.6		0.479891
245.7		0.479891
245.8		0.479891
245.9		0.479891
246		0.479891
246.1		0.484353
246.2		0.484353
246.3		0.484353
246.4		0.484353
246.5		0.484353
246.6		0.484353
246.7		0.484353
246.8		0.484353
246.9		0.484353
247		0.484353
247.1		0.485819
247.2		0.485819
247.3		0.485819
247.4		0.485819
247.5		0.485819
247.6		0.485819
247.7		0.485819
247.8		0.485819
247.9		0.485819
248		0.485819
248.1		0.486001
248.2		0.486001
248.3		0.486001
248.4		0.486001
248.5		0.486001
248.6		0.486001
248.7		0.486001
248.8		0.486001
248.9		0.486001
249		0.486001
249.1		0.490307
249.2		0.490307
249.3		0.490307
249.4		0.490307
249.5		0.490307
249.6		0.490307
249.7		0.490307
249.8		0.490307
249.9		0.490307
250		0.490307
250.1		0.491755
250.2		0.491755
250.3		0.491755
250.4		0.491755
250.5		0.491755
250.6		0.491755
250.7		0.491755
250.8		0.491755
250.9		0.491755
251		0.491755
251.1		0.496636
251.2		0.496636
251.3		0.496636
251.4		0.496636
251.5		0.496636
251.6		0.496636
251.7		0.496636
251.8		0.496636
251.9		0.496636
252		0.496636
252.1		0.498384
252.2		0.498384
252.3		0.498384
252.4		0.498384
252.5		0.498384
252.6		0.498384
252.7		0.498384
252.8		0.498384
252.9		0.498384
253		0.498384
253.1		0.498566
253.2		0.498566
253.3		0.498566
253.4		0.498566
253.5		0.498566
253.6		0.498566
253.7		0.498566
253.8		0.498566
253.9		0.498566
254		0.498566
254.1		0.501261
254.2		0.501261
254.3		0.501261
254.4		0.501261
254.5		0.501261
254.6		0.501261
254.7		0.501261
254.8		0.501261
254.9		0.501261
255		0.501261
255.1		0.506733
255.2		0.506733
255.3		0.506733
255.4		0.506733
255.5		0.506733
255.6		0.506733
255.7		0.506733
255.8		0.506733
255.9		0.506733
256		0.506733
256.1		0.507535
256.2		0.507535
256.3		0.507535
256.4		0.507535
256.5		0.507535
256.6		0.507535
256.7		0.507535
256.8		0.507535
256.9		0.507535
257		0.507535
257.1		0.507899
257.2		0.507899
257.3		0.507899
257.4		0.507899
257.5		0.507899
257.6		0.507899
257.7		0.507899
257.8		0.507899
257.9		0.507899
258		0.507899
258.1		0.510649
258.2		0.510649
258.3		0.510649
258.4		0.510649
258.5		0.510649
258.6		0.510649
258.7		0.510649
258.8		0.510649
258.9		0.510649
259		0.510649
259.1		0.513271
259.2		0.513271
259.3		0.513271
259.4		0.513271
259.5		0.513271
259.6		0.513271
259.7		0.513271
259.8		0.513271
259.9		0.513271
260		0.513271
260.1		0.517814
260.2		0.517814
260.3		0.517814
260.4		0.517814
260.5		0.517814
260.6		0.517814
260.7		0.517814
260.8		0.517814
260.9		0.517814
261		0.517814
261.1		0.519362
261.2		0.519362
261.3		0.519362
261.4		0.519362
261.5		0.519362
261.6		0.519362
261.7		0.519362
261.8		0.519362
261.9		0.519362
262		0.519362
262.1		0.520255
262.2		0.520255
262.3		0.520255
262.4		0.520255
262.5		0.520255
262.6		0.520255
262.7		0.520255
262.8		0.520255
262.9		0.520255
263		0.520255
263.1		0.521411
263.2		0.521411
263.3		0.521411
263.4		0.521411
263.5		0.521411
263.6		0.521411
263.7		0.521411
263.8		0.521411
263.9		0.521411
264		0.521411
264.1		0.525244
264.2		0.525244
264.3		0.525244
264.4		0.525244
264.5		0.525244
264.6		0.525244
264.7		0.525244
264.8		0.525244
264.9		0.525244
265		0.525244
265.1		0.527357
265.2		0.527357
265.3		0.527357
265.4		0.527357
265.5		0.527357
265.6		0.527357
265.7		0.527357
265.8		0.527357
265.9		0.527357
266		0.527357
266.1		0.528559
266.2		0.528559
266.3		0.528559
266.4		0.528559
266.5		0.528559
266.6		0.528559
266.7		0.528559
266.8		0.528559
266.9		0.528559
267		0.528559
267.1		0.529332
267.2		0.529332
267.3		0.529332
267.4		0.529332
267.5		0.529332
267.6		0.529332
267.7		0.529332
267.8		0.529332
267.9		0.529332
268		0.529332
268.1		0.531327
268.2		0.531327
268.3		0.531327
268.4		0.531327
268.5		0.531327
268.6		0.531327
268.7		0.531327
268.8		0.531327
268.9		0.531327
269		0.531327
269.1		0.535287
269.2		0.535287
269.3		0.535287
269.4		0.535287
269.5		0.535287
269.6		0.535287
269.7		0.535287
269.8		0.535287
269.9		0.535287
270		0.535287
270.1		0.536016
270.2		0.536016
270.3		0.536016
270.4		0.536016
270.5		0.536016
270.6		0.536016
270.7		0.536016
270.8		0.536016
270.9		0.536016
271		0.536016
271.1		0.539148
271.2		0.539148
271.3		0.539148
271.4		0.539148
271.5		0.539148
271.6		0.539148
271.7		0.539148
271.8		0.539148
271.9		0.539148
272		0.539148
272.1		0.541588
272.2		0.541588
272.3		0.541588
272.4		0.541588
272.5		0.541588
272.6		0.541588
272.7		0.541588
272.8		0.541588
272.9		0.541588
273		0.541588
273.1		0.541816
273.2		0.541816
273.3		0.541816
273.4		0.541816
273.5		0.541816
273.6		0.541816
273.7		0.541816
273.8		0.541816
273.9		0.541816
274		0.541816
274.1		0.543263
274.2		0.543263
274.3		0.543263
274.4		0.543263
274.5		0.543263
274.6		0.543263
274.7		0.543263
274.8		0.543263
274.9		0.543263
275		0.543263
275.1		0.548727
275.2		0.548727
275.3		0.548727
275.4		0.548727
275.5		0.548727
275.6		0.548727
275.7		0.548727
275.8		0.548727
275.9		0.548727
276		0.548727
276.1		0.549437
276.2		0.549437
276.3		0.549437
276.4		0.549437
276.5		0.549437
276.6		0.549437
276.7		0.549437
276.8		0.549437
276.9		0.549437
277		0.549437
277.1		0.55439
277.2		0.55439
277.3		0.55439
277.4		0.55439
277.5		0.55439
277.6		0.55439
277.7		0.55439
277.8		0.55439
277.9		0.55439
278		0.55439
278.1		0.555173
278.2		0.555173
278.3		0.555173
278.4		0.555173
278.5		0.555173
278.6		0.555173
278.7		0.555173
278.8		0.555173
278.9		0.555173
279		0.555173
279.1		0.555191
279.2		0.555191
279.3		0.555191
279.4		0.555191
279.5		0.555191
279.6		0.555191
279.7		0.555191
279.8		0.555191
279.9		0.555191
280		0.555191
280.1		0.555437
280.2		0.555437
280.3		0.555437
280.4		0.555437
280.5		0.555437
280.6		0.555437
280.7		0.555437
280.8		0.555437
280.9		0.555437
281		0.555437
281.1		0.561392
281.2		0.561392
281.3		0.561392
281.4		0.561392
281.5		0.561392
281.6		0.561392
281.7		0.561392
281.8		0.561392
281.9		0.561392
282		0.561392
282.1		0.561683
282.2		0.561683
282.3		0.561683
282.4		0.561683
282.5		0.561683
282.6		0.561683
282.7		0.561683
282.8		0.561683
282.9		0.561683
283		0.561683
283.1		0.565316
283.2		0.565316
283.3		0.565316
283.4		0.565316
283.5		0.565316
283.6		0.565316
283.7		0.565316
283.8		0.565316
283.9		0.565316
284		0.565316
284.1		0.566145
284.2		0.566145
284.3		0.566145
284.4		0.566145
284.5		0.566145
284.6		0.566145
284.7		0.566145
284.8		0.566145
284.9		0.566145
285		0.566145
285.1		0.569696
285.2		0.569696
285.3		0.569696
285.4		0.569696
285.5		0.569696
285.6		0.569696
285.7		0.569696
285.8		0.569696
285.9		0.569696
286		0.569696
286.1		0.572792
286.2		0.572792
286.3		0.572792
286.4		0.572792
286.5		0.572792
286.6		0.572792
286.7		0.572792
286.8		0.572792
286.9		0.572792
287		0.572792
287.1		0.57515
287.2		0.57515
287.3		0.57515
287.4		0.57515
287.5		0.57515
287.6		0.57515
287.7		0.57515
287.8		0.57515
287.9		0.57515
288		0.57515
288.1		0.577099
288.2		0.577099
288.3		0.577099
288.4		0.577099
288.5		0.577099
288.6		0.577099
288.7		0.577099
288.8		0.577099
288.9		0.577099
289		0.577099
289.1		0.580549
289.2		0.580549
289.3		0.580549
289.4		0.580549
289.5		0.580549
289.6		0.580549
289.7		0.580549
289.8		0.580549
289.9		0.580549
290		0.580549
290.1		0.58471
290.2		0.58471
290.3		0.58471
290.4		0.58471
290.5		0.58471
290.6		0.58471
290.7		0.58471
290.8		0.58471
290.9		0.58471
291		0.58471
291.1		0.585293
291.2		0.585293
291.3		0.585293
291.4		0.585293
291.5		0.585293
291.6		0.585293
291.7		0.585293
291.8		0.585293
291.9		0.585293
292		0.585293
292.1		0.585293
292.2		0.585293
292.3		0.585293
292.4		0.585293
292.5		0.585293
292.6		0.585293
292.7		0.585293
292.8		0.585293
292.9		0.585293
293		0.585293
293.1		0.585293
293.2		0.585293
293.3		0.585293
293.4		0.585293
293.5		0.585293
293.6		0.585293
293.7		0.585293
293.8		0.585293
293.9		0.585293
294		0.585293
294.1		0.585293
294.2		0.585293
294.3		0.585293
294.4		0.585293
294.5		0.585293
294.6		0.585293
294.7		0.585293
294.8		0.585293
294.9		0.585293
295		0.585293
295.1		0.588908
295.2		0.588908
295.3		0.588908
295.4		0.588908
295.5		0.588908
295.6		0.588908
295.7		0.588908
295.8		0.588908
295.9		0.588908
296		0.588908
296.1		0.59011
296.2		0.59011
296.3		0.59011
296.4		0.59011
296.5		0.59011
296.6		0.59011
296.7		0.59011
296.8		0.59011
296.9		0.59011
297		0.59011
297.1		0.59326
297.2		0.59326
297.3		0.59326
297.4		0.59326
297.5		0.59326
297.6		0.59326
297.7		0.59326
297.8		0.59326
297.9		0.59326
298		0.59326
298.1		0.59326
298.2		0.59326
298.3		0.59326
298.4		0.59326
298.5		0.59326
298.6		0.59326
298.7		0.59326
298.8		0.59326
298.9		0.59326
299		0.59326
299.1		0.5951
299.2		0.5951
299.3		0.5951
299.4		0.5951
299.5		0.5951
299.6		0.5951
299.7		0.5951
299.8		0.5951
299.9		0.5951
300		0.5951
300.1		0.596383
300.2		0.596383
300.3		0.596383
300.4		0.596383
300.5		0.596383
300.6		0.596383
300.7		0.596383
300.8		0.596383
300.9		0.596383
301		0.596383
301.1		0.599142
301.2		0.599142
301.3		0.599142
301.4		0.599142
301.5		0.599142
301.6		0.599142
301.7		0.599142
301.8		0.599142
301.9		0.599142
302		0.599142
302.1		0.600918
302.2		0.600918
302.3		0.600918
302.4		0.600918
302.5		0.600918
302.6		0.600918
302.7		0.600918
302.8		0.600918
302.9		0.600918
303		0.600918
303.1		0.601564
303.2		0.601564
303.3		0.601564
303.4		0.601564
303.5		0.601564
303.6		0.601564
303.7		0.601564
303.8		0.601564
303.9		0.601564
304		0.601564
304.1		0.605989
304.2		0.605989
304.3		0.605989
304.4		0.605989
304.5		0.605989
304.6		0.605989
304.7		0.605989
304.8		0.605989
304.9		0.605989
305		0.605989
305.1		0.606499
305.2		0.606499
305.3		0.606499
305.4		0.606499
305.5		0.606499
305.6		0.606499
305.7		0.606499
305.8		0.606499
305.9		0.606499
306		0.606499
306.1		0.609941
306.2		0.609941
306.3		0.609941
306.4		0.609941
306.5		0.609941
306.6		0.609941
306.7		0.609941
306.8		0.609941
306.9		0.609941
307		0.609941
307.1		0.610824
307.2		0.610824
307.3		0.610824
307.4		0.610824
307.5		0.610824
307.6		0.610824
307.7		0.610824
307.8		0.610824
307.9		0.610824
308		0.610824
308.1		0.611616
308.2		0.611616
308.3		0.611616
308.4		0.611616
308.5		0.611616
308.6		0.611616
308.7		0.611616
308.8		0.611616
308.9		0.611616
309		0.611616
309.1		0.615523
309.2		0.615523
309.3		0.615523
309.4		0.615523
309.5		0.615523
309.6		0.615523
309.7		0.615523
309.8		0.615523
309.9		0.615523
310		0.615523
310.1		0.619629
310.2		0.619629
310.3		0.619629
310.4		0.619629
310.5		0.619629
310.6		0.619629
310.7		0.619629
310.8		0.619629
310.9		0.619629
311		0.619629
311.1		0.620175
311.2		0.620175
311.3		0.620175
311.4		0.620175
311.5		0.620175
311.6		0.620175
311.7		0.620175
311.8		0.620175
311.9		0.620175
312		0.620175
312.1		0.621878
312.2		0.621878
312.3		0.621878
312.4		0.621878
312.5		0.621878
312.6		0.621878
312.7		0.621878
312.8		0.621878
312.9		0.621878
313		0.621878
313.1		0.624346
313.2		0.624346
313.3		0.624346
313.4		0.624346
313.5		0.624346
313.6		0.624346
313.7		0.624346
313.8		0.624346
313.9		0.624346
314		0.624346
314.1		0.625511
314.2		0.625511
314.3		0.625511
314.4		0.625511
314.5		0.625511
314.6		0.625511
314.7		0.625511
314.8		0.625511
314.9		0.625511
315		0.625511
315.1		0.626977
315.2		0.626977
315.3		0.626977
315.4		0.626977
315.5		0.626977
315.6		0.626977
315.7		0.626977
315.8		0.626977
315.9		0.626977
316		0.626977
316.1		0.631302
316.2		0.631302
316.3		0.631302
316.4		0.631302
316.5		0.631302
316.6		0.631302
316.7		0.631302
316.8		0.631302
316.9		0.631302
317		0.631302
317.1		0.631439
317.2		0.631439
317.3		0.631439
317.4		0.631439
317.5		0.631439
317.6		0.631439
317.7		0.631439
317.8		0.631439
317.9		0.631439
318		0.631439
318.1		0.634953
318.2		0.634953
318.3		0.634953
318.4		0.634953
318.5		0.634953
318.6		0.634953
318.7		0.634953
318.8		0.634953
318.9		0.634953
319		0.634953
319.1		0.63672
319.2		0.63672
319.3		0.63672
319.4		0.63672
319.5		0.63672
319.6		0.63672
319.7		0.63672
319.8		0.63672
319.9		0.63672
320		0.63672
320.1		0.636975
320.2		0.636975
320.3		0.636975
320.4		0.636975
320.5		0.636975
320.6		0.636975
320.7		0.636975
320.8		0.636975
320.9		0.636975
321		0.636975
321.1		0.641527
321.2		0.641527
321.3		0.641527
321.4		0.641527
321.5		0.641527
321.6		0.641527
321.7		0.641527
321.8		0.641527
321.9		0.641527
322		0.641527
322.1		0.643667
322.2		0.643667
322.3		0.643667
322.4		0.643667
322.5		0.643667
322.6		0.643667
322.7		0.643667
322.8		0.643667
322.9		0.643667
323		0.643667
323.1		0.64526
323.2		0.64526
323.3		0.64526
323.4		0.64526
323.5		0.64526
323.6		0.64526
323.7		0.64526
323.8		0.64526
323.9		0.64526
324		0.64526
324.1		0.648538
324.2		0.648538
324.3		0.648538
324.4		0.648538
324.5		0.648538
324.6		0.648538
324.7		0.648538
324.8		0.648538
324.9		0.648538
325		0.648538
325.1		0.648902
325.2		0.648902
325.3		0.648902
325.4		0.648902
325.5		0.648902
325.6		0.648902
325.7		0.648902
325.8		0.648902
325.9		0.648902
326		0.648902
326.1		0.651242
326.2		0.651242
326.3		0.651242
326.4		0.651242
326.5		0.651242
326.6		0.651242
326.7		0.651242
326.8		0.651242
326.9		0.651242
327		0.651242
327.1		0.653819
327.2		0.653819
327.3		0.653819
327.4		0.653819
327.5		0.653819
327.6		0.653819
327.7		0.653819
327.8		0.653819
327.9		0.653819
328		0.653819
328.1		0.65442
328.2		0.65442
328.3		0.65442
328.4		0.65442
328.5		0.65442
328.6		0.65442
328.7		0.65442
328.8		0.65442
328.9		0.65442
329		0.65442
329.1		0.657197
329.2		0.657197
329.3		0.657197
329.4		0.657197
329.5		0.657197
329.6		0.657197
329.7		0.657197
329.8		0.657197
329.9		0.657197
330		0.657197
330.1		0.658627
330.2		0.658627
330.3		0.658627
330.4		0.658627
330.5		0.658627
330.6		0.658627
330.7		0.658627
330.8		0.658627
330.9		0.658627
331		0.658627
331.1		0.660921
331.2		0.660921
331.3		0.660921
331.4		0.660921
331.5		0.660921
331.6		0.660921
331.7		0.660921
331.8		0.660921
331.9		0.660921
332		0.660921
332.1		0.663835
332.2		0.663835
332.3		0.663835
332.4		0.663835
332.5		0.663835
332.6		0.663835
332.7		0.663835
332.8		0.663835
332.9		0.663835
333		0.663835
333.1		0.664882
333.2		0.664882
333.3		0.664882
333.4		0.664882
333.5		0.664882
333.6		0.664882
333.7		0.664882
333.8		0.664882
333.9		0.664882
334		0.664882
334.1		0.665365
334.2		0.665365
334.3		0.665365
334.4		0.665365
334.5		0.665365
334.6		0.665365
334.7		0.665365
334.8		0.665365
334.9		0.665365
335		0.665365
335.1		0.670454
335.2		0.670454
335.3		0.670454
335.4		0.670454
335.5		0.670454
335.6		0.670454
335.7		0.670454
335.8		0.670454
335.9		0.670454
336		0.670454
336.1		0.671483
336.2		0.671483
336.3		0.671483
336.4		0.671483
336.5		0.671483
336.6		0.671483
336.7		0.671483
336.8		0.671483
336.9		0.671483
337		0.671483
337.1		0.676091
337.2		0.676091
337.3		0.676091
337.4		0.676091
337.5		0.676091
337.6		0.676091
337.7		0.676091
337.8		0.676091
337.9		0.676091
338		0.676091
338.1		0.676801
338.2		0.676801
338.3		0.676801
338.4		0.676801
338.5		0.676801
338.6		0.676801
338.7		0.676801
338.8		0.676801
338.9		0.676801
339		0.676801
339.1		0.677465
339.2		0.677465
339.3		0.677465
339.4		0.677465
339.5		0.677465
339.6		0.677465
339.7		0.677465
339.8		0.677465
339.9		0.677465
340		0.677465
340.1		0.678795
340.2		0.678795
340.3		0.678795
340.4		0.678795
340.5		0.678795
340.6		0.678795
340.7		0.678795
340.8		0.678795
340.9		0.678795
341		0.678795
341.1		0.682091
341.2		0.682091
341.3		0.682091
341.4		0.682091
341.5		0.682091
341.6		0.682091
341.7		0.682091
341.8		0.682091
341.9		0.682091
342		0.682091
342.1		0.68241
342.2		0.68241
342.3		0.68241
342.4		0.68241
342.5		0.68241
342.6		0.68241
342.7		0.68241
342.8		0.68241
342.9		0.68241
343		0.68241
343.1		0.687518
343.2		0.687518
343.3		0.687518
343.4		0.687518
343.5		0.687518
343.6		0.687518
343.7		0.687518
343.8		0.687518
343.9		0.687518
344		0.687518
344.1		0.688628
344.2		0.688628
344.3		0.688628
344.4		0.688628
344.5		0.688628
344.6		0.688628
344.7		0.688628
344.8		0.688628
344.9		0.688628
345		0.688628
345.1		0.689594
345.2		0.689594
345.3		0.689594
345.4		0.689594
345.5		0.689594
345.6		0.689594
345.7		0.689594
345.8		0.689594
345.9		0.689594
346		0.689594
346.1		0.694911
346.2		0.694911
346.3		0.694911
346.4		0.694911
346.5		0.694911
346.6		0.694911
346.7		0.694911
346.8		0.694911
346.9		0.694911
347		0.694911
347.1		0.700201
347.2		0.700201
347.3		0.700201
347.4		0.700201
347.5		0.700201
347.6		0.700201
347.7		0.700201
347.8		0.700201
347.9		0.700201
348		0.700201
348.1		0.70042
348.2		0.70042
348.3		0.70042
348.4		0.70042
348.5		0.70042
348.6		0.70042
348.7		0.70042
348.8		0.70042
348.9		0.70042
349		0.70042
349.1		0.703689
349.2		0.703689
349.3		0.703689
349.4		0.703689
349.5		0.703689
349.6		0.703689
349.7		0.703689
349.8		0.703689
349.9		0.703689
350		0.703689
350.1		0.70449
350.2		0.70449
350.3		0.70449
350.4		0.70449
350.5		0.70449
350.6		0.70449
350.7		0.70449
350.8		0.70449
350.9		0.70449
351		0.70449
351.1		0.705391
351.2		0.705391
351.3		0.705391
351.4		0.705391
351.5		0.705391
351.6		0.705391
351.7		0.705391
351.8		0.705391
351.9		0.705391
352		0.705391
352.1		0.709962
352.2		0.709962
352.3		0.709962
352.4		0.709962
352.5		0.709962
352.6		0.709962
352.7		0.709962
352.8		0.709962
352.9		0.709962
353		0.709962
353.1		0.709962
353.2		0.709962
353.3		0.709962
353.4		0.709962
353.5		0.709962
353.6		0.709962
353.7		0.709962
353.8		0.709962
353.9		0.709962
354		0.709962
354.1		0.711519
354.2		0.711519
354.3		0.711519
354.4		0.711519
354.5		0.711519
354.6		0.711519
354.7		0.711519
354.8		0.711519
354.9		0.711519
355		0.711519
355.1		0.712375
355.2		0.712375
355.3		0.712375
355.4		0.712375
355.5		0.712375
355.6		0.712375
355.7		0.712375
355.8		0.712375
355.9		0.712375
356		0.712375
356.1		0.712757
356.2		0.712757
356.3		0.712757
356.4		0.712757
356.5		0.712757
356.6		0.712757
356.7		0.712757
356.8		0.712757
356.9		0.712757
357		0.712757
357.1		0.712921
357.2		0.712921
357.3		0.712921
357.4		0.712921
357.5		0.712921
357.6		0.712921
357.7		0.712921
357.8		0.712921
357.9		0.712921
358		0.712921
358.1		0.718166
358.2		0.718166
358.3		0.718166
358.4		0.718166
358.5		0.718166
358.6		0.718166
358.7		0.718166
358.8		0.718166
358.9		0.718166
359		0.718166
359.1		0.718312
359.2		0.718312
359.3		0.718312
359.4		0.718312
359.5		0.718312
359.6		0.718312
359.7		0.718312
359.8		0.718312
359.9		0.718312
360		0.718312
360.1		0.718393
360.2		0.718393
360.3		0.718393
360.4		0.718393
360.5		0.718393
360.6		0.718393
360.7		0.718393
360.8		0.718393
360.9		0.718393
361		0.718393
361.1		0.722873
361.2		0.722873
361.3		0.722873
361.4		0.722873
361.5		0.722873
361.6		0.722873
361.7		0.722873
361.8		0.722873
361.9		0.722873
362		0.722873
362.1		0.724075
362.2		0.724075
362.3		0.724075
362.4		0.724075
362.5		0.724075
362.6		0.724075
362.7		0.724075
362.8		0.724075
362.9		0.724075
363		0.724075
363.1		0.725404
363.2		0.725404
363.3		0.725404
363.4		0.725404
363.5		0.725404
363.6		0.725404
363.7		0.725404
363.8		0.725404
363.9		0.725404
364		0.725404
364.1		0.729566
364.2		0.729566
364.3		0.729566
364.4		0.729566
364.5		0.729566
364.6		0.729566
364.7		0.729566
364.8		0.729566
364.9		0.729566
365		0.729566
365.1		0.731177
365.2		0.731177
365.3		0.731177
365.4		0.731177
365.5		0.731177
365.6		0.731177
365.7		0.731177
365.8		0.731177
365.9		0.731177
366		0.731177
366.1		0.731778
366.2		0.731778
366.3		0.731778
366.4		0.731778
366.5		0.731778
366.6		0.731778
366.7		0.731778
366.8		0.731778
366.9		0.731778
367		0.731778
367.1		0.734746
367.2		0.734746
367.3		0.734746
367.4		0.734746
367.5		0.734746
367.6		0.734746
367.7		0.734746
367.8		0.734746
367.9		0.734746
368		0.734746
368.1		0.736914
368.2		0.736914
368.3		0.736914
368.4		0.736914
368.5		0.736914
368.6		0.736914
368.7		0.736914
368.8		0.736914
368.9		0.736914
369		0.736914
369.1		0.7401
369.2		0.7401
369.3		0.7401
369.4		0.7401
369.5		0.7401
369.6		0.7401
369.7		0.7401
369.8		0.7401
369.9		0.7401
370		0.7401
370.1		0.74194
370.2		0.74194
370.3		0.74194
370.4		0.74194
370.5		0.74194
370.6		0.74194
370.7		0.74194
370.8		0.74194
370.9		0.74194
371		0.74194
371.1		0.742295
371.2		0.742295
371.3		0.742295
371.4		0.742295
371.5		0.742295
371.6		0.742295
371.7		0.742295
371.8		0.742295
371.9		0.742295
372		0.742295
372.1		0.744935
372.2		0.744935
372.3		0.744935
372.4		0.744935
372.5		0.744935
372.6		0.744935
372.7		0.744935
372.8		0.744935
372.9		0.744935
373		0.744935
373.1		0.74611
373.2		0.74611
373.3		0.74611
373.4		0.74611
373.5		0.74611
373.6		0.74611
373.7		0.74611
373.8		0.74611
373.9		0.74611
374		0.74611
374.1		0.747075
374.2		0.747075
374.3		0.747075
374.4		0.747075
374.5		0.747075
374.6		0.747075
374.7		0.747075
374.8		0.747075
374.9		0.747075
375		0.747075
375.1		0.752784
375.2		0.752784
375.3		0.752784
375.4		0.752784
375.5		0.752784
375.6		0.752784
375.7		0.752784
375.8		0.752784
375.9		0.752784
376		0.752784
376.1		0.753157
376.2		0.753157
376.3		0.753157
376.4		0.753157
376.5		0.753157
376.6		0.753157
376.7		0.753157
376.8		0.753157
376.9		0.753157
377		0.753157
377.1		0.754714
377.2		0.754714
377.3		0.754714
377.4		0.754714
377.5		0.754714
377.6		0.754714
377.7		0.754714
377.8		0.754714
377.9		0.754714
378		0.754714
378.1		0.755388
378.2		0.755388
378.3		0.755388
378.4		0.755388
378.5		0.755388
378.6		0.755388
378.7		0.755388
378.8		0.755388
378.9		0.755388
379		0.755388
379.1		0.757919
379.2		0.757919
379.3		0.757919
379.4		0.757919
379.5		0.757919
379.6		0.757919
379.7		0.757919
379.8		0.757919
379.9		0.757919
380		0.757919
380.1		0.758202
380.2		0.758202
380.3		0.758202
380.4		0.758202
380.5		0.758202
380.6		0.758202
380.7		0.758202
380.8		0.758202
380.9		0.758202
381		0.758202
381.1		0.763173
381.2		0.763173
381.3		0.763173
381.4		0.763173
381.5		0.763173
381.6		0.763173
381.7		0.763173
381.8		0.763173
381.9		0.763173
382		0.763173
382.1		0.766433
382.2		0.766433
382.3		0.766433
382.4		0.766433
382.5		0.766433
382.6		0.766433
382.7		0.766433
382.8		0.766433
382.9		0.766433
383		0.766433
383.1		0.767981
383.2		0.767981
383.3		0.767981
383.4		0.767981
383.5		0.767981
383.6		0.767981
383.7		0.767981
383.8		0.767981
383.9		0.767981
384		0.767981
384.1		0.769656
384.2		0.769656
384.3		0.769656
384.4		0.769656
384.5		0.769656
384.6		0.769656
384.7		0.769656
384.8		0.769656
384.9		0.769656
385		0.769656
385.1		0.77063
385.2		0.77063
385.3		0.77063
385.4		0.77063
385.5		0.77063
385.6		0.77063
385.7		0.77063
385.8		0.77063
385.9		0.77063
386		0.77063
386.1		0.774154
386.2		0.774154
386.3		0.774154
386.4		0.774154
386.5		0.774154
386.6		0.774154
386.7		0.774154
386.8		0.774154
386.9		0.774154
387		0.774154
387.1		0.774873
387.2		0.774873
387.3		0.774873
387.4		0.774873
387.5		0.774873
387.6		0.774873
387.7		0.774873
387.8		0.774873
387.9		0.774873
388		0.774873
388.1		0.778961
388.2		0.778961
388.3		0.778961
388.4		0.778961
388.5		0.778961
388.6		0.778961
388.7		0.778961
388.8		0.778961
388.9		0.778961
389		0.778961
389.1		0.779289
389.2		0.779289
389.3		0.779289
389.4		0.779289
389.5		0.779289
389.6		0.779289
389.7		0.779289
389.8		0.779289
389.9		0.779289
390		0.779289
390.1		0.781438
390.2		0.781438
390.3		0.781438
390.4		0.781438
390.5		0.781438
390.6		0.781438
390.7		0.781438
390.8		0.781438
390.9		0.781438
391		0.781438
391.1		0.782176
391.2		0.782176
391.3		0.782176
391.4		0.782176
391.5		0.782176
391.6		0.782176
391.7		0.782176
391.8		0.782176
391.9		0.782176
392		0.782176
392.1		0.784789
392.2		0.784789
392.3		0.784789
392.4		0.784789
392.5		0.784789
392.6		0.784789
392.7		0.784789
392.8		0.784789
392.9		0.784789
393		0.784789
393.1		0.785144
393.2		0.785144
393.3		0.785144
393.4		0.785144
393.5		0.785144
393.6		0.785144
393.7		0.785144
393.8		0.785144
393.9		0.785144
394		0.785144
394.1		0.791946
394.2		0.791946
394.3		0.791946
394.4		0.791946
394.5		0.791946
394.6		0.791946
394.7		0.791946
394.8		0.791946
394.9		0.791946
395		0.791946
395.1		0.792865
395.2		0.792865
395.3		0.792865
395.4		0.792865
395.5		0.792865
395.6		0.792865
395.7		0.792865
395.8		0.792865
395.9		0.792865
396		0.792865
396.1		0.793093
396.2		0.793093
396.3		0.793093
396.4		0.793093
396.5		0.793093
396.6		0.793093
396.7		0.793093
396.8		0.793093
396.9		0.793093
397		0.793093
397.1		0.794085
397.2		0.794085
397.3		0.794085
397.4		0.794085
397.5		0.794085
397.6		0.794085
397.7		0.794085
397.8		0.794085
397.9		0.794085
398		0.794085
398.1		0.79943
398.2		0.79943
398.3		0.79943
398.4		0.79943
398.5		0.79943
398.6		0.79943
398.7		0.79943
398.8		0.79943
398.9		0.79943
399		0.79943
399.1		0.800331
399.2		0.800331
399.3		0.800331
399.4		0.800331
399.5		0.800331
399.6		0.800331
399.7		0.800331
399.8		0.800331
399.9		0.800331
400		0.800331
400.1		0.803318
400.2		0.803318
400.3		0.803318
400.4		0.803318
400.5		0.803318
400.6		0.803318
400.7		0.803318
400.8		0.803318
400.9		0.803318
401		0.803318
401.1		0.805221
401.2		0.805221
401.3		0.805221
401.4		0.805221
401.5		0.805221
401.6		0.805221
401.7		0.805221
401.8		0.805221
401.9		0.805221
402		0.805221
402.1		0.80564
402.2		0.80564
402.3		0.80564
402.4		0.80564
402.5		0.80564
402.6		0.80564
402.7		0.80564
402.8		0.80564
402.9		0.80564
403		0.80564
403.1		0.806723
403.2		0.806723
403.3		0.806723
403.4		0.806723
403.5		0.806723
403.6		0.806723
403.7		0.806723
403.8		0.806723
403.9		0.806723
404		0.806723
404.1		0.808271
404.2		0.808271
404.3		0.808271
404.4		0.808271
404.5		0.808271
404.6		0.808271
404.7		0.808271
404.8		0.808271
404.9		0.808271
405		0.808271
405.1		0.811859
405.2		0.811859
405.3		0.811859
405.4		0.811859
405.5		0.811859
405.6		0.811859
405.7		0.811859
405.8		0.811859
405.9		0.811859
406		0.811859
406.1		0.815446
406.2		0.815446
406.3		0.815446
406.4		0.815446
406.5		0.815446
406.6		0.815446
406.7		0.815446
406.8		0.815446
406.9		0.815446
407		0.815446
407.1		0.815555
407.2		0.815555
407.3		0.815555
407.4		0.815555
407.5		0.815555
407.6		0.815555
407.7		0.815555
407.8		0.815555
407.9		0.815555
408		0.815555
408.1		0.819052
408.2		0.819052
408.3		0.819052
408.4		0.819052
408.5		0.819052
408.6		0.819052
408.7		0.819052
408.8		0.819052
408.9		0.819052
409		0.819052
409.1		0.819489
409.2		0.819489
409.3		0.819489
409.4		0.819489
409.5		0.819489
409.6		0.819489
409.7		0.819489
409.8		0.819489
409.9		0.819489
410		0.819489
410.1		0.819971
410.2		0.819971
410.3		0.819971
410.4		0.819971
410.5		0.819971
410.6		0.819971
410.7		0.819971
410.8		0.819971
410.9		0.819971
411		0.819971
411.1		0.824588
411.2		0.824588
411.3		0.824588
411.4		0.824588
411.5		0.824588
411.6		0.824588
411.7		0.824588
411.8		0.824588
411.9		0.824588
412		0.824588
412.1		0.826727
412.2		0.826727
412.3		0.826727
412.4		0.826727
412.5		0.826727
412.6		0.826727
412.7		0.826727
412.8		0.826727
412.9		0.826727
413		0.826727
413.1		0.828494
413.2		0.828494
413.3		0.828494
413.4		0.828494
413.5		0.828494
413.6		0.828494
413.7		0.828494
413.8		0.828494
413.9		0.828494
414		0.828494
414.1		0.830024
414.2		0.830024
414.3		0.830024
414.4		0.830024
414.5		0.830024
414.6		0.830024
414.7		0.830024
414.8		0.830024
414.9		0.830024
415		0.830024
415.1		0.832364
415.2		0.832364
415.3		0.832364
415.4		0.832364
415.5		0.832364
415.6		0.832364
415.7		0.832364
415.8		0.832364
415.9		0.832364
416		0.832364
416.1		0.835623
416.2		0.835623
416.3		0.835623
416.4		0.835623
416.5		0.835623
416.6		0.835623
416.7		0.835623
416.8		0.835623
416.9		0.835623
417		0.835623
417.1		0.83902
417.2		0.83902
417.3		0.83902
417.4		0.83902
417.5		0.83902
417.6		0.83902
417.7		0.83902
417.8		0.83902
417.9		0.83902
418		0.83902
418.1		0.839302
418.2		0.839302
418.3		0.839302
418.4		0.839302
418.5		0.839302
418.6		0.839302
418.7		0.839302
418.8		0.839302
418.9		0.839302
419		0.839302
419.1		0.841751
419.2		0.841751
419.3		0.841751
419.4		0.841751
419.5		0.841751
419.6		0.841751
419.7		0.841751
419.8		0.841751
419.9		0.841751
420		0.841751
420.1		0.844729
420.2		0.844729
420.3		0.844729
420.4		0.844729
420.5		0.844729
420.6		0.844729
420.7		0.844729
420.8		0.844729
420.9		0.844729
421		0.844729
421.1		0.845994
421.2		0.845994
421.3		0.845994
421.4		0.845994
421.5		0.845994
421.6		0.845994
421.7		0.845994
421.8		0.845994
421.9		0.845994
422		0.845994
422.1		0.848671
422.2		0.848671
422.3		0.848671
422.4		0.848671
422.5		0.848671
422.6		0.848671
422.7		0.848671
422.8		0.848671
422.9		0.848671
423		0.848671
423.1		0.849436
423.2		0.849436
423.3		0.849436
423.4		0.849436
423.5		0.849436
423.6		0.849436
423.7		0.849436
423.8		0.849436
423.9		0.849436
424		0.849436
424.1		0.851375
424.2		0.851375
424.3		0.851375
424.4		0.851375
424.5		0.851375
424.6		0.851375
424.7		0.851375
424.8		0.851375
424.9		0.851375
425		0.851375
425.1		0.853397
425.2		0.853397
425.3		0.853397
425.4		0.853397
425.5		0.853397
425.6		0.853397
425.7		0.853397
425.8		0.853397
425.9		0.853397
426		0.853397
426.1		0.85428
426.2		0.85428
426.3		0.85428
426.4		0.85428
426.5		0.85428
426.6		0.85428
426.7		0.85428
426.8		0.85428
426.9		0.85428
427		0.85428
427.1		0.859224
427.2		0.859224
427.3		0.859224
427.4		0.859224
427.5		0.859224
427.6		0.859224
427.7		0.859224
427.8		0.859224
427.9		0.859224
428		0.859224
428.1		0.8612
428.2		0.8612
428.3		0.8612
428.4		0.8612
428.5		0.8612
428.6		0.8612
428.7		0.8612
428.8		0.8612
428.9		0.8612
429		0.8612
429.1		0.861437
429.2		0.861437
429.3		0.861437
429.4		0.861437
429.5		0.861437
429.6		0.861437
429.7		0.861437
429.8		0.861437
429.9		0.861437
430		0.861437
430.1		0.861728
430.2		0.861728
430.3		0.861728
430.4		0.861728
430.5		0.861728
430.6		0.861728
430.7		0.861728
430.8		0.861728
430.9		0.861728
431		0.861728
431.1		0.865042
431.2		0.865042
431.3		0.865042
431.4		0.865042
431.5		0.865042
431.6		0.865042
431.7		0.865042
431.8		0.865042
431.9		0.865042
432		0.865042
432.1		0.87046
432.2		0.87046
432.3		0.87046
432.4		0.87046
432.5		0.87046
432.6		0.87046
432.7		0.87046
432.8		0.87046
432.9		0.87046
433		0.87046
433.1		0.872845
433.2		0.872845
433.3		0.872845
433.4		0.872845
433.5		0.872845
433.6		0.872845
433.7		0.872845
433.8		0.872845
433.9		0.872845
434		0.872845
434.1		0.873073
434.2		0.873073
434.3		0.873073
434.4		0.873073
434.5		0.873073
434.6		0.873073
434.7		0.873073
434.8		0.873073
434.9		0.873073
435		0.873073
435.1		0.874812
435.2		0.874812
435.3		0.874812
435.4		0.874812
435.5		0.874812
435.6		0.874812
435.7		0.874812
435.8		0.874812
435.9		0.874812
436		0.874812
436.1		0.875186
436.2		0.875186
436.3		0.875186
436.4		0.875186
436.5		0.875186
436.6		0.875186
436.7		0.875186
436.8		0.875186
436.9		0.875186
437		0.875186
437.1		0.880257
437.2		0.880257
437.3		0.880257
437.4		0.880257
437.5		0.880257
437.6		0.880257
437.7		0.880257
437.8		0.880257
437.9		0.880257
438		0.880257
438.1		0.881923
438.2		0.881923
438.3		0.881923
438.4		0.881923
438.5		0.881923
438.6		0.881923
438.7		0.881923
438.8		0.881923
438.9		0.881923
439		0.881923
439.1		0.886257
439.2		0.886257
439.3		0.886257
439.4		0.886257
439.5		0.886257
439.6		0.886257
439.7		0.886257
439.8		0.886257
439.9		0.886257
440		0.886257
440.1		0.887423
440.2		0.887423
440.3		0.887423
440.4		0.887423
440.5		0.887423
440.6		0.887423
440.7		0.887423
440.8		0.887423
440.9		0.887423
441		0.887423
441.1		0.887742
441.2		0.887742
441.3		0.887742
441.4		0.887742
441.5		0.887742
441.6		0.887742
441.7		0.887742
441.8		0.887742
441.9		0.887742
442		0.887742
442.1		0.891393
442.2		0.891393
442.3		0.891393
442.4		0.891393
442.5		0.891393
442.6		0.891393
442.7		0.891393
442.8		0.891393
442.9		0.891393
443		0.891393
443.1		0.891803
443.2		0.891803
443.3		0.891803
443.4		0.891803
443.5		0.891803
443.6		0.891803
443.7		0.891803
443.8		0.891803
443.9		0.891803
444		0.891803
444.1		0.894607
444.2		0.894607
444.3		0.894607
444.4		0.894607
444.5		0.894607
444.6		0.894607
444.7		0.894607
444.8		0.894607
444.9		0.894607
445		0.894607
445.1		0.896637
445.2		0.896637
445.3		0.896637
445.4		0.896637
445.5		0.896637
445.6		0.896637
445.7		0.896637
445.8		0.896637
445.9		0.896637
446		0.896637
446.1		0.89855
446.2		0.89855
446.3		0.89855
446.4		0.89855
446.5		0.89855
446.6		0.89855
446.7		0.89855
446.8		0.89855
446.9		0.89855
447		0.89855
447.1		0.900826
447.2		0.900826
447.3		0.900826
447.4		0.900826
447.5		0.900826
447.6		0.900826
447.7		0.900826
447.8		0.900826
447.9		0.900826
448		0.900826
448.1		0.901017
448.2		0.901017
448.3		0.901017
448.4		0.901017
448.5		0.901017
448.6		0.901017
448.7		0.901017
448.8		0.901017
448.9		0.901017
449		0.901017
449.1		0.90119
449.2		0.90119
449.3		0.90119
449.4		0.90119
449.5		0.90119
449.6		0.90119
449.7		0.90119
449.8		0.90119
449.9		0.90119
450		0.90119
450.1		0.906744
450.2		0.906744
450.3		0.906744
450.4		0.906744
450.5		0.906744
450.6		0.906744
450.7		0.906744
450.8		0.906744
450.9		0.906744
451		0.906744
451.1		0.908829
451.2		0.908829
451.3		0.908829
451.4		0.908829
451.5		0.908829
451.6		0.908829
451.7		0.908829
451.8		0.908829
451.9		0.908829
452		0.908829
452.1		0.909257
452.2		0.909257
452.3		0.909257
452.4		0.909257
452.5		0.909257
452.6		0.909257
452.7		0.909257
452.8		0.909257
452.9		0.909257
453		0.909257
453.1		0.91035
453.2		0.91035
453.3		0.91035
453.4		0.91035
453.5		0.91035
453.6		0.91035
453.7		0.91035
453.8		0.91035
453.9		0.91035
454		0.91035
454.1		0.914557
454.2		0.914557
454.3		0.914557
454.4		0.914557
454.5		0.914557
454.6		0.914557
454.7		0.914557
454.8		0.914557
454.9		0.914557
455		0.914557
455.1		0.915157
455.2		0.915157
455.3		0.915157
455.4		0.915157
455.5		0.915157
455.6		0.915157
455.7		0.915157
455.8		0.915157
455.9		0.915157
456		0.915157
456.1		0.918071
456.2		0.918071
456.3		0.918071
456.4		0.918071
456.5		0.918071
456.6		0.918071
456.7		0.918071
456.8		0.918071
456.9		0.918071
457		0.918071
457.1		0.9188
457.2		0.9188
457.3		0.9188
457.4		0.9188
457.5		0.9188
457.6		0.9188
457.7		0.9188
457.8		0.9188
457.9		0.9188
458		0.9188
458.1		0.923461
458.2		0.923461
458.3		0.923461
458.4		0.923461
458.5		0.923461
458.6		0.923461
458.7		0.923461
458.8		0.923461
458.9		0.923461
459		0.923461
459.1		0.925246
459.2		0.925246
459.3		0.925246
459.4		0.925246
459.5		0.925246
459.6		0.925246
459.7		0.925246
459.8		0.925246
459.9		0.925246
460		0.925246
460.1		0.92663
460.2		0.92663
460.3		0.92663
460.4		0.92663
460.5		0.92663
460.6		0.92663
460.7		0.92663
460.8		0.92663
460.9		0.92663
461		0.92663
461.1		0.928988
461.2		0.928988
461.3		0.928988
461.4		0.928988
461.5		0.928988
461.6		0.928988
461.7		0.928988
461.8		0.928988
461.9		0.928988
462		0.928988
462.1		0.933177
462.2		0.933177
462.3		0.933177
462.4		0.933177
462.5		0.933177
462.6		0.933177
462.7		0.933177
462.8		0.933177
462.9		0.933177
463		0.933177
463.1		0.933395
463.2		0.933395
463.3		0.933395
463.4		0.933395
463.5		0.933395
463.6		0.933395
463.7		0.933395
463.8		0.933395
463.9		0.933395
464		0.933395
464.1		0.933696
464.2		0.933696
464.3		0.933696
464.4		0.933696
464.5		0.933696
464.6		0.933696
464.7		0.933696
464.8		0.933696
464.9		0.933696
465		0.933696
465.1		0.938822
465.2		0.938822
465.3		0.938822
465.4		0.938822
465.5		0.938822
465.6		0.938822
465.7		0.938822
465.8		0.938822
465.9		0.938822
466		0.938822
466.1		0.93904
466.2		0.93904
466.3		0.93904
466.4		0.93904
466.5		0.93904
466.6		0.93904
466.7		0.93904
466.8		0.93904
466.9		0.93904
467		0.93904
467.1		0.943447
467.2		0.943447
467.3		0.943447
467.4		0.943447
467.5		0.943447
467.6		0.943447
467.7		0.943447
467.8		0.943447
467.9		0.943447
468		0.943447
468.1		0.944722
468.2		0.944722
468.3		0.944722
468.4		0.944722
468.5		0.944722
468.6		0.944722
468.7		0.944722
468.8		0.944722
468.9		0.944722
469		0.944722
469.1		0.944822
469.2		0.944822
469.3		0.944822
469.4		0.944822
469.5		0.944822
469.6		0.944822
469.7		0.944822
469.8		0.944822
469.9		0.944822
470		0.944822
470.1		0.944877
470.2		0.944877
470.3		0.944877
470.4		0.944877
470.5		0.944877
470.6		0.944877
470.7		0.944877
470.8		0.944877
470.9		0.944877
471		0.944877
471.1		0.948628
471.2		0.948628
471.3		0.948628
471.4		0.948628
471.5		0.948628
471.6		0.948628
471.7		0.948628
471.8		0.948628
471.9		0.948628
472		0.948628
472.1		0.95248
472.2		0.95248
472.3		0.95248
472.4		0.95248
472.5		0.95248
472.6		0.95248
472.7		0.95248
472.8		0.95248
472.9		0.95248
473		0.95248
473.1		0.954128
473.2		0.954128
473.3		0.954128
473.4		0.954128
473.5		0.954128
473.6		0.954128
473.7		0.954128
473.8		0.954128
473.9		0.954128
474		0.954128
474.1		0.955129
474.2		0.955129
474.3		0.955129
474.4		0.955129
474.5		0.955129
474.6		0.955129
474.7		0.955129
474.8		0.955129
474.9		0.955129
475		0.955129
475.1		0.956413
475.2		0.956413
475.3		0.956413
475.4		0.956413
475.5		0.956413
475.6		0.956413
475.7		0.956413
475.8		0.956413
475.9		0.956413
476		0.956413
476.1		0.960547
476.2		0.960547
476.3		0.960547
476.4		0.960547
476.5		0.960547
476.6		0.960547
476.7		0.960547
476.8		0.960547
476.9		0.960547
477		0.960547
477.1		0.960966
477.2		0.960966
477.3		0.960966
477.4		0.960966
477.5		0.960966
477.6		0.960966
477.7		0.960966
477.8		0.960966
477.9		0.960966
478		0.960966
478.1		0.964999
478.2		0.964999
478.3		0.964999
478.4		0.964999
478.5		0.964999
478.6		0.964999
478.7		0.964999
478.8		0.964999
478.9		0.964999
479		0.964999
479.1		0.966638
479.2		0.966638
479.3		0.966638
479.4		0.966638
479.5		0.966638
479.6		0.966638
479.7		0.966638
479.8		0.966638
479.9		0.966638
480		0.966638
480.1		0.967494
480.2		0.967494
480.3		0.967494
480.4		0.967494
480.5		0.967494
480.6		0.967494
480.7		0.967494
480.8		0.967494
480.9		0.967494
481		0.967494
481.1		0.969324
481.2		0.969324
481.3		0.969324
481.4		0.969324
481.5		0.969324
481.6		0.969324
481.7		0.969324
481.8		0.969324
481.9		0.969324
482		0.969324
482.1		0.972302
482.2		0.972302
482.3		0.972302
482.4		0.972302
482.5		0.972302
482.6		0.972302
482.7		0.972302
482.8		0.972302
482.9		0.972302
483		0.972302
483.1		0.972602
483.2		0.972602
483.3		0.972602
483.4		0.972602
483.5		0.972602
483.6		0.972602
483.7		0.972602
483.8		0.972602
483.9		0.972602
484		0.972602
484.1		0.978175
484.2		0.978175
484.3		0.978175
484.4		0.978175
484.5		0.978175
484.6		0.978175
484.7		0.978175
484.8		0.978175
484.9		0.978175
485		0.978175
485.1		0.978648
485.2		0.978648
485.3		0.978648
485.4		0.978648
485.5		0.978648
485.6		0.978648
485.7		0.978648
485.8		0.978648
485.9		0.978648
486		0.978648
486.1		0.980497
486.2		0.980497
486.3		0.980497
486.4		0.980497
486.5		0.980497
486.6		0.980497
486.7		0.980497
486.8		0.980497
486.9		0.980497
487		0.980497
487.1		0.980906
487.2		0.980906
487.3		0.980906
487.4		0.980906
487.5		0.980906
487.6		0.980906
487.7		0.980906
487.8		0.980906
487.9		0.980906
488		0.980906
488.1		0.985395
488.2		0.985395
488.3		0.985395
488.4		0.985395
488.5		0.985395
488.6		0.985395
488.7		0.985395
488.8		0.985395
488.9		0.985395
489		0.985395
489.1		0.986561
489.2		0.986561
489.3		0.986561
489.4		0.986561
489.5		0.986561
489.6		0.986561
489.7		0.986561
489.8		0.986561
489.9		0.986561
490		0.986561
490.1		0.990676
490.2		0.990676
490.3		0.990676
490.4		0.990676
490.5		0.990676
490.6		0.990676
490.7		0.990676
490.8		0.990676
490.9		0.990676
491		0.990676
491.1		0.991077
491.2		0.991077
491.3		0.991077
491.4		0.991077
491.5		0.991077
491.6		0.991077
491.7		0.991077
491.8		0.991077
491.9		0.991077
492		0.991077
492.1		0.991878
492.2		0.991878
492.3		0.991878
492.4		0.991878
492.5		0.991878
492.6		0.991878
492.7		0.991878
492.8		0.991878
492.9		0.991878
493		0.991878
493.1		0.994318
493.2		0.994318
493.3		0.994318
493.4		0.994318
493.5		0.994318
493.6		0.994318
493.7		0.994318
493.8		0.994318
493.9		0.994318
494		0.994318
494.1		0.997988
494.2		0.997988
494.3		0.997988
494.4		0.997988
494.5		0.997988
494.6		0.997988
494.7		0.997988
494.8		0.997988
494.9		0.997988
495		0.997988
495.1		0.99827
495.2		0.99827
495.3		0.99827
495.4		0.99827
495.5		0.99827
495.6		0.99827
495.7		0.99827
495.8		0.99827
495.9		0.99827
496		0.99827
496.1		1
496.2		1
496.3		1
496.4		1
496.5		1
496.6		1
496.7		1
496.8		1
496.9		1
497		1
497.1		1
497.2		1
497.3		1
497.4		1
497.5		1
497.6		1
497.7		1
497.8		1
497.9		1
498		1
498.1		1
498.2		1
498.3		1
498.4		1
498.5		1
498.6		1
498.7		1
498.8		1
498.9		1
499		1
499.1		1
499.2		1
499.3		1
499.4		1
499.5		1
499.6		1
499.7		1
499.8		1
499.9		1
500		1
500.1		1
500.2		1
500.3		1
500.4		1
500.5		1
500.6		1
500.7		1
500.8		1
500.9		1
501		1
501.1		1
501.2		1
501.3		1
501.4		1
501.5		1
501.6		1
501.7		1
501.8		1
501.9		1
502		1
502.1		1
502.2		1
502.3		1
502.4		1
502.5		1
502.6		1
502.7		1
502.8		1
502.9		1
503		1
503.1		1
503.2		1
503.3		1
503.4		1
503.5		1
503.6		1
503.7		1
503.8		1
503.9		1
504		1
504.1		1
504.2		1
504.3		1
504.4		1
504.5		1
504.6		1
504.7		1
504.8		1
504.9		1
505		1
505.1		1
505.2		1
505.3		1
505.4		1
505.5		1
505.6		1
505.7		1
505.8		1
505.9		1
506		1
506.1		1
506.2		1
506.3		1
506.4		1
506.5		1
506.6		1
506.7		1
506.8		1
506.9		1
507		1
507.1		1
507.2		1
507.3		1
507.4		1
507.5		1
507.6		1
507.7		1
507.8		1
507.9		1
508		1
508.1		1
508.2		1
508.3		1
508.4		1
508.5		1
508.6		1
508.7		1
508.8		1
508.9		1
509		1
509.1		1
509.2		1
509.3		1
509.4		1
509.5		1
509.6		1
509.7		1
509.8		1
509.9		1
510		1
510.1		1
510.2		1
510.3		1
510.4		1
510.5		1
510.6		1
510.7		1
510.8		1
510.9		1
511		1
511.1		1
511.2		1
511.3		1
511.4		1
511.5		1
511.6		1
511.7		1
511.8		1
511.9		1
512		1
512.1		1
512.2		1
512.3		1
512.4		1
512.5		1
512.6		1
512.7		1
512.8		1
512.9		1
513		1
513.1		1
513.2		1
513.3		1
513.4		1
513.5		1
513.6		1
513.7		1
513.8		1
513.9		1
514		1
514.1		1
514.2		1
514.3		1
514.4		1
514.5		1
514.6		1
514.7		1
514.8		1
514.9		1
515		1
515.1		1
515.2		1
515.3		1
515.4		1
515.5		1
515.6		1
515.7		1
515.8		1
515.9		1
516		1
516.1		1
516.2		1
516.3		1
516.4		1
516.5		1
516.6		1
516.7		1
516.8		1
516.9		1
517		1
517.1		1
517.2		1
517.3		1
517.4		1
517.5		1
517.6		1
517.7		1
517.8		1
517.9		1
518		1
518.1		1
518.2		1
518.3		1
518.4		1
518.5		1
518.6		1
518.7		1
518.8		1
518.9		1
519		1
519.1		1
519.2		1
519.3		1
519.4		1
519.5		1
519.6		1
519.7		1
519.8		1
519.9		1
520		1
520.1		1
520.2		1
520.3		1
520.4		1
520.5		1
520.6		1
520.7		1
520.8		1
520.9		1
521		1
521.1		1
521.2		1
521.3		1
521.4		1
521.5		1
521.6		1
521.7		1
521.8		1
521.9		1
522		1
522.1		1
522.2		1
522.3		1
522.4		1
522.5		1
522.6		1
522.7		1
522.8		1
522.9		1
523		1
523.1		1
523.2		1
523.3		1
523.4		1
523.5		1
523.6		1
523.7		1
523.8		1
523.9		1
524		1
524.1		1
524.2		1
524.3		1
524.4		1
524.5		1
524.6		1
524.7		1
524.8		1
524.9		1
525		1
525.1		1
525.2		1
525.3		1
525.4		1
525.5		1
525.6		1
525.7		1
525.8		1
525.9		1
526		1
526.1		1
526.2		1
526.3		1
526.4		1
526.5		1
526.6		1
526.7		1
526.8		1
526.9		1
527		1
527.1		1
527.2		1
527.3		1
527.4		1
527.5		1
527.6		1
527.7		1
527.8		1
527.9		1
528		1
528.1		1
528.2		1
528.3		1
528.4		1
528.5		1
528.6		1
528.7		1
528.8		1
528.9		1
529		1
529.1		1
529.2		1
529.3		1
529.4		1
529.5		1
529.6		1
529.7		1
529.8		1
529.9		1
530		1
530.1		1
530.2		1
530.3		1
530.4		1
530.5		1
530.6		1
530.7		1
530.8		1
530.9		1
531		1
531.1		1
531.2		1
531.3		1
531.4		1
531.5		1
531.6		1
531.7		1
531.8		1
531.9		1
532		1
532.1		1
532.2		1
532.3		1
532.4		1
532.5		1
532.6		1
532.7		1
532.8		1
532.9		1
533		1
533.1		1
533.2		1
533.3		1
533.4		1
533.5		1
533.6		1
533.7		1
533.8		1
533.9		1
534		1
534.1		1
534.2		1
534.3		1
534.4		1
534.5		1
534.6		1
534.7		1
534.8		1
534.9		1
535		1
535.1		1
535.2		1
535.3		1
535.4		1
535.5		1
535.6		1
535.7		1
535.8		1
535.9		1
536		1
536.1		1
536.2		1
536.3		1
536.4		1
536.5		1
536.6		1
536.7		1
536.8		1
536.9		1
537		1
537.1		1
537.2		1
537.3		1
537.4		1
537.5		1
537.6		1
537.7		1
537.8		1
537.9		1
538		1
538.1		1
538.2		1
538.3		1
538.4		1
538.5		1
538.6		1
538.7		1
538.8		1
538.9		1
539		1
539.1		1
539.2		1
539.3		1
539.4		1
539.5		1
539.6		1
539.7		1
539.8		1
539.9		1
540		1
540.1		1
540.2		1
540.3		1
540.4		1
540.5		1
540.6		1
540.7		1
540.8		1
540.9		1
541		1
541.1		1
541.2		1
541.3		1
541.4		1
541.5		1
541.6		1
541.7		1
541.8		1
541.9		1
542		1
542.1		1
542.2		1
542.3		1
542.4		1
542.5		1
542.6		1
542.7		1
542.8		1
542.9		1
543		1
543.1		1
543.2		1
543.3		1
543.4		1
543.5		1
543.6		1
543.7		1
543.8		1
543.9		1
544		1
544.1		1
544.2		1
544.3		1
544.4		1
544.5		1
544.6		1
544.7		1
544.8		1
544.9		1
545		1
545.1		1
545.2		1
545.3		1
545.4		1
545.5		1
545.6		1
545.7		1
545.8		1
545.9		1
546		1
546.1		1
546.2		1
546.3		1
546.4		1
546.5		1
546.6		1
546.7		1
546.8		1
546.9		1
547		1
547.1		1
547.2		1
547.3		1
547.4		1
547.5		1
547.6		1
547.7		1
547.8		1
547.9		1
548		1
548.1		1
548.2		1
548.3		1
548.4		1
548.5		1
548.6		1
548.7		1
548.8		1
548.9		1
549		1
549.1		1
549.2		1
549.3		1
549.4		1
549.5		1
549.6		1
549.7		1
549.8		1
549.9		1
550		1
550.1		1
550.2		1
550.3		1
550.4		1
550.5		1
550.6		1
550.7		1
550.8		1
550.9		1
551		1
551.1		1
551.2		1
551.3		1
551.4		1
551.5		1
551.6		1
551.7		1
551.8		1
551.9		1
552		1
552.1		1
552.2		1
552.3		1
552.4		1
552.5		1
552.6		1
552.7		1
552.8		1
552.9		1
553		1
553.1		1
553.2		1
553.3		1
553.4		1
553.5		1
553.6		1
553.7		1
553.8		1
553.9		1
554		1
554.1		1
554.2		1
554.3		1
554.4		1
554.5		1
554.6		1
554.7		1
554.8		1
554.9		1
555		1
555.1		1
555.2		1
555.3		1
555.4		1
555.5		1
555.6		1
555.7		1
555.8		1
555.9		1
556		1
556.1		1
556.2		1
556.3		1
556.4		1
556.5		1
556.6		1
556.7		1
556.8		1
556.9		1
557		1
557.1		1
557.2		1
557.3		1
557.4		1
557.5		1
557.6		1
557.7		1
557.8		1
557.9		1
558		1
558.1		1
558.2		1
558.3		1
558.4		1
558.5		1
558.6		1
558.7		1
558.8		1
558.9		1
559		1
559.1		1
559.2		1
559.3		1
559.4		1
559.5		1
559.6		1
559.7		1
559.8		1
559.9		1
560		1
560.1		1
560.2		1
560.3		1
560.4		1
560.5		1
560.6		1
560.7		1
560.8		1
560.9		1
561		1
561.1		1
561.2		1
561.3		1
561.4		1
561.5		1
561.6		1
561.7		1
561.8		1
561.9		1
562		1
562.1		1
562.2		1
562.3		1
562.4		1
562.5		1
562.6		1
562.7		1
562.8		1
562.9		1
563		1
563.1		1
563.2		1
563.3		1
563.4		1
563.5		1
563.6		1
563.7		1
563.8		1
563.9		1
564		1
564.1		1
564.2		1
564.3		1
564.4		1
564.5		1
564.6		1
564.7		1
564.8		1
564.9		1
565		1
565.1		1
565.2		1
565.3		1
565.4		1
565.5		1
565.6		1
565.7		1
565.8		1
565.9		1
566		1
566.1		1
566.2		1
566.3		1
566.4		1
566.5		1
566.6		1
566.7		1
566.8		1
566.9		1
567		1
567.1		1
567.2		1
567.3		1
567.4		1
567.5		1
567.6		1
567.7		1
567.8		1
567.9		1
568		1
568.1		1
568.2		1
568.3		1
568.4		1
568.5		1
568.6		1
568.7		1
568.8		1
568.9		1
569		1
569.1		1
569.2		1
569.3		1
569.4		1
569.5		1
569.6		1
569.7		1
569.8		1
569.9		1
570		1
570.1		1
570.2		1
570.3		1
570.4		1
570.5		1
570.6		1
570.7		1
570.8		1
570.9		1
571		1
571.1		1
571.2		1
571.3		1
571.4		1
571.5		1
571.6		1
571.7		1
571.8		1
571.9		1
572		1
572.1		1
572.2		1
572.3		1
572.4		1
572.5		1
572.6		1
572.7		1
572.8		1
572.9		1
573		1
573.1		1
573.2		1
573.3		1
573.4		1
573.5		1
573.6		1
573.7		1
573.8		1
573.9		1
574		1
574.1		1
574.2		1
574.3		1
574.4		1
574.5		1
574.6		1
574.7		1
574.8		1
574.9		1
575		1
575.1		1
575.2		1
575.3		1
575.4		1
575.5		1
575.6		1
575.7		1
575.8		1
575.9		1
576		1
576.1		1
576.2		1
576.3		1
576.4		1
576.5		1
576.6		1
576.7		1
576.8		1
576.9		1
577		1
577.1		1
577.2		1
577.3		1
577.4		1
577.5		1
577.6		1
577.7		1
577.8		1
577.9		1
578		1
578.1		1
578.2		1
578.3		1
578.4		1
578.5		1
578.6		1
578.7		1
578.8		1
578.9		1
579		1
579.1		1
579.2		1
579.3		1
579.4		1
579.5		1
579.6		1
579.7		1
579.8		1
579.9		1
580		1
580.1		1
580.2		1
580.3		1
580.4		1
580.5		1
580.6		1
580.7		1
580.8		1
580.9		1
581		1
581.1		1
581.2		1
581.3		1
581.4		1
581.5		1
581.6		1
581.7		1
581.8		1
581.9		1
582		1
582.1		1
582.2		1
582.3		1
582.4		1
582.5		1
582.6		1
582.7		1
582.8		1
582.9		1
583		1
583.1		1
583.2		1
583.3		1
583.4		1
583.5		1
583.6		1
583.7		1
583.8		1
583.9		1
584		1
584.1		1
584.2		1
584.3		1
584.4		1
584.5		1
584.6		1
584.7		1
584.8		1
584.9		1
585		1
585.1		1
585.2		1
585.3		1
585.4		1
585.5		1
585.6		1
585.7		1
585.8		1
585.9		1
586		1
586.1		1
586.2		1
586.3		1
586.4		1
586.5		1
586.6		1
586.7		1
586.8		1
586.9		1
587		1
587.1		1
587.2		1
587.3		1
587.4		1
587.5		1
587.6		1
587.7		1
587.8		1
587.9		1
588		1
588.1		1
588.2		1
588.3		1
588.4		1
588.5		1
588.6		1
588.7		1
588.8		1
588.9		1
589		1
589.1		1
589.2		1
589.3		1
589.4		1
589.5		1
589.6		1
589.7		1
589.8		1
589.9		1
590		1
590.1		1
590.2		1
590.3		1
590.4		1
590.5		1
590.6		1
590.7		1
590.8		1
590.9		1
591		1
591.1		1
591.2		1
591.3		1
591.4		1
591.5		1
591.6		1
591.7		1
591.8		1
591.9		1
592		1
592.1		1
592.2		1
592.3		1
592.4		1
592.5		1
592.6		1
592.7		1
592.8		1
592.9		1
593		1
593.1		1
593.2		1
593.3		1
593.4		1
593.5		1
593.6		1
593.7		1
593.8		1
593.9		1
594		1
594.1		1
594.2		1
594.3		1
594.4		1
594.5		1
594.6		1
594.7		1
594.8		1
594.9		1
595		1
595.1		1
595.2		1
595.3		1
595.4		1
595.5		1
595.6		1
595.7		1
595.8		1
595.9		1
596		1
596.1		1
596.2		1
596.3		1
596.4		1
596.5		1
596.6		1
596.7		1
596.8		1
596.9		1
597		1
597.1		1
597.2		1
597.3		1
597.4		1
597.5		1
597.6		1
597.7		1
597.8		1
597.9		1
598		1
598.1		1
598.2		1
598.3		1
598.4		1
598.5		1
598.6		1
598.7		1
598.8		1
598.9		1
599		1
599.1		1
599.2		1
599.3		1
599.4		1
599.5		1
599.6		1
599.7		1
599.8		1
599.9		1
600		1
