# Calibration file of tamex_id 0 @ channel 25
# fine_T bin		 Calibration value
0.1		0
0.2		0
0.3		0
0.4		0
0.5		0
0.6		0
0.7		0
0.8		0
0.9		0
1		0
1.1		0
1.2		0
1.3		0
1.4		0
1.5		0
1.6		0
1.7		0
1.8		0
1.9		0
2		0
2.1		0
2.2		0
2.3		0
2.4		0
2.5		0
2.6		0
2.7		0
2.8		0
2.9		0
3		0
3.1		0
3.2		0
3.3		0
3.4		0
3.5		0
3.6		0
3.7		0
3.8		0
3.9		0
4		0
4.1		0
4.2		0
4.3		0
4.4		0
4.5		0
4.6		0
4.7		0
4.8		0
4.9		0
5		0
5.1		0
5.2		0
5.3		0
5.4		0
5.5		0
5.6		0
5.7		0
5.8		0
5.9		0
6		0
6.1		0
6.2		0
6.3		0
6.4		0
6.5		0
6.6		0
6.7		0
6.8		0
6.9		0
7		0
7.1		0
7.2		0
7.3		0
7.4		0
7.5		0
7.6		0
7.7		0
7.8		0
7.9		0
8		0
8.1		0
8.2		0
8.3		0
8.4		0
8.5		0
8.6		0
8.7		0
8.8		0
8.9		0
9		0
9.1		0
9.2		0
9.3		0
9.4		0
9.5		0
9.6		0
9.7		0
9.8		0
9.9		0
10		0
10.1		0
10.2		0
10.3		0
10.4		0
10.5		0
10.6		0
10.7		0
10.8		0
10.9		0
11		0
11.1		0
11.2		0
11.3		0
11.4		0
11.5		0
11.6		0
11.7		0
11.8		0
11.9		0
12		0
12.1		0
12.2		0
12.3		0
12.4		0
12.5		0
12.6		0
12.7		0
12.8		0
12.9		0
13		0
13.1		0
13.2		0
13.3		0
13.4		0
13.5		0
13.6		0
13.7		0
13.8		0
13.9		0
14		0
14.1		0
14.2		0
14.3		0
14.4		0
14.5		0
14.6		0
14.7		0
14.8		0
14.9		0
15		0
15.1		0
15.2		0
15.3		0
15.4		0
15.5		0
15.6		0
15.7		0
15.8		0
15.9		0
16		0
16.1		0.00194229
16.2		0.00194229
16.3		0.00194229
16.4		0.00194229
16.5		0.00194229
16.6		0.00194229
16.7		0.00194229
16.8		0.00194229
16.9		0.00194229
17		0.00194229
17.1		0.0083165
17.2		0.0083165
17.3		0.0083165
17.4		0.0083165
17.5		0.0083165
17.6		0.0083165
17.7		0.0083165
17.8		0.0083165
17.9		0.0083165
18		0.0083165
18.1		0.0103464
18.2		0.0103464
18.3		0.0103464
18.4		0.0103464
18.5		0.0103464
18.6		0.0103464
18.7		0.0103464
18.8		0.0103464
18.9		0.0103464
19		0.0103464
19.1		0.0115443
19.2		0.0115443
19.3		0.0115443
19.4		0.0115443
19.5		0.0115443
19.6		0.0115443
19.7		0.0115443
19.8		0.0115443
19.9		0.0115443
20		0.0115443
20.1		0.01896
20.2		0.01896
20.3		0.01896
20.4		0.01896
20.5		0.01896
20.6		0.01896
20.7		0.01896
20.8		0.01896
20.9		0.01896
21		0.01896
21.1		0.0200109
21.2		0.0200109
21.3		0.0200109
21.4		0.0200109
21.5		0.0200109
21.6		0.0200109
21.7		0.0200109
21.8		0.0200109
21.9		0.0200109
22		0.0200109
22.1		0.0209054
22.2		0.0209054
22.3		0.0209054
22.4		0.0209054
22.5		0.0209054
22.6		0.0209054
22.7		0.0209054
22.8		0.0209054
22.9		0.0209054
23		0.0209054
23.1		0.0215153
23.2		0.0215153
23.3		0.0215153
23.4		0.0215153
23.5		0.0215153
23.6		0.0215153
23.7		0.0215153
23.8		0.0215153
23.9		0.0215153
24		0.0215153
24.1		0.0259816
24.2		0.0259816
24.3		0.0259816
24.4		0.0259816
24.5		0.0259816
24.6		0.0259816
24.7		0.0259816
24.8		0.0259816
24.9		0.0259816
25		0.0259816
25.1		0.0275767
25.2		0.0275767
25.3		0.0275767
25.4		0.0275767
25.5		0.0275767
25.6		0.0275767
25.7		0.0275767
25.8		0.0275767
25.9		0.0275767
26		0.0275767
26.1		0.0297755
26.2		0.0297755
26.3		0.0297755
26.4		0.0297755
26.5		0.0297755
26.6		0.0297755
26.7		0.0297755
26.8		0.0297755
26.9		0.0297755
27		0.0297755
27.1		0.0308608
27.2		0.0308608
27.3		0.0308608
27.4		0.0308608
27.5		0.0308608
27.6		0.0308608
27.7		0.0308608
27.8		0.0308608
27.9		0.0308608
28		0.0308608
28.1		0.0342293
28.2		0.0342293
28.3		0.0342293
28.4		0.0342293
28.5		0.0342293
28.6		0.0342293
28.7		0.0342293
28.8		0.0342293
28.9		0.0342293
29		0.0342293
29.1		0.0349018
29.2		0.0349018
29.3		0.0349018
29.4		0.0349018
29.5		0.0349018
29.6		0.0349018
29.7		0.0349018
29.8		0.0349018
29.9		0.0349018
30		0.0349018
30.1		0.0362216
30.2		0.0362216
30.3		0.0362216
30.4		0.0362216
30.5		0.0362216
30.6		0.0362216
30.7		0.0362216
30.8		0.0362216
30.9		0.0362216
31		0.0362216
31.1		0.0400343
31.2		0.0400343
31.3		0.0400343
31.4		0.0400343
31.5		0.0400343
31.6		0.0400343
31.7		0.0400343
31.8		0.0400343
31.9		0.0400343
32		0.0400343
32.1		0.041448
32.2		0.041448
32.3		0.041448
32.4		0.041448
32.5		0.041448
32.6		0.041448
32.7		0.041448
32.8		0.041448
32.9		0.041448
33		0.041448
33.1		0.0443129
33.2		0.0443129
33.3		0.0443129
33.4		0.0443129
33.5		0.0443129
33.6		0.0443129
33.7		0.0443129
33.8		0.0443129
33.9		0.0443129
34		0.0443129
34.1		0.0444568
34.2		0.0444568
34.3		0.0444568
34.4		0.0444568
34.5		0.0444568
34.6		0.0444568
34.7		0.0444568
34.8		0.0444568
34.9		0.0444568
35		0.0444568
35.1		0.0446132
35.2		0.0446132
35.3		0.0446132
35.4		0.0446132
35.5		0.0446132
35.6		0.0446132
35.7		0.0446132
35.8		0.0446132
35.9		0.0446132
36		0.0446132
36.1		0.0499365
36.2		0.0499365
36.3		0.0499365
36.4		0.0499365
36.5		0.0499365
36.6		0.0499365
36.7		0.0499365
36.8		0.0499365
36.9		0.0499365
37		0.0499365
37.1		0.0524731
37.2		0.0524731
37.3		0.0524731
37.4		0.0524731
37.5		0.0524731
37.6		0.0524731
37.7		0.0524731
37.8		0.0524731
37.9		0.0524731
38		0.0524731
38.1		0.0526201
38.2		0.0526201
38.3		0.0526201
38.4		0.0526201
38.5		0.0526201
38.6		0.0526201
38.7		0.0526201
38.8		0.0526201
38.9		0.0526201
39		0.0526201
39.1		0.0549408
39.2		0.0549408
39.3		0.0549408
39.4		0.0549408
39.5		0.0549408
39.6		0.0549408
39.7		0.0549408
39.8		0.0549408
39.9		0.0549408
40		0.0549408
40.1		0.0578652
40.2		0.0578652
40.3		0.0578652
40.4		0.0578652
40.5		0.0578652
40.6		0.0578652
40.7		0.0578652
40.8		0.0578652
40.9		0.0578652
41		0.0578652
41.1		0.0610648
41.2		0.0610648
41.3		0.0610648
41.4		0.0610648
41.5		0.0610648
41.6		0.0610648
41.7		0.0610648
41.8		0.0610648
41.9		0.0610648
42		0.0610648
42.1		0.0612149
42.2		0.0612149
42.3		0.0612149
42.4		0.0612149
42.5		0.0612149
42.6		0.0612149
42.7		0.0612149
42.8		0.0612149
42.9		0.0612149
43		0.0612149
43.1		0.0641549
43.2		0.0641549
43.3		0.0641549
43.4		0.0641549
43.5		0.0641549
43.6		0.0641549
43.7		0.0641549
43.8		0.0641549
43.9		0.0641549
44		0.0641549
44.1		0.0657344
44.2		0.0657344
44.3		0.0657344
44.4		0.0657344
44.5		0.0657344
44.6		0.0657344
44.7		0.0657344
44.8		0.0657344
44.9		0.0657344
45		0.0657344
45.1		0.0679081
45.2		0.0679081
45.3		0.0679081
45.4		0.0679081
45.5		0.0679081
45.6		0.0679081
45.7		0.0679081
45.8		0.0679081
45.9		0.0679081
46		0.0679081
46.1		0.0722337
46.2		0.0722337
46.3		0.0722337
46.4		0.0722337
46.5		0.0722337
46.6		0.0722337
46.7		0.0722337
46.8		0.0722337
46.9		0.0722337
47		0.0722337
47.1		0.0738726
47.2		0.0738726
47.3		0.0738726
47.4		0.0738726
47.5		0.0738726
47.6		0.0738726
47.7		0.0738726
47.8		0.0738726
47.9		0.0738726
48		0.0738726
48.1		0.0753207
48.2		0.0753207
48.3		0.0753207
48.4		0.0753207
48.5		0.0753207
48.6		0.0753207
48.7		0.0753207
48.8		0.0753207
48.9		0.0753207
49		0.0753207
49.1		0.0766156
49.2		0.0766156
49.3		0.0766156
49.4		0.0766156
49.5		0.0766156
49.6		0.0766156
49.7		0.0766156
49.8		0.0766156
49.9		0.0766156
50		0.0766156
50.1		0.0797746
50.2		0.0797746
50.3		0.0797746
50.4		0.0797746
50.5		0.0797746
50.6		0.0797746
50.7		0.0797746
50.8		0.0797746
50.9		0.0797746
51		0.0797746
51.1		0.0809255
51.2		0.0809255
51.3		0.0809255
51.4		0.0809255
51.5		0.0809255
51.6		0.0809255
51.7		0.0809255
51.8		0.0809255
51.9		0.0809255
52		0.0809255
52.1		0.0837029
52.2		0.0837029
52.3		0.0837029
52.4		0.0837029
52.5		0.0837029
52.6		0.0837029
52.7		0.0837029
52.8		0.0837029
52.9		0.0837029
53		0.0837029
53.1		0.085861
53.2		0.085861
53.3		0.085861
53.4		0.085861
53.5		0.085861
53.6		0.085861
53.7		0.085861
53.8		0.085861
53.9		0.085861
54		0.085861
54.1		0.0887948
54.2		0.0887948
54.3		0.0887948
54.4		0.0887948
54.5		0.0887948
54.6		0.0887948
54.7		0.0887948
54.8		0.0887948
54.9		0.0887948
55		0.0887948
55.1		0.0899364
55.2		0.0899364
55.3		0.0899364
55.4		0.0899364
55.5		0.0899364
55.6		0.0899364
55.7		0.0899364
55.8		0.0899364
55.9		0.0899364
56		0.0899364
56.1		0.0920663
56.2		0.0920663
56.3		0.0920663
56.4		0.0920663
56.5		0.0920663
56.6		0.0920663
56.7		0.0920663
56.8		0.0920663
56.9		0.0920663
57		0.0920663
57.1		0.0923353
57.2		0.0923353
57.3		0.0923353
57.4		0.0923353
57.5		0.0923353
57.6		0.0923353
57.7		0.0923353
57.8		0.0923353
57.9		0.0923353
58		0.0923353
58.1		0.0980371
58.2		0.0980371
58.3		0.0980371
58.4		0.0980371
58.5		0.0980371
58.6		0.0980371
58.7		0.0980371
58.8		0.0980371
58.9		0.0980371
59		0.0980371
59.1		0.0990254
59.2		0.0990254
59.3		0.0990254
59.4		0.0990254
59.5		0.0990254
59.6		0.0990254
59.7		0.0990254
59.8		0.0990254
59.9		0.0990254
60		0.0990254
60.1		0.0995759
60.2		0.0995759
60.3		0.0995759
60.4		0.0995759
60.5		0.0995759
60.6		0.0995759
60.7		0.0995759
60.8		0.0995759
60.9		0.0995759
61		0.0995759
61.1		0.101981
61.2		0.101981
61.3		0.101981
61.4		0.101981
61.5		0.101981
61.6		0.101981
61.7		0.101981
61.8		0.101981
61.9		0.101981
62		0.101981
62.1		0.105747
62.2		0.105747
62.3		0.105747
62.4		0.105747
62.5		0.105747
62.6		0.105747
62.7		0.105747
62.8		0.105747
62.9		0.105747
63		0.105747
63.1		0.108893
63.2		0.108893
63.3		0.108893
63.4		0.108893
63.5		0.108893
63.6		0.108893
63.7		0.108893
63.8		0.108893
63.9		0.108893
64		0.108893
64.1		0.110595
64.2		0.110595
64.3		0.110595
64.4		0.110595
64.5		0.110595
64.6		0.110595
64.7		0.110595
64.8		0.110595
64.9		0.110595
65		0.110595
65.1		0.110942
65.2		0.110942
65.3		0.110942
65.4		0.110942
65.5		0.110942
65.6		0.110942
65.7		0.110942
65.8		0.110942
65.9		0.110942
66		0.110942
66.1		0.114201
66.2		0.114201
66.3		0.114201
66.4		0.114201
66.5		0.114201
66.6		0.114201
66.7		0.114201
66.8		0.114201
66.9		0.114201
67		0.114201
67.1		0.114373
67.2		0.114373
67.3		0.114373
67.4		0.114373
67.5		0.114373
67.6		0.114373
67.7		0.114373
67.8		0.114373
67.9		0.114373
68		0.114373
68.1		0.117454
68.2		0.117454
68.3		0.117454
68.4		0.117454
68.5		0.117454
68.6		0.117454
68.7		0.117454
68.8		0.117454
68.9		0.117454
69		0.117454
69.1		0.118076
69.2		0.118076
69.3		0.118076
69.4		0.118076
69.5		0.118076
69.6		0.118076
69.7		0.118076
69.8		0.118076
69.9		0.118076
70		0.118076
70.1		0.125176
70.2		0.125176
70.3		0.125176
70.4		0.125176
70.5		0.125176
70.6		0.125176
70.7		0.125176
70.8		0.125176
70.9		0.125176
71		0.125176
71.1		0.125898
71.2		0.125898
71.3		0.125898
71.4		0.125898
71.5		0.125898
71.6		0.125898
71.7		0.125898
71.8		0.125898
71.9		0.125898
72		0.125898
72.1		0.127966
72.2		0.127966
72.3		0.127966
72.4		0.127966
72.5		0.127966
72.6		0.127966
72.7		0.127966
72.8		0.127966
72.9		0.127966
73		0.127966
73.1		0.128316
73.2		0.128316
73.3		0.128316
73.4		0.128316
73.5		0.128316
73.6		0.128316
73.7		0.128316
73.8		0.128316
73.9		0.128316
74		0.128316
74.1		0.131838
74.2		0.131838
74.3		0.131838
74.4		0.131838
74.5		0.131838
74.6		0.131838
74.7		0.131838
74.8		0.131838
74.9		0.131838
75		0.131838
75.1		0.133277
75.2		0.133277
75.3		0.133277
75.4		0.133277
75.5		0.133277
75.6		0.133277
75.7		0.133277
75.8		0.133277
75.9		0.133277
76		0.133277
76.1		0.137249
76.2		0.137249
76.3		0.137249
76.4		0.137249
76.5		0.137249
76.6		0.137249
76.7		0.137249
76.8		0.137249
76.9		0.137249
77		0.137249
77.1		0.13911
77.2		0.13911
77.3		0.13911
77.4		0.13911
77.5		0.13911
77.6		0.13911
77.7		0.13911
77.8		0.13911
77.9		0.13911
78		0.13911
78.1		0.142513
78.2		0.142513
78.3		0.142513
78.4		0.142513
78.5		0.142513
78.6		0.142513
78.7		0.142513
78.8		0.142513
78.9		0.142513
79		0.142513
79.1		0.143176
79.2		0.143176
79.3		0.143176
79.4		0.143176
79.5		0.143176
79.6		0.143176
79.7		0.143176
79.8		0.143176
79.9		0.143176
80		0.143176
80.1		0.144283
80.2		0.144283
80.3		0.144283
80.4		0.144283
80.5		0.144283
80.6		0.144283
80.7		0.144283
80.8		0.144283
80.9		0.144283
81		0.144283
81.1		0.14616
81.2		0.14616
81.3		0.14616
81.4		0.14616
81.5		0.14616
81.6		0.14616
81.7		0.14616
81.8		0.14616
81.9		0.14616
82		0.14616
82.1		0.148965
82.2		0.148965
82.3		0.148965
82.4		0.148965
82.5		0.148965
82.6		0.148965
82.7		0.148965
82.8		0.148965
82.9		0.148965
83		0.148965
83.1		0.151886
83.2		0.151886
83.3		0.151886
83.4		0.151886
83.5		0.151886
83.6		0.151886
83.7		0.151886
83.8		0.151886
83.9		0.151886
84		0.151886
84.1		0.155493
84.2		0.155493
84.3		0.155493
84.4		0.155493
84.5		0.155493
84.6		0.155493
84.7		0.155493
84.8		0.155493
84.9		0.155493
85		0.155493
85.1		0.155677
85.2		0.155677
85.3		0.155677
85.4		0.155677
85.5		0.155677
85.6		0.155677
85.7		0.155677
85.8		0.155677
85.9		0.155677
86		0.155677
86.1		0.155887
86.2		0.155887
86.3		0.155887
86.4		0.155887
86.5		0.155887
86.6		0.155887
86.7		0.155887
86.8		0.155887
86.9		0.155887
87		0.155887
87.1		0.160272
87.2		0.160272
87.3		0.160272
87.4		0.160272
87.5		0.160272
87.6		0.160272
87.7		0.160272
87.8		0.160272
87.9		0.160272
88		0.160272
88.1		0.163036
88.2		0.163036
88.3		0.163036
88.4		0.163036
88.5		0.163036
88.6		0.163036
88.7		0.163036
88.8		0.163036
88.9		0.163036
89		0.163036
89.1		0.165639
89.2		0.165639
89.3		0.165639
89.4		0.165639
89.5		0.165639
89.6		0.165639
89.7		0.165639
89.8		0.165639
89.9		0.165639
90		0.165639
90.1		0.167137
90.2		0.167137
90.3		0.167137
90.4		0.167137
90.5		0.167137
90.6		0.167137
90.7		0.167137
90.8		0.167137
90.9		0.167137
91		0.167137
91.1		0.168097
91.2		0.168097
91.3		0.168097
91.4		0.168097
91.5		0.168097
91.6		0.168097
91.7		0.168097
91.8		0.168097
91.9		0.168097
92		0.168097
92.1		0.171925
92.2		0.171925
92.3		0.171925
92.4		0.171925
92.5		0.171925
92.6		0.171925
92.7		0.171925
92.8		0.171925
92.9		0.171925
93		0.171925
93.1		0.173083
93.2		0.173083
93.3		0.173083
93.4		0.173083
93.5		0.173083
93.6		0.173083
93.7		0.173083
93.8		0.173083
93.9		0.173083
94		0.173083
94.1		0.174155
94.2		0.174155
94.3		0.174155
94.4		0.174155
94.5		0.174155
94.6		0.174155
94.7		0.174155
94.8		0.174155
94.9		0.174155
95		0.174155
95.1		0.177824
95.2		0.177824
95.3		0.177824
95.4		0.177824
95.5		0.177824
95.6		0.177824
95.7		0.177824
95.8		0.177824
95.9		0.177824
96		0.177824
96.1		0.180358
96.2		0.180358
96.3		0.180358
96.4		0.180358
96.5		0.180358
96.6		0.180358
96.7		0.180358
96.8		0.180358
96.9		0.180358
97		0.180358
97.1		0.183485
97.2		0.183485
97.3		0.183485
97.4		0.183485
97.5		0.183485
97.6		0.183485
97.7		0.183485
97.8		0.183485
97.9		0.183485
98		0.183485
98.1		0.184189
98.2		0.184189
98.3		0.184189
98.4		0.184189
98.5		0.184189
98.6		0.184189
98.7		0.184189
98.8		0.184189
98.9		0.184189
99		0.184189
99.1		0.185121
99.2		0.185121
99.3		0.185121
99.4		0.185121
99.5		0.185121
99.6		0.185121
99.7		0.185121
99.8		0.185121
99.9		0.185121
100		0.185121
100.1		0.189084
100.2		0.189084
100.3		0.189084
100.4		0.189084
100.5		0.189084
100.6		0.189084
100.7		0.189084
100.8		0.189084
100.9		0.189084
101		0.189084
101.1		0.191473
101.2		0.191473
101.3		0.191473
101.4		0.191473
101.5		0.191473
101.6		0.191473
101.7		0.191473
101.8		0.191473
101.9		0.191473
102		0.191473
102.1		0.193344
102.2		0.193344
102.3		0.193344
102.4		0.193344
102.5		0.193344
102.6		0.193344
102.7		0.193344
102.8		0.193344
102.9		0.193344
103		0.193344
103.1		0.195392
103.2		0.195392
103.3		0.195392
103.4		0.195392
103.5		0.195392
103.6		0.195392
103.7		0.195392
103.8		0.195392
103.9		0.195392
104		0.195392
104.1		0.197519
104.2		0.197519
104.3		0.197519
104.4		0.197519
104.5		0.197519
104.6		0.197519
104.7		0.197519
104.8		0.197519
104.9		0.197519
105		0.197519
105.1		0.198295
105.2		0.198295
105.3		0.198295
105.4		0.198295
105.5		0.198295
105.6		0.198295
105.7		0.198295
105.8		0.198295
105.9		0.198295
106		0.198295
106.1		0.20207
106.2		0.20207
106.3		0.20207
106.4		0.20207
106.5		0.20207
106.6		0.20207
106.7		0.20207
106.8		0.20207
106.9		0.20207
107		0.20207
107.1		0.203671
107.2		0.203671
107.3		0.203671
107.4		0.203671
107.5		0.203671
107.6		0.203671
107.7		0.203671
107.8		0.203671
107.9		0.203671
108		0.203671
108.1		0.205692
108.2		0.205692
108.3		0.205692
108.4		0.205692
108.5		0.205692
108.6		0.205692
108.7		0.205692
108.8		0.205692
108.9		0.205692
109		0.205692
109.1		0.206996
109.2		0.206996
109.3		0.206996
109.4		0.206996
109.5		0.206996
109.6		0.206996
109.7		0.206996
109.8		0.206996
109.9		0.206996
110		0.206996
110.1		0.21038
110.2		0.21038
110.3		0.21038
110.4		0.21038
110.5		0.21038
110.6		0.21038
110.7		0.21038
110.8		0.21038
110.9		0.21038
111		0.21038
111.1		0.212935
111.2		0.212935
111.3		0.212935
111.4		0.212935
111.5		0.212935
111.6		0.212935
111.7		0.212935
111.8		0.212935
111.9		0.212935
112		0.212935
112.1		0.213176
112.2		0.213176
112.3		0.213176
112.4		0.213176
112.5		0.213176
112.6		0.213176
112.7		0.213176
112.8		0.213176
112.9		0.213176
113		0.213176
113.1		0.215112
113.2		0.215112
113.3		0.215112
113.4		0.215112
113.5		0.215112
113.6		0.215112
113.7		0.215112
113.8		0.215112
113.9		0.215112
114		0.215112
114.1		0.219388
114.2		0.219388
114.3		0.219388
114.4		0.219388
114.5		0.219388
114.6		0.219388
114.7		0.219388
114.8		0.219388
114.9		0.219388
115		0.219388
115.1		0.220088
115.2		0.220088
115.3		0.220088
115.4		0.220088
115.5		0.220088
115.6		0.220088
115.7		0.220088
115.8		0.220088
115.9		0.220088
116		0.220088
116.1		0.222096
116.2		0.222096
116.3		0.222096
116.4		0.222096
116.5		0.222096
116.6		0.222096
116.7		0.222096
116.8		0.222096
116.9		0.222096
117		0.222096
117.1		0.225643
117.2		0.225643
117.3		0.225643
117.4		0.225643
117.5		0.225643
117.6		0.225643
117.7		0.225643
117.8		0.225643
117.9		0.225643
118		0.225643
118.1		0.229065
118.2		0.229065
118.3		0.229065
118.4		0.229065
118.5		0.229065
118.6		0.229065
118.7		0.229065
118.8		0.229065
118.9		0.229065
119		0.229065
119.1		0.229525
119.2		0.229525
119.3		0.229525
119.4		0.229525
119.5		0.229525
119.6		0.229525
119.7		0.229525
119.8		0.229525
119.9		0.229525
120		0.229525
120.1		0.230341
120.2		0.230341
120.3		0.230341
120.4		0.230341
120.5		0.230341
120.6		0.230341
120.7		0.230341
120.8		0.230341
120.9		0.230341
121		0.230341
121.1		0.233559
121.2		0.233559
121.3		0.233559
121.4		0.233559
121.5		0.233559
121.6		0.233559
121.7		0.233559
121.8		0.233559
121.9		0.233559
122		0.233559
122.1		0.238348
122.2		0.238348
122.3		0.238348
122.4		0.238348
122.5		0.238348
122.6		0.238348
122.7		0.238348
122.8		0.238348
122.9		0.238348
123		0.238348
123.1		0.238776
123.2		0.238776
123.3		0.238776
123.4		0.238776
123.5		0.238776
123.6		0.238776
123.7		0.238776
123.8		0.238776
123.9		0.238776
124		0.238776
124.1		0.239095
124.2		0.239095
124.3		0.239095
124.4		0.239095
124.5		0.239095
124.6		0.239095
124.7		0.239095
124.8		0.239095
124.9		0.239095
125		0.239095
125.1		0.241773
125.2		0.241773
125.3		0.241773
125.4		0.241773
125.5		0.241773
125.6		0.241773
125.7		0.241773
125.8		0.241773
125.9		0.241773
126		0.241773
126.1		0.245842
126.2		0.245842
126.3		0.245842
126.4		0.245842
126.5		0.245842
126.6		0.245842
126.7		0.245842
126.8		0.245842
126.9		0.245842
127		0.245842
127.1		0.247168
127.2		0.247168
127.3		0.247168
127.4		0.247168
127.5		0.247168
127.6		0.247168
127.7		0.247168
127.8		0.247168
127.9		0.247168
128		0.247168
128.1		0.248966
128.2		0.248966
128.3		0.248966
128.4		0.248966
128.5		0.248966
128.6		0.248966
128.7		0.248966
128.8		0.248966
128.9		0.248966
129		0.248966
129.1		0.250077
129.2		0.250077
129.3		0.250077
129.4		0.250077
129.5		0.250077
129.6		0.250077
129.7		0.250077
129.8		0.250077
129.9		0.250077
130		0.250077
130.1		0.254324
130.2		0.254324
130.3		0.254324
130.4		0.254324
130.5		0.254324
130.6		0.254324
130.7		0.254324
130.8		0.254324
130.9		0.254324
131		0.254324
131.1		0.255081
131.2		0.255081
131.3		0.255081
131.4		0.255081
131.5		0.255081
131.6		0.255081
131.7		0.255081
131.8		0.255081
131.9		0.255081
132		0.255081
132.1		0.257408
132.2		0.257408
132.3		0.257408
132.4		0.257408
132.5		0.257408
132.6		0.257408
132.7		0.257408
132.8		0.257408
132.9		0.257408
133		0.257408
133.1		0.258897
133.2		0.258897
133.3		0.258897
133.4		0.258897
133.5		0.258897
133.6		0.258897
133.7		0.258897
133.8		0.258897
133.9		0.258897
134		0.258897
134.1		0.262512
134.2		0.262512
134.3		0.262512
134.4		0.262512
134.5		0.262512
134.6		0.262512
134.7		0.262512
134.8		0.262512
134.9		0.262512
135		0.262512
135.1		0.264107
135.2		0.264107
135.3		0.264107
135.4		0.264107
135.5		0.264107
135.6		0.264107
135.7		0.264107
135.8		0.264107
135.9		0.264107
136		0.264107
136.1		0.264342
136.2		0.264342
136.3		0.264342
136.4		0.264342
136.5		0.264342
136.6		0.264342
136.7		0.264342
136.8		0.264342
136.9		0.264342
137		0.264342
137.1		0.266519
137.2		0.266519
137.3		0.266519
137.4		0.266519
137.5		0.266519
137.6		0.266519
137.7		0.266519
137.8		0.266519
137.9		0.266519
138		0.266519
138.1		0.270119
138.2		0.270119
138.3		0.270119
138.4		0.270119
138.5		0.270119
138.6		0.270119
138.7		0.270119
138.8		0.270119
138.9		0.270119
139		0.270119
139.1		0.270926
139.2		0.270926
139.3		0.270926
139.4		0.270926
139.5		0.270926
139.6		0.270926
139.7		0.270926
139.8		0.270926
139.9		0.270926
140		0.270926
140.1		0.274391
140.2		0.274391
140.3		0.274391
140.4		0.274391
140.5		0.274391
140.6		0.274391
140.7		0.274391
140.8		0.274391
140.9		0.274391
141		0.274391
141.1		0.275598
141.2		0.275598
141.3		0.275598
141.4		0.275598
141.5		0.275598
141.6		0.275598
141.7		0.275598
141.8		0.275598
141.9		0.275598
142		0.275598
142.1		0.276615
142.2		0.276615
142.3		0.276615
142.4		0.276615
142.5		0.276615
142.6		0.276615
142.7		0.276615
142.8		0.276615
142.9		0.276615
143		0.276615
143.1		0.281719
143.2		0.281719
143.3		0.281719
143.4		0.281719
143.5		0.281719
143.6		0.281719
143.7		0.281719
143.8		0.281719
143.9		0.281719
144		0.281719
144.1		0.282392
144.2		0.282392
144.3		0.282392
144.4		0.282392
144.5		0.282392
144.6		0.282392
144.7		0.282392
144.8		0.282392
144.9		0.282392
145		0.282392
145.1		0.284459
145.2		0.284459
145.3		0.284459
145.4		0.284459
145.5		0.284459
145.6		0.284459
145.7		0.284459
145.8		0.284459
145.9		0.284459
146		0.284459
146.1		0.284847
146.2		0.284847
146.3		0.284847
146.4		0.284847
146.5		0.284847
146.6		0.284847
146.7		0.284847
146.8		0.284847
146.9		0.284847
147		0.284847
147.1		0.287912
147.2		0.287912
147.3		0.287912
147.4		0.287912
147.5		0.287912
147.6		0.287912
147.7		0.287912
147.8		0.287912
147.9		0.287912
148		0.287912
148.1		0.291603
148.2		0.291603
148.3		0.291603
148.4		0.291603
148.5		0.291603
148.6		0.291603
148.7		0.291603
148.8		0.291603
148.9		0.291603
149		0.291603
149.1		0.293874
149.2		0.293874
149.3		0.293874
149.4		0.293874
149.5		0.293874
149.6		0.293874
149.7		0.293874
149.8		0.293874
149.9		0.293874
150		0.293874
150.1		0.294568
150.2		0.294568
150.3		0.294568
150.4		0.294568
150.5		0.294568
150.6		0.294568
150.7		0.294568
150.8		0.294568
150.9		0.294568
151		0.294568
151.1		0.295028
151.2		0.295028
151.3		0.295028
151.4		0.295028
151.5		0.295028
151.6		0.295028
151.7		0.295028
151.8		0.295028
151.9		0.295028
152		0.295028
152.1		0.300094
152.2		0.300094
152.3		0.300094
152.4		0.300094
152.5		0.300094
152.6		0.300094
152.7		0.300094
152.8		0.300094
152.9		0.300094
153		0.300094
153.1		0.301458
153.2		0.301458
153.3		0.301458
153.4		0.301458
153.5		0.301458
153.6		0.301458
153.7		0.301458
153.8		0.301458
153.9		0.301458
154		0.301458
154.1		0.304117
154.2		0.304117
154.3		0.304117
154.4		0.304117
154.5		0.304117
154.6		0.304117
154.7		0.304117
154.8		0.304117
154.9		0.304117
155		0.304117
155.1		0.304317
155.2		0.304317
155.3		0.304317
155.4		0.304317
155.5		0.304317
155.6		0.304317
155.7		0.304317
155.8		0.304317
155.9		0.304317
156		0.304317
156.1		0.30939
156.2		0.30939
156.3		0.30939
156.4		0.30939
156.5		0.30939
156.6		0.30939
156.7		0.30939
156.8		0.30939
156.9		0.30939
157		0.30939
157.1		0.311526
157.2		0.311526
157.3		0.311526
157.4		0.311526
157.5		0.311526
157.6		0.311526
157.7		0.311526
157.8		0.311526
157.9		0.311526
158		0.311526
158.1		0.311989
158.2		0.311989
158.3		0.311989
158.4		0.311989
158.5		0.311989
158.6		0.311989
158.7		0.311989
158.8		0.311989
158.9		0.311989
159		0.311989
159.1		0.312355
159.2		0.312355
159.3		0.312355
159.4		0.312355
159.5		0.312355
159.6		0.312355
159.7		0.312355
159.8		0.312355
159.9		0.312355
160		0.312355
160.1		0.320212
160.2		0.320212
160.3		0.320212
160.4		0.320212
160.5		0.320212
160.6		0.320212
160.7		0.320212
160.8		0.320212
160.9		0.320212
161		0.320212
161.1		0.321328
161.2		0.321328
161.3		0.321328
161.4		0.321328
161.5		0.321328
161.6		0.321328
161.7		0.321328
161.8		0.321328
161.9		0.321328
162		0.321328
162.1		0.321513
162.2		0.321513
162.3		0.321513
162.4		0.321513
162.5		0.321513
162.6		0.321513
162.7		0.321513
162.8		0.321513
162.9		0.321513
163		0.321513
163.1		0.322004
163.2		0.322004
163.3		0.322004
163.4		0.322004
163.5		0.322004
163.6		0.322004
163.7		0.322004
163.8		0.322004
163.9		0.322004
164		0.322004
164.1		0.326883
164.2		0.326883
164.3		0.326883
164.4		0.326883
164.5		0.326883
164.6		0.326883
164.7		0.326883
164.8		0.326883
164.9		0.326883
165		0.326883
165.1		0.330198
165.2		0.330198
165.3		0.330198
165.4		0.330198
165.5		0.330198
165.6		0.330198
165.7		0.330198
165.8		0.330198
165.9		0.330198
166		0.330198
166.1		0.332406
166.2		0.332406
166.3		0.332406
166.4		0.332406
166.5		0.332406
166.6		0.332406
166.7		0.332406
166.8		0.332406
166.9		0.332406
167		0.332406
167.1		0.332607
167.2		0.332607
167.3		0.332607
167.4		0.332607
167.5		0.332607
167.6		0.332607
167.7		0.332607
167.8		0.332607
167.9		0.332607
168		0.332607
168.1		0.336385
168.2		0.336385
168.3		0.336385
168.4		0.336385
168.5		0.336385
168.6		0.336385
168.7		0.336385
168.8		0.336385
168.9		0.336385
169		0.336385
169.1		0.336541
169.2		0.336541
169.3		0.336541
169.4		0.336541
169.5		0.336541
169.6		0.336541
169.7		0.336541
169.8		0.336541
169.9		0.336541
170		0.336541
170.1		0.336735
170.2		0.336735
170.3		0.336735
170.4		0.336735
170.5		0.336735
170.6		0.336735
170.7		0.336735
170.8		0.336735
170.9		0.336735
171		0.336735
171.1		0.340879
171.2		0.340879
171.3		0.340879
171.4		0.340879
171.5		0.340879
171.6		0.340879
171.7		0.340879
171.8		0.340879
171.9		0.340879
172		0.340879
172.1		0.343619
172.2		0.343619
172.3		0.343619
172.4		0.343619
172.5		0.343619
172.6		0.343619
172.7		0.343619
172.8		0.343619
172.9		0.343619
173		0.343619
173.1		0.346994
173.2		0.346994
173.3		0.346994
173.4		0.346994
173.5		0.346994
173.6		0.346994
173.7		0.346994
173.8		0.346994
173.9		0.346994
174		0.346994
174.1		0.347369
174.2		0.347369
174.3		0.347369
174.4		0.347369
174.5		0.347369
174.6		0.347369
174.7		0.347369
174.8		0.347369
174.9		0.347369
175		0.347369
175.1		0.348783
175.2		0.348783
175.3		0.348783
175.4		0.348783
175.5		0.348783
175.6		0.348783
175.7		0.348783
175.8		0.348783
175.9		0.348783
176		0.348783
176.1		0.350334
176.2		0.350334
176.3		0.350334
176.4		0.350334
176.5		0.350334
176.6		0.350334
176.7		0.350334
176.8		0.350334
176.9		0.350334
177		0.350334
177.1		0.353299
177.2		0.353299
177.3		0.353299
177.4		0.353299
177.5		0.353299
177.6		0.353299
177.7		0.353299
177.8		0.353299
177.9		0.353299
178		0.353299
178.1		0.354532
178.2		0.354532
178.3		0.354532
178.4		0.354532
178.5		0.354532
178.6		0.354532
178.7		0.354532
178.8		0.354532
178.9		0.354532
179		0.354532
179.1		0.359054
179.2		0.359054
179.3		0.359054
179.4		0.359054
179.5		0.359054
179.6		0.359054
179.7		0.359054
179.8		0.359054
179.9		0.359054
180		0.359054
180.1		0.359833
180.2		0.359833
180.3		0.359833
180.4		0.359833
180.5		0.359833
180.6		0.359833
180.7		0.359833
180.8		0.359833
180.9		0.359833
181		0.359833
181.1		0.360074
181.2		0.360074
181.3		0.360074
181.4		0.360074
181.5		0.360074
181.6		0.360074
181.7		0.360074
181.8		0.360074
181.9		0.360074
182		0.360074
182.1		0.363618
182.2		0.363618
182.3		0.363618
182.4		0.363618
182.5		0.363618
182.6		0.363618
182.7		0.363618
182.8		0.363618
182.9		0.363618
183		0.363618
183.1		0.367246
183.2		0.367246
183.3		0.367246
183.4		0.367246
183.5		0.367246
183.6		0.367246
183.7		0.367246
183.8		0.367246
183.9		0.367246
184		0.367246
184.1		0.368187
184.2		0.368187
184.3		0.368187
184.4		0.368187
184.5		0.368187
184.6		0.368187
184.7		0.368187
184.8		0.368187
184.9		0.368187
185		0.368187
185.1		0.370808
185.2		0.370808
185.3		0.370808
185.4		0.370808
185.5		0.370808
185.6		0.370808
185.7		0.370808
185.8		0.370808
185.9		0.370808
186		0.370808
186.1		0.375018
186.2		0.375018
186.3		0.375018
186.4		0.375018
186.5		0.375018
186.6		0.375018
186.7		0.375018
186.8		0.375018
186.9		0.375018
187		0.375018
187.1		0.375672
187.2		0.375672
187.3		0.375672
187.4		0.375672
187.5		0.375672
187.6		0.375672
187.7		0.375672
187.8		0.375672
187.9		0.375672
188		0.375672
188.1		0.377345
188.2		0.377345
188.3		0.377345
188.4		0.377345
188.5		0.377345
188.6		0.377345
188.7		0.377345
188.8		0.377345
188.9		0.377345
189		0.377345
189.1		0.377498
189.2		0.377498
189.3		0.377498
189.4		0.377498
189.5		0.377498
189.6		0.377498
189.7		0.377498
189.8		0.377498
189.9		0.377498
190		0.377498
190.1		0.382793
190.2		0.382793
190.3		0.382793
190.4		0.382793
190.5		0.382793
190.6		0.382793
190.7		0.382793
190.8		0.382793
190.9		0.382793
191		0.382793
191.1		0.383478
191.2		0.383478
191.3		0.383478
191.4		0.383478
191.5		0.383478
191.6		0.383478
191.7		0.383478
191.8		0.383478
191.9		0.383478
192		0.383478
192.1		0.384898
192.2		0.384898
192.3		0.384898
192.4		0.384898
192.5		0.384898
192.6		0.384898
192.7		0.384898
192.8		0.384898
192.9		0.384898
193		0.384898
193.1		0.385199
193.2		0.385199
193.3		0.385199
193.4		0.385199
193.5		0.385199
193.6		0.385199
193.7		0.385199
193.8		0.385199
193.9		0.385199
194		0.385199
194.1		0.388192
194.2		0.388192
194.3		0.388192
194.4		0.388192
194.5		0.388192
194.6		0.388192
194.7		0.388192
194.8		0.388192
194.9		0.388192
195		0.388192
195.1		0.392017
195.2		0.392017
195.3		0.392017
195.4		0.392017
195.5		0.392017
195.6		0.392017
195.7		0.392017
195.8		0.392017
195.9		0.392017
196		0.392017
196.1		0.393731
196.2		0.393731
196.3		0.393731
196.4		0.393731
196.5		0.393731
196.6		0.393731
196.7		0.393731
196.8		0.393731
196.9		0.393731
197		0.393731
197.1		0.394863
197.2		0.394863
197.3		0.394863
197.4		0.394863
197.5		0.394863
197.6		0.394863
197.7		0.394863
197.8		0.394863
197.9		0.394863
198		0.394863
198.1		0.398476
198.2		0.398476
198.3		0.398476
198.4		0.398476
198.5		0.398476
198.6		0.398476
198.7		0.398476
198.8		0.398476
198.9		0.398476
199		0.398476
199.1		0.399911
199.2		0.399911
199.3		0.399911
199.4		0.399911
199.5		0.399911
199.6		0.399911
199.7		0.399911
199.8		0.399911
199.9		0.399911
200		0.399911
200.1		0.402294
200.2		0.402294
200.3		0.402294
200.4		0.402294
200.5		0.402294
200.6		0.402294
200.7		0.402294
200.8		0.402294
200.9		0.402294
201		0.402294
201.1		0.405569
201.2		0.405569
201.3		0.405569
201.4		0.405569
201.5		0.405569
201.6		0.405569
201.7		0.405569
201.8		0.405569
201.9		0.405569
202		0.405569
202.1		0.407149
202.2		0.407149
202.3		0.407149
202.4		0.407149
202.5		0.407149
202.6		0.407149
202.7		0.407149
202.8		0.407149
202.9		0.407149
203		0.407149
203.1		0.4083
203.2		0.4083
203.3		0.4083
203.4		0.4083
203.5		0.4083
203.6		0.4083
203.7		0.4083
203.8		0.4083
203.9		0.4083
204		0.4083
204.1		0.411599
204.2		0.411599
204.3		0.411599
204.4		0.411599
204.5		0.411599
204.6		0.411599
204.7		0.411599
204.8		0.411599
204.9		0.411599
205		0.411599
205.1		0.416885
205.2		0.416885
205.3		0.416885
205.4		0.416885
205.5		0.416885
205.6		0.416885
205.7		0.416885
205.8		0.416885
205.9		0.416885
206		0.416885
206.1		0.417207
206.2		0.417207
206.3		0.417207
206.4		0.417207
206.5		0.417207
206.6		0.417207
206.7		0.417207
206.8		0.417207
206.9		0.417207
207		0.417207
207.1		0.420088
207.2		0.420088
207.3		0.420088
207.4		0.420088
207.5		0.420088
207.6		0.420088
207.7		0.420088
207.8		0.420088
207.9		0.420088
208		0.420088
208.1		0.421649
208.2		0.421649
208.3		0.421649
208.4		0.421649
208.5		0.421649
208.6		0.421649
208.7		0.421649
208.8		0.421649
208.9		0.421649
209		0.421649
209.1		0.423034
209.2		0.423034
209.3		0.423034
209.4		0.423034
209.5		0.423034
209.6		0.423034
209.7		0.423034
209.8		0.423034
209.9		0.423034
210		0.423034
210.1		0.424911
210.2		0.424911
210.3		0.424911
210.4		0.424911
210.5		0.424911
210.6		0.424911
210.7		0.424911
210.8		0.424911
210.9		0.424911
211		0.424911
211.1		0.428708
211.2		0.428708
211.3		0.428708
211.4		0.428708
211.5		0.428708
211.6		0.428708
211.7		0.428708
211.8		0.428708
211.9		0.428708
212		0.428708
212.1		0.431116
212.2		0.431116
212.3		0.431116
212.4		0.431116
212.5		0.431116
212.6		0.431116
212.7		0.431116
212.8		0.431116
212.9		0.431116
213		0.431116
213.1		0.433668
213.2		0.433668
213.3		0.433668
213.4		0.433668
213.5		0.433668
213.6		0.433668
213.7		0.433668
213.8		0.433668
213.9		0.433668
214		0.433668
214.1		0.434147
214.2		0.434147
214.3		0.434147
214.4		0.434147
214.5		0.434147
214.6		0.434147
214.7		0.434147
214.8		0.434147
214.9		0.434147
215		0.434147
215.1		0.436371
215.2		0.436371
215.3		0.436371
215.4		0.436371
215.5		0.436371
215.6		0.436371
215.7		0.436371
215.8		0.436371
215.9		0.436371
216		0.436371
216.1		0.439551
216.2		0.439551
216.3		0.439551
216.4		0.439551
216.5		0.439551
216.6		0.439551
216.7		0.439551
216.8		0.439551
216.9		0.439551
217		0.439551
217.1		0.442792
217.2		0.442792
217.3		0.442792
217.4		0.442792
217.5		0.442792
217.6		0.442792
217.7		0.442792
217.8		0.442792
217.9		0.442792
218		0.442792
218.1		0.443067
218.2		0.443067
218.3		0.443067
218.4		0.443067
218.5		0.443067
218.6		0.443067
218.7		0.443067
218.8		0.443067
218.9		0.443067
219		0.443067
219.1		0.444115
219.2		0.444115
219.3		0.444115
219.4		0.444115
219.5		0.444115
219.6		0.444115
219.7		0.444115
219.8		0.444115
219.9		0.444115
220		0.444115
220.1		0.448694
220.2		0.448694
220.3		0.448694
220.4		0.448694
220.5		0.448694
220.6		0.448694
220.7		0.448694
220.8		0.448694
220.9		0.448694
221		0.448694
221.1		0.450264
221.2		0.450264
221.3		0.450264
221.4		0.450264
221.5		0.450264
221.6		0.450264
221.7		0.450264
221.8		0.450264
221.9		0.450264
222		0.450264
222.1		0.451396
222.2		0.451396
222.3		0.451396
222.4		0.451396
222.5		0.451396
222.6		0.451396
222.7		0.451396
222.8		0.451396
222.9		0.451396
223		0.451396
223.1		0.454092
223.2		0.454092
223.3		0.454092
223.4		0.454092
223.5		0.454092
223.6		0.454092
223.7		0.454092
223.8		0.454092
223.9		0.454092
224		0.454092
224.1		0.457066
224.2		0.457066
224.3		0.457066
224.4		0.457066
224.5		0.457066
224.6		0.457066
224.7		0.457066
224.8		0.457066
224.9		0.457066
225		0.457066
225.1		0.459675
225.2		0.459675
225.3		0.459675
225.4		0.459675
225.5		0.459675
225.6		0.459675
225.7		0.459675
225.8		0.459675
225.9		0.459675
226		0.459675
226.1		0.46122
226.2		0.46122
226.3		0.46122
226.4		0.46122
226.5		0.46122
226.6		0.46122
226.7		0.46122
226.8		0.46122
226.9		0.46122
227		0.46122
227.1		0.461514
227.2		0.461514
227.3		0.461514
227.4		0.461514
227.5		0.461514
227.6		0.461514
227.7		0.461514
227.8		0.461514
227.9		0.461514
228		0.461514
228.1		0.465946
228.2		0.465946
228.3		0.465946
228.4		0.465946
228.5		0.465946
228.6		0.465946
228.7		0.465946
228.8		0.465946
228.9		0.465946
229		0.465946
229.1		0.467657
229.2		0.467657
229.3		0.467657
229.4		0.467657
229.5		0.467657
229.6		0.467657
229.7		0.467657
229.8		0.467657
229.9		0.467657
230		0.467657
230.1		0.469677
230.2		0.469677
230.3		0.469677
230.4		0.469677
230.5		0.469677
230.6		0.469677
230.7		0.469677
230.8		0.469677
230.9		0.469677
231		0.469677
231.1		0.470124
231.2		0.470124
231.3		0.470124
231.4		0.470124
231.5		0.470124
231.6		0.470124
231.7		0.470124
231.8		0.470124
231.9		0.470124
232		0.470124
232.1		0.475485
232.2		0.475485
232.3		0.475485
232.4		0.475485
232.5		0.475485
232.6		0.475485
232.7		0.475485
232.8		0.475485
232.9		0.475485
233		0.475485
233.1		0.476314
233.2		0.476314
233.3		0.476314
233.4		0.476314
233.5		0.476314
233.6		0.476314
233.7		0.476314
233.8		0.476314
233.9		0.476314
234		0.476314
234.1		0.477634
234.2		0.477634
234.3		0.477634
234.4		0.477634
234.5		0.477634
234.6		0.477634
234.7		0.477634
234.8		0.477634
234.9		0.477634
235		0.477634
235.1		0.481024
235.2		0.481024
235.3		0.481024
235.4		0.481024
235.5		0.481024
235.6		0.481024
235.7		0.481024
235.8		0.481024
235.9		0.481024
236		0.481024
236.1		0.485178
236.2		0.485178
236.3		0.485178
236.4		0.485178
236.5		0.485178
236.6		0.485178
236.7		0.485178
236.8		0.485178
236.9		0.485178
237		0.485178
237.1		0.485334
237.2		0.485334
237.3		0.485334
237.4		0.485334
237.5		0.485334
237.6		0.485334
237.7		0.485334
237.8		0.485334
237.9		0.485334
238		0.485334
238.1		0.486426
238.2		0.486426
238.3		0.486426
238.4		0.486426
238.5		0.486426
238.6		0.486426
238.7		0.486426
238.8		0.486426
238.9		0.486426
239		0.486426
239.1		0.490595
239.2		0.490595
239.3		0.490595
239.4		0.490595
239.5		0.490595
239.6		0.490595
239.7		0.490595
239.8		0.490595
239.9		0.490595
240		0.490595
240.1		0.492478
240.2		0.492478
240.3		0.492478
240.4		0.492478
240.5		0.492478
240.6		0.492478
240.7		0.492478
240.8		0.492478
240.9		0.492478
241		0.492478
241.1		0.494411
241.2		0.494411
241.3		0.494411
241.4		0.494411
241.5		0.494411
241.6		0.494411
241.7		0.494411
241.8		0.494411
241.9		0.494411
242		0.494411
242.1		0.496951
242.2		0.496951
242.3		0.496951
242.4		0.496951
242.5		0.496951
242.6		0.496951
242.7		0.496951
242.8		0.496951
242.9		0.496951
243		0.496951
243.1		0.497648
243.2		0.497648
243.3		0.497648
243.4		0.497648
243.5		0.497648
243.6		0.497648
243.7		0.497648
243.8		0.497648
243.9		0.497648
244		0.497648
244.1		0.49893
244.2		0.49893
244.3		0.49893
244.4		0.49893
244.5		0.49893
244.6		0.49893
244.7		0.49893
244.8		0.49893
244.9		0.49893
245		0.49893
245.1		0.503209
245.2		0.503209
245.3		0.503209
245.4		0.503209
245.5		0.503209
245.6		0.503209
245.7		0.503209
245.8		0.503209
245.9		0.503209
246		0.503209
246.1		0.505064
246.2		0.505064
246.3		0.505064
246.4		0.505064
246.5		0.505064
246.6		0.505064
246.7		0.505064
246.8		0.505064
246.9		0.505064
247		0.505064
247.1		0.506396
247.2		0.506396
247.3		0.506396
247.4		0.506396
247.5		0.506396
247.6		0.506396
247.7		0.506396
247.8		0.506396
247.9		0.506396
248		0.506396
248.1		0.50821
248.2		0.50821
248.3		0.50821
248.4		0.50821
248.5		0.50821
248.6		0.50821
248.7		0.50821
248.8		0.50821
248.9		0.50821
249		0.50821
249.1		0.509905
249.2		0.509905
249.3		0.509905
249.4		0.509905
249.5		0.509905
249.6		0.509905
249.7		0.509905
249.8		0.509905
249.9		0.509905
250		0.509905
250.1		0.51633
250.2		0.51633
250.3		0.51633
250.4		0.51633
250.5		0.51633
250.6		0.51633
250.7		0.51633
250.8		0.51633
250.9		0.51633
251		0.51633
251.1		0.51723
251.2		0.51723
251.3		0.51723
251.4		0.51723
251.5		0.51723
251.6		0.51723
251.7		0.51723
251.8		0.51723
251.9		0.51723
252		0.51723
252.1		0.518078
252.2		0.518078
252.3		0.518078
252.4		0.518078
252.5		0.518078
252.6		0.518078
252.7		0.518078
252.8		0.518078
252.9		0.518078
253		0.518078
253.1		0.518516
253.2		0.518516
253.3		0.518516
253.4		0.518516
253.5		0.518516
253.6		0.518516
253.7		0.518516
253.8		0.518516
253.9		0.518516
254		0.518516
254.1		0.523013
254.2		0.523013
254.3		0.523013
254.4		0.523013
254.5		0.523013
254.6		0.523013
254.7		0.523013
254.8		0.523013
254.9		0.523013
255		0.523013
255.1		0.525281
255.2		0.525281
255.3		0.525281
255.4		0.525281
255.5		0.525281
255.6		0.525281
255.7		0.525281
255.8		0.525281
255.9		0.525281
256		0.525281
256.1		0.528484
256.2		0.528484
256.3		0.528484
256.4		0.528484
256.5		0.528484
256.6		0.528484
256.7		0.528484
256.8		0.528484
256.9		0.528484
257		0.528484
257.1		0.529597
257.2		0.529597
257.3		0.529597
257.4		0.529597
257.5		0.529597
257.6		0.529597
257.7		0.529597
257.8		0.529597
257.9		0.529597
258		0.529597
258.1		0.530833
258.2		0.530833
258.3		0.530833
258.4		0.530833
258.5		0.530833
258.6		0.530833
258.7		0.530833
258.8		0.530833
258.9		0.530833
259		0.530833
259.1		0.532897
259.2		0.532897
259.3		0.532897
259.4		0.532897
259.5		0.532897
259.6		0.532897
259.7		0.532897
259.8		0.532897
259.9		0.532897
260		0.532897
260.1		0.534845
260.2		0.534845
260.3		0.534845
260.4		0.534845
260.5		0.534845
260.6		0.534845
260.7		0.534845
260.8		0.534845
260.9		0.534845
261		0.534845
261.1		0.537176
261.2		0.537176
261.3		0.537176
261.4		0.537176
261.5		0.537176
261.6		0.537176
261.7		0.537176
261.8		0.537176
261.9		0.537176
262		0.537176
262.1		0.539143
262.2		0.539143
262.3		0.539143
262.4		0.539143
262.5		0.539143
262.6		0.539143
262.7		0.539143
262.8		0.539143
262.9		0.539143
263		0.539143
263.1		0.540607
263.2		0.540607
263.3		0.540607
263.4		0.540607
263.5		0.540607
263.6		0.540607
263.7		0.540607
263.8		0.540607
263.9		0.540607
264		0.540607
264.1		0.543049
264.2		0.543049
264.3		0.543049
264.4		0.543049
264.5		0.543049
264.6		0.543049
264.7		0.543049
264.8		0.543049
264.9		0.543049
265		0.543049
265.1		0.545107
265.2		0.545107
265.3		0.545107
265.4		0.545107
265.5		0.545107
265.6		0.545107
265.7		0.545107
265.8		0.545107
265.9		0.545107
266		0.545107
266.1		0.54644
266.2		0.54644
266.3		0.54644
266.4		0.54644
266.5		0.54644
266.6		0.54644
266.7		0.54644
266.8		0.54644
266.9		0.54644
267		0.54644
267.1		0.550256
267.2		0.550256
267.3		0.550256
267.4		0.550256
267.5		0.550256
267.6		0.550256
267.7		0.550256
267.8		0.550256
267.9		0.550256
268		0.550256
268.1		0.553167
268.2		0.553167
268.3		0.553167
268.4		0.553167
268.5		0.553167
268.6		0.553167
268.7		0.553167
268.8		0.553167
268.9		0.553167
269		0.553167
269.1		0.555504
269.2		0.555504
269.3		0.555504
269.4		0.555504
269.5		0.555504
269.6		0.555504
269.7		0.555504
269.8		0.555504
269.9		0.555504
270		0.555504
270.1		0.556204
270.2		0.556204
270.3		0.556204
270.4		0.556204
270.5		0.556204
270.6		0.556204
270.7		0.556204
270.8		0.556204
270.9		0.556204
271		0.556204
271.1		0.557424
271.2		0.557424
271.3		0.557424
271.4		0.557424
271.5		0.557424
271.6		0.557424
271.7		0.557424
271.8		0.557424
271.9		0.557424
272		0.557424
272.1		0.561453
272.2		0.561453
272.3		0.561453
272.4		0.561453
272.5		0.561453
272.6		0.561453
272.7		0.561453
272.8		0.561453
272.9		0.561453
273		0.561453
273.1		0.562669
273.2		0.562669
273.3		0.562669
273.4		0.562669
273.5		0.562669
273.6		0.562669
273.7		0.562669
273.8		0.562669
273.9		0.562669
274		0.562669
274.1		0.563933
274.2		0.563933
274.3		0.563933
274.4		0.563933
274.5		0.563933
274.6		0.563933
274.7		0.563933
274.8		0.563933
274.9		0.563933
275		0.563933
275.1		0.568975
275.2		0.568975
275.3		0.568975
275.4		0.568975
275.5		0.568975
275.6		0.568975
275.7		0.568975
275.8		0.568975
275.9		0.568975
276		0.568975
276.1		0.571439
276.2		0.571439
276.3		0.571439
276.4		0.571439
276.5		0.571439
276.6		0.571439
276.7		0.571439
276.8		0.571439
276.9		0.571439
277		0.571439
277.1		0.571971
277.2		0.571971
277.3		0.571971
277.4		0.571971
277.5		0.571971
277.6		0.571971
277.7		0.571971
277.8		0.571971
277.9		0.571971
278		0.571971
278.1		0.573819
278.2		0.573819
278.3		0.573819
278.4		0.573819
278.5		0.573819
278.6		0.573819
278.7		0.573819
278.8		0.573819
278.9		0.573819
279		0.573819
279.1		0.574248
279.2		0.574248
279.3		0.574248
279.4		0.574248
279.5		0.574248
279.6		0.574248
279.7		0.574248
279.8		0.574248
279.9		0.574248
280		0.574248
280.1		0.578414
280.2		0.578414
280.3		0.578414
280.4		0.578414
280.5		0.578414
280.6		0.578414
280.7		0.578414
280.8		0.578414
280.9		0.578414
281		0.578414
281.1		0.581226
281.2		0.581226
281.3		0.581226
281.4		0.581226
281.5		0.581226
281.6		0.581226
281.7		0.581226
281.8		0.581226
281.9		0.581226
282		0.581226
282.1		0.582471
282.2		0.582471
282.3		0.582471
282.4		0.582471
282.5		0.582471
282.6		0.582471
282.7		0.582471
282.8		0.582471
282.9		0.582471
283		0.582471
283.1		0.582865
283.2		0.582865
283.3		0.582865
283.4		0.582865
283.5		0.582865
283.6		0.582865
283.7		0.582865
283.8		0.582865
283.9		0.582865
284		0.582865
284.1		0.587628
284.2		0.587628
284.3		0.587628
284.4		0.587628
284.5		0.587628
284.6		0.587628
284.7		0.587628
284.8		0.587628
284.9		0.587628
285		0.587628
285.1		0.589924
285.2		0.589924
285.3		0.589924
285.4		0.589924
285.5		0.589924
285.6		0.589924
285.7		0.589924
285.8		0.589924
285.9		0.589924
286		0.589924
286.1		0.590143
286.2		0.590143
286.3		0.590143
286.4		0.590143
286.5		0.590143
286.6		0.590143
286.7		0.590143
286.8		0.590143
286.9		0.590143
287		0.590143
287.1		0.596398
287.2		0.596398
287.3		0.596398
287.4		0.596398
287.5		0.596398
287.6		0.596398
287.7		0.596398
287.8		0.596398
287.9		0.596398
288		0.596398
288.1		0.600036
288.2		0.600036
288.3		0.600036
288.4		0.600036
288.5		0.600036
288.6		0.600036
288.7		0.600036
288.8		0.600036
288.9		0.600036
289		0.600036
289.1		0.600655
289.2		0.600655
289.3		0.600655
289.4		0.600655
289.5		0.600655
289.6		0.600655
289.7		0.600655
289.8		0.600655
289.9		0.600655
290		0.600655
290.1		0.601424
290.2		0.601424
290.3		0.601424
290.4		0.601424
290.5		0.601424
290.6		0.601424
290.7		0.601424
290.8		0.601424
290.9		0.601424
291		0.601424
291.1		0.60686
291.2		0.60686
291.3		0.60686
291.4		0.60686
291.5		0.60686
291.6		0.60686
291.7		0.60686
291.8		0.60686
291.9		0.60686
292		0.60686
292.1		0.607085
292.2		0.607085
292.3		0.607085
292.4		0.607085
292.5		0.607085
292.6		0.607085
292.7		0.607085
292.8		0.607085
292.9		0.607085
293		0.607085
293.1		0.608656
293.2		0.608656
293.3		0.608656
293.4		0.608656
293.5		0.608656
293.6		0.608656
293.7		0.608656
293.8		0.608656
293.9		0.608656
294		0.608656
294.1		0.608656
294.2		0.608656
294.3		0.608656
294.4		0.608656
294.5		0.608656
294.6		0.608656
294.7		0.608656
294.8		0.608656
294.9		0.608656
295		0.608656
295.1		0.608656
295.2		0.608656
295.3		0.608656
295.4		0.608656
295.5		0.608656
295.6		0.608656
295.7		0.608656
295.8		0.608656
295.9		0.608656
296		0.608656
296.1		0.612212
296.2		0.612212
296.3		0.612212
296.4		0.612212
296.5		0.612212
296.6		0.612212
296.7		0.612212
296.8		0.612212
296.9		0.612212
297		0.612212
297.1		0.614276
297.2		0.614276
297.3		0.614276
297.4		0.614276
297.5		0.614276
297.6		0.614276
297.7		0.614276
297.8		0.614276
297.9		0.614276
298		0.614276
298.1		0.61655
298.2		0.61655
298.3		0.61655
298.4		0.61655
298.5		0.61655
298.6		0.61655
298.7		0.61655
298.8		0.61655
298.9		0.61655
299		0.61655
299.1		0.617566
299.2		0.617566
299.3		0.617566
299.4		0.617566
299.5		0.617566
299.6		0.617566
299.7		0.617566
299.8		0.617566
299.9		0.617566
300		0.617566
300.1		0.617879
300.2		0.617879
300.3		0.617879
300.4		0.617879
300.5		0.617879
300.6		0.617879
300.7		0.617879
300.8		0.617879
300.9		0.617879
301		0.617879
301.1		0.619884
301.2		0.619884
301.3		0.619884
301.4		0.619884
301.5		0.619884
301.6		0.619884
301.7		0.619884
301.8		0.619884
301.9		0.619884
302		0.619884
302.1		0.624094
302.2		0.624094
302.3		0.624094
302.4		0.624094
302.5		0.624094
302.6		0.624094
302.7		0.624094
302.8		0.624094
302.9		0.624094
303		0.624094
303.1		0.626064
303.2		0.626064
303.3		0.626064
303.4		0.626064
303.5		0.626064
303.6		0.626064
303.7		0.626064
303.8		0.626064
303.9		0.626064
304		0.626064
304.1		0.626777
304.2		0.626777
304.3		0.626777
304.4		0.626777
304.5		0.626777
304.6		0.626777
304.7		0.626777
304.8		0.626777
304.9		0.626777
305		0.626777
305.1		0.628038
305.2		0.628038
305.3		0.628038
305.4		0.628038
305.5		0.628038
305.6		0.628038
305.7		0.628038
305.8		0.628038
305.9		0.628038
306		0.628038
306.1		0.631347
306.2		0.631347
306.3		0.631347
306.4		0.631347
306.5		0.631347
306.6		0.631347
306.7		0.631347
306.8		0.631347
306.9		0.631347
307		0.631347
307.1		0.635382
307.2		0.635382
307.3		0.635382
307.4		0.635382
307.5		0.635382
307.6		0.635382
307.7		0.635382
307.8		0.635382
307.9		0.635382
308		0.635382
308.1		0.636558
308.2		0.636558
308.3		0.636558
308.4		0.636558
308.5		0.636558
308.6		0.636558
308.7		0.636558
308.8		0.636558
308.9		0.636558
309		0.636558
309.1		0.639504
309.2		0.639504
309.3		0.639504
309.4		0.639504
309.5		0.639504
309.6		0.639504
309.7		0.639504
309.8		0.639504
309.9		0.639504
310		0.639504
310.1		0.63972
310.2		0.63972
310.3		0.63972
310.4		0.63972
310.5		0.63972
310.6		0.63972
310.7		0.63972
310.8		0.63972
310.9		0.63972
311		0.63972
311.1		0.641537
311.2		0.641537
311.3		0.641537
311.4		0.641537
311.5		0.641537
311.6		0.641537
311.7		0.641537
311.8		0.641537
311.9		0.641537
312		0.641537
312.1		0.643185
312.2		0.643185
312.3		0.643185
312.4		0.643185
312.5		0.643185
312.6		0.643185
312.7		0.643185
312.8		0.643185
312.9		0.643185
313		0.643185
313.1		0.647886
313.2		0.647886
313.3		0.647886
313.4		0.647886
313.5		0.647886
313.6		0.647886
313.7		0.647886
313.8		0.647886
313.9		0.647886
314		0.647886
314.1		0.64813
314.2		0.64813
314.3		0.64813
314.4		0.64813
314.5		0.64813
314.6		0.64813
314.7		0.64813
314.8		0.64813
314.9		0.64813
315		0.64813
315.1		0.648993
315.2		0.648993
315.3		0.648993
315.4		0.648993
315.5		0.648993
315.6		0.648993
315.7		0.648993
315.8		0.648993
315.9		0.648993
316		0.648993
316.1		0.653835
316.2		0.653835
316.3		0.653835
316.4		0.653835
316.5		0.653835
316.6		0.653835
316.7		0.653835
316.8		0.653835
316.9		0.653835
317		0.653835
317.1		0.654348
317.2		0.654348
317.3		0.654348
317.4		0.654348
317.5		0.654348
317.6		0.654348
317.7		0.654348
317.8		0.654348
317.9		0.654348
318		0.654348
318.1		0.654598
318.2		0.654598
318.3		0.654598
318.4		0.654598
318.5		0.654598
318.6		0.654598
318.7		0.654598
318.8		0.654598
318.9		0.654598
319		0.654598
319.1		0.658301
319.2		0.658301
319.3		0.658301
319.4		0.658301
319.5		0.658301
319.6		0.658301
319.7		0.658301
319.8		0.658301
319.9		0.658301
320		0.658301
320.1		0.66303
320.2		0.66303
320.3		0.66303
320.4		0.66303
320.5		0.66303
320.6		0.66303
320.7		0.66303
320.8		0.66303
320.9		0.66303
321		0.66303
321.1		0.663309
321.2		0.663309
321.3		0.663309
321.4		0.663309
321.5		0.663309
321.6		0.663309
321.7		0.663309
321.8		0.663309
321.9		0.663309
322		0.663309
322.1		0.665226
322.2		0.665226
322.3		0.665226
322.4		0.665226
322.5		0.665226
322.6		0.665226
322.7		0.665226
322.8		0.665226
322.9		0.665226
323		0.665226
323.1		0.66744
323.2		0.66744
323.3		0.66744
323.4		0.66744
323.5		0.66744
323.6		0.66744
323.7		0.66744
323.8		0.66744
323.9		0.66744
324		0.66744
324.1		0.671018
324.2		0.671018
324.3		0.671018
324.4		0.671018
324.5		0.671018
324.6		0.671018
324.7		0.671018
324.8		0.671018
324.9		0.671018
325		0.671018
325.1		0.673195
325.2		0.673195
325.3		0.673195
325.4		0.673195
325.5		0.673195
325.6		0.673195
325.7		0.673195
325.8		0.673195
325.9		0.673195
326		0.673195
326.1		0.673314
326.2		0.673314
326.3		0.673314
326.4		0.673314
326.5		0.673314
326.6		0.673314
326.7		0.673314
326.8		0.673314
326.9		0.673314
327		0.673314
327.1		0.675625
327.2		0.675625
327.3		0.675625
327.4		0.675625
327.5		0.675625
327.6		0.675625
327.7		0.675625
327.8		0.675625
327.9		0.675625
328		0.675625
328.1		0.679366
328.2		0.679366
328.3		0.679366
328.4		0.679366
328.5		0.679366
328.6		0.679366
328.7		0.679366
328.8		0.679366
328.9		0.679366
329		0.679366
329.1		0.680464
329.2		0.680464
329.3		0.680464
329.4		0.680464
329.5		0.680464
329.6		0.680464
329.7		0.680464
329.8		0.680464
329.9		0.680464
330		0.680464
330.1		0.682469
330.2		0.682469
330.3		0.682469
330.4		0.682469
330.5		0.682469
330.6		0.682469
330.7		0.682469
330.8		0.682469
330.9		0.682469
331		0.682469
331.1		0.684861
331.2		0.684861
331.3		0.684861
331.4		0.684861
331.5		0.684861
331.6		0.684861
331.7		0.684861
331.8		0.684861
331.9		0.684861
332		0.684861
332.1		0.686391
332.2		0.686391
332.3		0.686391
332.4		0.686391
332.5		0.686391
332.6		0.686391
332.7		0.686391
332.8		0.686391
332.9		0.686391
333		0.686391
333.1		0.689831
333.2		0.689831
333.3		0.689831
333.4		0.689831
333.5		0.689831
333.6		0.689831
333.7		0.689831
333.8		0.689831
333.9		0.689831
334		0.689831
334.1		0.690125
334.2		0.690125
334.3		0.690125
334.4		0.690125
334.5		0.690125
334.6		0.690125
334.7		0.690125
334.8		0.690125
334.9		0.690125
335		0.690125
335.1		0.693872
335.2		0.693872
335.3		0.693872
335.4		0.693872
335.5		0.693872
335.6		0.693872
335.7		0.693872
335.8		0.693872
335.9		0.693872
336		0.693872
336.1		0.6965
336.2		0.6965
336.3		0.6965
336.4		0.6965
336.5		0.6965
336.6		0.6965
336.7		0.6965
336.8		0.6965
336.9		0.6965
337		0.6965
337.1		0.698623
337.2		0.698623
337.3		0.698623
337.4		0.698623
337.5		0.698623
337.6		0.698623
337.7		0.698623
337.8		0.698623
337.9		0.698623
338		0.698623
338.1		0.69923
338.2		0.69923
338.3		0.69923
338.4		0.69923
338.5		0.69923
338.6		0.69923
338.7		0.69923
338.8		0.69923
338.9		0.69923
339		0.69923
339.1		0.701523
339.2		0.701523
339.3		0.701523
339.4		0.701523
339.5		0.701523
339.6		0.701523
339.7		0.701523
339.8		0.701523
339.9		0.701523
340		0.701523
340.1		0.704478
340.2		0.704478
340.3		0.704478
340.4		0.704478
340.5		0.704478
340.6		0.704478
340.7		0.704478
340.8		0.704478
340.9		0.704478
341		0.704478
341.1		0.707134
341.2		0.707134
341.3		0.707134
341.4		0.707134
341.5		0.707134
341.6		0.707134
341.7		0.707134
341.8		0.707134
341.9		0.707134
342		0.707134
342.1		0.709467
342.2		0.709467
342.3		0.709467
342.4		0.709467
342.5		0.709467
342.6		0.709467
342.7		0.709467
342.8		0.709467
342.9		0.709467
343		0.709467
343.1		0.710399
343.2		0.710399
343.3		0.710399
343.4		0.710399
343.5		0.710399
343.6		0.710399
343.7		0.710399
343.8		0.710399
343.9		0.710399
344		0.710399
344.1		0.715481
344.2		0.715481
344.3		0.715481
344.4		0.715481
344.5		0.715481
344.6		0.715481
344.7		0.715481
344.8		0.715481
344.9		0.715481
345		0.715481
345.1		0.721208
345.2		0.721208
345.3		0.721208
345.4		0.721208
345.5		0.721208
345.6		0.721208
345.7		0.721208
345.8		0.721208
345.9		0.721208
346		0.721208
346.1		0.721649
346.2		0.721649
346.3		0.721649
346.4		0.721649
346.5		0.721649
346.6		0.721649
346.7		0.721649
346.8		0.721649
346.9		0.721649
347		0.721649
347.1		0.722894
347.2		0.722894
347.3		0.722894
347.4		0.722894
347.5		0.722894
347.6		0.722894
347.7		0.722894
347.8		0.722894
347.9		0.722894
348		0.722894
348.1		0.725212
348.2		0.725212
348.3		0.725212
348.4		0.725212
348.5		0.725212
348.6		0.725212
348.7		0.725212
348.8		0.725212
348.9		0.725212
349		0.725212
349.1		0.729059
349.2		0.729059
349.3		0.729059
349.4		0.729059
349.5		0.729059
349.6		0.729059
349.7		0.729059
349.8		0.729059
349.9		0.729059
350		0.729059
350.1		0.730397
350.2		0.730397
350.3		0.730397
350.4		0.730397
350.5		0.730397
350.6		0.730397
350.7		0.730397
350.8		0.730397
350.9		0.730397
351		0.730397
351.1		0.734413
351.2		0.734413
351.3		0.734413
351.4		0.734413
351.5		0.734413
351.6		0.734413
351.7		0.734413
351.8		0.734413
351.9		0.734413
352		0.734413
352.1		0.734426
352.2		0.734426
352.3		0.734426
352.4		0.734426
352.5		0.734426
352.6		0.734426
352.7		0.734426
352.8		0.734426
352.9		0.734426
353		0.734426
353.1		0.734507
353.2		0.734507
353.3		0.734507
353.4		0.734507
353.5		0.734507
353.6		0.734507
353.7		0.734507
353.8		0.734507
353.9		0.734507
354		0.734507
354.1		0.734507
354.2		0.734507
354.3		0.734507
354.4		0.734507
354.5		0.734507
354.6		0.734507
354.7		0.734507
354.8		0.734507
354.9		0.734507
355		0.734507
355.1		0.736399
355.2		0.736399
355.3		0.736399
355.4		0.736399
355.5		0.736399
355.6		0.736399
355.7		0.736399
355.8		0.736399
355.9		0.736399
356		0.736399
356.1		0.740184
356.2		0.740184
356.3		0.740184
356.4		0.740184
356.5		0.740184
356.6		0.740184
356.7		0.740184
356.8		0.740184
356.9		0.740184
357		0.740184
357.1		0.742013
357.2		0.742013
357.3		0.742013
357.4		0.742013
357.5		0.742013
357.6		0.742013
357.7		0.742013
357.8		0.742013
357.9		0.742013
358		0.742013
358.1		0.742013
358.2		0.742013
358.3		0.742013
358.4		0.742013
358.5		0.742013
358.6		0.742013
358.7		0.742013
358.8		0.742013
358.9		0.742013
359		0.742013
359.1		0.74485
359.2		0.74485
359.3		0.74485
359.4		0.74485
359.5		0.74485
359.6		0.74485
359.7		0.74485
359.8		0.74485
359.9		0.74485
360		0.74485
360.1		0.74567
360.2		0.74567
360.3		0.74567
360.4		0.74567
360.5		0.74567
360.6		0.74567
360.7		0.74567
360.8		0.74567
360.9		0.74567
361		0.74567
361.1		0.746561
361.2		0.746561
361.3		0.746561
361.4		0.746561
361.5		0.746561
361.6		0.746561
361.7		0.746561
361.8		0.746561
361.9		0.746561
362		0.746561
362.1		0.752119
362.2		0.752119
362.3		0.752119
362.4		0.752119
362.5		0.752119
362.6		0.752119
362.7		0.752119
362.8		0.752119
362.9		0.752119
363		0.752119
363.1		0.75266
363.2		0.75266
363.3		0.75266
363.4		0.75266
363.5		0.75266
363.6		0.75266
363.7		0.75266
363.8		0.75266
363.9		0.75266
364		0.75266
364.1		0.754086
364.2		0.754086
364.3		0.754086
364.4		0.754086
364.5		0.754086
364.6		0.754086
364.7		0.754086
364.8		0.754086
364.9		0.754086
365		0.754086
365.1		0.755178
365.2		0.755178
365.3		0.755178
365.4		0.755178
365.5		0.755178
365.6		0.755178
365.7		0.755178
365.8		0.755178
365.9		0.755178
366		0.755178
366.1		0.757264
366.2		0.757264
366.3		0.757264
366.4		0.757264
366.5		0.757264
366.6		0.757264
366.7		0.757264
366.8		0.757264
366.9		0.757264
367		0.757264
367.1		0.762099
367.2		0.762099
367.3		0.762099
367.4		0.762099
367.5		0.762099
367.6		0.762099
367.7		0.762099
367.8		0.762099
367.9		0.762099
368		0.762099
368.1		0.762719
368.2		0.762719
368.3		0.762719
368.4		0.762719
368.5		0.762719
368.6		0.762719
368.7		0.762719
368.8		0.762719
368.9		0.762719
369		0.762719
369.1		0.764229
369.2		0.764229
369.3		0.764229
369.4		0.764229
369.5		0.764229
369.6		0.764229
369.7		0.764229
369.8		0.764229
369.9		0.764229
370		0.764229
370.1		0.767563
370.2		0.767563
370.3		0.767563
370.4		0.767563
370.5		0.767563
370.6		0.767563
370.7		0.767563
370.8		0.767563
370.9		0.767563
371		0.767563
371.1		0.768123
371.2		0.768123
371.3		0.768123
371.4		0.768123
371.5		0.768123
371.6		0.768123
371.7		0.768123
371.8		0.768123
371.9		0.768123
372		0.768123
372.1		0.769409
372.2		0.769409
372.3		0.769409
372.4		0.769409
372.5		0.769409
372.6		0.769409
372.7		0.769409
372.8		0.769409
372.9		0.769409
373		0.769409
373.1		0.773068
373.2		0.773068
373.3		0.773068
373.4		0.773068
373.5		0.773068
373.6		0.773068
373.7		0.773068
373.8		0.773068
373.9		0.773068
374		0.773068
374.1		0.774604
374.2		0.774604
374.3		0.774604
374.4		0.774604
374.5		0.774604
374.6		0.774604
374.7		0.774604
374.8		0.774604
374.9		0.774604
375		0.774604
375.1		0.777916
375.2		0.777916
375.3		0.777916
375.4		0.777916
375.5		0.777916
375.6		0.777916
375.7		0.777916
375.8		0.777916
375.9		0.777916
376		0.777916
376.1		0.779483
376.2		0.779483
376.3		0.779483
376.4		0.779483
376.5		0.779483
376.6		0.779483
376.7		0.779483
376.8		0.779483
376.9		0.779483
377		0.779483
377.1		0.78079
377.2		0.78079
377.3		0.78079
377.4		0.78079
377.5		0.78079
377.6		0.78079
377.7		0.78079
377.8		0.78079
377.9		0.78079
378		0.78079
378.1		0.781638
378.2		0.781638
378.3		0.781638
378.4		0.781638
378.5		0.781638
378.6		0.781638
378.7		0.781638
378.8		0.781638
378.9		0.781638
379		0.781638
379.1		0.786189
379.2		0.786189
379.3		0.786189
379.4		0.786189
379.5		0.786189
379.6		0.786189
379.7		0.786189
379.8		0.786189
379.9		0.786189
380		0.786189
380.1		0.789316
380.2		0.789316
380.3		0.789316
380.4		0.789316
380.5		0.789316
380.6		0.789316
380.7		0.789316
380.8		0.789316
380.9		0.789316
381		0.789316
381.1		0.789567
381.2		0.789567
381.3		0.789567
381.4		0.789567
381.5		0.789567
381.6		0.789567
381.7		0.789567
381.8		0.789567
381.9		0.789567
382		0.789567
382.1		0.792319
382.2		0.792319
382.3		0.792319
382.4		0.792319
382.5		0.792319
382.6		0.792319
382.7		0.792319
382.8		0.792319
382.9		0.792319
383		0.792319
383.1		0.793076
383.2		0.793076
383.3		0.793076
383.4		0.793076
383.5		0.793076
383.6		0.793076
383.7		0.793076
383.8		0.793076
383.9		0.793076
384		0.793076
384.1		0.797214
384.2		0.797214
384.3		0.797214
384.4		0.797214
384.5		0.797214
384.6		0.797214
384.7		0.797214
384.8		0.797214
384.9		0.797214
385		0.797214
385.1		0.800457
385.2		0.800457
385.3		0.800457
385.4		0.800457
385.5		0.800457
385.6		0.800457
385.7		0.800457
385.8		0.800457
385.9		0.800457
386		0.800457
386.1		0.802565
386.2		0.802565
386.3		0.802565
386.4		0.802565
386.5		0.802565
386.6		0.802565
386.7		0.802565
386.8		0.802565
386.9		0.802565
387		0.802565
387.1		0.805002
387.2		0.805002
387.3		0.805002
387.4		0.805002
387.5		0.805002
387.6		0.805002
387.7		0.805002
387.8		0.805002
387.9		0.805002
388		0.805002
388.1		0.807416
388.2		0.807416
388.3		0.807416
388.4		0.807416
388.5		0.807416
388.6		0.807416
388.7		0.807416
388.8		0.807416
388.9		0.807416
389		0.807416
389.1		0.808452
389.2		0.808452
389.3		0.808452
389.4		0.808452
389.5		0.808452
389.6		0.808452
389.7		0.808452
389.8		0.808452
389.9		0.808452
390		0.808452
390.1		0.810632
390.2		0.810632
390.3		0.810632
390.4		0.810632
390.5		0.810632
390.6		0.810632
390.7		0.810632
390.8		0.810632
390.9		0.810632
391		0.810632
391.1		0.812799
391.2		0.812799
391.3		0.812799
391.4		0.812799
391.5		0.812799
391.6		0.812799
391.7		0.812799
391.8		0.812799
391.9		0.812799
392		0.812799
392.1		0.815817
392.2		0.815817
392.3		0.815817
392.4		0.815817
392.5		0.815817
392.6		0.815817
392.7		0.815817
392.8		0.815817
392.9		0.815817
393		0.815817
393.1		0.817509
393.2		0.817509
393.3		0.817509
393.4		0.817509
393.5		0.817509
393.6		0.817509
393.7		0.817509
393.8		0.817509
393.9		0.817509
394		0.817509
394.1		0.818545
394.2		0.818545
394.3		0.818545
394.4		0.818545
394.5		0.818545
394.6		0.818545
394.7		0.818545
394.8		0.818545
394.9		0.818545
395		0.818545
395.1		0.819642
395.2		0.819642
395.3		0.819642
395.4		0.819642
395.5		0.819642
395.6		0.819642
395.7		0.819642
395.8		0.819642
395.9		0.819642
396		0.819642
396.1		0.824162
396.2		0.824162
396.3		0.824162
396.4		0.824162
396.5		0.824162
396.6		0.824162
396.7		0.824162
396.8		0.824162
396.9		0.824162
397		0.824162
397.1		0.826623
397.2		0.826623
397.3		0.826623
397.4		0.826623
397.5		0.826623
397.6		0.826623
397.7		0.826623
397.8		0.826623
397.9		0.826623
398		0.826623
398.1		0.826867
398.2		0.826867
398.3		0.826867
398.4		0.826867
398.5		0.826867
398.6		0.826867
398.7		0.826867
398.8		0.826867
398.9		0.826867
399		0.826867
399.1		0.829144
399.2		0.829144
399.3		0.829144
399.4		0.829144
399.5		0.829144
399.6		0.829144
399.7		0.829144
399.8		0.829144
399.9		0.829144
400		0.829144
400.1		0.83342
400.2		0.83342
400.3		0.83342
400.4		0.83342
400.5		0.83342
400.6		0.83342
400.7		0.83342
400.8		0.83342
400.9		0.83342
401		0.83342
401.1		0.833748
401.2		0.833748
401.3		0.833748
401.4		0.833748
401.5		0.833748
401.6		0.833748
401.7		0.833748
401.8		0.833748
401.9		0.833748
402		0.833748
402.1		0.834311
402.2		0.834311
402.3		0.834311
402.4		0.834311
402.5		0.834311
402.6		0.834311
402.7		0.834311
402.8		0.834311
402.9		0.834311
403		0.834311
403.1		0.836704
403.2		0.836704
403.3		0.836704
403.4		0.836704
403.5		0.836704
403.6		0.836704
403.7		0.836704
403.8		0.836704
403.9		0.836704
404		0.836704
404.1		0.841136
404.2		0.841136
404.3		0.841136
404.4		0.841136
404.5		0.841136
404.6		0.841136
404.7		0.841136
404.8		0.841136
404.9		0.841136
405		0.841136
405.1		0.844758
405.2		0.844758
405.3		0.844758
405.4		0.844758
405.5		0.844758
405.6		0.844758
405.7		0.844758
405.8		0.844758
405.9		0.844758
406		0.844758
406.1		0.845017
406.2		0.845017
406.3		0.845017
406.4		0.845017
406.5		0.845017
406.6		0.845017
406.7		0.845017
406.8		0.845017
406.9		0.845017
407		0.845017
407.1		0.845496
407.2		0.845496
407.3		0.845496
407.4		0.845496
407.5		0.845496
407.6		0.845496
407.7		0.845496
407.8		0.845496
407.9		0.845496
408		0.845496
408.1		0.851354
408.2		0.851354
408.3		0.851354
408.4		0.851354
408.5		0.851354
408.6		0.851354
408.7		0.851354
408.8		0.851354
408.9		0.851354
409		0.851354
409.1		0.852045
409.2		0.852045
409.3		0.852045
409.4		0.852045
409.5		0.852045
409.6		0.852045
409.7		0.852045
409.8		0.852045
409.9		0.852045
410		0.852045
410.1		0.853565
410.2		0.853565
410.3		0.853565
410.4		0.853565
410.5		0.853565
410.6		0.853565
410.7		0.853565
410.8		0.853565
410.9		0.853565
411		0.853565
411.1		0.855642
411.2		0.855642
411.3		0.855642
411.4		0.855642
411.5		0.855642
411.6		0.855642
411.7		0.855642
411.8		0.855642
411.9		0.855642
412		0.855642
412.1		0.856868
412.2		0.856868
412.3		0.856868
412.4		0.856868
412.5		0.856868
412.6		0.856868
412.7		0.856868
412.8		0.856868
412.9		0.856868
413		0.856868
413.1		0.862551
413.2		0.862551
413.3		0.862551
413.4		0.862551
413.5		0.862551
413.6		0.862551
413.7		0.862551
413.8		0.862551
413.9		0.862551
414		0.862551
414.1		0.863249
414.2		0.863249
414.3		0.863249
414.4		0.863249
414.5		0.863249
414.6		0.863249
414.7		0.863249
414.8		0.863249
414.9		0.863249
415		0.863249
415.1		0.863696
415.2		0.863696
415.3		0.863696
415.4		0.863696
415.5		0.863696
415.6		0.863696
415.7		0.863696
415.8		0.863696
415.9		0.863696
416		0.863696
416.1		0.865097
416.2		0.865097
416.3		0.865097
416.4		0.865097
416.5		0.865097
416.6		0.865097
416.7		0.865097
416.8		0.865097
416.9		0.865097
417		0.865097
417.1		0.865651
417.2		0.865651
417.3		0.865651
417.4		0.865651
417.5		0.865651
417.6		0.865651
417.7		0.865651
417.8		0.865651
417.9		0.865651
418		0.865651
418.1		0.872481
418.2		0.872481
418.3		0.872481
418.4		0.872481
418.5		0.872481
418.6		0.872481
418.7		0.872481
418.8		0.872481
418.9		0.872481
419		0.872481
419.1		0.873098
419.2		0.873098
419.3		0.873098
419.4		0.873098
419.5		0.873098
419.6		0.873098
419.7		0.873098
419.8		0.873098
419.9		0.873098
420		0.873098
420.1		0.873636
420.2		0.873636
420.3		0.873636
420.4		0.873636
420.5		0.873636
420.6		0.873636
420.7		0.873636
420.8		0.873636
420.9		0.873636
421		0.873636
421.1		0.875618
421.2		0.875618
421.3		0.875618
421.4		0.875618
421.5		0.875618
421.6		0.875618
421.7		0.875618
421.8		0.875618
421.9		0.875618
422		0.875618
422.1		0.879731
422.2		0.879731
422.3		0.879731
422.4		0.879731
422.5		0.879731
422.6		0.879731
422.7		0.879731
422.8		0.879731
422.9		0.879731
423		0.879731
423.1		0.880319
423.2		0.880319
423.3		0.880319
423.4		0.880319
423.5		0.880319
423.6		0.880319
423.7		0.880319
423.8		0.880319
423.9		0.880319
424		0.880319
424.1		0.883313
424.2		0.883313
424.3		0.883313
424.4		0.883313
424.5		0.883313
424.6		0.883313
424.7		0.883313
424.8		0.883313
424.9		0.883313
425		0.883313
425.1		0.88498
425.2		0.88498
425.3		0.88498
425.4		0.88498
425.5		0.88498
425.6		0.88498
425.7		0.88498
425.8		0.88498
425.9		0.88498
426		0.88498
426.1		0.889806
426.2		0.889806
426.3		0.889806
426.4		0.889806
426.5		0.889806
426.6		0.889806
426.7		0.889806
426.8		0.889806
426.9		0.889806
427		0.889806
427.1		0.890794
427.2		0.890794
427.3		0.890794
427.4		0.890794
427.5		0.890794
427.6		0.890794
427.7		0.890794
427.8		0.890794
427.9		0.890794
428		0.890794
428.1		0.891116
428.2		0.891116
428.3		0.891116
428.4		0.891116
428.5		0.891116
428.6		0.891116
428.7		0.891116
428.8		0.891116
428.9		0.891116
429		0.891116
429.1		0.891538
429.2		0.891538
429.3		0.891538
429.4		0.891538
429.5		0.891538
429.6		0.891538
429.7		0.891538
429.8		0.891538
429.9		0.891538
430		0.891538
430.1		0.898091
430.2		0.898091
430.3		0.898091
430.4		0.898091
430.5		0.898091
430.6		0.898091
430.7		0.898091
430.8		0.898091
430.9		0.898091
431		0.898091
431.1		0.900646
431.2		0.900646
431.3		0.900646
431.4		0.900646
431.5		0.900646
431.6		0.900646
431.7		0.900646
431.8		0.900646
431.9		0.900646
432		0.900646
432.1		0.900925
432.2		0.900925
432.3		0.900925
432.4		0.900925
432.5		0.900925
432.6		0.900925
432.7		0.900925
432.8		0.900925
432.9		0.900925
433		0.900925
433.1		0.901256
433.2		0.901256
433.3		0.901256
433.4		0.901256
433.5		0.901256
433.6		0.901256
433.7		0.901256
433.8		0.901256
433.9		0.901256
434		0.901256
434.1		0.902729
434.2		0.902729
434.3		0.902729
434.4		0.902729
434.5		0.902729
434.6		0.902729
434.7		0.902729
434.8		0.902729
434.9		0.902729
435		0.902729
435.1		0.904922
435.2		0.904922
435.3		0.904922
435.4		0.904922
435.5		0.904922
435.6		0.904922
435.7		0.904922
435.8		0.904922
435.9		0.904922
436		0.904922
436.1		0.908953
436.2		0.908953
436.3		0.908953
436.4		0.908953
436.5		0.908953
436.6		0.908953
436.7		0.908953
436.8		0.908953
436.9		0.908953
437		0.908953
437.1		0.912253
437.2		0.912253
437.3		0.912253
437.4		0.912253
437.5		0.912253
437.6		0.912253
437.7		0.912253
437.8		0.912253
437.9		0.912253
438		0.912253
438.1		0.91564
438.2		0.91564
438.3		0.91564
438.4		0.91564
438.5		0.91564
438.6		0.91564
438.7		0.91564
438.8		0.91564
438.9		0.91564
439		0.91564
439.1		0.916597
439.2		0.916597
439.3		0.916597
439.4		0.916597
439.5		0.916597
439.6		0.916597
439.7		0.916597
439.8		0.916597
439.9		0.916597
440		0.916597
440.1		0.917658
440.2		0.917658
440.3		0.917658
440.4		0.917658
440.5		0.917658
440.6		0.917658
440.7		0.917658
440.8		0.917658
440.9		0.917658
441		0.917658
441.1		0.918105
441.2		0.918105
441.3		0.918105
441.4		0.918105
441.5		0.918105
441.6		0.918105
441.7		0.918105
441.8		0.918105
441.9		0.918105
442		0.918105
442.1		0.924889
442.2		0.924889
442.3		0.924889
442.4		0.924889
442.5		0.924889
442.6		0.924889
442.7		0.924889
442.8		0.924889
442.9		0.924889
443		0.924889
443.1		0.926622
443.2		0.926622
443.3		0.926622
443.4		0.926622
443.5		0.926622
443.6		0.926622
443.7		0.926622
443.8		0.926622
443.9		0.926622
444		0.926622
444.1		0.926912
444.2		0.926912
444.3		0.926912
444.4		0.926912
444.5		0.926912
444.6		0.926912
444.7		0.926912
444.8		0.926912
444.9		0.926912
445		0.926912
445.1		0.928698
445.2		0.928698
445.3		0.928698
445.4		0.928698
445.5		0.928698
445.6		0.928698
445.7		0.928698
445.8		0.928698
445.9		0.928698
446		0.928698
446.1		0.928961
446.2		0.928961
446.3		0.928961
446.4		0.928961
446.5		0.928961
446.6		0.928961
446.7		0.928961
446.8		0.928961
446.9		0.928961
447		0.928961
447.1		0.934738
447.2		0.934738
447.3		0.934738
447.4		0.934738
447.5		0.934738
447.6		0.934738
447.7		0.934738
447.8		0.934738
447.9		0.934738
448		0.934738
448.1		0.934979
448.2		0.934979
448.3		0.934979
448.4		0.934979
448.5		0.934979
448.6		0.934979
448.7		0.934979
448.8		0.934979
448.9		0.934979
449		0.934979
449.1		0.939351
449.2		0.939351
449.3		0.939351
449.4		0.939351
449.5		0.939351
449.6		0.939351
449.7		0.939351
449.8		0.939351
449.9		0.939351
450		0.939351
450.1		0.93957
450.2		0.93957
450.3		0.93957
450.4		0.93957
450.5		0.93957
450.6		0.93957
450.7		0.93957
450.8		0.93957
450.9		0.93957
451		0.93957
451.1		0.939727
451.2		0.939727
451.3		0.939727
451.4		0.939727
451.5		0.939727
451.6		0.939727
451.7		0.939727
451.8		0.939727
451.9		0.939727
452		0.939727
452.1		0.945588
452.2		0.945588
452.3		0.945588
452.4		0.945588
452.5		0.945588
452.6		0.945588
452.7		0.945588
452.8		0.945588
452.9		0.945588
453		0.945588
453.1		0.946495
453.2		0.946495
453.3		0.946495
453.4		0.946495
453.5		0.946495
453.6		0.946495
453.7		0.946495
453.8		0.946495
453.9		0.946495
454		0.946495
454.1		0.947039
454.2		0.947039
454.3		0.947039
454.4		0.947039
454.5		0.947039
454.6		0.947039
454.7		0.947039
454.8		0.947039
454.9		0.947039
455		0.947039
455.1		0.948421
455.2		0.948421
455.3		0.948421
455.4		0.948421
455.5		0.948421
455.6		0.948421
455.7		0.948421
455.8		0.948421
455.9		0.948421
456		0.948421
456.1		0.954714
456.2		0.954714
456.3		0.954714
456.4		0.954714
456.5		0.954714
456.6		0.954714
456.7		0.954714
456.8		0.954714
456.9		0.954714
457		0.954714
457.1		0.955309
457.2		0.955309
457.3		0.955309
457.4		0.955309
457.5		0.955309
457.6		0.955309
457.7		0.955309
457.8		0.955309
457.9		0.955309
458		0.955309
458.1		0.956954
458.2		0.956954
458.3		0.956954
458.4		0.956954
458.5		0.956954
458.6		0.956954
458.7		0.956954
458.8		0.956954
458.9		0.956954
459		0.956954
459.1		0.957761
459.2		0.957761
459.3		0.957761
459.4		0.957761
459.5		0.957761
459.6		0.957761
459.7		0.957761
459.8		0.957761
459.9		0.957761
460		0.957761
460.1		0.961892
460.2		0.961892
460.3		0.961892
460.4		0.961892
460.5		0.961892
460.6		0.961892
460.7		0.961892
460.8		0.961892
460.9		0.961892
461		0.961892
461.1		0.964238
461.2		0.964238
461.3		0.964238
461.4		0.964238
461.5		0.964238
461.6		0.964238
461.7		0.964238
461.8		0.964238
461.9		0.964238
462		0.964238
462.1		0.964798
462.2		0.964798
462.3		0.964798
462.4		0.964798
462.5		0.964798
462.6		0.964798
462.7		0.964798
462.8		0.964798
462.9		0.964798
463		0.964798
463.1		0.965861
463.2		0.965861
463.3		0.965861
463.4		0.965861
463.5		0.965861
463.6		0.965861
463.7		0.965861
463.8		0.965861
463.9		0.965861
464		0.965861
464.1		0.970368
464.2		0.970368
464.3		0.970368
464.4		0.970368
464.5		0.970368
464.6		0.970368
464.7		0.970368
464.8		0.970368
464.9		0.970368
465		0.970368
465.1		0.971635
465.2		0.971635
465.3		0.971635
465.4		0.971635
465.5		0.971635
465.6		0.971635
465.7		0.971635
465.8		0.971635
465.9		0.971635
466		0.971635
466.1		0.97242
466.2		0.97242
466.3		0.97242
466.4		0.97242
466.5		0.97242
466.6		0.97242
466.7		0.97242
466.8		0.97242
466.9		0.97242
467		0.97242
467.1		0.974281
467.2		0.974281
467.3		0.974281
467.4		0.974281
467.5		0.974281
467.6		0.974281
467.7		0.974281
467.8		0.974281
467.9		0.974281
468		0.974281
468.1		0.97698
468.2		0.97698
468.3		0.97698
468.4		0.97698
468.5		0.97698
468.6		0.97698
468.7		0.97698
468.8		0.97698
468.9		0.97698
469		0.97698
469.1		0.980765
469.2		0.980765
469.3		0.980765
469.4		0.980765
469.5		0.980765
469.6		0.980765
469.7		0.980765
469.8		0.980765
469.9		0.980765
470		0.980765
470.1		0.983251
470.2		0.983251
470.3		0.983251
470.4		0.983251
470.5		0.983251
470.6		0.983251
470.7		0.983251
470.8		0.983251
470.9		0.983251
471		0.983251
471.1		0.98373
471.2		0.98373
471.3		0.98373
471.4		0.98373
471.5		0.98373
471.6		0.98373
471.7		0.98373
471.8		0.98373
471.9		0.98373
472		0.98373
472.1		0.983961
472.2		0.983961
472.3		0.983961
472.4		0.983961
472.5		0.983961
472.6		0.983961
472.7		0.983961
472.8		0.983961
472.9		0.983961
473		0.983961
473.1		0.986986
473.2		0.986986
473.3		0.986986
473.4		0.986986
473.5		0.986986
473.6		0.986986
473.7		0.986986
473.8		0.986986
473.9		0.986986
474		0.986986
474.1		0.992153
474.2		0.992153
474.3		0.992153
474.4		0.992153
474.5		0.992153
474.6		0.992153
474.7		0.992153
474.8		0.992153
474.9		0.992153
475		0.992153
475.1		0.994495
475.2		0.994495
475.3		0.994495
475.4		0.994495
475.5		0.994495
475.6		0.994495
475.7		0.994495
475.8		0.994495
475.9		0.994495
476		0.994495
476.1		0.995052
476.2		0.995052
476.3		0.995052
476.4		0.995052
476.5		0.995052
476.6		0.995052
476.7		0.995052
476.8		0.995052
476.9		0.995052
477		0.995052
477.1		0.997779
477.2		0.997779
477.3		0.997779
477.4		0.997779
477.5		0.997779
477.6		0.997779
477.7		0.997779
477.8		0.997779
477.9		0.997779
478		0.997779
478.1		0.998993
478.2		0.998993
478.3		0.998993
478.4		0.998993
478.5		0.998993
478.6		0.998993
478.7		0.998993
478.8		0.998993
478.9		0.998993
479		0.998993
479.1		0.999997
479.2		0.999997
479.3		0.999997
479.4		0.999997
479.5		0.999997
479.6		0.999997
479.7		0.999997
479.8		0.999997
479.9		0.999997
480		0.999997
480.1		1
480.2		1
480.3		1
480.4		1
480.5		1
480.6		1
480.7		1
480.8		1
480.9		1
481		1
481.1		1
481.2		1
481.3		1
481.4		1
481.5		1
481.6		1
481.7		1
481.8		1
481.9		1
482		1
482.1		1
482.2		1
482.3		1
482.4		1
482.5		1
482.6		1
482.7		1
482.8		1
482.9		1
483		1
483.1		1
483.2		1
483.3		1
483.4		1
483.5		1
483.6		1
483.7		1
483.8		1
483.9		1
484		1
484.1		1
484.2		1
484.3		1
484.4		1
484.5		1
484.6		1
484.7		1
484.8		1
484.9		1
485		1
485.1		1
485.2		1
485.3		1
485.4		1
485.5		1
485.6		1
485.7		1
485.8		1
485.9		1
486		1
486.1		1
486.2		1
486.3		1
486.4		1
486.5		1
486.6		1
486.7		1
486.8		1
486.9		1
487		1
487.1		1
487.2		1
487.3		1
487.4		1
487.5		1
487.6		1
487.7		1
487.8		1
487.9		1
488		1
488.1		1
488.2		1
488.3		1
488.4		1
488.5		1
488.6		1
488.7		1
488.8		1
488.9		1
489		1
489.1		1
489.2		1
489.3		1
489.4		1
489.5		1
489.6		1
489.7		1
489.8		1
489.9		1
490		1
490.1		1
490.2		1
490.3		1
490.4		1
490.5		1
490.6		1
490.7		1
490.8		1
490.9		1
491		1
491.1		1
491.2		1
491.3		1
491.4		1
491.5		1
491.6		1
491.7		1
491.8		1
491.9		1
492		1
492.1		1
492.2		1
492.3		1
492.4		1
492.5		1
492.6		1
492.7		1
492.8		1
492.9		1
493		1
493.1		1
493.2		1
493.3		1
493.4		1
493.5		1
493.6		1
493.7		1
493.8		1
493.9		1
494		1
494.1		1
494.2		1
494.3		1
494.4		1
494.5		1
494.6		1
494.7		1
494.8		1
494.9		1
495		1
495.1		1
495.2		1
495.3		1
495.4		1
495.5		1
495.6		1
495.7		1
495.8		1
495.9		1
496		1
496.1		1
496.2		1
496.3		1
496.4		1
496.5		1
496.6		1
496.7		1
496.8		1
496.9		1
497		1
497.1		1
497.2		1
497.3		1
497.4		1
497.5		1
497.6		1
497.7		1
497.8		1
497.9		1
498		1
498.1		1
498.2		1
498.3		1
498.4		1
498.5		1
498.6		1
498.7		1
498.8		1
498.9		1
499		1
499.1		1
499.2		1
499.3		1
499.4		1
499.5		1
499.6		1
499.7		1
499.8		1
499.9		1
500		1
500.1		1
500.2		1
500.3		1
500.4		1
500.5		1
500.6		1
500.7		1
500.8		1
500.9		1
501		1
501.1		1
501.2		1
501.3		1
501.4		1
501.5		1
501.6		1
501.7		1
501.8		1
501.9		1
502		1
502.1		1
502.2		1
502.3		1
502.4		1
502.5		1
502.6		1
502.7		1
502.8		1
502.9		1
503		1
503.1		1
503.2		1
503.3		1
503.4		1
503.5		1
503.6		1
503.7		1
503.8		1
503.9		1
504		1
504.1		1
504.2		1
504.3		1
504.4		1
504.5		1
504.6		1
504.7		1
504.8		1
504.9		1
505		1
505.1		1
505.2		1
505.3		1
505.4		1
505.5		1
505.6		1
505.7		1
505.8		1
505.9		1
506		1
506.1		1
506.2		1
506.3		1
506.4		1
506.5		1
506.6		1
506.7		1
506.8		1
506.9		1
507		1
507.1		1
507.2		1
507.3		1
507.4		1
507.5		1
507.6		1
507.7		1
507.8		1
507.9		1
508		1
508.1		1
508.2		1
508.3		1
508.4		1
508.5		1
508.6		1
508.7		1
508.8		1
508.9		1
509		1
509.1		1
509.2		1
509.3		1
509.4		1
509.5		1
509.6		1
509.7		1
509.8		1
509.9		1
510		1
510.1		1
510.2		1
510.3		1
510.4		1
510.5		1
510.6		1
510.7		1
510.8		1
510.9		1
511		1
511.1		1
511.2		1
511.3		1
511.4		1
511.5		1
511.6		1
511.7		1
511.8		1
511.9		1
512		1
512.1		1
512.2		1
512.3		1
512.4		1
512.5		1
512.6		1
512.7		1
512.8		1
512.9		1
513		1
513.1		1
513.2		1
513.3		1
513.4		1
513.5		1
513.6		1
513.7		1
513.8		1
513.9		1
514		1
514.1		1
514.2		1
514.3		1
514.4		1
514.5		1
514.6		1
514.7		1
514.8		1
514.9		1
515		1
515.1		1
515.2		1
515.3		1
515.4		1
515.5		1
515.6		1
515.7		1
515.8		1
515.9		1
516		1
516.1		1
516.2		1
516.3		1
516.4		1
516.5		1
516.6		1
516.7		1
516.8		1
516.9		1
517		1
517.1		1
517.2		1
517.3		1
517.4		1
517.5		1
517.6		1
517.7		1
517.8		1
517.9		1
518		1
518.1		1
518.2		1
518.3		1
518.4		1
518.5		1
518.6		1
518.7		1
518.8		1
518.9		1
519		1
519.1		1
519.2		1
519.3		1
519.4		1
519.5		1
519.6		1
519.7		1
519.8		1
519.9		1
520		1
520.1		1
520.2		1
520.3		1
520.4		1
520.5		1
520.6		1
520.7		1
520.8		1
520.9		1
521		1
521.1		1
521.2		1
521.3		1
521.4		1
521.5		1
521.6		1
521.7		1
521.8		1
521.9		1
522		1
522.1		1
522.2		1
522.3		1
522.4		1
522.5		1
522.6		1
522.7		1
522.8		1
522.9		1
523		1
523.1		1
523.2		1
523.3		1
523.4		1
523.5		1
523.6		1
523.7		1
523.8		1
523.9		1
524		1
524.1		1
524.2		1
524.3		1
524.4		1
524.5		1
524.6		1
524.7		1
524.8		1
524.9		1
525		1
525.1		1
525.2		1
525.3		1
525.4		1
525.5		1
525.6		1
525.7		1
525.8		1
525.9		1
526		1
526.1		1
526.2		1
526.3		1
526.4		1
526.5		1
526.6		1
526.7		1
526.8		1
526.9		1
527		1
527.1		1
527.2		1
527.3		1
527.4		1
527.5		1
527.6		1
527.7		1
527.8		1
527.9		1
528		1
528.1		1
528.2		1
528.3		1
528.4		1
528.5		1
528.6		1
528.7		1
528.8		1
528.9		1
529		1
529.1		1
529.2		1
529.3		1
529.4		1
529.5		1
529.6		1
529.7		1
529.8		1
529.9		1
530		1
530.1		1
530.2		1
530.3		1
530.4		1
530.5		1
530.6		1
530.7		1
530.8		1
530.9		1
531		1
531.1		1
531.2		1
531.3		1
531.4		1
531.5		1
531.6		1
531.7		1
531.8		1
531.9		1
532		1
532.1		1
532.2		1
532.3		1
532.4		1
532.5		1
532.6		1
532.7		1
532.8		1
532.9		1
533		1
533.1		1
533.2		1
533.3		1
533.4		1
533.5		1
533.6		1
533.7		1
533.8		1
533.9		1
534		1
534.1		1
534.2		1
534.3		1
534.4		1
534.5		1
534.6		1
534.7		1
534.8		1
534.9		1
535		1
535.1		1
535.2		1
535.3		1
535.4		1
535.5		1
535.6		1
535.7		1
535.8		1
535.9		1
536		1
536.1		1
536.2		1
536.3		1
536.4		1
536.5		1
536.6		1
536.7		1
536.8		1
536.9		1
537		1
537.1		1
537.2		1
537.3		1
537.4		1
537.5		1
537.6		1
537.7		1
537.8		1
537.9		1
538		1
538.1		1
538.2		1
538.3		1
538.4		1
538.5		1
538.6		1
538.7		1
538.8		1
538.9		1
539		1
539.1		1
539.2		1
539.3		1
539.4		1
539.5		1
539.6		1
539.7		1
539.8		1
539.9		1
540		1
540.1		1
540.2		1
540.3		1
540.4		1
540.5		1
540.6		1
540.7		1
540.8		1
540.9		1
541		1
541.1		1
541.2		1
541.3		1
541.4		1
541.5		1
541.6		1
541.7		1
541.8		1
541.9		1
542		1
542.1		1
542.2		1
542.3		1
542.4		1
542.5		1
542.6		1
542.7		1
542.8		1
542.9		1
543		1
543.1		1
543.2		1
543.3		1
543.4		1
543.5		1
543.6		1
543.7		1
543.8		1
543.9		1
544		1
544.1		1
544.2		1
544.3		1
544.4		1
544.5		1
544.6		1
544.7		1
544.8		1
544.9		1
545		1
545.1		1
545.2		1
545.3		1
545.4		1
545.5		1
545.6		1
545.7		1
545.8		1
545.9		1
546		1
546.1		1
546.2		1
546.3		1
546.4		1
546.5		1
546.6		1
546.7		1
546.8		1
546.9		1
547		1
547.1		1
547.2		1
547.3		1
547.4		1
547.5		1
547.6		1
547.7		1
547.8		1
547.9		1
548		1
548.1		1
548.2		1
548.3		1
548.4		1
548.5		1
548.6		1
548.7		1
548.8		1
548.9		1
549		1
549.1		1
549.2		1
549.3		1
549.4		1
549.5		1
549.6		1
549.7		1
549.8		1
549.9		1
550		1
550.1		1
550.2		1
550.3		1
550.4		1
550.5		1
550.6		1
550.7		1
550.8		1
550.9		1
551		1
551.1		1
551.2		1
551.3		1
551.4		1
551.5		1
551.6		1
551.7		1
551.8		1
551.9		1
552		1
552.1		1
552.2		1
552.3		1
552.4		1
552.5		1
552.6		1
552.7		1
552.8		1
552.9		1
553		1
553.1		1
553.2		1
553.3		1
553.4		1
553.5		1
553.6		1
553.7		1
553.8		1
553.9		1
554		1
554.1		1
554.2		1
554.3		1
554.4		1
554.5		1
554.6		1
554.7		1
554.8		1
554.9		1
555		1
555.1		1
555.2		1
555.3		1
555.4		1
555.5		1
555.6		1
555.7		1
555.8		1
555.9		1
556		1
556.1		1
556.2		1
556.3		1
556.4		1
556.5		1
556.6		1
556.7		1
556.8		1
556.9		1
557		1
557.1		1
557.2		1
557.3		1
557.4		1
557.5		1
557.6		1
557.7		1
557.8		1
557.9		1
558		1
558.1		1
558.2		1
558.3		1
558.4		1
558.5		1
558.6		1
558.7		1
558.8		1
558.9		1
559		1
559.1		1
559.2		1
559.3		1
559.4		1
559.5		1
559.6		1
559.7		1
559.8		1
559.9		1
560		1
560.1		1
560.2		1
560.3		1
560.4		1
560.5		1
560.6		1
560.7		1
560.8		1
560.9		1
561		1
561.1		1
561.2		1
561.3		1
561.4		1
561.5		1
561.6		1
561.7		1
561.8		1
561.9		1
562		1
562.1		1
562.2		1
562.3		1
562.4		1
562.5		1
562.6		1
562.7		1
562.8		1
562.9		1
563		1
563.1		1
563.2		1
563.3		1
563.4		1
563.5		1
563.6		1
563.7		1
563.8		1
563.9		1
564		1
564.1		1
564.2		1
564.3		1
564.4		1
564.5		1
564.6		1
564.7		1
564.8		1
564.9		1
565		1
565.1		1
565.2		1
565.3		1
565.4		1
565.5		1
565.6		1
565.7		1
565.8		1
565.9		1
566		1
566.1		1
566.2		1
566.3		1
566.4		1
566.5		1
566.6		1
566.7		1
566.8		1
566.9		1
567		1
567.1		1
567.2		1
567.3		1
567.4		1
567.5		1
567.6		1
567.7		1
567.8		1
567.9		1
568		1
568.1		1
568.2		1
568.3		1
568.4		1
568.5		1
568.6		1
568.7		1
568.8		1
568.9		1
569		1
569.1		1
569.2		1
569.3		1
569.4		1
569.5		1
569.6		1
569.7		1
569.8		1
569.9		1
570		1
570.1		1
570.2		1
570.3		1
570.4		1
570.5		1
570.6		1
570.7		1
570.8		1
570.9		1
571		1
571.1		1
571.2		1
571.3		1
571.4		1
571.5		1
571.6		1
571.7		1
571.8		1
571.9		1
572		1
572.1		1
572.2		1
572.3		1
572.4		1
572.5		1
572.6		1
572.7		1
572.8		1
572.9		1
573		1
573.1		1
573.2		1
573.3		1
573.4		1
573.5		1
573.6		1
573.7		1
573.8		1
573.9		1
574		1
574.1		1
574.2		1
574.3		1
574.4		1
574.5		1
574.6		1
574.7		1
574.8		1
574.9		1
575		1
575.1		1
575.2		1
575.3		1
575.4		1
575.5		1
575.6		1
575.7		1
575.8		1
575.9		1
576		1
576.1		1
576.2		1
576.3		1
576.4		1
576.5		1
576.6		1
576.7		1
576.8		1
576.9		1
577		1
577.1		1
577.2		1
577.3		1
577.4		1
577.5		1
577.6		1
577.7		1
577.8		1
577.9		1
578		1
578.1		1
578.2		1
578.3		1
578.4		1
578.5		1
578.6		1
578.7		1
578.8		1
578.9		1
579		1
579.1		1
579.2		1
579.3		1
579.4		1
579.5		1
579.6		1
579.7		1
579.8		1
579.9		1
580		1
580.1		1
580.2		1
580.3		1
580.4		1
580.5		1
580.6		1
580.7		1
580.8		1
580.9		1
581		1
581.1		1
581.2		1
581.3		1
581.4		1
581.5		1
581.6		1
581.7		1
581.8		1
581.9		1
582		1
582.1		1
582.2		1
582.3		1
582.4		1
582.5		1
582.6		1
582.7		1
582.8		1
582.9		1
583		1
583.1		1
583.2		1
583.3		1
583.4		1
583.5		1
583.6		1
583.7		1
583.8		1
583.9		1
584		1
584.1		1
584.2		1
584.3		1
584.4		1
584.5		1
584.6		1
584.7		1
584.8		1
584.9		1
585		1
585.1		1
585.2		1
585.3		1
585.4		1
585.5		1
585.6		1
585.7		1
585.8		1
585.9		1
586		1
586.1		1
586.2		1
586.3		1
586.4		1
586.5		1
586.6		1
586.7		1
586.8		1
586.9		1
587		1
587.1		1
587.2		1
587.3		1
587.4		1
587.5		1
587.6		1
587.7		1
587.8		1
587.9		1
588		1
588.1		1
588.2		1
588.3		1
588.4		1
588.5		1
588.6		1
588.7		1
588.8		1
588.9		1
589		1
589.1		1
589.2		1
589.3		1
589.4		1
589.5		1
589.6		1
589.7		1
589.8		1
589.9		1
590		1
590.1		1
590.2		1
590.3		1
590.4		1
590.5		1
590.6		1
590.7		1
590.8		1
590.9		1
591		1
591.1		1
591.2		1
591.3		1
591.4		1
591.5		1
591.6		1
591.7		1
591.8		1
591.9		1
592		1
592.1		1
592.2		1
592.3		1
592.4		1
592.5		1
592.6		1
592.7		1
592.8		1
592.9		1
593		1
593.1		1
593.2		1
593.3		1
593.4		1
593.5		1
593.6		1
593.7		1
593.8		1
593.9		1
594		1
594.1		1
594.2		1
594.3		1
594.4		1
594.5		1
594.6		1
594.7		1
594.8		1
594.9		1
595		1
595.1		1
595.2		1
595.3		1
595.4		1
595.5		1
595.6		1
595.7		1
595.8		1
595.9		1
596		1
596.1		1
596.2		1
596.3		1
596.4		1
596.5		1
596.6		1
596.7		1
596.8		1
596.9		1
597		1
597.1		1
597.2		1
597.3		1
597.4		1
597.5		1
597.6		1
597.7		1
597.8		1
597.9		1
598		1
598.1		1
598.2		1
598.3		1
598.4		1
598.5		1
598.6		1
598.7		1
598.8		1
598.9		1
599		1
599.1		1
599.2		1
599.3		1
599.4		1
599.5		1
599.6		1
599.7		1
599.8		1
599.9		1
600		1
