# Calibration file of tamex_id 0 @ channel 61
# fine_T bin		 Calibration value
0.1		0
0.2		0
0.3		0
0.4		0
0.5		0
0.6		0
0.7		0
0.8		0
0.9		0
1		0
1.1		0
1.2		0
1.3		0
1.4		0
1.5		0
1.6		0
1.7		0
1.8		0
1.9		0
2		0
2.1		0
2.2		0
2.3		0
2.4		0
2.5		0
2.6		0
2.7		0
2.8		0
2.9		0
3		0
3.1		0
3.2		0
3.3		0
3.4		0
3.5		0
3.6		0
3.7		0
3.8		0
3.9		0
4		0
4.1		0
4.2		0
4.3		0
4.4		0
4.5		0
4.6		0
4.7		0
4.8		0
4.9		0
5		0
5.1		0
5.2		0
5.3		0
5.4		0
5.5		0
5.6		0
5.7		0
5.8		0
5.9		0
6		0
6.1		0
6.2		0
6.3		0
6.4		0
6.5		0
6.6		0
6.7		0
6.8		0
6.9		0
7		0
7.1		0
7.2		0
7.3		0
7.4		0
7.5		0
7.6		0
7.7		0
7.8		0
7.9		0
8		0
8.1		0
8.2		0
8.3		0
8.4		0
8.5		0
8.6		0
8.7		0
8.8		0
8.9		0
9		0
9.1		0
9.2		0
9.3		0
9.4		0
9.5		0
9.6		0
9.7		0
9.8		0
9.9		0
10		0
10.1		0
10.2		0
10.3		0
10.4		0
10.5		0
10.6		0
10.7		0
10.8		0
10.9		0
11		0
11.1		0
11.2		0
11.3		0
11.4		0
11.5		0
11.6		0
11.7		0
11.8		0
11.9		0
12		0
12.1		0
12.2		0
12.3		0
12.4		0
12.5		0
12.6		0
12.7		0
12.8		0
12.9		0
13		0
13.1		0
13.2		0
13.3		0
13.4		0
13.5		0
13.6		0
13.7		0
13.8		0
13.9		0
14		0
14.1		0
14.2		0
14.3		0
14.4		0
14.5		0
14.6		0
14.7		0
14.8		0
14.9		0
15		0
15.1		0
15.2		0
15.3		0
15.4		0
15.5		0
15.6		0
15.7		0
15.8		0
15.9		0
16		0
16.1		0.00502476
16.2		0.00502476
16.3		0.00502476
16.4		0.00502476
16.5		0.00502476
16.6		0.00502476
16.7		0.00502476
16.8		0.00502476
16.9		0.00502476
17		0.00502476
17.1		0.00794549
17.2		0.00794549
17.3		0.00794549
17.4		0.00794549
17.5		0.00794549
17.6		0.00794549
17.7		0.00794549
17.8		0.00794549
17.9		0.00794549
18		0.00794549
18.1		0.0084715
18.2		0.0084715
18.3		0.0084715
18.4		0.0084715
18.5		0.0084715
18.6		0.0084715
18.7		0.0084715
18.8		0.0084715
18.9		0.0084715
19		0.0084715
19.1		0.011631
19.2		0.011631
19.3		0.011631
19.4		0.011631
19.5		0.011631
19.6		0.011631
19.7		0.011631
19.8		0.011631
19.9		0.011631
20		0.011631
20.1		0.0119182
20.2		0.0119182
20.3		0.0119182
20.4		0.0119182
20.5		0.0119182
20.6		0.0119182
20.7		0.0119182
20.8		0.0119182
20.9		0.0119182
21		0.0119182
21.1		0.0187702
21.2		0.0187702
21.3		0.0187702
21.4		0.0187702
21.5		0.0187702
21.6		0.0187702
21.7		0.0187702
21.8		0.0187702
21.9		0.0187702
22		0.0187702
22.1		0.0190505
22.2		0.0190505
22.3		0.0190505
22.4		0.0190505
22.5		0.0190505
22.6		0.0190505
22.7		0.0190505
22.8		0.0190505
22.9		0.0190505
23		0.0190505
23.1		0.0218224
23.2		0.0218224
23.3		0.0218224
23.4		0.0218224
23.5		0.0218224
23.6		0.0218224
23.7		0.0218224
23.8		0.0218224
23.9		0.0218224
24		0.0218224
24.1		0.0224246
24.2		0.0224246
24.3		0.0224246
24.4		0.0224246
24.5		0.0224246
24.6		0.0224246
24.7		0.0224246
24.8		0.0224246
24.9		0.0224246
25		0.0224246
25.1		0.0242552
25.2		0.0242552
25.3		0.0242552
25.4		0.0242552
25.5		0.0242552
25.6		0.0242552
25.7		0.0242552
25.8		0.0242552
25.9		0.0242552
26		0.0242552
26.1		0.0264319
26.2		0.0264319
26.3		0.0264319
26.4		0.0264319
26.5		0.0264319
26.6		0.0264319
26.7		0.0264319
26.8		0.0264319
26.9		0.0264319
27		0.0264319
27.1		0.0327405
27.2		0.0327405
27.3		0.0327405
27.4		0.0327405
27.5		0.0327405
27.6		0.0327405
27.7		0.0327405
27.8		0.0327405
27.9		0.0327405
28		0.0327405
28.1		0.0330451
28.2		0.0330451
28.3		0.0330451
28.4		0.0330451
28.5		0.0330451
28.6		0.0330451
28.7		0.0330451
28.8		0.0330451
28.9		0.0330451
29		0.0330451
29.1		0.0338964
29.2		0.0338964
29.3		0.0338964
29.4		0.0338964
29.5		0.0338964
29.6		0.0338964
29.7		0.0338964
29.8		0.0338964
29.9		0.0338964
30		0.0338964
30.1		0.03472
30.2		0.03472
30.3		0.03472
30.4		0.03472
30.5		0.03472
30.6		0.03472
30.7		0.03472
30.8		0.03472
30.9		0.03472
31		0.03472
31.1		0.0351041
31.2		0.0351041
31.3		0.0351041
31.4		0.0351041
31.5		0.0351041
31.6		0.0351041
31.7		0.0351041
31.8		0.0351041
31.9		0.0351041
32		0.0351041
32.1		0.0355263
32.2		0.0355263
32.3		0.0355263
32.4		0.0355263
32.5		0.0355263
32.6		0.0355263
32.7		0.0355263
32.8		0.0355263
32.9		0.0355263
33		0.0355263
33.1		0.0427901
33.2		0.0427901
33.3		0.0427901
33.4		0.0427901
33.5		0.0427901
33.6		0.0427901
33.7		0.0427901
33.8		0.0427901
33.9		0.0427901
34		0.0427901
34.1		0.0444304
34.2		0.0444304
34.3		0.0444304
34.4		0.0444304
34.5		0.0444304
34.6		0.0444304
34.7		0.0444304
34.8		0.0444304
34.9		0.0444304
35		0.0444304
35.1		0.0457142
35.2		0.0457142
35.3		0.0457142
35.4		0.0457142
35.5		0.0457142
35.6		0.0457142
35.7		0.0457142
35.8		0.0457142
35.9		0.0457142
36		0.0457142
36.1		0.0458838
36.2		0.0458838
36.3		0.0458838
36.4		0.0458838
36.5		0.0458838
36.6		0.0458838
36.7		0.0458838
36.8		0.0458838
36.9		0.0458838
37		0.0458838
37.1		0.0473857
37.2		0.0473857
37.3		0.0473857
37.4		0.0473857
37.5		0.0473857
37.6		0.0473857
37.7		0.0473857
37.8		0.0473857
37.9		0.0473857
38		0.0473857
38.1		0.0513238
38.2		0.0513238
38.3		0.0513238
38.4		0.0513238
38.5		0.0513238
38.6		0.0513238
38.7		0.0513238
38.8		0.0513238
38.9		0.0513238
39		0.0513238
39.1		0.0537878
39.2		0.0537878
39.3		0.0537878
39.4		0.0537878
39.5		0.0537878
39.6		0.0537878
39.7		0.0537878
39.8		0.0537878
39.9		0.0537878
40		0.0537878
40.1		0.0557361
40.2		0.0557361
40.3		0.0557361
40.4		0.0557361
40.5		0.0557361
40.6		0.0557361
40.7		0.0557361
40.8		0.0557361
40.9		0.0557361
41		0.0557361
41.1		0.0569473
41.2		0.0569473
41.3		0.0569473
41.4		0.0569473
41.5		0.0569473
41.6		0.0569473
41.7		0.0569473
41.8		0.0569473
41.9		0.0569473
42		0.0569473
42.1		0.0582346
42.2		0.0582346
42.3		0.0582346
42.4		0.0582346
42.5		0.0582346
42.6		0.0582346
42.7		0.0582346
42.8		0.0582346
42.9		0.0582346
43		0.0582346
43.1		0.060311
43.2		0.060311
43.3		0.060311
43.4		0.060311
43.5		0.060311
43.6		0.060311
43.7		0.060311
43.8		0.060311
43.9		0.060311
44		0.060311
44.1		0.0640069
44.2		0.0640069
44.3		0.0640069
44.4		0.0640069
44.5		0.0640069
44.6		0.0640069
44.7		0.0640069
44.8		0.0640069
44.9		0.0640069
45		0.0640069
45.1		0.0648789
45.2		0.0648789
45.3		0.0648789
45.4		0.0648789
45.5		0.0648789
45.6		0.0648789
45.7		0.0648789
45.8		0.0648789
45.9		0.0648789
46		0.0648789
46.1		0.0690524
46.2		0.0690524
46.3		0.0690524
46.4		0.0690524
46.5		0.0690524
46.6		0.0690524
46.7		0.0690524
46.8		0.0690524
46.9		0.0690524
47		0.0690524
47.1		0.0702671
47.2		0.0702671
47.3		0.0702671
47.4		0.0702671
47.5		0.0702671
47.6		0.0702671
47.7		0.0702671
47.8		0.0702671
47.9		0.0702671
48		0.0702671
48.1		0.0729663
48.2		0.0729663
48.3		0.0729663
48.4		0.0729663
48.5		0.0729663
48.6		0.0729663
48.7		0.0729663
48.8		0.0729663
48.9		0.0729663
49		0.0729663
49.1		0.0732224
49.2		0.0732224
49.3		0.0732224
49.4		0.0732224
49.5		0.0732224
49.6		0.0732224
49.7		0.0732224
49.8		0.0732224
49.9		0.0732224
50		0.0732224
50.1		0.0770567
50.2		0.0770567
50.3		0.0770567
50.4		0.0770567
50.5		0.0770567
50.6		0.0770567
50.7		0.0770567
50.8		0.0770567
50.9		0.0770567
51		0.0770567
51.1		0.0804515
51.2		0.0804515
51.3		0.0804515
51.4		0.0804515
51.5		0.0804515
51.6		0.0804515
51.7		0.0804515
51.8		0.0804515
51.9		0.0804515
52		0.0804515
52.1		0.0828428
52.2		0.0828428
52.3		0.0828428
52.4		0.0828428
52.5		0.0828428
52.6		0.0828428
52.7		0.0828428
52.8		0.0828428
52.9		0.0828428
53		0.0828428
53.1		0.0829881
53.2		0.0829881
53.3		0.0829881
53.4		0.0829881
53.5		0.0829881
53.6		0.0829881
53.7		0.0829881
53.8		0.0829881
53.9		0.0829881
54		0.0829881
54.1		0.0837252
54.2		0.0837252
54.3		0.0837252
54.4		0.0837252
54.5		0.0837252
54.6		0.0837252
54.7		0.0837252
54.8		0.0837252
54.9		0.0837252
55		0.0837252
55.1		0.0844416
55.2		0.0844416
55.3		0.0844416
55.4		0.0844416
55.5		0.0844416
55.6		0.0844416
55.7		0.0844416
55.8		0.0844416
55.9		0.0844416
56		0.0844416
56.1		0.0882828
56.2		0.0882828
56.3		0.0882828
56.4		0.0882828
56.5		0.0882828
56.6		0.0882828
56.7		0.0882828
56.8		0.0882828
56.9		0.0882828
57		0.0882828
57.1		0.0918299
57.2		0.0918299
57.3		0.0918299
57.4		0.0918299
57.5		0.0918299
57.6		0.0918299
57.7		0.0918299
57.8		0.0918299
57.9		0.0918299
58		0.0918299
58.1		0.0947714
58.2		0.0947714
58.3		0.0947714
58.4		0.0947714
58.5		0.0947714
58.6		0.0947714
58.7		0.0947714
58.8		0.0947714
58.9		0.0947714
59		0.0947714
59.1		0.0952663
59.2		0.0952663
59.3		0.0952663
59.4		0.0952663
59.5		0.0952663
59.6		0.0952663
59.7		0.0952663
59.8		0.0952663
59.9		0.0952663
60		0.0952663
60.1		0.0961591
60.2		0.0961591
60.3		0.0961591
60.4		0.0961591
60.5		0.0961591
60.6		0.0961591
60.7		0.0961591
60.8		0.0961591
60.9		0.0961591
61		0.0961591
61.1		0.100447
61.2		0.100447
61.3		0.100447
61.4		0.100447
61.5		0.100447
61.6		0.100447
61.7		0.100447
61.8		0.100447
61.9		0.100447
62		0.100447
62.1		0.10163
62.2		0.10163
62.3		0.10163
62.4		0.10163
62.5		0.10163
62.6		0.10163
62.7		0.10163
62.8		0.10163
62.9		0.10163
63		0.10163
63.1		0.105042
63.2		0.105042
63.3		0.105042
63.4		0.105042
63.5		0.105042
63.6		0.105042
63.7		0.105042
63.8		0.105042
63.9		0.105042
64		0.105042
64.1		0.105347
64.2		0.105347
64.3		0.105347
64.4		0.105347
64.5		0.105347
64.6		0.105347
64.7		0.105347
64.8		0.105347
64.9		0.105347
65		0.105347
65.1		0.107274
65.2		0.107274
65.3		0.107274
65.4		0.107274
65.5		0.107274
65.6		0.107274
65.7		0.107274
65.8		0.107274
65.9		0.107274
66		0.107274
66.1		0.110988
66.2		0.110988
66.3		0.110988
66.4		0.110988
66.5		0.110988
66.6		0.110988
66.7		0.110988
66.8		0.110988
66.9		0.110988
67		0.110988
67.1		0.111856
67.2		0.111856
67.3		0.111856
67.4		0.111856
67.5		0.111856
67.6		0.111856
67.7		0.111856
67.8		0.111856
67.9		0.111856
68		0.111856
68.1		0.113621
68.2		0.113621
68.3		0.113621
68.4		0.113621
68.5		0.113621
68.6		0.113621
68.7		0.113621
68.8		0.113621
68.9		0.113621
69		0.113621
69.1		0.116954
69.2		0.116954
69.3		0.116954
69.4		0.116954
69.5		0.116954
69.6		0.116954
69.7		0.116954
69.8		0.116954
69.9		0.116954
70		0.116954
70.1		0.118771
70.2		0.118771
70.3		0.118771
70.4		0.118771
70.5		0.118771
70.6		0.118771
70.7		0.118771
70.8		0.118771
70.9		0.118771
71		0.118771
71.1		0.119508
71.2		0.119508
71.3		0.119508
71.4		0.119508
71.5		0.119508
71.6		0.119508
71.7		0.119508
71.8		0.119508
71.9		0.119508
72		0.119508
72.1		0.126148
72.2		0.126148
72.3		0.126148
72.4		0.126148
72.5		0.126148
72.6		0.126148
72.7		0.126148
72.8		0.126148
72.9		0.126148
73		0.126148
73.1		0.126415
73.2		0.126415
73.3		0.126415
73.4		0.126415
73.5		0.126415
73.6		0.126415
73.7		0.126415
73.8		0.126415
73.9		0.126415
74		0.126415
74.1		0.128124
74.2		0.128124
74.3		0.128124
74.4		0.128124
74.5		0.128124
74.6		0.128124
74.7		0.128124
74.8		0.128124
74.9		0.128124
75		0.128124
75.1		0.129381
75.2		0.129381
75.3		0.129381
75.4		0.129381
75.5		0.129381
75.6		0.129381
75.7		0.129381
75.8		0.129381
75.9		0.129381
76		0.129381
76.1		0.130543
76.2		0.130543
76.3		0.130543
76.4		0.130543
76.5		0.130543
76.6		0.130543
76.7		0.130543
76.8		0.130543
76.9		0.130543
77		0.130543
77.1		0.134873
77.2		0.134873
77.3		0.134873
77.4		0.134873
77.5		0.134873
77.6		0.134873
77.7		0.134873
77.8		0.134873
77.9		0.134873
78		0.134873
78.1		0.13761
78.2		0.13761
78.3		0.13761
78.4		0.13761
78.5		0.13761
78.6		0.13761
78.7		0.13761
78.8		0.13761
78.9		0.13761
79		0.13761
79.1		0.138966
79.2		0.138966
79.3		0.138966
79.4		0.138966
79.5		0.138966
79.6		0.138966
79.7		0.138966
79.8		0.138966
79.9		0.138966
80		0.138966
80.1		0.14079
80.2		0.14079
80.3		0.14079
80.4		0.14079
80.5		0.14079
80.6		0.14079
80.7		0.14079
80.8		0.14079
80.9		0.14079
81		0.14079
81.1		0.144095
81.2		0.144095
81.3		0.144095
81.4		0.144095
81.5		0.144095
81.6		0.144095
81.7		0.144095
81.8		0.144095
81.9		0.144095
82		0.144095
82.1		0.144386
82.2		0.144386
82.3		0.144386
82.4		0.144386
82.5		0.144386
82.6		0.144386
82.7		0.144386
82.8		0.144386
82.9		0.144386
83		0.144386
83.1		0.145178
83.2		0.145178
83.3		0.145178
83.4		0.145178
83.5		0.145178
83.6		0.145178
83.7		0.145178
83.8		0.145178
83.9		0.145178
84		0.145178
84.1		0.150279
84.2		0.150279
84.3		0.150279
84.4		0.150279
84.5		0.150279
84.6		0.150279
84.7		0.150279
84.8		0.150279
84.9		0.150279
85		0.150279
85.1		0.150888
85.2		0.150888
85.3		0.150888
85.4		0.150888
85.5		0.150888
85.6		0.150888
85.7		0.150888
85.8		0.150888
85.9		0.150888
86		0.150888
86.1		0.153352
86.2		0.153352
86.3		0.153352
86.4		0.153352
86.5		0.153352
86.6		0.153352
86.7		0.153352
86.8		0.153352
86.9		0.153352
87		0.153352
87.1		0.155024
87.2		0.155024
87.3		0.155024
87.4		0.155024
87.5		0.155024
87.6		0.155024
87.7		0.155024
87.8		0.155024
87.9		0.155024
88		0.155024
88.1		0.156439
88.2		0.156439
88.3		0.156439
88.4		0.156439
88.5		0.156439
88.6		0.156439
88.7		0.156439
88.8		0.156439
88.9		0.156439
89		0.156439
89.1		0.159602
89.2		0.159602
89.3		0.159602
89.4		0.159602
89.5		0.159602
89.6		0.159602
89.7		0.159602
89.8		0.159602
89.9		0.159602
90		0.159602
90.1		0.161163
90.2		0.161163
90.3		0.161163
90.4		0.161163
90.5		0.161163
90.6		0.161163
90.7		0.161163
90.8		0.161163
90.9		0.161163
91		0.161163
91.1		0.163689
91.2		0.163689
91.3		0.163689
91.4		0.163689
91.5		0.163689
91.6		0.163689
91.7		0.163689
91.8		0.163689
91.9		0.163689
92		0.163689
92.1		0.165509
92.2		0.165509
92.3		0.165509
92.4		0.165509
92.5		0.165509
92.6		0.165509
92.7		0.165509
92.8		0.165509
92.9		0.165509
93		0.165509
93.1		0.166772
93.2		0.166772
93.3		0.166772
93.4		0.166772
93.5		0.166772
93.6		0.166772
93.7		0.166772
93.8		0.166772
93.9		0.166772
94		0.166772
94.1		0.167035
94.2		0.167035
94.3		0.167035
94.4		0.167035
94.5		0.167035
94.6		0.167035
94.7		0.167035
94.8		0.167035
94.9		0.167035
95		0.167035
95.1		0.172001
95.2		0.172001
95.3		0.172001
95.4		0.172001
95.5		0.172001
95.6		0.172001
95.7		0.172001
95.8		0.172001
95.9		0.172001
96		0.172001
96.1		0.173894
96.2		0.173894
96.3		0.173894
96.4		0.173894
96.5		0.173894
96.6		0.173894
96.7		0.173894
96.8		0.173894
96.9		0.173894
97		0.173894
97.1		0.17731
97.2		0.17731
97.3		0.17731
97.4		0.17731
97.5		0.17731
97.6		0.17731
97.7		0.17731
97.8		0.17731
97.9		0.17731
98		0.17731
98.1		0.179853
98.2		0.179853
98.3		0.179853
98.4		0.179853
98.5		0.179853
98.6		0.179853
98.7		0.179853
98.8		0.179853
98.9		0.179853
99		0.179853
99.1		0.180417
99.2		0.180417
99.3		0.180417
99.4		0.180417
99.5		0.180417
99.6		0.180417
99.7		0.180417
99.8		0.180417
99.9		0.180417
100		0.180417
100.1		0.181179
100.2		0.181179
100.3		0.181179
100.4		0.181179
100.5		0.181179
100.6		0.181179
100.7		0.181179
100.8		0.181179
100.9		0.181179
101		0.181179
101.1		0.185882
101.2		0.185882
101.3		0.185882
101.4		0.185882
101.5		0.185882
101.6		0.185882
101.7		0.185882
101.8		0.185882
101.9		0.185882
102		0.185882
102.1		0.189612
102.2		0.189612
102.3		0.189612
102.4		0.189612
102.5		0.189612
102.6		0.189612
102.7		0.189612
102.8		0.189612
102.9		0.189612
103		0.189612
103.1		0.189913
103.2		0.189913
103.3		0.189913
103.4		0.189913
103.5		0.189913
103.6		0.189913
103.7		0.189913
103.8		0.189913
103.9		0.189913
104		0.189913
104.1		0.19309
104.2		0.19309
104.3		0.19309
104.4		0.19309
104.5		0.19309
104.6		0.19309
104.7		0.19309
104.8		0.19309
104.9		0.19309
105		0.19309
105.1		0.193259
105.2		0.193259
105.3		0.193259
105.4		0.193259
105.5		0.193259
105.6		0.193259
105.7		0.193259
105.8		0.193259
105.9		0.193259
106		0.193259
106.1		0.198353
106.2		0.198353
106.3		0.198353
106.4		0.198353
106.5		0.198353
106.6		0.198353
106.7		0.198353
106.8		0.198353
106.9		0.198353
107		0.198353
107.1		0.198596
107.2		0.198596
107.3		0.198596
107.4		0.198596
107.5		0.198596
107.6		0.198596
107.7		0.198596
107.8		0.198596
107.9		0.198596
108		0.198596
108.1		0.200959
108.2		0.200959
108.3		0.200959
108.4		0.200959
108.5		0.200959
108.6		0.200959
108.7		0.200959
108.8		0.200959
108.9		0.200959
109		0.200959
109.1		0.201461
109.2		0.201461
109.3		0.201461
109.4		0.201461
109.5		0.201461
109.6		0.201461
109.7		0.201461
109.8		0.201461
109.9		0.201461
110		0.201461
110.1		0.207489
110.2		0.207489
110.3		0.207489
110.4		0.207489
110.5		0.207489
110.6		0.207489
110.7		0.207489
110.8		0.207489
110.9		0.207489
111		0.207489
111.1		0.207773
111.2		0.207773
111.3		0.207773
111.4		0.207773
111.5		0.207773
111.6		0.207773
111.7		0.207773
111.8		0.207773
111.9		0.207773
112		0.207773
112.1		0.20933
112.2		0.20933
112.3		0.20933
112.4		0.20933
112.5		0.20933
112.6		0.20933
112.7		0.20933
112.8		0.20933
112.9		0.20933
113		0.20933
113.1		0.209732
113.2		0.209732
113.3		0.209732
113.4		0.209732
113.5		0.209732
113.6		0.209732
113.7		0.209732
113.8		0.209732
113.9		0.209732
114		0.209732
114.1		0.215473
114.2		0.215473
114.3		0.215473
114.4		0.215473
114.5		0.215473
114.6		0.215473
114.7		0.215473
114.8		0.215473
114.9		0.215473
115		0.215473
115.1		0.21622
115.2		0.21622
115.3		0.21622
115.4		0.21622
115.5		0.21622
115.6		0.21622
115.7		0.21622
115.8		0.21622
115.9		0.21622
116		0.21622
116.1		0.21674
116.2		0.21674
116.3		0.21674
116.4		0.21674
116.5		0.21674
116.6		0.21674
116.7		0.21674
116.8		0.21674
116.9		0.21674
117		0.21674
117.1		0.219968
117.2		0.219968
117.3		0.219968
117.4		0.219968
117.5		0.219968
117.6		0.219968
117.7		0.219968
117.8		0.219968
117.9		0.219968
118		0.219968
118.1		0.222747
118.2		0.222747
118.3		0.222747
118.4		0.222747
118.5		0.222747
118.6		0.222747
118.7		0.222747
118.8		0.222747
118.9		0.222747
119		0.222747
119.1		0.224398
119.2		0.224398
119.3		0.224398
119.4		0.224398
119.5		0.224398
119.6		0.224398
119.7		0.224398
119.8		0.224398
119.9		0.224398
120		0.224398
120.1		0.226633
120.2		0.226633
120.3		0.226633
120.4		0.226633
120.5		0.226633
120.6		0.226633
120.7		0.226633
120.8		0.226633
120.9		0.226633
121		0.226633
121.1		0.228371
121.2		0.228371
121.3		0.228371
121.4		0.228371
121.5		0.228371
121.6		0.228371
121.7		0.228371
121.8		0.228371
121.9		0.228371
122		0.228371
122.1		0.228876
122.2		0.228876
122.3		0.228876
122.4		0.228876
122.5		0.228876
122.6		0.228876
122.7		0.228876
122.8		0.228876
122.9		0.228876
123		0.228876
123.1		0.233997
123.2		0.233997
123.3		0.233997
123.4		0.233997
123.5		0.233997
123.6		0.233997
123.7		0.233997
123.8		0.233997
123.9		0.233997
124		0.233997
124.1		0.234222
124.2		0.234222
124.3		0.234222
124.4		0.234222
124.5		0.234222
124.6		0.234222
124.7		0.234222
124.8		0.234222
124.9		0.234222
125		0.234222
125.1		0.236371
125.2		0.236371
125.3		0.236371
125.4		0.236371
125.5		0.236371
125.6		0.236371
125.7		0.236371
125.8		0.236371
125.9		0.236371
126		0.236371
126.1		0.239621
126.2		0.239621
126.3		0.239621
126.4		0.239621
126.5		0.239621
126.6		0.239621
126.7		0.239621
126.8		0.239621
126.9		0.239621
127		0.239621
127.1		0.240303
127.2		0.240303
127.3		0.240303
127.4		0.240303
127.5		0.240303
127.6		0.240303
127.7		0.240303
127.8		0.240303
127.9		0.240303
128		0.240303
128.1		0.243268
128.2		0.243268
128.3		0.243268
128.4		0.243268
128.5		0.243268
128.6		0.243268
128.7		0.243268
128.8		0.243268
128.9		0.243268
129		0.243268
129.1		0.246237
129.2		0.246237
129.3		0.246237
129.4		0.246237
129.5		0.246237
129.6		0.246237
129.7		0.246237
129.8		0.246237
129.9		0.246237
130		0.246237
130.1		0.246601
130.2		0.246601
130.3		0.246601
130.4		0.246601
130.5		0.246601
130.6		0.246601
130.7		0.246601
130.8		0.246601
130.9		0.246601
131		0.246601
131.1		0.25029
131.2		0.25029
131.3		0.25029
131.4		0.25029
131.5		0.25029
131.6		0.25029
131.7		0.25029
131.8		0.25029
131.9		0.25029
132		0.25029
132.1		0.251307
132.2		0.251307
132.3		0.251307
132.4		0.251307
132.5		0.251307
132.6		0.251307
132.7		0.251307
132.8		0.251307
132.9		0.251307
133		0.251307
133.1		0.251937
133.2		0.251937
133.3		0.251937
133.4		0.251937
133.5		0.251937
133.6		0.251937
133.7		0.251937
133.8		0.251937
133.9		0.251937
134		0.251937
134.1		0.253771
134.2		0.253771
134.3		0.253771
134.4		0.253771
134.5		0.253771
134.6		0.253771
134.7		0.253771
134.8		0.253771
134.9		0.253771
135		0.253771
135.1		0.257318
135.2		0.257318
135.3		0.257318
135.4		0.257318
135.5		0.257318
135.6		0.257318
135.7		0.257318
135.8		0.257318
135.9		0.257318
136		0.257318
136.1		0.260564
136.2		0.260564
136.3		0.260564
136.4		0.260564
136.5		0.260564
136.6		0.260564
136.7		0.260564
136.8		0.260564
136.9		0.260564
137		0.260564
137.1		0.260713
137.2		0.260713
137.3		0.260713
137.4		0.260713
137.5		0.260713
137.6		0.260713
137.7		0.260713
137.8		0.260713
137.9		0.260713
138		0.260713
138.1		0.261893
138.2		0.261893
138.3		0.261893
138.4		0.261893
138.5		0.261893
138.6		0.261893
138.7		0.261893
138.8		0.261893
138.9		0.261893
139		0.261893
139.1		0.263482
139.2		0.263482
139.3		0.263482
139.4		0.263482
139.5		0.263482
139.6		0.263482
139.7		0.263482
139.8		0.263482
139.9		0.263482
140		0.263482
140.1		0.26834
140.2		0.26834
140.3		0.26834
140.4		0.26834
140.5		0.26834
140.6		0.26834
140.7		0.26834
140.8		0.26834
140.9		0.26834
141		0.26834
141.1		0.269794
141.2		0.269794
141.3		0.269794
141.4		0.269794
141.5		0.269794
141.6		0.269794
141.7		0.269794
141.8		0.269794
141.9		0.269794
142		0.269794
142.1		0.271891
142.2		0.271891
142.3		0.271891
142.4		0.271891
142.5		0.271891
142.6		0.271891
142.7		0.271891
142.8		0.271891
142.9		0.271891
143		0.271891
143.1		0.27414
143.2		0.27414
143.3		0.27414
143.4		0.27414
143.5		0.27414
143.6		0.27414
143.7		0.27414
143.8		0.27414
143.9		0.27414
144		0.27414
144.1		0.274978
144.2		0.274978
144.3		0.274978
144.4		0.274978
144.5		0.274978
144.6		0.274978
144.7		0.274978
144.8		0.274978
144.9		0.274978
145		0.274978
145.1		0.278936
145.2		0.278936
145.3		0.278936
145.4		0.278936
145.5		0.278936
145.6		0.278936
145.7		0.278936
145.8		0.278936
145.9		0.278936
146		0.278936
146.1		0.280099
146.2		0.280099
146.3		0.280099
146.4		0.280099
146.5		0.280099
146.6		0.280099
146.7		0.280099
146.8		0.280099
146.9		0.280099
147		0.280099
147.1		0.282864
147.2		0.282864
147.3		0.282864
147.4		0.282864
147.5		0.282864
147.6		0.282864
147.7		0.282864
147.8		0.282864
147.9		0.282864
148		0.282864
148.1		0.285408
148.2		0.285408
148.3		0.285408
148.4		0.285408
148.5		0.285408
148.6		0.285408
148.7		0.285408
148.8		0.285408
148.9		0.285408
149		0.285408
149.1		0.286667
149.2		0.286667
149.3		0.286667
149.4		0.286667
149.5		0.286667
149.6		0.286667
149.7		0.286667
149.8		0.286667
149.9		0.286667
150		0.286667
150.1		0.289872
150.2		0.289872
150.3		0.289872
150.4		0.289872
150.5		0.289872
150.6		0.289872
150.7		0.289872
150.8		0.289872
150.9		0.289872
151		0.289872
151.1		0.29099
151.2		0.29099
151.3		0.29099
151.4		0.29099
151.5		0.29099
151.6		0.29099
151.7		0.29099
151.8		0.29099
151.9		0.29099
152		0.29099
152.1		0.291661
152.2		0.291661
152.3		0.291661
152.4		0.291661
152.5		0.291661
152.6		0.291661
152.7		0.291661
152.8		0.291661
152.9		0.291661
153		0.291661
153.1		0.296405
153.2		0.296405
153.3		0.296405
153.4		0.296405
153.5		0.296405
153.6		0.296405
153.7		0.296405
153.8		0.296405
153.9		0.296405
154		0.296405
154.1		0.2967
154.2		0.2967
154.3		0.2967
154.4		0.2967
154.5		0.2967
154.6		0.2967
154.7		0.2967
154.8		0.2967
154.9		0.2967
155		0.2967
155.1		0.297025
155.2		0.297025
155.3		0.297025
155.4		0.297025
155.5		0.297025
155.6		0.297025
155.7		0.297025
155.8		0.297025
155.9		0.297025
156		0.297025
156.1		0.301326
156.2		0.301326
156.3		0.301326
156.4		0.301326
156.5		0.301326
156.6		0.301326
156.7		0.301326
156.8		0.301326
156.9		0.301326
157		0.301326
157.1		0.303143
157.2		0.303143
157.3		0.303143
157.4		0.303143
157.5		0.303143
157.6		0.303143
157.7		0.303143
157.8		0.303143
157.9		0.303143
158		0.303143
158.1		0.303659
158.2		0.303659
158.3		0.303659
158.4		0.303659
158.5		0.303659
158.6		0.303659
158.7		0.303659
158.8		0.303659
158.9		0.303659
159		0.303659
159.1		0.307192
159.2		0.307192
159.3		0.307192
159.4		0.307192
159.5		0.307192
159.6		0.307192
159.7		0.307192
159.8		0.307192
159.9		0.307192
160		0.307192
160.1		0.308715
160.2		0.308715
160.3		0.308715
160.4		0.308715
160.5		0.308715
160.6		0.308715
160.7		0.308715
160.8		0.308715
160.9		0.308715
161		0.308715
161.1		0.310732
161.2		0.310732
161.3		0.310732
161.4		0.310732
161.5		0.310732
161.6		0.310732
161.7		0.310732
161.8		0.310732
161.9		0.310732
162		0.310732
162.1		0.315705
162.2		0.315705
162.3		0.315705
162.4		0.315705
162.5		0.315705
162.6		0.315705
162.7		0.315705
162.8		0.315705
162.9		0.315705
163		0.315705
163.1		0.317615
163.2		0.317615
163.3		0.317615
163.4		0.317615
163.5		0.317615
163.6		0.317615
163.7		0.317615
163.8		0.317615
163.9		0.317615
164		0.317615
164.1		0.319526
164.2		0.319526
164.3		0.319526
164.4		0.319526
164.5		0.319526
164.6		0.319526
164.7		0.319526
164.8		0.319526
164.9		0.319526
165		0.319526
165.1		0.322014
165.2		0.322014
165.3		0.322014
165.4		0.322014
165.5		0.322014
165.6		0.322014
165.7		0.322014
165.8		0.322014
165.9		0.322014
166		0.322014
166.1		0.322713
166.2		0.322713
166.3		0.322713
166.4		0.322713
166.5		0.322713
166.6		0.322713
166.7		0.322713
166.8		0.322713
166.9		0.322713
167		0.322713
167.1		0.324422
167.2		0.324422
167.3		0.324422
167.4		0.324422
167.5		0.324422
167.6		0.324422
167.7		0.324422
167.8		0.324422
167.9		0.324422
168		0.324422
168.1		0.327222
168.2		0.327222
168.3		0.327222
168.4		0.327222
168.5		0.327222
168.6		0.327222
168.7		0.327222
168.8		0.327222
168.9		0.327222
169		0.327222
169.1		0.328115
169.2		0.328115
169.3		0.328115
169.4		0.328115
169.5		0.328115
169.6		0.328115
169.7		0.328115
169.8		0.328115
169.9		0.328115
170		0.328115
170.1		0.331129
170.2		0.331129
170.3		0.331129
170.4		0.331129
170.5		0.331129
170.6		0.331129
170.7		0.331129
170.8		0.331129
170.9		0.331129
171		0.331129
171.1		0.334704
171.2		0.334704
171.3		0.334704
171.4		0.334704
171.5		0.334704
171.6		0.334704
171.7		0.334704
171.8		0.334704
171.9		0.334704
172		0.334704
172.1		0.335271
172.2		0.335271
172.3		0.335271
172.4		0.335271
172.5		0.335271
172.6		0.335271
172.7		0.335271
172.8		0.335271
172.9		0.335271
173		0.335271
173.1		0.335469
173.2		0.335469
173.3		0.335469
173.4		0.335469
173.5		0.335469
173.6		0.335469
173.7		0.335469
173.8		0.335469
173.9		0.335469
174		0.335469
174.1		0.340981
174.2		0.340981
174.3		0.340981
174.4		0.340981
174.5		0.340981
174.6		0.340981
174.7		0.340981
174.8		0.340981
174.9		0.340981
175		0.340981
175.1		0.341646
175.2		0.341646
175.3		0.341646
175.4		0.341646
175.5		0.341646
175.6		0.341646
175.7		0.341646
175.8		0.341646
175.9		0.341646
176		0.341646
176.1		0.343504
176.2		0.343504
176.3		0.343504
176.4		0.343504
176.5		0.343504
176.6		0.343504
176.7		0.343504
176.8		0.343504
176.9		0.343504
177		0.343504
177.1		0.347778
177.2		0.347778
177.3		0.347778
177.4		0.347778
177.5		0.347778
177.6		0.347778
177.7		0.347778
177.8		0.347778
177.9		0.347778
178		0.347778
178.1		0.348743
178.2		0.348743
178.3		0.348743
178.4		0.348743
178.5		0.348743
178.6		0.348743
178.7		0.348743
178.8		0.348743
178.9		0.348743
179		0.348743
179.1		0.349397
179.2		0.349397
179.3		0.349397
179.4		0.349397
179.5		0.349397
179.6		0.349397
179.7		0.349397
179.8		0.349397
179.9		0.349397
180		0.349397
180.1		0.351211
180.2		0.351211
180.3		0.351211
180.4		0.351211
180.5		0.351211
180.6		0.351211
180.7		0.351211
180.8		0.351211
180.9		0.351211
181		0.351211
181.1		0.354526
181.2		0.354526
181.3		0.354526
181.4		0.354526
181.5		0.354526
181.6		0.354526
181.7		0.354526
181.8		0.354526
181.9		0.354526
182		0.354526
182.1		0.358557
182.2		0.358557
182.3		0.358557
182.4		0.358557
182.5		0.358557
182.6		0.358557
182.7		0.358557
182.8		0.358557
182.9		0.358557
183		0.358557
183.1		0.359315
183.2		0.359315
183.3		0.359315
183.4		0.359315
183.5		0.359315
183.6		0.359315
183.7		0.359315
183.8		0.359315
183.9		0.359315
184		0.359315
184.1		0.359623
184.2		0.359623
184.3		0.359623
184.4		0.359623
184.5		0.359623
184.6		0.359623
184.7		0.359623
184.8		0.359623
184.9		0.359623
185		0.359623
185.1		0.36306
185.2		0.36306
185.3		0.36306
185.4		0.36306
185.5		0.36306
185.6		0.36306
185.7		0.36306
185.8		0.36306
185.9		0.36306
186		0.36306
186.1		0.36333
186.2		0.36333
186.3		0.36333
186.4		0.36333
186.5		0.36333
186.6		0.36333
186.7		0.36333
186.8		0.36333
186.9		0.36333
187		0.36333
187.1		0.367752
187.2		0.367752
187.3		0.367752
187.4		0.367752
187.5		0.367752
187.6		0.367752
187.7		0.367752
187.8		0.367752
187.9		0.367752
188		0.367752
188.1		0.368877
188.2		0.368877
188.3		0.368877
188.4		0.368877
188.5		0.368877
188.6		0.368877
188.7		0.368877
188.8		0.368877
188.9		0.368877
189		0.368877
189.1		0.36888
189.2		0.36888
189.3		0.36888
189.4		0.36888
189.5		0.36888
189.6		0.36888
189.7		0.36888
189.8		0.36888
189.9		0.36888
190		0.36888
190.1		0.369348
190.2		0.369348
190.3		0.369348
190.4		0.369348
190.5		0.369348
190.6		0.369348
190.7		0.369348
190.8		0.369348
190.9		0.369348
191		0.369348
191.1		0.372068
191.2		0.372068
191.3		0.372068
191.4		0.372068
191.5		0.372068
191.6		0.372068
191.7		0.372068
191.8		0.372068
191.9		0.372068
192		0.372068
192.1		0.375404
192.2		0.375404
192.3		0.375404
192.4		0.375404
192.5		0.375404
192.6		0.375404
192.7		0.375404
192.8		0.375404
192.9		0.375404
193		0.375404
193.1		0.379632
193.2		0.379632
193.3		0.379632
193.4		0.379632
193.5		0.379632
193.6		0.379632
193.7		0.379632
193.8		0.379632
193.9		0.379632
194		0.379632
194.1		0.379868
194.2		0.379868
194.3		0.379868
194.4		0.379868
194.5		0.379868
194.6		0.379868
194.7		0.379868
194.8		0.379868
194.9		0.379868
195		0.379868
195.1		0.381923
195.2		0.381923
195.3		0.381923
195.4		0.381923
195.5		0.381923
195.6		0.381923
195.7		0.381923
195.8		0.381923
195.9		0.381923
196		0.381923
196.1		0.382692
196.2		0.382692
196.3		0.382692
196.4		0.382692
196.5		0.382692
196.6		0.382692
196.7		0.382692
196.8		0.382692
196.9		0.382692
197		0.382692
197.1		0.386806
197.2		0.386806
197.3		0.386806
197.4		0.386806
197.5		0.386806
197.6		0.386806
197.7		0.386806
197.8		0.386806
197.9		0.386806
198		0.386806
198.1		0.387422
198.2		0.387422
198.3		0.387422
198.4		0.387422
198.5		0.387422
198.6		0.387422
198.7		0.387422
198.8		0.387422
198.9		0.387422
199		0.387422
199.1		0.390945
199.2		0.390945
199.3		0.390945
199.4		0.390945
199.5		0.390945
199.6		0.390945
199.7		0.390945
199.8		0.390945
199.9		0.390945
200		0.390945
200.1		0.392132
200.2		0.392132
200.3		0.392132
200.4		0.392132
200.5		0.392132
200.6		0.392132
200.7		0.392132
200.8		0.392132
200.9		0.392132
201		0.392132
201.1		0.395537
201.2		0.395537
201.3		0.395537
201.4		0.395537
201.5		0.395537
201.6		0.395537
201.7		0.395537
201.8		0.395537
201.9		0.395537
202		0.395537
202.1		0.397828
202.2		0.397828
202.3		0.397828
202.4		0.397828
202.5		0.397828
202.6		0.397828
202.7		0.397828
202.8		0.397828
202.9		0.397828
203		0.397828
203.1		0.398181
203.2		0.398181
203.3		0.398181
203.4		0.398181
203.5		0.398181
203.6		0.398181
203.7		0.398181
203.8		0.398181
203.9		0.398181
204		0.398181
204.1		0.401372
204.2		0.401372
204.3		0.401372
204.4		0.401372
204.5		0.401372
204.6		0.401372
204.7		0.401372
204.8		0.401372
204.9		0.401372
205		0.401372
205.1		0.404448
205.2		0.404448
205.3		0.404448
205.4		0.404448
205.5		0.404448
205.6		0.404448
205.7		0.404448
205.8		0.404448
205.9		0.404448
206		0.404448
206.1		0.405801
206.2		0.405801
206.3		0.405801
206.4		0.405801
206.5		0.405801
206.6		0.405801
206.7		0.405801
206.8		0.405801
206.9		0.405801
207		0.405801
207.1		0.410404
207.2		0.410404
207.3		0.410404
207.4		0.410404
207.5		0.410404
207.6		0.410404
207.7		0.410404
207.8		0.410404
207.9		0.410404
208		0.410404
208.1		0.410767
208.2		0.410767
208.3		0.410767
208.4		0.410767
208.5		0.410767
208.6		0.410767
208.7		0.410767
208.8		0.410767
208.9		0.410767
209		0.410767
209.1		0.414553
209.2		0.414553
209.3		0.414553
209.4		0.414553
209.5		0.414553
209.6		0.414553
209.7		0.414553
209.8		0.414553
209.9		0.414553
210		0.414553
210.1		0.416543
210.2		0.416543
210.3		0.416543
210.4		0.416543
210.5		0.416543
210.6		0.416543
210.7		0.416543
210.8		0.416543
210.9		0.416543
211		0.416543
211.1		0.417969
211.2		0.417969
211.3		0.417969
211.4		0.417969
211.5		0.417969
211.6		0.417969
211.7		0.417969
211.8		0.417969
211.9		0.417969
212		0.417969
212.1		0.41881
212.2		0.41881
212.3		0.41881
212.4		0.41881
212.5		0.41881
212.6		0.41881
212.7		0.41881
212.8		0.41881
212.9		0.41881
213		0.41881
213.1		0.421762
213.2		0.421762
213.3		0.421762
213.4		0.421762
213.5		0.421762
213.6		0.421762
213.7		0.421762
213.8		0.421762
213.9		0.421762
214		0.421762
214.1		0.426028
214.2		0.426028
214.3		0.426028
214.4		0.426028
214.5		0.426028
214.6		0.426028
214.7		0.426028
214.8		0.426028
214.9		0.426028
215		0.426028
215.1		0.426312
215.2		0.426312
215.3		0.426312
215.4		0.426312
215.5		0.426312
215.6		0.426312
215.7		0.426312
215.8		0.426312
215.9		0.426312
216		0.426312
216.1		0.429271
216.2		0.429271
216.3		0.429271
216.4		0.429271
216.5		0.429271
216.6		0.429271
216.7		0.429271
216.8		0.429271
216.9		0.429271
217		0.429271
217.1		0.429842
217.2		0.429842
217.3		0.429842
217.4		0.429842
217.5		0.429842
217.6		0.429842
217.7		0.429842
217.8		0.429842
217.9		0.429842
218		0.429842
218.1		0.433593
218.2		0.433593
218.3		0.433593
218.4		0.433593
218.5		0.433593
218.6		0.433593
218.7		0.433593
218.8		0.433593
218.9		0.433593
219		0.433593
219.1		0.436189
219.2		0.436189
219.3		0.436189
219.4		0.436189
219.5		0.436189
219.6		0.436189
219.7		0.436189
219.8		0.436189
219.9		0.436189
220		0.436189
220.1		0.43759
220.2		0.43759
220.3		0.43759
220.4		0.43759
220.5		0.43759
220.6		0.43759
220.7		0.43759
220.8		0.43759
220.9		0.43759
221		0.43759
221.1		0.440933
221.2		0.440933
221.3		0.440933
221.4		0.440933
221.5		0.440933
221.6		0.440933
221.7		0.440933
221.8		0.440933
221.9		0.440933
222		0.440933
222.1		0.442248
222.2		0.442248
222.3		0.442248
222.4		0.442248
222.5		0.442248
222.6		0.442248
222.7		0.442248
222.8		0.442248
222.9		0.442248
223		0.442248
223.1		0.442861
223.2		0.442861
223.3		0.442861
223.4		0.442861
223.5		0.442861
223.6		0.442861
223.7		0.442861
223.8		0.442861
223.9		0.442861
224		0.442861
224.1		0.44475
224.2		0.44475
224.3		0.44475
224.4		0.44475
224.5		0.44475
224.6		0.44475
224.7		0.44475
224.8		0.44475
224.9		0.44475
225		0.44475
225.1		0.447858
225.2		0.447858
225.3		0.447858
225.4		0.447858
225.5		0.447858
225.6		0.447858
225.7		0.447858
225.8		0.447858
225.9		0.447858
226		0.447858
226.1		0.452087
226.2		0.452087
226.3		0.452087
226.4		0.452087
226.5		0.452087
226.6		0.452087
226.7		0.452087
226.8		0.452087
226.9		0.452087
227		0.452087
227.1		0.453761
227.2		0.453761
227.3		0.453761
227.4		0.453761
227.5		0.453761
227.6		0.453761
227.7		0.453761
227.8		0.453761
227.9		0.453761
228		0.453761
228.1		0.454083
228.2		0.454083
228.3		0.454083
228.4		0.454083
228.5		0.454083
228.6		0.454083
228.7		0.454083
228.8		0.454083
228.9		0.454083
229		0.454083
229.1		0.454315
229.2		0.454315
229.3		0.454315
229.4		0.454315
229.5		0.454315
229.6		0.454315
229.7		0.454315
229.8		0.454315
229.9		0.454315
230		0.454315
230.1		0.458613
230.2		0.458613
230.3		0.458613
230.4		0.458613
230.5		0.458613
230.6		0.458613
230.7		0.458613
230.8		0.458613
230.9		0.458613
231		0.458613
231.1		0.460101
231.2		0.460101
231.3		0.460101
231.4		0.460101
231.5		0.460101
231.6		0.460101
231.7		0.460101
231.8		0.460101
231.9		0.460101
232		0.460101
232.1		0.463936
232.2		0.463936
232.3		0.463936
232.4		0.463936
232.5		0.463936
232.6		0.463936
232.7		0.463936
232.8		0.463936
232.9		0.463936
233		0.463936
233.1		0.464216
233.2		0.464216
233.3		0.464216
233.4		0.464216
233.5		0.464216
233.6		0.464216
233.7		0.464216
233.8		0.464216
233.9		0.464216
234		0.464216
234.1		0.466486
234.2		0.466486
234.3		0.466486
234.4		0.466486
234.5		0.466486
234.6		0.466486
234.7		0.466486
234.8		0.466486
234.9		0.466486
235		0.466486
235.1		0.466618
235.2		0.466618
235.3		0.466618
235.4		0.466618
235.5		0.466618
235.6		0.466618
235.7		0.466618
235.8		0.466618
235.9		0.466618
236		0.466618
236.1		0.469576
236.2		0.469576
236.3		0.469576
236.4		0.469576
236.5		0.469576
236.6		0.469576
236.7		0.469576
236.8		0.469576
236.9		0.469576
237		0.469576
237.1		0.469884
237.2		0.469884
237.3		0.469884
237.4		0.469884
237.5		0.469884
237.6		0.469884
237.7		0.469884
237.8		0.469884
237.9		0.469884
238		0.469884
238.1		0.476525
238.2		0.476525
238.3		0.476525
238.4		0.476525
238.5		0.476525
238.6		0.476525
238.7		0.476525
238.8		0.476525
238.9		0.476525
239		0.476525
239.1		0.477909
239.2		0.477909
239.3		0.477909
239.4		0.477909
239.5		0.477909
239.6		0.477909
239.7		0.477909
239.8		0.477909
239.9		0.477909
240		0.477909
240.1		0.478176
240.2		0.478176
240.3		0.478176
240.4		0.478176
240.5		0.478176
240.6		0.478176
240.7		0.478176
240.8		0.478176
240.9		0.478176
241		0.478176
241.1		0.479747
241.2		0.479747
241.3		0.479747
241.4		0.479747
241.5		0.479747
241.6		0.479747
241.7		0.479747
241.8		0.479747
241.9		0.479747
242		0.479747
242.1		0.483727
242.2		0.483727
242.3		0.483727
242.4		0.483727
242.5		0.483727
242.6		0.483727
242.7		0.483727
242.8		0.483727
242.9		0.483727
243		0.483727
243.1		0.486014
243.2		0.486014
243.3		0.486014
243.4		0.486014
243.5		0.486014
243.6		0.486014
243.7		0.486014
243.8		0.486014
243.9		0.486014
244		0.486014
244.1		0.486031
244.2		0.486031
244.3		0.486031
244.4		0.486031
244.5		0.486031
244.6		0.486031
244.7		0.486031
244.8		0.486031
244.9		0.486031
245		0.486031
245.1		0.486488
245.2		0.486488
245.3		0.486488
245.4		0.486488
245.5		0.486488
245.6		0.486488
245.7		0.486488
245.8		0.486488
245.9		0.486488
246		0.486488
246.1		0.490824
246.2		0.490824
246.3		0.490824
246.4		0.490824
246.5		0.490824
246.6		0.490824
246.7		0.490824
246.8		0.490824
246.9		0.490824
247		0.490824
247.1		0.492503
247.2		0.492503
247.3		0.492503
247.4		0.492503
247.5		0.492503
247.6		0.492503
247.7		0.492503
247.8		0.492503
247.9		0.492503
248		0.492503
248.1		0.493797
248.2		0.493797
248.3		0.493797
248.4		0.493797
248.5		0.493797
248.6		0.493797
248.7		0.493797
248.8		0.493797
248.9		0.493797
249		0.493797
249.1		0.497839
249.2		0.497839
249.3		0.497839
249.4		0.497839
249.5		0.497839
249.6		0.497839
249.7		0.497839
249.8		0.497839
249.9		0.497839
250		0.497839
250.1		0.498607
250.2		0.498607
250.3		0.498607
250.4		0.498607
250.5		0.498607
250.6		0.498607
250.7		0.498607
250.8		0.498607
250.9		0.498607
251		0.498607
251.1		0.499773
251.2		0.499773
251.3		0.499773
251.4		0.499773
251.5		0.499773
251.6		0.499773
251.7		0.499773
251.8		0.499773
251.9		0.499773
252		0.499773
252.1		0.505435
252.2		0.505435
252.3		0.505435
252.4		0.505435
252.5		0.505435
252.6		0.505435
252.7		0.505435
252.8		0.505435
252.9		0.505435
253		0.505435
253.1		0.507643
253.2		0.507643
253.3		0.507643
253.4		0.507643
253.5		0.507643
253.6		0.507643
253.7		0.507643
253.8		0.507643
253.9		0.507643
254		0.507643
254.1		0.507836
254.2		0.507836
254.3		0.507836
254.4		0.507836
254.5		0.507836
254.6		0.507836
254.7		0.507836
254.8		0.507836
254.9		0.507836
255		0.507836
255.1		0.509075
255.2		0.509075
255.3		0.509075
255.4		0.509075
255.5		0.509075
255.6		0.509075
255.7		0.509075
255.8		0.509075
255.9		0.509075
256		0.509075
256.1		0.513169
256.2		0.513169
256.3		0.513169
256.4		0.513169
256.5		0.513169
256.6		0.513169
256.7		0.513169
256.8		0.513169
256.9		0.513169
257		0.513169
257.1		0.514508
257.2		0.514508
257.3		0.514508
257.4		0.514508
257.5		0.514508
257.6		0.514508
257.7		0.514508
257.8		0.514508
257.9		0.514508
258		0.514508
258.1		0.517398
258.2		0.517398
258.3		0.517398
258.4		0.517398
258.5		0.517398
258.6		0.517398
258.7		0.517398
258.8		0.517398
258.9		0.517398
259		0.517398
259.1		0.519596
259.2		0.519596
259.3		0.519596
259.4		0.519596
259.5		0.519596
259.6		0.519596
259.7		0.519596
259.8		0.519596
259.9		0.519596
260		0.519596
260.1		0.522381
260.2		0.522381
260.3		0.522381
260.4		0.522381
260.5		0.522381
260.6		0.522381
260.7		0.522381
260.8		0.522381
260.9		0.522381
261		0.522381
261.1		0.523482
261.2		0.523482
261.3		0.523482
261.4		0.523482
261.5		0.523482
261.6		0.523482
261.7		0.523482
261.8		0.523482
261.9		0.523482
262		0.523482
262.1		0.524894
262.2		0.524894
262.3		0.524894
262.4		0.524894
262.5		0.524894
262.6		0.524894
262.7		0.524894
262.8		0.524894
262.9		0.524894
263		0.524894
263.1		0.526928
263.2		0.526928
263.3		0.526928
263.4		0.526928
263.5		0.526928
263.6		0.526928
263.7		0.526928
263.8		0.526928
263.9		0.526928
264		0.526928
264.1		0.532022
264.2		0.532022
264.3		0.532022
264.4		0.532022
264.5		0.532022
264.6		0.532022
264.7		0.532022
264.8		0.532022
264.9		0.532022
265		0.532022
265.1		0.532417
265.2		0.532417
265.3		0.532417
265.4		0.532417
265.5		0.532417
265.6		0.532417
265.7		0.532417
265.8		0.532417
265.9		0.532417
266		0.532417
266.1		0.535137
266.2		0.535137
266.3		0.535137
266.4		0.535137
266.5		0.535137
266.6		0.535137
266.7		0.535137
266.8		0.535137
266.9		0.535137
267		0.535137
267.1		0.535407
267.2		0.535407
267.3		0.535407
267.4		0.535407
267.5		0.535407
267.6		0.535407
267.7		0.535407
267.8		0.535407
267.9		0.535407
268		0.535407
268.1		0.535756
268.2		0.535756
268.3		0.535756
268.4		0.535756
268.5		0.535756
268.6		0.535756
268.7		0.535756
268.8		0.535756
268.9		0.535756
269		0.535756
269.1		0.542086
269.2		0.542086
269.3		0.542086
269.4		0.542086
269.5		0.542086
269.6		0.542086
269.7		0.542086
269.8		0.542086
269.9		0.542086
270		0.542086
270.1		0.542989
270.2		0.542989
270.3		0.542989
270.4		0.542989
270.5		0.542989
270.6		0.542989
270.7		0.542989
270.8		0.542989
270.9		0.542989
271		0.542989
271.1		0.543622
271.2		0.543622
271.3		0.543622
271.4		0.543622
271.5		0.543622
271.6		0.543622
271.7		0.543622
271.8		0.543622
271.9		0.543622
272		0.543622
272.1		0.546377
272.2		0.546377
272.3		0.546377
272.4		0.546377
272.5		0.546377
272.6		0.546377
272.7		0.546377
272.8		0.546377
272.9		0.546377
273		0.546377
273.1		0.547657
273.2		0.547657
273.3		0.547657
273.4		0.547657
273.5		0.547657
273.6		0.547657
273.7		0.547657
273.8		0.547657
273.9		0.547657
274		0.547657
274.1		0.549917
274.2		0.549917
274.3		0.549917
274.4		0.549917
274.5		0.549917
274.6		0.549917
274.7		0.549917
274.8		0.549917
274.9		0.549917
275		0.549917
275.1		0.553094
275.2		0.553094
275.3		0.553094
275.4		0.553094
275.5		0.553094
275.6		0.553094
275.7		0.553094
275.8		0.553094
275.9		0.553094
276		0.553094
276.1		0.554807
276.2		0.554807
276.3		0.554807
276.4		0.554807
276.5		0.554807
276.6		0.554807
276.7		0.554807
276.8		0.554807
276.9		0.554807
277		0.554807
277.1		0.555437
277.2		0.555437
277.3		0.555437
277.4		0.555437
277.5		0.555437
277.6		0.555437
277.7		0.555437
277.8		0.555437
277.9		0.555437
278		0.555437
278.1		0.55735
278.2		0.55735
278.3		0.55735
278.4		0.55735
278.5		0.55735
278.6		0.55735
278.7		0.55735
278.8		0.55735
278.9		0.55735
279		0.55735
279.1		0.562244
279.2		0.562244
279.3		0.562244
279.4		0.562244
279.5		0.562244
279.6		0.562244
279.7		0.562244
279.8		0.562244
279.9		0.562244
280		0.562244
280.1		0.563008
280.2		0.563008
280.3		0.563008
280.4		0.563008
280.5		0.563008
280.6		0.563008
280.7		0.563008
280.8		0.563008
280.9		0.563008
281		0.563008
281.1		0.563306
281.2		0.563306
281.3		0.563306
281.4		0.563306
281.5		0.563306
281.6		0.563306
281.7		0.563306
281.8		0.563306
281.9		0.563306
282		0.563306
282.1		0.569518
282.2		0.569518
282.3		0.569518
282.4		0.569518
282.5		0.569518
282.6		0.569518
282.7		0.569518
282.8		0.569518
282.9		0.569518
283		0.569518
283.1		0.570438
283.2		0.570438
283.3		0.570438
283.4		0.570438
283.5		0.570438
283.6		0.570438
283.7		0.570438
283.8		0.570438
283.9		0.570438
284		0.570438
284.1		0.574591
284.2		0.574591
284.3		0.574591
284.4		0.574591
284.5		0.574591
284.6		0.574591
284.7		0.574591
284.8		0.574591
284.9		0.574591
285		0.574591
285.1		0.576148
285.2		0.576148
285.3		0.576148
285.4		0.576148
285.5		0.576148
285.6		0.576148
285.7		0.576148
285.8		0.576148
285.9		0.576148
286		0.576148
286.1		0.578813
286.2		0.578813
286.3		0.578813
286.4		0.578813
286.5		0.578813
286.6		0.578813
286.7		0.578813
286.8		0.578813
286.9		0.578813
287		0.578813
287.1		0.580965
287.2		0.580965
287.3		0.580965
287.4		0.580965
287.5		0.580965
287.6		0.580965
287.7		0.580965
287.8		0.580965
287.9		0.580965
288		0.580965
288.1		0.58246
288.2		0.58246
288.3		0.58246
288.4		0.58246
288.5		0.58246
288.6		0.58246
288.7		0.58246
288.8		0.58246
288.9		0.58246
289		0.58246
289.1		0.588098
289.2		0.588098
289.3		0.588098
289.4		0.588098
289.5		0.588098
289.6		0.588098
289.7		0.588098
289.8		0.588098
289.9		0.588098
290		0.588098
290.1		0.588579
290.2		0.588579
290.3		0.588579
290.4		0.588579
290.5		0.588579
290.6		0.588579
290.7		0.588579
290.8		0.588579
290.9		0.588579
291		0.588579
291.1		0.588582
291.2		0.588582
291.3		0.588582
291.4		0.588582
291.5		0.588582
291.6		0.588582
291.7		0.588582
291.8		0.588582
291.9		0.588582
292		0.588582
292.1		0.590267
292.2		0.590267
292.3		0.590267
292.4		0.590267
292.5		0.590267
292.6		0.590267
292.7		0.590267
292.8		0.590267
292.9		0.590267
293		0.590267
293.1		0.590617
293.2		0.590617
293.3		0.590617
293.4		0.590617
293.5		0.590617
293.6		0.590617
293.7		0.590617
293.8		0.590617
293.9		0.590617
294		0.590617
294.1		0.590627
294.2		0.590627
294.3		0.590627
294.4		0.590627
294.5		0.590627
294.6		0.590627
294.7		0.590627
294.8		0.590627
294.9		0.590627
295		0.590627
295.1		0.597036
295.2		0.597036
295.3		0.597036
295.4		0.597036
295.5		0.597036
295.6		0.597036
295.7		0.597036
295.8		0.597036
295.9		0.597036
296		0.597036
296.1		0.597292
296.2		0.597292
296.3		0.597292
296.4		0.597292
296.5		0.597292
296.6		0.597292
296.7		0.597292
296.8		0.597292
296.9		0.597292
297		0.597292
297.1		0.600051
297.2		0.600051
297.3		0.600051
297.4		0.600051
297.5		0.600051
297.6		0.600051
297.7		0.600051
297.8		0.600051
297.9		0.600051
298		0.600051
298.1		0.601501
298.2		0.601501
298.3		0.601501
298.4		0.601501
298.5		0.601501
298.6		0.601501
298.7		0.601501
298.8		0.601501
298.9		0.601501
299		0.601501
299.1		0.601715
299.2		0.601715
299.3		0.601715
299.4		0.601715
299.5		0.601715
299.6		0.601715
299.7		0.601715
299.8		0.601715
299.9		0.601715
300		0.601715
300.1		0.60248
300.2		0.60248
300.3		0.60248
300.4		0.60248
300.5		0.60248
300.6		0.60248
300.7		0.60248
300.8		0.60248
300.9		0.60248
301		0.60248
301.1		0.604182
301.2		0.604182
301.3		0.604182
301.4		0.604182
301.5		0.604182
301.6		0.604182
301.7		0.604182
301.8		0.604182
301.9		0.604182
302		0.604182
302.1		0.608332
302.2		0.608332
302.3		0.608332
302.4		0.608332
302.5		0.608332
302.6		0.608332
302.7		0.608332
302.8		0.608332
302.9		0.608332
303		0.608332
303.1		0.609287
303.2		0.609287
303.3		0.609287
303.4		0.609287
303.5		0.609287
303.6		0.609287
303.7		0.609287
303.8		0.609287
303.9		0.609287
304		0.609287
304.1		0.612557
304.2		0.612557
304.3		0.612557
304.4		0.612557
304.5		0.612557
304.6		0.612557
304.7		0.612557
304.8		0.612557
304.9		0.612557
305		0.612557
305.1		0.614059
305.2		0.614059
305.3		0.614059
305.4		0.614059
305.5		0.614059
305.6		0.614059
305.7		0.614059
305.8		0.614059
305.9		0.614059
306		0.614059
306.1		0.615118
306.2		0.615118
306.3		0.615118
306.4		0.615118
306.5		0.615118
306.6		0.615118
306.7		0.615118
306.8		0.615118
306.9		0.615118
307		0.615118
307.1		0.617104
307.2		0.617104
307.3		0.617104
307.4		0.617104
307.5		0.617104
307.6		0.617104
307.7		0.617104
307.8		0.617104
307.9		0.617104
308		0.617104
308.1		0.617537
308.2		0.617537
308.3		0.617537
308.4		0.617537
308.5		0.617537
308.6		0.617537
308.7		0.617537
308.8		0.617537
308.9		0.617537
309		0.617537
309.1		0.622866
309.2		0.622866
309.3		0.622866
309.4		0.622866
309.5		0.622866
309.6		0.622866
309.7		0.622866
309.8		0.622866
309.9		0.622866
310		0.622866
310.1		0.624897
310.2		0.624897
310.3		0.624897
310.4		0.624897
310.5		0.624897
310.6		0.624897
310.7		0.624897
310.8		0.624897
310.9		0.624897
311		0.624897
311.1		0.625901
311.2		0.625901
311.3		0.625901
311.4		0.625901
311.5		0.625901
311.6		0.625901
311.7		0.625901
311.8		0.625901
311.9		0.625901
312		0.625901
312.1		0.627981
312.2		0.627981
312.3		0.627981
312.4		0.627981
312.5		0.627981
312.6		0.627981
312.7		0.627981
312.8		0.627981
312.9		0.627981
313		0.627981
313.1		0.629905
313.2		0.629905
313.3		0.629905
313.4		0.629905
313.5		0.629905
313.6		0.629905
313.7		0.629905
313.8		0.629905
313.9		0.629905
314		0.629905
314.1		0.632358
314.2		0.632358
314.3		0.632358
314.4		0.632358
314.5		0.632358
314.6		0.632358
314.7		0.632358
314.8		0.632358
314.9		0.632358
315		0.632358
315.1		0.636781
315.2		0.636781
315.3		0.636781
315.4		0.636781
315.5		0.636781
315.6		0.636781
315.7		0.636781
315.8		0.636781
315.9		0.636781
316		0.636781
316.1		0.636881
316.2		0.636881
316.3		0.636881
316.4		0.636881
316.5		0.636881
316.6		0.636881
316.7		0.636881
316.8		0.636881
316.9		0.636881
317		0.636881
317.1		0.637373
317.2		0.637373
317.3		0.637373
317.4		0.637373
317.5		0.637373
317.6		0.637373
317.7		0.637373
317.8		0.637373
317.9		0.637373
318		0.637373
318.1		0.641674
318.2		0.641674
318.3		0.641674
318.4		0.641674
318.5		0.641674
318.6		0.641674
318.7		0.641674
318.8		0.641674
318.9		0.641674
319		0.641674
319.1		0.643972
319.2		0.643972
319.3		0.643972
319.4		0.643972
319.5		0.643972
319.6		0.643972
319.7		0.643972
319.8		0.643972
319.9		0.643972
320		0.643972
320.1		0.644315
320.2		0.644315
320.3		0.644315
320.4		0.644315
320.5		0.644315
320.6		0.644315
320.7		0.644315
320.8		0.644315
320.9		0.644315
321		0.644315
321.1		0.648651
321.2		0.648651
321.3		0.648651
321.4		0.648651
321.5		0.648651
321.6		0.648651
321.7		0.648651
321.8		0.648651
321.9		0.648651
322		0.648651
322.1		0.648862
322.2		0.648862
322.3		0.648862
322.4		0.648862
322.5		0.648862
322.6		0.648862
322.7		0.648862
322.8		0.648862
322.9		0.648862
323		0.648862
323.1		0.651817
323.2		0.651817
323.3		0.651817
323.4		0.651817
323.5		0.651817
323.6		0.651817
323.7		0.651817
323.8		0.651817
323.9		0.651817
324		0.651817
324.1		0.652745
324.2		0.652745
324.3		0.652745
324.4		0.652745
324.5		0.652745
324.6		0.652745
324.7		0.652745
324.8		0.652745
324.9		0.652745
325		0.652745
325.1		0.655191
325.2		0.655191
325.3		0.655191
325.4		0.655191
325.5		0.655191
325.6		0.655191
325.7		0.655191
325.8		0.655191
325.9		0.655191
326		0.655191
326.1		0.658444
326.2		0.658444
326.3		0.658444
326.4		0.658444
326.5		0.658444
326.6		0.658444
326.7		0.658444
326.8		0.658444
326.9		0.658444
327		0.658444
327.1		0.6595
327.2		0.6595
327.3		0.6595
327.4		0.6595
327.5		0.6595
327.6		0.6595
327.7		0.6595
327.8		0.6595
327.9		0.6595
328		0.6595
328.1		0.661552
328.2		0.661552
328.3		0.661552
328.4		0.661552
328.5		0.661552
328.6		0.661552
328.7		0.661552
328.8		0.661552
328.9		0.661552
329		0.661552
329.1		0.662573
329.2		0.662573
329.3		0.662573
329.4		0.662573
329.5		0.662573
329.6		0.662573
329.7		0.662573
329.8		0.662573
329.9		0.662573
330		0.662573
330.1		0.663722
330.2		0.663722
330.3		0.663722
330.4		0.663722
330.5		0.663722
330.6		0.663722
330.7		0.663722
330.8		0.663722
330.9		0.663722
331		0.663722
331.1		0.667843
331.2		0.667843
331.3		0.667843
331.4		0.667843
331.5		0.667843
331.6		0.667843
331.7		0.667843
331.8		0.667843
331.9		0.667843
332		0.667843
332.1		0.669006
332.2		0.669006
332.3		0.669006
332.4		0.669006
332.5		0.669006
332.6		0.669006
332.7		0.669006
332.8		0.669006
332.9		0.669006
333		0.669006
333.1		0.67275
333.2		0.67275
333.3		0.67275
333.4		0.67275
333.5		0.67275
333.6		0.67275
333.7		0.67275
333.8		0.67275
333.9		0.67275
334		0.67275
334.1		0.67301
334.2		0.67301
334.3		0.67301
334.4		0.67301
334.5		0.67301
334.6		0.67301
334.7		0.67301
334.8		0.67301
334.9		0.67301
335		0.67301
335.1		0.673699
335.2		0.673699
335.3		0.673699
335.4		0.673699
335.5		0.673699
335.6		0.673699
335.7		0.673699
335.8		0.673699
335.9		0.673699
336		0.673699
336.1		0.679447
336.2		0.679447
336.3		0.679447
336.4		0.679447
336.5		0.679447
336.6		0.679447
336.7		0.679447
336.8		0.679447
336.9		0.679447
337		0.679447
337.1		0.681135
337.2		0.681135
337.3		0.681135
337.4		0.681135
337.5		0.681135
337.6		0.681135
337.7		0.681135
337.8		0.681135
337.9		0.681135
338		0.681135
338.1		0.683059
338.2		0.683059
338.3		0.683059
338.4		0.683059
338.5		0.683059
338.6		0.683059
338.7		0.683059
338.8		0.683059
338.9		0.683059
339		0.683059
339.1		0.684305
339.2		0.684305
339.3		0.684305
339.4		0.684305
339.5		0.684305
339.6		0.684305
339.7		0.684305
339.8		0.684305
339.9		0.684305
340		0.684305
340.1		0.685575
340.2		0.685575
340.3		0.685575
340.4		0.685575
340.5		0.685575
340.6		0.685575
340.7		0.685575
340.8		0.685575
340.9		0.685575
341		0.685575
341.1		0.688496
341.2		0.688496
341.3		0.688496
341.4		0.688496
341.5		0.688496
341.6		0.688496
341.7		0.688496
341.8		0.688496
341.9		0.688496
342		0.688496
342.1		0.691538
342.2		0.691538
342.3		0.691538
342.4		0.691538
342.5		0.691538
342.6		0.691538
342.7		0.691538
342.8		0.691538
342.9		0.691538
343		0.691538
343.1		0.693476
343.2		0.693476
343.3		0.693476
343.4		0.693476
343.5		0.693476
343.6		0.693476
343.7		0.693476
343.8		0.693476
343.9		0.693476
344		0.693476
344.1		0.694843
344.2		0.694843
344.3		0.694843
344.4		0.694843
344.5		0.694843
344.6		0.694843
344.7		0.694843
344.8		0.694843
344.9		0.694843
345		0.694843
345.1		0.697798
345.2		0.697798
345.3		0.697798
345.4		0.697798
345.5		0.697798
345.6		0.697798
345.7		0.697798
345.8		0.697798
345.9		0.697798
346		0.697798
346.1		0.698961
346.2		0.698961
346.3		0.698961
346.4		0.698961
346.5		0.698961
346.6		0.698961
346.7		0.698961
346.8		0.698961
346.9		0.698961
347		0.698961
347.1		0.704851
347.2		0.704851
347.3		0.704851
347.4		0.704851
347.5		0.704851
347.6		0.704851
347.7		0.704851
347.8		0.704851
347.9		0.704851
348		0.704851
348.1		0.707536
348.2		0.707536
348.3		0.707536
348.4		0.707536
348.5		0.707536
348.6		0.707536
348.7		0.707536
348.8		0.707536
348.9		0.707536
349		0.707536
349.1		0.712111
349.2		0.712111
349.3		0.712111
349.4		0.712111
349.5		0.712111
349.6		0.712111
349.7		0.712111
349.8		0.712111
349.9		0.712111
350		0.712111
350.1		0.712675
350.2		0.712675
350.3		0.712675
350.4		0.712675
350.5		0.712675
350.6		0.712675
350.7		0.712675
350.8		0.712675
350.9		0.712675
351		0.712675
351.1		0.713966
351.2		0.713966
351.3		0.713966
351.4		0.713966
351.5		0.713966
351.6		0.713966
351.7		0.713966
351.8		0.713966
351.9		0.713966
352		0.713966
352.1		0.717489
352.2		0.717489
352.3		0.717489
352.4		0.717489
352.5		0.717489
352.6		0.717489
352.7		0.717489
352.8		0.717489
352.9		0.717489
353		0.717489
353.1		0.717769
353.2		0.717769
353.3		0.717769
353.4		0.717769
353.5		0.717769
353.6		0.717769
353.7		0.717769
353.8		0.717769
353.9		0.717769
354		0.717769
354.1		0.71933
354.2		0.71933
354.3		0.71933
354.4		0.71933
354.5		0.71933
354.6		0.71933
354.7		0.71933
354.8		0.71933
354.9		0.71933
355		0.71933
355.1		0.71933
355.2		0.71933
355.3		0.71933
355.4		0.71933
355.5		0.71933
355.6		0.71933
355.7		0.71933
355.8		0.71933
355.9		0.71933
356		0.71933
356.1		0.722711
356.2		0.722711
356.3		0.722711
356.4		0.722711
356.5		0.722711
356.6		0.722711
356.7		0.722711
356.8		0.722711
356.9		0.722711
357		0.722711
357.1		0.723925
357.2		0.723925
357.3		0.723925
357.4		0.723925
357.5		0.723925
357.6		0.723925
357.7		0.723925
357.8		0.723925
357.9		0.723925
358		0.723925
358.1		0.724566
358.2		0.724566
358.3		0.724566
358.4		0.724566
358.5		0.724566
358.6		0.724566
358.7		0.724566
358.8		0.724566
358.9		0.724566
359		0.724566
359.1		0.728635
359.2		0.728635
359.3		0.728635
359.4		0.728635
359.5		0.728635
359.6		0.728635
359.7		0.728635
359.8		0.728635
359.9		0.728635
360		0.728635
360.1		0.730687
360.2		0.730687
360.3		0.730687
360.4		0.730687
360.5		0.730687
360.6		0.730687
360.7		0.730687
360.8		0.730687
360.9		0.730687
361		0.730687
361.1		0.731245
361.2		0.731245
361.3		0.731245
361.4		0.731245
361.5		0.731245
361.6		0.731245
361.7		0.731245
361.8		0.731245
361.9		0.731245
362		0.731245
362.1		0.731251
362.2		0.731251
362.3		0.731251
362.4		0.731251
362.5		0.731251
362.6		0.731251
362.7		0.731251
362.8		0.731251
362.9		0.731251
363		0.731251
363.1		0.73474
363.2		0.73474
363.3		0.73474
363.4		0.73474
363.5		0.73474
363.6		0.73474
363.7		0.73474
363.8		0.73474
363.9		0.73474
364		0.73474
364.1		0.736802
364.2		0.736802
364.3		0.736802
364.4		0.736802
364.5		0.736802
364.6		0.736802
364.7		0.736802
364.8		0.736802
364.9		0.736802
365		0.736802
365.1		0.737522
365.2		0.737522
365.3		0.737522
365.4		0.737522
365.5		0.737522
365.6		0.737522
365.7		0.737522
365.8		0.737522
365.9		0.737522
366		0.737522
366.1		0.742675
366.2		0.742675
366.3		0.742675
366.4		0.742675
366.5		0.742675
366.6		0.742675
366.7		0.742675
366.8		0.742675
366.9		0.742675
367		0.742675
367.1		0.742675
367.2		0.742675
367.3		0.742675
367.4		0.742675
367.5		0.742675
367.6		0.742675
367.7		0.742675
367.8		0.742675
367.9		0.742675
368		0.742675
368.1		0.744132
368.2		0.744132
368.3		0.744132
368.4		0.744132
368.5		0.744132
368.6		0.744132
368.7		0.744132
368.8		0.744132
368.9		0.744132
369		0.744132
369.1		0.745315
369.2		0.745315
369.3		0.745315
369.4		0.745315
369.5		0.745315
369.6		0.745315
369.7		0.745315
369.8		0.745315
369.9		0.745315
370		0.745315
370.1		0.749416
370.2		0.749416
370.3		0.749416
370.4		0.749416
370.5		0.749416
370.6		0.749416
370.7		0.749416
370.8		0.749416
370.9		0.749416
371		0.749416
371.1		0.750603
371.2		0.750603
371.3		0.750603
371.4		0.750603
371.5		0.750603
371.6		0.750603
371.7		0.750603
371.8		0.750603
371.9		0.750603
372		0.750603
372.1		0.750835
372.2		0.750835
372.3		0.750835
372.4		0.750835
372.5		0.750835
372.6		0.750835
372.7		0.750835
372.8		0.750835
372.9		0.750835
373		0.750835
373.1		0.75143
373.2		0.75143
373.3		0.75143
373.4		0.75143
373.5		0.75143
373.6		0.75143
373.7		0.75143
373.8		0.75143
373.9		0.75143
374		0.75143
374.1		0.755939
374.2		0.755939
374.3		0.755939
374.4		0.755939
374.5		0.755939
374.6		0.755939
374.7		0.755939
374.8		0.755939
374.9		0.755939
375		0.755939
375.1		0.758448
375.2		0.758448
375.3		0.758448
375.4		0.758448
375.5		0.758448
375.6		0.758448
375.7		0.758448
375.8		0.758448
375.9		0.758448
376		0.758448
376.1		0.760978
376.2		0.760978
376.3		0.760978
376.4		0.760978
376.5		0.760978
376.6		0.760978
376.7		0.760978
376.8		0.760978
376.9		0.760978
377		0.760978
377.1		0.763227
377.2		0.763227
377.3		0.763227
377.4		0.763227
377.5		0.763227
377.6		0.763227
377.7		0.763227
377.8		0.763227
377.9		0.763227
378		0.763227
378.1		0.764113
378.2		0.764113
378.3		0.764113
378.4		0.764113
378.5		0.764113
378.6		0.764113
378.7		0.764113
378.8		0.764113
378.9		0.764113
379		0.764113
379.1		0.764352
379.2		0.764352
379.3		0.764352
379.4		0.764352
379.5		0.764352
379.6		0.764352
379.7		0.764352
379.8		0.764352
379.9		0.764352
380		0.764352
380.1		0.766238
380.2		0.766238
380.3		0.766238
380.4		0.766238
380.5		0.766238
380.6		0.766238
380.7		0.766238
380.8		0.766238
380.9		0.766238
381		0.766238
381.1		0.77029
381.2		0.77029
381.3		0.77029
381.4		0.77029
381.5		0.77029
381.6		0.77029
381.7		0.77029
381.8		0.77029
381.9		0.77029
382		0.77029
382.1		0.775166
382.2		0.775166
382.3		0.775166
382.4		0.775166
382.5		0.775166
382.6		0.775166
382.7		0.775166
382.8		0.775166
382.9		0.775166
383		0.775166
383.1		0.775485
383.2		0.775485
383.3		0.775485
383.4		0.775485
383.5		0.775485
383.6		0.775485
383.7		0.775485
383.8		0.775485
383.9		0.775485
384		0.775485
384.1		0.777288
384.2		0.777288
384.3		0.777288
384.4		0.777288
384.5		0.777288
384.6		0.777288
384.7		0.777288
384.8		0.777288
384.9		0.777288
385		0.777288
385.1		0.777852
385.2		0.777852
385.3		0.777852
385.4		0.777852
385.5		0.777852
385.6		0.777852
385.7		0.777852
385.8		0.777852
385.9		0.777852
386		0.777852
386.1		0.782167
386.2		0.782167
386.3		0.782167
386.4		0.782167
386.5		0.782167
386.6		0.782167
386.7		0.782167
386.8		0.782167
386.9		0.782167
387		0.782167
387.1		0.78387
387.2		0.78387
387.3		0.78387
387.4		0.78387
387.5		0.78387
387.6		0.78387
387.7		0.78387
387.8		0.78387
387.9		0.78387
388		0.78387
388.1		0.787192
388.2		0.787192
388.3		0.787192
388.4		0.787192
388.5		0.787192
388.6		0.787192
388.7		0.787192
388.8		0.787192
388.9		0.787192
389		0.787192
389.1		0.788244
389.2		0.788244
389.3		0.788244
389.4		0.788244
389.5		0.788244
389.6		0.788244
389.7		0.788244
389.8		0.788244
389.9		0.788244
390		0.788244
390.1		0.790673
390.2		0.790673
390.3		0.790673
390.4		0.790673
390.5		0.790673
390.6		0.790673
390.7		0.790673
390.8		0.790673
390.9		0.790673
391		0.790673
391.1		0.791081
391.2		0.791081
391.3		0.791081
391.4		0.791081
391.5		0.791081
391.6		0.791081
391.7		0.791081
391.8		0.791081
391.9		0.791081
392		0.791081
392.1		0.794019
392.2		0.794019
392.3		0.794019
392.4		0.794019
392.5		0.794019
392.6		0.794019
392.7		0.794019
392.8		0.794019
392.9		0.794019
393		0.794019
393.1		0.794898
393.2		0.794898
393.3		0.794898
393.4		0.794898
393.5		0.794898
393.6		0.794898
393.7		0.794898
393.8		0.794898
393.9		0.794898
394		0.794898
394.1		0.800653
394.2		0.800653
394.3		0.800653
394.4		0.800653
394.5		0.800653
394.6		0.800653
394.7		0.800653
394.8		0.800653
394.9		0.800653
395		0.800653
395.1		0.801916
395.2		0.801916
395.3		0.801916
395.4		0.801916
395.5		0.801916
395.6		0.801916
395.7		0.801916
395.8		0.801916
395.9		0.801916
396		0.801916
396.1		0.802114
396.2		0.802114
396.3		0.802114
396.4		0.802114
396.5		0.802114
396.6		0.802114
396.7		0.802114
396.8		0.802114
396.9		0.802114
397		0.802114
397.1		0.804218
397.2		0.804218
397.3		0.804218
397.4		0.804218
397.5		0.804218
397.6		0.804218
397.7		0.804218
397.8		0.804218
397.9		0.804218
398		0.804218
398.1		0.806439
398.2		0.806439
398.3		0.806439
398.4		0.806439
398.5		0.806439
398.6		0.806439
398.7		0.806439
398.8		0.806439
398.9		0.806439
399		0.806439
399.1		0.806786
399.2		0.806786
399.3		0.806786
399.4		0.806786
399.5		0.806786
399.6		0.806786
399.7		0.806786
399.8		0.806786
399.9		0.806786
400		0.806786
400.1		0.812963
400.2		0.812963
400.3		0.812963
400.4		0.812963
400.5		0.812963
400.6		0.812963
400.7		0.812963
400.8		0.812963
400.9		0.812963
401		0.812963
401.1		0.813714
401.2		0.813714
401.3		0.813714
401.4		0.813714
401.5		0.813714
401.6		0.813714
401.7		0.813714
401.8		0.813714
401.9		0.813714
402		0.813714
402.1		0.815963
402.2		0.815963
402.3		0.815963
402.4		0.815963
402.5		0.815963
402.6		0.815963
402.7		0.815963
402.8		0.815963
402.9		0.815963
403		0.815963
403.1		0.81725
403.2		0.81725
403.3		0.81725
403.4		0.81725
403.5		0.81725
403.6		0.81725
403.7		0.81725
403.8		0.81725
403.9		0.81725
404		0.81725
404.1		0.819462
404.2		0.819462
404.3		0.819462
404.4		0.819462
404.5		0.819462
404.6		0.819462
404.7		0.819462
404.8		0.819462
404.9		0.819462
405		0.819462
405.1		0.820444
405.2		0.820444
405.3		0.820444
405.4		0.820444
405.5		0.820444
405.6		0.820444
405.7		0.820444
405.8		0.820444
405.9		0.820444
406		0.820444
406.1		0.824002
406.2		0.824002
406.3		0.824002
406.4		0.824002
406.5		0.824002
406.6		0.824002
406.7		0.824002
406.8		0.824002
406.9		0.824002
407		0.824002
407.1		0.824137
407.2		0.824137
407.3		0.824137
407.4		0.824137
407.5		0.824137
407.6		0.824137
407.7		0.824137
407.8		0.824137
407.9		0.824137
408		0.824137
408.1		0.829373
408.2		0.829373
408.3		0.829373
408.4		0.829373
408.5		0.829373
408.6		0.829373
408.7		0.829373
408.8		0.829373
408.9		0.829373
409		0.829373
409.1		0.829684
409.2		0.829684
409.3		0.829684
409.4		0.829684
409.5		0.829684
409.6		0.829684
409.7		0.829684
409.8		0.829684
409.9		0.829684
410		0.829684
410.1		0.831286
410.2		0.831286
410.3		0.831286
410.4		0.831286
410.5		0.831286
410.6		0.831286
410.7		0.831286
410.8		0.831286
410.9		0.831286
411		0.831286
411.1		0.834564
411.2		0.834564
411.3		0.834564
411.4		0.834564
411.5		0.834564
411.6		0.834564
411.7		0.834564
411.8		0.834564
411.9		0.834564
412		0.834564
412.1		0.834564
412.2		0.834564
412.3		0.834564
412.4		0.834564
412.5		0.834564
412.6		0.834564
412.7		0.834564
412.8		0.834564
412.9		0.834564
413		0.834564
413.1		0.836415
413.2		0.836415
413.3		0.836415
413.4		0.836415
413.5		0.836415
413.6		0.836415
413.7		0.836415
413.8		0.836415
413.9		0.836415
414		0.836415
414.1		0.83935
414.2		0.83935
414.3		0.83935
414.4		0.83935
414.5		0.83935
414.6		0.83935
414.7		0.83935
414.8		0.83935
414.9		0.83935
415		0.83935
415.1		0.840976
415.2		0.840976
415.3		0.840976
415.4		0.840976
415.5		0.840976
415.6		0.840976
415.7		0.840976
415.8		0.840976
415.9		0.840976
416		0.840976
416.1		0.844921
416.2		0.844921
416.3		0.844921
416.4		0.844921
416.5		0.844921
416.6		0.844921
416.7		0.844921
416.8		0.844921
416.9		0.844921
417		0.844921
417.1		0.84708
417.2		0.84708
417.3		0.84708
417.4		0.84708
417.5		0.84708
417.6		0.84708
417.7		0.84708
417.8		0.84708
417.9		0.84708
418		0.84708
418.1		0.849572
418.2		0.849572
418.3		0.849572
418.4		0.849572
418.5		0.849572
418.6		0.849572
418.7		0.849572
418.8		0.849572
418.9		0.849572
419		0.849572
419.1		0.850371
419.2		0.850371
419.3		0.850371
419.4		0.850371
419.5		0.850371
419.6		0.850371
419.7		0.850371
419.8		0.850371
419.9		0.850371
420		0.850371
420.1		0.85423
420.2		0.85423
420.3		0.85423
420.4		0.85423
420.5		0.85423
420.6		0.85423
420.7		0.85423
420.8		0.85423
420.9		0.85423
421		0.85423
421.1		0.855881
421.2		0.855881
421.3		0.855881
421.4		0.855881
421.5		0.855881
421.6		0.855881
421.7		0.855881
421.8		0.855881
421.9		0.855881
422		0.855881
422.1		0.858345
422.2		0.858345
422.3		0.858345
422.4		0.858345
422.5		0.858345
422.6		0.858345
422.7		0.858345
422.8		0.858345
422.9		0.858345
423		0.858345
423.1		0.859082
423.2		0.859082
423.3		0.859082
423.4		0.859082
423.5		0.859082
423.6		0.859082
423.7		0.859082
423.8		0.859082
423.9		0.859082
424		0.859082
424.1		0.861937
424.2		0.861937
424.3		0.861937
424.4		0.861937
424.5		0.861937
424.6		0.861937
424.7		0.861937
424.8		0.861937
424.9		0.861937
425		0.861937
425.1		0.863844
425.2		0.863844
425.3		0.863844
425.4		0.863844
425.5		0.863844
425.6		0.863844
425.7		0.863844
425.8		0.863844
425.9		0.863844
426		0.863844
426.1		0.864387
426.2		0.864387
426.3		0.864387
426.4		0.864387
426.5		0.864387
426.6		0.864387
426.7		0.864387
426.8		0.864387
426.9		0.864387
427		0.864387
427.1		0.869886
427.2		0.869886
427.3		0.869886
427.4		0.869886
427.5		0.869886
427.6		0.869886
427.7		0.869886
427.8		0.869886
427.9		0.869886
428		0.869886
428.1		0.870439
428.2		0.870439
428.3		0.870439
428.4		0.870439
428.5		0.870439
428.6		0.870439
428.7		0.870439
428.8		0.870439
428.9		0.870439
429		0.870439
429.1		0.872768
429.2		0.872768
429.3		0.872768
429.4		0.872768
429.5		0.872768
429.6		0.872768
429.7		0.872768
429.8		0.872768
429.9		0.872768
430		0.872768
430.1		0.873661
430.2		0.873661
430.3		0.873661
430.4		0.873661
430.5		0.873661
430.6		0.873661
430.7		0.873661
430.8		0.873661
430.9		0.873661
431		0.873661
431.1		0.876322
431.2		0.876322
431.3		0.876322
431.4		0.876322
431.5		0.876322
431.6		0.876322
431.7		0.876322
431.8		0.876322
431.9		0.876322
432		0.876322
432.1		0.878042
432.2		0.878042
432.3		0.878042
432.4		0.878042
432.5		0.878042
432.6		0.878042
432.7		0.878042
432.8		0.878042
432.9		0.878042
433		0.878042
433.1		0.880344
433.2		0.880344
433.3		0.880344
433.4		0.880344
433.5		0.880344
433.6		0.880344
433.7		0.880344
433.8		0.880344
433.9		0.880344
434		0.880344
434.1		0.883316
434.2		0.883316
434.3		0.883316
434.4		0.883316
434.5		0.883316
434.6		0.883316
434.7		0.883316
434.8		0.883316
434.9		0.883316
435		0.883316
435.1		0.884174
435.2		0.884174
435.3		0.884174
435.4		0.884174
435.5		0.884174
435.6		0.884174
435.7		0.884174
435.8		0.884174
435.9		0.884174
436		0.884174
436.1		0.88461
436.2		0.88461
436.3		0.88461
436.4		0.88461
436.5		0.88461
436.6		0.88461
436.7		0.88461
436.8		0.88461
436.9		0.88461
437		0.88461
437.1		0.888992
437.2		0.888992
437.3		0.888992
437.4		0.888992
437.5		0.888992
437.6		0.888992
437.7		0.888992
437.8		0.888992
437.9		0.888992
438		0.888992
438.1		0.890826
438.2		0.890826
438.3		0.890826
438.4		0.890826
438.5		0.890826
438.6		0.890826
438.7		0.890826
438.8		0.890826
438.9		0.890826
439		0.890826
439.1		0.894677
439.2		0.894677
439.3		0.894677
439.4		0.894677
439.5		0.894677
439.6		0.894677
439.7		0.894677
439.8		0.894677
439.9		0.894677
440		0.894677
440.1		0.896767
440.2		0.896767
440.3		0.896767
440.4		0.896767
440.5		0.896767
440.6		0.896767
440.7		0.896767
440.8		0.896767
440.9		0.896767
441		0.896767
441.1		0.897449
441.2		0.897449
441.3		0.897449
441.4		0.897449
441.5		0.897449
441.6		0.897449
441.7		0.897449
441.8		0.897449
441.9		0.897449
442		0.897449
442.1		0.898474
442.2		0.898474
442.3		0.898474
442.4		0.898474
442.5		0.898474
442.6		0.898474
442.7		0.898474
442.8		0.898474
442.9		0.898474
443		0.898474
443.1		0.901661
443.2		0.901661
443.3		0.901661
443.4		0.901661
443.5		0.901661
443.6		0.901661
443.7		0.901661
443.8		0.901661
443.9		0.901661
444		0.901661
444.1		0.902297
444.2		0.902297
444.3		0.902297
444.4		0.902297
444.5		0.902297
444.6		0.902297
444.7		0.902297
444.8		0.902297
444.9		0.902297
445		0.902297
445.1		0.90419
445.2		0.90419
445.3		0.90419
445.4		0.90419
445.5		0.90419
445.6		0.90419
445.7		0.90419
445.8		0.90419
445.9		0.90419
446		0.90419
446.1		0.910198
446.2		0.910198
446.3		0.910198
446.4		0.910198
446.5		0.910198
446.6		0.910198
446.7		0.910198
446.8		0.910198
446.9		0.910198
447		0.910198
447.1		0.911074
447.2		0.911074
447.3		0.911074
447.4		0.911074
447.5		0.911074
447.6		0.911074
447.7		0.911074
447.8		0.911074
447.9		0.911074
448		0.911074
448.1		0.911319
448.2		0.911319
448.3		0.911319
448.4		0.911319
448.5		0.911319
448.6		0.911319
448.7		0.911319
448.8		0.911319
448.9		0.911319
449		0.911319
449.1		0.914731
449.2		0.914731
449.3		0.914731
449.4		0.914731
449.5		0.914731
449.6		0.914731
449.7		0.914731
449.8		0.914731
449.9		0.914731
450		0.914731
450.1		0.918853
450.2		0.918853
450.3		0.918853
450.4		0.918853
450.5		0.918853
450.6		0.918853
450.7		0.918853
450.8		0.918853
450.9		0.918853
451		0.918853
451.1		0.919234
451.2		0.919234
451.3		0.919234
451.4		0.919234
451.5		0.919234
451.6		0.919234
451.7		0.919234
451.8		0.919234
451.9		0.919234
452		0.919234
452.1		0.919465
452.2		0.919465
452.3		0.919465
452.4		0.919465
452.5		0.919465
452.6		0.919465
452.7		0.919465
452.8		0.919465
452.9		0.919465
453		0.919465
453.1		0.92186
453.2		0.92186
453.3		0.92186
453.4		0.92186
453.5		0.92186
453.6		0.92186
453.7		0.92186
453.8		0.92186
453.9		0.92186
454		0.92186
454.1		0.924559
454.2		0.924559
454.3		0.924559
454.4		0.924559
454.5		0.924559
454.6		0.924559
454.7		0.924559
454.8		0.924559
454.9		0.924559
455		0.924559
455.1		0.924815
455.2		0.924815
455.3		0.924815
455.4		0.924815
455.5		0.924815
455.6		0.924815
455.7		0.924815
455.8		0.924815
455.9		0.924815
456		0.924815
456.1		0.929844
456.2		0.929844
456.3		0.929844
456.4		0.929844
456.5		0.929844
456.6		0.929844
456.7		0.929844
456.8		0.929844
456.9		0.929844
457		0.929844
457.1		0.931065
457.2		0.931065
457.3		0.931065
457.4		0.931065
457.5		0.931065
457.6		0.931065
457.7		0.931065
457.8		0.931065
457.9		0.931065
458		0.931065
458.1		0.931453
458.2		0.931453
458.3		0.931453
458.4		0.931453
458.5		0.931453
458.6		0.931453
458.7		0.931453
458.8		0.931453
458.9		0.931453
459		0.931453
459.1		0.936768
459.2		0.936768
459.3		0.936768
459.4		0.936768
459.5		0.936768
459.6		0.936768
459.7		0.936768
459.8		0.936768
459.9		0.936768
460		0.936768
460.1		0.937128
460.2		0.937128
460.3		0.937128
460.4		0.937128
460.5		0.937128
460.6		0.937128
460.7		0.937128
460.8		0.937128
460.9		0.937128
461		0.937128
461.1		0.938173
461.2		0.938173
461.3		0.938173
461.4		0.938173
461.5		0.938173
461.6		0.938173
461.7		0.938173
461.8		0.938173
461.9		0.938173
462		0.938173
462.1		0.941381
462.2		0.941381
462.3		0.941381
462.4		0.941381
462.5		0.941381
462.6		0.941381
462.7		0.941381
462.8		0.941381
462.9		0.941381
463		0.941381
463.1		0.942167
463.2		0.942167
463.3		0.942167
463.4		0.942167
463.5		0.942167
463.6		0.942167
463.7		0.942167
463.8		0.942167
463.9		0.942167
464		0.942167
464.1		0.946627
464.2		0.946627
464.3		0.946627
464.4		0.946627
464.5		0.946627
464.6		0.946627
464.7		0.946627
464.8		0.946627
464.9		0.946627
465		0.946627
465.1		0.948475
465.2		0.948475
465.3		0.948475
465.4		0.948475
465.5		0.948475
465.6		0.948475
465.7		0.948475
465.8		0.948475
465.9		0.948475
466		0.948475
466.1		0.950714
466.2		0.950714
466.3		0.950714
466.4		0.950714
466.5		0.950714
466.6		0.950714
466.7		0.950714
466.8		0.950714
466.9		0.950714
467		0.950714
467.1		0.953324
467.2		0.953324
467.3		0.953324
467.4		0.953324
467.5		0.953324
467.6		0.953324
467.7		0.953324
467.8		0.953324
467.9		0.953324
468		0.953324
468.1		0.953988
468.2		0.953988
468.3		0.953988
468.4		0.953988
468.5		0.953988
468.6		0.953988
468.7		0.953988
468.8		0.953988
468.9		0.953988
469		0.953988
469.1		0.956262
469.2		0.956262
469.3		0.956262
469.4		0.956262
469.5		0.956262
469.6		0.956262
469.7		0.956262
469.8		0.956262
469.9		0.956262
470		0.956262
470.1		0.957591
470.2		0.957591
470.3		0.957591
470.4		0.957591
470.5		0.957591
470.6		0.957591
470.7		0.957591
470.8		0.957591
470.9		0.957591
471		0.957591
471.1		0.959892
471.2		0.959892
471.3		0.959892
471.4		0.959892
471.5		0.959892
471.6		0.959892
471.7		0.959892
471.8		0.959892
471.9		0.959892
472		0.959892
472.1		0.964858
472.2		0.964858
472.3		0.964858
472.4		0.964858
472.5		0.964858
472.6		0.964858
472.7		0.964858
472.8		0.964858
472.9		0.964858
473		0.964858
473.1		0.966117
473.2		0.966117
473.3		0.966117
473.4		0.966117
473.5		0.966117
473.6		0.966117
473.7		0.966117
473.8		0.966117
473.9		0.966117
474		0.966117
474.1		0.966502
474.2		0.966502
474.3		0.966502
474.4		0.966502
474.5		0.966502
474.6		0.966502
474.7		0.966502
474.8		0.966502
474.9		0.966502
475		0.966502
475.1		0.966744
475.2		0.966744
475.3		0.966744
475.4		0.966744
475.5		0.966744
475.6		0.966744
475.7		0.966744
475.8		0.966744
475.9		0.966744
476		0.966744
476.1		0.970339
476.2		0.970339
476.3		0.970339
476.4		0.970339
476.5		0.970339
476.6		0.970339
476.7		0.970339
476.8		0.970339
476.9		0.970339
477		0.970339
477.1		0.973028
477.2		0.973028
477.3		0.973028
477.4		0.973028
477.5		0.973028
477.6		0.973028
477.7		0.973028
477.8		0.973028
477.9		0.973028
478		0.973028
478.1		0.975233
478.2		0.975233
478.3		0.975233
478.4		0.975233
478.5		0.975233
478.6		0.975233
478.7		0.975233
478.8		0.975233
478.9		0.975233
479		0.975233
479.1		0.976731
479.2		0.976731
479.3		0.976731
479.4		0.976731
479.5		0.976731
479.6		0.976731
479.7		0.976731
479.8		0.976731
479.9		0.976731
480		0.976731
480.1		0.977755
480.2		0.977755
480.3		0.977755
480.4		0.977755
480.5		0.977755
480.6		0.977755
480.7		0.977755
480.8		0.977755
480.9		0.977755
481		0.977755
481.1		0.979686
481.2		0.979686
481.3		0.979686
481.4		0.979686
481.5		0.979686
481.6		0.979686
481.7		0.979686
481.8		0.979686
481.9		0.979686
482		0.979686
482.1		0.980074
482.2		0.980074
482.3		0.980074
482.4		0.980074
482.5		0.980074
482.6		0.980074
482.7		0.980074
482.8		0.980074
482.9		0.980074
483		0.980074
483.1		0.983379
483.2		0.983379
483.3		0.983379
483.4		0.983379
483.5		0.983379
483.6		0.983379
483.7		0.983379
483.8		0.983379
483.9		0.983379
484		0.983379
484.1		0.988715
484.2		0.988715
484.3		0.988715
484.4		0.988715
484.5		0.988715
484.6		0.988715
484.7		0.988715
484.8		0.988715
484.9		0.988715
485		0.988715
485.1		0.990958
485.2		0.990958
485.3		0.990958
485.4		0.990958
485.5		0.990958
485.6		0.990958
485.7		0.990958
485.8		0.990958
485.9		0.990958
486		0.990958
486.1		0.991736
486.2		0.991736
486.3		0.991736
486.4		0.991736
486.5		0.991736
486.6		0.991736
486.7		0.991736
486.8		0.991736
486.9		0.991736
487		0.991736
487.1		0.991819
487.2		0.991819
487.3		0.991819
487.4		0.991819
487.5		0.991819
487.6		0.991819
487.7		0.991819
487.8		0.991819
487.9		0.991819
488		0.991819
488.1		0.995283
488.2		0.995283
488.3		0.995283
488.4		0.995283
488.5		0.995283
488.6		0.995283
488.7		0.995283
488.8		0.995283
488.9		0.995283
489		0.995283
489.1		0.99791
489.2		0.99791
489.3		0.99791
489.4		0.99791
489.5		0.99791
489.6		0.99791
489.7		0.99791
489.8		0.99791
489.9		0.99791
490		0.99791
490.1		0.99983
490.2		0.99983
490.3		0.99983
490.4		0.99983
490.5		0.99983
490.6		0.99983
490.7		0.99983
490.8		0.99983
490.9		0.99983
491		0.99983
491.1		0.999962
491.2		0.999962
491.3		0.999962
491.4		0.999962
491.5		0.999962
491.6		0.999962
491.7		0.999962
491.8		0.999962
491.9		0.999962
492		0.999962
492.1		1
492.2		1
492.3		1
492.4		1
492.5		1
492.6		1
492.7		1
492.8		1
492.9		1
493		1
493.1		1
493.2		1
493.3		1
493.4		1
493.5		1
493.6		1
493.7		1
493.8		1
493.9		1
494		1
494.1		1
494.2		1
494.3		1
494.4		1
494.5		1
494.6		1
494.7		1
494.8		1
494.9		1
495		1
495.1		1
495.2		1
495.3		1
495.4		1
495.5		1
495.6		1
495.7		1
495.8		1
495.9		1
496		1
496.1		1
496.2		1
496.3		1
496.4		1
496.5		1
496.6		1
496.7		1
496.8		1
496.9		1
497		1
497.1		1
497.2		1
497.3		1
497.4		1
497.5		1
497.6		1
497.7		1
497.8		1
497.9		1
498		1
498.1		1
498.2		1
498.3		1
498.4		1
498.5		1
498.6		1
498.7		1
498.8		1
498.9		1
499		1
499.1		1
499.2		1
499.3		1
499.4		1
499.5		1
499.6		1
499.7		1
499.8		1
499.9		1
500		1
500.1		1
500.2		1
500.3		1
500.4		1
500.5		1
500.6		1
500.7		1
500.8		1
500.9		1
501		1
501.1		1
501.2		1
501.3		1
501.4		1
501.5		1
501.6		1
501.7		1
501.8		1
501.9		1
502		1
502.1		1
502.2		1
502.3		1
502.4		1
502.5		1
502.6		1
502.7		1
502.8		1
502.9		1
503		1
503.1		1
503.2		1
503.3		1
503.4		1
503.5		1
503.6		1
503.7		1
503.8		1
503.9		1
504		1
504.1		1
504.2		1
504.3		1
504.4		1
504.5		1
504.6		1
504.7		1
504.8		1
504.9		1
505		1
505.1		1
505.2		1
505.3		1
505.4		1
505.5		1
505.6		1
505.7		1
505.8		1
505.9		1
506		1
506.1		1
506.2		1
506.3		1
506.4		1
506.5		1
506.6		1
506.7		1
506.8		1
506.9		1
507		1
507.1		1
507.2		1
507.3		1
507.4		1
507.5		1
507.6		1
507.7		1
507.8		1
507.9		1
508		1
508.1		1
508.2		1
508.3		1
508.4		1
508.5		1
508.6		1
508.7		1
508.8		1
508.9		1
509		1
509.1		1
509.2		1
509.3		1
509.4		1
509.5		1
509.6		1
509.7		1
509.8		1
509.9		1
510		1
510.1		1
510.2		1
510.3		1
510.4		1
510.5		1
510.6		1
510.7		1
510.8		1
510.9		1
511		1
511.1		1
511.2		1
511.3		1
511.4		1
511.5		1
511.6		1
511.7		1
511.8		1
511.9		1
512		1
512.1		1
512.2		1
512.3		1
512.4		1
512.5		1
512.6		1
512.7		1
512.8		1
512.9		1
513		1
513.1		1
513.2		1
513.3		1
513.4		1
513.5		1
513.6		1
513.7		1
513.8		1
513.9		1
514		1
514.1		1
514.2		1
514.3		1
514.4		1
514.5		1
514.6		1
514.7		1
514.8		1
514.9		1
515		1
515.1		1
515.2		1
515.3		1
515.4		1
515.5		1
515.6		1
515.7		1
515.8		1
515.9		1
516		1
516.1		1
516.2		1
516.3		1
516.4		1
516.5		1
516.6		1
516.7		1
516.8		1
516.9		1
517		1
517.1		1
517.2		1
517.3		1
517.4		1
517.5		1
517.6		1
517.7		1
517.8		1
517.9		1
518		1
518.1		1
518.2		1
518.3		1
518.4		1
518.5		1
518.6		1
518.7		1
518.8		1
518.9		1
519		1
519.1		1
519.2		1
519.3		1
519.4		1
519.5		1
519.6		1
519.7		1
519.8		1
519.9		1
520		1
520.1		1
520.2		1
520.3		1
520.4		1
520.5		1
520.6		1
520.7		1
520.8		1
520.9		1
521		1
521.1		1
521.2		1
521.3		1
521.4		1
521.5		1
521.6		1
521.7		1
521.8		1
521.9		1
522		1
522.1		1
522.2		1
522.3		1
522.4		1
522.5		1
522.6		1
522.7		1
522.8		1
522.9		1
523		1
523.1		1
523.2		1
523.3		1
523.4		1
523.5		1
523.6		1
523.7		1
523.8		1
523.9		1
524		1
524.1		1
524.2		1
524.3		1
524.4		1
524.5		1
524.6		1
524.7		1
524.8		1
524.9		1
525		1
525.1		1
525.2		1
525.3		1
525.4		1
525.5		1
525.6		1
525.7		1
525.8		1
525.9		1
526		1
526.1		1
526.2		1
526.3		1
526.4		1
526.5		1
526.6		1
526.7		1
526.8		1
526.9		1
527		1
527.1		1
527.2		1
527.3		1
527.4		1
527.5		1
527.6		1
527.7		1
527.8		1
527.9		1
528		1
528.1		1
528.2		1
528.3		1
528.4		1
528.5		1
528.6		1
528.7		1
528.8		1
528.9		1
529		1
529.1		1
529.2		1
529.3		1
529.4		1
529.5		1
529.6		1
529.7		1
529.8		1
529.9		1
530		1
530.1		1
530.2		1
530.3		1
530.4		1
530.5		1
530.6		1
530.7		1
530.8		1
530.9		1
531		1
531.1		1
531.2		1
531.3		1
531.4		1
531.5		1
531.6		1
531.7		1
531.8		1
531.9		1
532		1
532.1		1
532.2		1
532.3		1
532.4		1
532.5		1
532.6		1
532.7		1
532.8		1
532.9		1
533		1
533.1		1
533.2		1
533.3		1
533.4		1
533.5		1
533.6		1
533.7		1
533.8		1
533.9		1
534		1
534.1		1
534.2		1
534.3		1
534.4		1
534.5		1
534.6		1
534.7		1
534.8		1
534.9		1
535		1
535.1		1
535.2		1
535.3		1
535.4		1
535.5		1
535.6		1
535.7		1
535.8		1
535.9		1
536		1
536.1		1
536.2		1
536.3		1
536.4		1
536.5		1
536.6		1
536.7		1
536.8		1
536.9		1
537		1
537.1		1
537.2		1
537.3		1
537.4		1
537.5		1
537.6		1
537.7		1
537.8		1
537.9		1
538		1
538.1		1
538.2		1
538.3		1
538.4		1
538.5		1
538.6		1
538.7		1
538.8		1
538.9		1
539		1
539.1		1
539.2		1
539.3		1
539.4		1
539.5		1
539.6		1
539.7		1
539.8		1
539.9		1
540		1
540.1		1
540.2		1
540.3		1
540.4		1
540.5		1
540.6		1
540.7		1
540.8		1
540.9		1
541		1
541.1		1
541.2		1
541.3		1
541.4		1
541.5		1
541.6		1
541.7		1
541.8		1
541.9		1
542		1
542.1		1
542.2		1
542.3		1
542.4		1
542.5		1
542.6		1
542.7		1
542.8		1
542.9		1
543		1
543.1		1
543.2		1
543.3		1
543.4		1
543.5		1
543.6		1
543.7		1
543.8		1
543.9		1
544		1
544.1		1
544.2		1
544.3		1
544.4		1
544.5		1
544.6		1
544.7		1
544.8		1
544.9		1
545		1
545.1		1
545.2		1
545.3		1
545.4		1
545.5		1
545.6		1
545.7		1
545.8		1
545.9		1
546		1
546.1		1
546.2		1
546.3		1
546.4		1
546.5		1
546.6		1
546.7		1
546.8		1
546.9		1
547		1
547.1		1
547.2		1
547.3		1
547.4		1
547.5		1
547.6		1
547.7		1
547.8		1
547.9		1
548		1
548.1		1
548.2		1
548.3		1
548.4		1
548.5		1
548.6		1
548.7		1
548.8		1
548.9		1
549		1
549.1		1
549.2		1
549.3		1
549.4		1
549.5		1
549.6		1
549.7		1
549.8		1
549.9		1
550		1
550.1		1
550.2		1
550.3		1
550.4		1
550.5		1
550.6		1
550.7		1
550.8		1
550.9		1
551		1
551.1		1
551.2		1
551.3		1
551.4		1
551.5		1
551.6		1
551.7		1
551.8		1
551.9		1
552		1
552.1		1
552.2		1
552.3		1
552.4		1
552.5		1
552.6		1
552.7		1
552.8		1
552.9		1
553		1
553.1		1
553.2		1
553.3		1
553.4		1
553.5		1
553.6		1
553.7		1
553.8		1
553.9		1
554		1
554.1		1
554.2		1
554.3		1
554.4		1
554.5		1
554.6		1
554.7		1
554.8		1
554.9		1
555		1
555.1		1
555.2		1
555.3		1
555.4		1
555.5		1
555.6		1
555.7		1
555.8		1
555.9		1
556		1
556.1		1
556.2		1
556.3		1
556.4		1
556.5		1
556.6		1
556.7		1
556.8		1
556.9		1
557		1
557.1		1
557.2		1
557.3		1
557.4		1
557.5		1
557.6		1
557.7		1
557.8		1
557.9		1
558		1
558.1		1
558.2		1
558.3		1
558.4		1
558.5		1
558.6		1
558.7		1
558.8		1
558.9		1
559		1
559.1		1
559.2		1
559.3		1
559.4		1
559.5		1
559.6		1
559.7		1
559.8		1
559.9		1
560		1
560.1		1
560.2		1
560.3		1
560.4		1
560.5		1
560.6		1
560.7		1
560.8		1
560.9		1
561		1
561.1		1
561.2		1
561.3		1
561.4		1
561.5		1
561.6		1
561.7		1
561.8		1
561.9		1
562		1
562.1		1
562.2		1
562.3		1
562.4		1
562.5		1
562.6		1
562.7		1
562.8		1
562.9		1
563		1
563.1		1
563.2		1
563.3		1
563.4		1
563.5		1
563.6		1
563.7		1
563.8		1
563.9		1
564		1
564.1		1
564.2		1
564.3		1
564.4		1
564.5		1
564.6		1
564.7		1
564.8		1
564.9		1
565		1
565.1		1
565.2		1
565.3		1
565.4		1
565.5		1
565.6		1
565.7		1
565.8		1
565.9		1
566		1
566.1		1
566.2		1
566.3		1
566.4		1
566.5		1
566.6		1
566.7		1
566.8		1
566.9		1
567		1
567.1		1
567.2		1
567.3		1
567.4		1
567.5		1
567.6		1
567.7		1
567.8		1
567.9		1
568		1
568.1		1
568.2		1
568.3		1
568.4		1
568.5		1
568.6		1
568.7		1
568.8		1
568.9		1
569		1
569.1		1
569.2		1
569.3		1
569.4		1
569.5		1
569.6		1
569.7		1
569.8		1
569.9		1
570		1
570.1		1
570.2		1
570.3		1
570.4		1
570.5		1
570.6		1
570.7		1
570.8		1
570.9		1
571		1
571.1		1
571.2		1
571.3		1
571.4		1
571.5		1
571.6		1
571.7		1
571.8		1
571.9		1
572		1
572.1		1
572.2		1
572.3		1
572.4		1
572.5		1
572.6		1
572.7		1
572.8		1
572.9		1
573		1
573.1		1
573.2		1
573.3		1
573.4		1
573.5		1
573.6		1
573.7		1
573.8		1
573.9		1
574		1
574.1		1
574.2		1
574.3		1
574.4		1
574.5		1
574.6		1
574.7		1
574.8		1
574.9		1
575		1
575.1		1
575.2		1
575.3		1
575.4		1
575.5		1
575.6		1
575.7		1
575.8		1
575.9		1
576		1
576.1		1
576.2		1
576.3		1
576.4		1
576.5		1
576.6		1
576.7		1
576.8		1
576.9		1
577		1
577.1		1
577.2		1
577.3		1
577.4		1
577.5		1
577.6		1
577.7		1
577.8		1
577.9		1
578		1
578.1		1
578.2		1
578.3		1
578.4		1
578.5		1
578.6		1
578.7		1
578.8		1
578.9		1
579		1
579.1		1
579.2		1
579.3		1
579.4		1
579.5		1
579.6		1
579.7		1
579.8		1
579.9		1
580		1
580.1		1
580.2		1
580.3		1
580.4		1
580.5		1
580.6		1
580.7		1
580.8		1
580.9		1
581		1
581.1		1
581.2		1
581.3		1
581.4		1
581.5		1
581.6		1
581.7		1
581.8		1
581.9		1
582		1
582.1		1
582.2		1
582.3		1
582.4		1
582.5		1
582.6		1
582.7		1
582.8		1
582.9		1
583		1
583.1		1
583.2		1
583.3		1
583.4		1
583.5		1
583.6		1
583.7		1
583.8		1
583.9		1
584		1
584.1		1
584.2		1
584.3		1
584.4		1
584.5		1
584.6		1
584.7		1
584.8		1
584.9		1
585		1
585.1		1
585.2		1
585.3		1
585.4		1
585.5		1
585.6		1
585.7		1
585.8		1
585.9		1
586		1
586.1		1
586.2		1
586.3		1
586.4		1
586.5		1
586.6		1
586.7		1
586.8		1
586.9		1
587		1
587.1		1
587.2		1
587.3		1
587.4		1
587.5		1
587.6		1
587.7		1
587.8		1
587.9		1
588		1
588.1		1
588.2		1
588.3		1
588.4		1
588.5		1
588.6		1
588.7		1
588.8		1
588.9		1
589		1
589.1		1
589.2		1
589.3		1
589.4		1
589.5		1
589.6		1
589.7		1
589.8		1
589.9		1
590		1
590.1		1
590.2		1
590.3		1
590.4		1
590.5		1
590.6		1
590.7		1
590.8		1
590.9		1
591		1
591.1		1
591.2		1
591.3		1
591.4		1
591.5		1
591.6		1
591.7		1
591.8		1
591.9		1
592		1
592.1		1
592.2		1
592.3		1
592.4		1
592.5		1
592.6		1
592.7		1
592.8		1
592.9		1
593		1
593.1		1
593.2		1
593.3		1
593.4		1
593.5		1
593.6		1
593.7		1
593.8		1
593.9		1
594		1
594.1		1
594.2		1
594.3		1
594.4		1
594.5		1
594.6		1
594.7		1
594.8		1
594.9		1
595		1
595.1		1
595.2		1
595.3		1
595.4		1
595.5		1
595.6		1
595.7		1
595.8		1
595.9		1
596		1
596.1		1
596.2		1
596.3		1
596.4		1
596.5		1
596.6		1
596.7		1
596.8		1
596.9		1
597		1
597.1		1
597.2		1
597.3		1
597.4		1
597.5		1
597.6		1
597.7		1
597.8		1
597.9		1
598		1
598.1		1
598.2		1
598.3		1
598.4		1
598.5		1
598.6		1
598.7		1
598.8		1
598.9		1
599		1
599.1		1
599.2		1
599.3		1
599.4		1
599.5		1
599.6		1
599.7		1
599.8		1
599.9		1
600		1
