# Calibration file of tamex_id 2 @ channel 5
# fine_T bin		 Calibration value
0.1		0
0.2		0
0.3		0
0.4		0
0.5		0
0.6		0
0.7		0
0.8		0
0.9		0
1		0
1.1		0
1.2		0
1.3		0
1.4		0
1.5		0
1.6		0
1.7		0
1.8		0
1.9		0
2		0
2.1		0
2.2		0
2.3		0
2.4		0
2.5		0
2.6		0
2.7		0
2.8		0
2.9		0
3		0
3.1		0
3.2		0
3.3		0
3.4		0
3.5		0
3.6		0
3.7		0
3.8		0
3.9		0
4		0
4.1		0
4.2		0
4.3		0
4.4		0
4.5		0
4.6		0
4.7		0
4.8		0
4.9		0
5		0
5.1		0
5.2		0
5.3		0
5.4		0
5.5		0
5.6		0
5.7		0
5.8		0
5.9		0
6		0
6.1		0
6.2		0
6.3		0
6.4		0
6.5		0
6.6		0
6.7		0
6.8		0
6.9		0
7		0
7.1		0
7.2		0
7.3		0
7.4		0
7.5		0
7.6		0
7.7		0
7.8		0
7.9		0
8		0
8.1		0
8.2		0
8.3		0
8.4		0
8.5		0
8.6		0
8.7		0
8.8		0
8.9		0
9		0
9.1		0
9.2		0
9.3		0
9.4		0
9.5		0
9.6		0
9.7		0
9.8		0
9.9		0
10		0
10.1		0
10.2		0
10.3		0
10.4		0
10.5		0
10.6		0
10.7		0
10.8		0
10.9		0
11		0
11.1		0
11.2		0
11.3		0
11.4		0
11.5		0
11.6		0
11.7		0
11.8		0
11.9		0
12		0
12.1		0
12.2		0
12.3		0
12.4		0
12.5		0
12.6		0
12.7		0
12.8		0
12.9		0
13		0
13.1		0
13.2		0
13.3		0
13.4		0
13.5		0
13.6		0
13.7		0
13.8		0
13.9		0
14		0
14.1		0
14.2		0
14.3		0
14.4		0
14.5		0
14.6		0
14.7		0
14.8		0
14.9		0
15		0
15.1		0
15.2		0
15.3		0
15.4		0
15.5		0
15.6		0
15.7		0
15.8		0
15.9		0
16		0
16.1		0
16.2		0
16.3		0
16.4		0
16.5		0
16.6		0
16.7		0
16.8		0
16.9		0
17		0
17.1		0.00295068
17.2		0.00295068
17.3		0.00295068
17.4		0.00295068
17.5		0.00295068
17.6		0.00295068
17.7		0.00295068
17.8		0.00295068
17.9		0.00295068
18		0.00295068
18.1		0.00576723
18.2		0.00576723
18.3		0.00576723
18.4		0.00576723
18.5		0.00576723
18.6		0.00576723
18.7		0.00576723
18.8		0.00576723
18.9		0.00576723
19		0.00576723
19.1		0.00883593
19.2		0.00883593
19.3		0.00883593
19.4		0.00883593
19.5		0.00883593
19.6		0.00883593
19.7		0.00883593
19.8		0.00883593
19.9		0.00883593
20		0.00883593
20.1		0.012248
20.2		0.012248
20.3		0.012248
20.4		0.012248
20.5		0.012248
20.6		0.012248
20.7		0.012248
20.8		0.012248
20.9		0.012248
21		0.012248
21.1		0.0124679
21.2		0.0124679
21.3		0.0124679
21.4		0.0124679
21.5		0.0124679
21.6		0.0124679
21.7		0.0124679
21.8		0.0124679
21.9		0.0124679
22		0.0124679
22.1		0.0168886
22.2		0.0168886
22.3		0.0168886
22.4		0.0168886
22.5		0.0168886
22.6		0.0168886
22.7		0.0168886
22.8		0.0168886
22.9		0.0168886
23		0.0168886
23.1		0.0174143
23.2		0.0174143
23.3		0.0174143
23.4		0.0174143
23.5		0.0174143
23.6		0.0174143
23.7		0.0174143
23.8		0.0174143
23.9		0.0174143
24		0.0174143
24.1		0.0201826
24.2		0.0201826
24.3		0.0201826
24.4		0.0201826
24.5		0.0201826
24.6		0.0201826
24.7		0.0201826
24.8		0.0201826
24.9		0.0201826
25		0.0201826
25.1		0.0238844
25.2		0.0238844
25.3		0.0238844
25.4		0.0238844
25.5		0.0238844
25.6		0.0238844
25.7		0.0238844
25.8		0.0238844
25.9		0.0238844
26		0.0238844
26.1		0.0256172
26.2		0.0256172
26.3		0.0256172
26.4		0.0256172
26.5		0.0256172
26.6		0.0256172
26.7		0.0256172
26.8		0.0256172
26.9		0.0256172
27		0.0256172
27.1		0.0275861
27.2		0.0275861
27.3		0.0275861
27.4		0.0275861
27.5		0.0275861
27.6		0.0275861
27.7		0.0275861
27.8		0.0275861
27.9		0.0275861
28		0.0275861
28.1		0.0278973
28.2		0.0278973
28.3		0.0278973
28.4		0.0278973
28.5		0.0278973
28.6		0.0278973
28.7		0.0278973
28.8		0.0278973
28.9		0.0278973
29		0.0278973
29.1		0.0280046
29.2		0.0280046
29.3		0.0280046
29.4		0.0280046
29.5		0.0280046
29.6		0.0280046
29.7		0.0280046
29.8		0.0280046
29.9		0.0280046
30		0.0280046
30.1		0.0334016
30.2		0.0334016
30.3		0.0334016
30.4		0.0334016
30.5		0.0334016
30.6		0.0334016
30.7		0.0334016
30.8		0.0334016
30.9		0.0334016
31		0.0334016
31.1		0.033804
31.2		0.033804
31.3		0.033804
31.4		0.033804
31.5		0.033804
31.6		0.033804
31.7		0.033804
31.8		0.033804
31.9		0.033804
32		0.033804
32.1		0.0360412
32.2		0.0360412
32.3		0.0360412
32.4		0.0360412
32.5		0.0360412
32.6		0.0360412
32.7		0.0360412
32.8		0.0360412
32.9		0.0360412
33		0.0360412
33.1		0.0377043
33.2		0.0377043
33.3		0.0377043
33.4		0.0377043
33.5		0.0377043
33.6		0.0377043
33.7		0.0377043
33.8		0.0377043
33.9		0.0377043
34		0.0377043
34.1		0.0422161
34.2		0.0422161
34.3		0.0422161
34.4		0.0422161
34.5		0.0422161
34.6		0.0422161
34.7		0.0422161
34.8		0.0422161
34.9		0.0422161
35		0.0422161
35.1		0.0431335
35.2		0.0431335
35.3		0.0431335
35.4		0.0431335
35.5		0.0431335
35.6		0.0431335
35.7		0.0431335
35.8		0.0431335
35.9		0.0431335
36		0.0431335
36.1		0.0439168
36.2		0.0439168
36.3		0.0439168
36.4		0.0439168
36.5		0.0439168
36.6		0.0439168
36.7		0.0439168
36.8		0.0439168
36.9		0.0439168
37		0.0439168
37.1		0.0457623
37.2		0.0457623
37.3		0.0457623
37.4		0.0457623
37.5		0.0457623
37.6		0.0457623
37.7		0.0457623
37.8		0.0457623
37.9		0.0457623
38		0.0457623
38.1		0.0487827
38.2		0.0487827
38.3		0.0487827
38.4		0.0487827
38.5		0.0487827
38.6		0.0487827
38.7		0.0487827
38.8		0.0487827
38.9		0.0487827
39		0.0487827
39.1		0.0493299
39.2		0.0493299
39.3		0.0493299
39.4		0.0493299
39.5		0.0493299
39.6		0.0493299
39.7		0.0493299
39.8		0.0493299
39.9		0.0493299
40		0.0493299
40.1		0.0517924
40.2		0.0517924
40.3		0.0517924
40.4		0.0517924
40.5		0.0517924
40.6		0.0517924
40.7		0.0517924
40.8		0.0517924
40.9		0.0517924
41		0.0517924
41.1		0.0544212
41.2		0.0544212
41.3		0.0544212
41.4		0.0544212
41.5		0.0544212
41.6		0.0544212
41.7		0.0544212
41.8		0.0544212
41.9		0.0544212
42		0.0544212
42.1		0.0589599
42.2		0.0589599
42.3		0.0589599
42.4		0.0589599
42.5		0.0589599
42.6		0.0589599
42.7		0.0589599
42.8		0.0589599
42.9		0.0589599
43		0.0589599
43.1		0.0601133
43.2		0.0601133
43.3		0.0601133
43.4		0.0601133
43.5		0.0601133
43.6		0.0601133
43.7		0.0601133
43.8		0.0601133
43.9		0.0601133
44		0.0601133
44.1		0.0603118
44.2		0.0603118
44.3		0.0603118
44.4		0.0603118
44.5		0.0603118
44.6		0.0603118
44.7		0.0603118
44.8		0.0603118
44.9		0.0603118
45		0.0603118
45.1		0.0604459
45.2		0.0604459
45.3		0.0604459
45.4		0.0604459
45.5		0.0604459
45.6		0.0604459
45.7		0.0604459
45.8		0.0604459
45.9		0.0604459
46		0.0604459
46.1		0.0657947
46.2		0.0657947
46.3		0.0657947
46.4		0.0657947
46.5		0.0657947
46.6		0.0657947
46.7		0.0657947
46.8		0.0657947
46.9		0.0657947
47		0.0657947
47.1		0.0683215
47.2		0.0683215
47.3		0.0683215
47.4		0.0683215
47.5		0.0683215
47.6		0.0683215
47.7		0.0683215
47.8		0.0683215
47.9		0.0683215
48		0.0683215
48.1		0.0702636
48.2		0.0702636
48.3		0.0702636
48.4		0.0702636
48.5		0.0702636
48.6		0.0702636
48.7		0.0702636
48.8		0.0702636
48.9		0.0702636
49		0.0702636
49.1		0.070548
49.2		0.070548
49.3		0.070548
49.4		0.070548
49.5		0.070548
49.6		0.070548
49.7		0.070548
49.8		0.070548
49.9		0.070548
50		0.070548
50.1		0.0729407
50.2		0.0729407
50.3		0.0729407
50.4		0.0729407
50.5		0.0729407
50.6		0.0729407
50.7		0.0729407
50.8		0.0729407
50.9		0.0729407
51		0.0729407
51.1		0.0757304
51.2		0.0757304
51.3		0.0757304
51.4		0.0757304
51.5		0.0757304
51.6		0.0757304
51.7		0.0757304
51.8		0.0757304
51.9		0.0757304
52		0.0757304
52.1		0.0770126
52.2		0.0770126
52.3		0.0770126
52.4		0.0770126
52.5		0.0770126
52.6		0.0770126
52.7		0.0770126
52.8		0.0770126
52.9		0.0770126
53		0.0770126
53.1		0.0804086
53.2		0.0804086
53.3		0.0804086
53.4		0.0804086
53.5		0.0804086
53.6		0.0804086
53.7		0.0804086
53.8		0.0804086
53.9		0.0804086
54		0.0804086
54.1		0.0806768
54.2		0.0806768
54.3		0.0806768
54.4		0.0806768
54.5		0.0806768
54.6		0.0806768
54.7		0.0806768
54.8		0.0806768
54.9		0.0806768
55		0.0806768
55.1		0.0838689
55.2		0.0838689
55.3		0.0838689
55.4		0.0838689
55.5		0.0838689
55.6		0.0838689
55.7		0.0838689
55.8		0.0838689
55.9		0.0838689
56		0.0838689
56.1		0.0855106
56.2		0.0855106
56.3		0.0855106
56.4		0.0855106
56.5		0.0855106
56.6		0.0855106
56.7		0.0855106
56.8		0.0855106
56.9		0.0855106
57		0.0855106
57.1		0.0890836
57.2		0.0890836
57.3		0.0890836
57.4		0.0890836
57.5		0.0890836
57.6		0.0890836
57.7		0.0890836
57.8		0.0890836
57.9		0.0890836
58		0.0890836
58.1		0.091031
58.2		0.091031
58.3		0.091031
58.4		0.091031
58.5		0.091031
58.6		0.091031
58.7		0.091031
58.8		0.091031
58.9		0.091031
59		0.091031
59.1		0.094089
59.2		0.094089
59.3		0.094089
59.4		0.094089
59.5		0.094089
59.6		0.094089
59.7		0.094089
59.8		0.094089
59.9		0.094089
60		0.094089
60.1		0.0971952
60.2		0.0971952
60.3		0.0971952
60.4		0.0971952
60.5		0.0971952
60.6		0.0971952
60.7		0.0971952
60.8		0.0971952
60.9		0.0971952
61		0.0971952
61.1		0.0978015
61.2		0.0978015
61.3		0.0978015
61.4		0.0978015
61.5		0.0978015
61.6		0.0978015
61.7		0.0978015
61.8		0.0978015
61.9		0.0978015
62		0.0978015
62.1		0.0980912
62.2		0.0980912
62.3		0.0980912
62.4		0.0980912
62.5		0.0980912
62.6		0.0980912
62.7		0.0980912
62.8		0.0980912
62.9		0.0980912
63		0.0980912
63.1		0.102254
63.2		0.102254
63.3		0.102254
63.4		0.102254
63.5		0.102254
63.6		0.102254
63.7		0.102254
63.8		0.102254
63.9		0.102254
64		0.102254
64.1		0.103349
64.2		0.103349
64.3		0.103349
64.4		0.103349
64.5		0.103349
64.6		0.103349
64.7		0.103349
64.8		0.103349
64.9		0.103349
65		0.103349
65.1		0.106385
65.2		0.106385
65.3		0.106385
65.4		0.106385
65.5		0.106385
65.6		0.106385
65.7		0.106385
65.8		0.106385
65.9		0.106385
66		0.106385
66.1		0.108295
66.2		0.108295
66.3		0.108295
66.4		0.108295
66.5		0.108295
66.6		0.108295
66.7		0.108295
66.8		0.108295
66.9		0.108295
67		0.108295
67.1		0.108531
67.2		0.108531
67.3		0.108531
67.4		0.108531
67.5		0.108531
67.6		0.108531
67.7		0.108531
67.8		0.108531
67.9		0.108531
68		0.108531
68.1		0.111836
68.2		0.111836
68.3		0.111836
68.4		0.111836
68.5		0.111836
68.6		0.111836
68.7		0.111836
68.8		0.111836
68.9		0.111836
69		0.111836
69.1		0.114282
69.2		0.114282
69.3		0.114282
69.4		0.114282
69.5		0.114282
69.6		0.114282
69.7		0.114282
69.8		0.114282
69.9		0.114282
70		0.114282
70.1		0.115468
70.2		0.115468
70.3		0.115468
70.4		0.115468
70.5		0.115468
70.6		0.115468
70.7		0.115468
70.8		0.115468
70.9		0.115468
71		0.115468
71.1		0.116627
71.2		0.116627
71.3		0.116627
71.4		0.116627
71.5		0.116627
71.6		0.116627
71.7		0.116627
71.8		0.116627
71.9		0.116627
72		0.116627
72.1		0.117791
72.2		0.117791
72.3		0.117791
72.4		0.117791
72.5		0.117791
72.6		0.117791
72.7		0.117791
72.8		0.117791
72.9		0.117791
73		0.117791
73.1		0.12174
73.2		0.12174
73.3		0.12174
73.4		0.12174
73.5		0.12174
73.6		0.12174
73.7		0.12174
73.8		0.12174
73.9		0.12174
74		0.12174
74.1		0.1244
74.2		0.1244
74.3		0.1244
74.4		0.1244
74.5		0.1244
74.6		0.1244
74.7		0.1244
74.8		0.1244
74.9		0.1244
75		0.1244
75.1		0.128387
75.2		0.128387
75.3		0.128387
75.4		0.128387
75.5		0.128387
75.6		0.128387
75.7		0.128387
75.8		0.128387
75.9		0.128387
76		0.128387
76.1		0.12873
76.2		0.12873
76.3		0.12873
76.4		0.12873
76.5		0.12873
76.6		0.12873
76.7		0.12873
76.8		0.12873
76.9		0.12873
77		0.12873
77.1		0.130624
77.2		0.130624
77.3		0.130624
77.4		0.130624
77.5		0.130624
77.6		0.130624
77.7		0.130624
77.8		0.130624
77.9		0.130624
78		0.130624
78.1		0.131498
78.2		0.131498
78.3		0.131498
78.4		0.131498
78.5		0.131498
78.6		0.131498
78.7		0.131498
78.8		0.131498
78.9		0.131498
79		0.131498
79.1		0.134841
79.2		0.134841
79.3		0.134841
79.4		0.134841
79.5		0.134841
79.6		0.134841
79.7		0.134841
79.8		0.134841
79.9		0.134841
80		0.134841
80.1		0.138354
80.2		0.138354
80.3		0.138354
80.4		0.138354
80.5		0.138354
80.6		0.138354
80.7		0.138354
80.8		0.138354
80.9		0.138354
81		0.138354
81.1		0.139551
81.2		0.139551
81.3		0.139551
81.4		0.139551
81.5		0.139551
81.6		0.139551
81.7		0.139551
81.8		0.139551
81.9		0.139551
82		0.139551
82.1		0.139953
82.2		0.139953
82.3		0.139953
82.4		0.139953
82.5		0.139953
82.6		0.139953
82.7		0.139953
82.8		0.139953
82.9		0.139953
83		0.139953
83.1		0.142915
83.2		0.142915
83.3		0.142915
83.4		0.142915
83.5		0.142915
83.6		0.142915
83.7		0.142915
83.8		0.142915
83.9		0.142915
84		0.142915
84.1		0.143451
84.2		0.143451
84.3		0.143451
84.4		0.143451
84.5		0.143451
84.6		0.143451
84.7		0.143451
84.8		0.143451
84.9		0.143451
85		0.143451
85.1		0.150721
85.2		0.150721
85.3		0.150721
85.4		0.150721
85.5		0.150721
85.6		0.150721
85.7		0.150721
85.8		0.150721
85.9		0.150721
86		0.150721
86.1		0.151236
86.2		0.151236
86.3		0.151236
86.4		0.151236
86.5		0.151236
86.6		0.151236
86.7		0.151236
86.8		0.151236
86.9		0.151236
87		0.151236
87.1		0.151595
87.2		0.151595
87.3		0.151595
87.4		0.151595
87.5		0.151595
87.6		0.151595
87.7		0.151595
87.8		0.151595
87.9		0.151595
88		0.151595
88.1		0.152464
88.2		0.152464
88.3		0.152464
88.4		0.152464
88.5		0.152464
88.6		0.152464
88.7		0.152464
88.8		0.152464
88.9		0.152464
89		0.152464
89.1		0.152689
89.2		0.152689
89.3		0.152689
89.4		0.152689
89.5		0.152689
89.6		0.152689
89.7		0.152689
89.8		0.152689
89.9		0.152689
90		0.152689
90.1		0.160002
90.2		0.160002
90.3		0.160002
90.4		0.160002
90.5		0.160002
90.6		0.160002
90.7		0.160002
90.8		0.160002
90.9		0.160002
91		0.160002
91.1		0.160345
91.2		0.160345
91.3		0.160345
91.4		0.160345
91.5		0.160345
91.6		0.160345
91.7		0.160345
91.8		0.160345
91.9		0.160345
92		0.160345
92.1		0.162287
92.2		0.162287
92.3		0.162287
92.4		0.162287
92.5		0.162287
92.6		0.162287
92.7		0.162287
92.8		0.162287
92.9		0.162287
93		0.162287
93.1		0.162883
93.2		0.162883
93.3		0.162883
93.4		0.162883
93.5		0.162883
93.6		0.162883
93.7		0.162883
93.8		0.162883
93.9		0.162883
94		0.162883
94.1		0.165866
94.2		0.165866
94.3		0.165866
94.4		0.165866
94.5		0.165866
94.6		0.165866
94.7		0.165866
94.8		0.165866
94.9		0.165866
95		0.165866
95.1		0.169009
95.2		0.169009
95.3		0.169009
95.4		0.169009
95.5		0.169009
95.6		0.169009
95.7		0.169009
95.8		0.169009
95.9		0.169009
96		0.169009
96.1		0.16954
96.2		0.16954
96.3		0.16954
96.4		0.16954
96.5		0.16954
96.6		0.16954
96.7		0.16954
96.8		0.16954
96.9		0.16954
97		0.16954
97.1		0.172679
97.2		0.172679
97.3		0.172679
97.4		0.172679
97.5		0.172679
97.6		0.172679
97.7		0.172679
97.8		0.172679
97.9		0.172679
98		0.172679
98.1		0.175436
98.2		0.175436
98.3		0.175436
98.4		0.175436
98.5		0.175436
98.6		0.175436
98.7		0.175436
98.8		0.175436
98.9		0.175436
99		0.175436
99.1		0.175624
99.2		0.175624
99.3		0.175624
99.4		0.175624
99.5		0.175624
99.6		0.175624
99.7		0.175624
99.8		0.175624
99.9		0.175624
100		0.175624
100.1		0.176032
100.2		0.176032
100.3		0.176032
100.4		0.176032
100.5		0.176032
100.6		0.176032
100.7		0.176032
100.8		0.176032
100.9		0.176032
101		0.176032
101.1		0.177679
101.2		0.177679
101.3		0.177679
101.4		0.177679
101.5		0.177679
101.6		0.177679
101.7		0.177679
101.8		0.177679
101.9		0.177679
102		0.177679
102.1		0.182566
102.2		0.182566
102.3		0.182566
102.4		0.182566
102.5		0.182566
102.6		0.182566
102.7		0.182566
102.8		0.182566
102.9		0.182566
103		0.182566
103.1		0.185013
103.2		0.185013
103.3		0.185013
103.4		0.185013
103.5		0.185013
103.6		0.185013
103.7		0.185013
103.8		0.185013
103.9		0.185013
104		0.185013
104.1		0.186241
104.2		0.186241
104.3		0.186241
104.4		0.186241
104.5		0.186241
104.6		0.186241
104.7		0.186241
104.8		0.186241
104.9		0.186241
105		0.186241
105.1		0.190796
105.2		0.190796
105.3		0.190796
105.4		0.190796
105.5		0.190796
105.6		0.190796
105.7		0.190796
105.8		0.190796
105.9		0.190796
106		0.190796
106.1		0.191719
106.2		0.191719
106.3		0.191719
106.4		0.191719
106.5		0.191719
106.6		0.191719
106.7		0.191719
106.8		0.191719
106.9		0.191719
107		0.191719
107.1		0.193774
107.2		0.193774
107.3		0.193774
107.4		0.193774
107.5		0.193774
107.6		0.193774
107.7		0.193774
107.8		0.193774
107.9		0.193774
108		0.193774
108.1		0.194251
108.2		0.194251
108.3		0.194251
108.4		0.194251
108.5		0.194251
108.6		0.194251
108.7		0.194251
108.8		0.194251
108.9		0.194251
109		0.194251
109.1		0.19549
109.2		0.19549
109.3		0.19549
109.4		0.19549
109.5		0.19549
109.6		0.19549
109.7		0.19549
109.8		0.19549
109.9		0.19549
110		0.19549
110.1		0.200635
110.2		0.200635
110.3		0.200635
110.4		0.200635
110.5		0.200635
110.6		0.200635
110.7		0.200635
110.8		0.200635
110.9		0.200635
111		0.200635
111.1		0.202609
111.2		0.202609
111.3		0.202609
111.4		0.202609
111.5		0.202609
111.6		0.202609
111.7		0.202609
111.8		0.202609
111.9		0.202609
112		0.202609
112.1		0.205163
112.2		0.205163
112.3		0.205163
112.4		0.205163
112.5		0.205163
112.6		0.205163
112.7		0.205163
112.8		0.205163
112.9		0.205163
113		0.205163
113.1		0.205791
113.2		0.205791
113.3		0.205791
113.4		0.205791
113.5		0.205791
113.6		0.205791
113.7		0.205791
113.8		0.205791
113.9		0.205791
114		0.205791
114.1		0.208629
114.2		0.208629
114.3		0.208629
114.4		0.208629
114.5		0.208629
114.6		0.208629
114.7		0.208629
114.8		0.208629
114.9		0.208629
115		0.208629
115.1		0.212148
115.2		0.212148
115.3		0.212148
115.4		0.212148
115.5		0.212148
115.6		0.212148
115.7		0.212148
115.8		0.212148
115.9		0.212148
116		0.212148
116.1		0.213168
116.2		0.213168
116.3		0.213168
116.4		0.213168
116.5		0.213168
116.6		0.213168
116.7		0.213168
116.8		0.213168
116.9		0.213168
117		0.213168
117.1		0.217932
117.2		0.217932
117.3		0.217932
117.4		0.217932
117.5		0.217932
117.6		0.217932
117.7		0.217932
117.8		0.217932
117.9		0.217932
118		0.217932
118.1		0.219289
118.2		0.219289
118.3		0.219289
118.4		0.219289
118.5		0.219289
118.6		0.219289
118.7		0.219289
118.8		0.219289
118.9		0.219289
119		0.219289
119.1		0.219552
119.2		0.219552
119.3		0.219552
119.4		0.219552
119.5		0.219552
119.6		0.219552
119.7		0.219552
119.8		0.219552
119.9		0.219552
120		0.219552
120.1		0.222787
120.2		0.222787
120.3		0.222787
120.4		0.222787
120.5		0.222787
120.6		0.222787
120.7		0.222787
120.8		0.222787
120.9		0.222787
121		0.222787
121.1		0.223634
121.2		0.223634
121.3		0.223634
121.4		0.223634
121.5		0.223634
121.6		0.223634
121.7		0.223634
121.8		0.223634
121.9		0.223634
122		0.223634
122.1		0.224031
122.2		0.224031
122.3		0.224031
122.4		0.224031
122.5		0.224031
122.6		0.224031
122.7		0.224031
122.8		0.224031
122.9		0.224031
123		0.224031
123.1		0.225732
123.2		0.225732
123.3		0.225732
123.4		0.225732
123.5		0.225732
123.6		0.225732
123.7		0.225732
123.8		0.225732
123.9		0.225732
124		0.225732
124.1		0.232132
124.2		0.232132
124.3		0.232132
124.4		0.232132
124.5		0.232132
124.6		0.232132
124.7		0.232132
124.8		0.232132
124.9		0.232132
125		0.232132
125.1		0.233323
125.2		0.233323
125.3		0.233323
125.4		0.233323
125.5		0.233323
125.6		0.233323
125.7		0.233323
125.8		0.233323
125.9		0.233323
126		0.233323
126.1		0.234557
126.2		0.234557
126.3		0.234557
126.4		0.234557
126.5		0.234557
126.6		0.234557
126.7		0.234557
126.8		0.234557
126.9		0.234557
127		0.234557
127.1		0.236676
127.2		0.236676
127.3		0.236676
127.4		0.236676
127.5		0.236676
127.6		0.236676
127.7		0.236676
127.8		0.236676
127.9		0.236676
128		0.236676
128.1		0.239445
128.2		0.239445
128.3		0.239445
128.4		0.239445
128.5		0.239445
128.6		0.239445
128.7		0.239445
128.8		0.239445
128.9		0.239445
129		0.239445
129.1		0.242197
129.2		0.242197
129.3		0.242197
129.4		0.242197
129.5		0.242197
129.6		0.242197
129.7		0.242197
129.8		0.242197
129.9		0.242197
130		0.242197
130.1		0.244987
130.2		0.244987
130.3		0.244987
130.4		0.244987
130.5		0.244987
130.6		0.244987
130.7		0.244987
130.8		0.244987
130.9		0.244987
131		0.244987
131.1		0.24519
131.2		0.24519
131.3		0.24519
131.4		0.24519
131.5		0.24519
131.6		0.24519
131.7		0.24519
131.8		0.24519
131.9		0.24519
132		0.24519
132.1		0.248125
132.2		0.248125
132.3		0.248125
132.4		0.248125
132.5		0.248125
132.6		0.248125
132.7		0.248125
132.8		0.248125
132.9		0.248125
133		0.248125
133.1		0.249375
133.2		0.249375
133.3		0.249375
133.4		0.249375
133.5		0.249375
133.6		0.249375
133.7		0.249375
133.8		0.249375
133.9		0.249375
134		0.249375
134.1		0.24982
134.2		0.24982
134.3		0.24982
134.4		0.24982
134.5		0.24982
134.6		0.24982
134.7		0.24982
134.8		0.24982
134.9		0.24982
135		0.24982
135.1		0.251821
135.2		0.251821
135.3		0.251821
135.4		0.251821
135.5		0.251821
135.6		0.251821
135.7		0.251821
135.8		0.251821
135.9		0.251821
136		0.251821
136.1		0.256076
136.2		0.256076
136.3		0.256076
136.4		0.256076
136.5		0.256076
136.6		0.256076
136.7		0.256076
136.8		0.256076
136.9		0.256076
137		0.256076
137.1		0.259295
137.2		0.259295
137.3		0.259295
137.4		0.259295
137.5		0.259295
137.6		0.259295
137.7		0.259295
137.8		0.259295
137.9		0.259295
138		0.259295
138.1		0.260373
138.2		0.260373
138.3		0.260373
138.4		0.260373
138.5		0.260373
138.6		0.260373
138.7		0.260373
138.8		0.260373
138.9		0.260373
139		0.260373
139.1		0.261076
139.2		0.261076
139.3		0.261076
139.4		0.261076
139.5		0.261076
139.6		0.261076
139.7		0.261076
139.8		0.261076
139.9		0.261076
140		0.261076
140.1		0.264874
140.2		0.264874
140.3		0.264874
140.4		0.264874
140.5		0.264874
140.6		0.264874
140.7		0.264874
140.8		0.264874
140.9		0.264874
141		0.264874
141.1		0.265411
141.2		0.265411
141.3		0.265411
141.4		0.265411
141.5		0.265411
141.6		0.265411
141.7		0.265411
141.8		0.265411
141.9		0.265411
142		0.265411
142.1		0.267632
142.2		0.267632
142.3		0.267632
142.4		0.267632
142.5		0.267632
142.6		0.267632
142.7		0.267632
142.8		0.267632
142.9		0.267632
143		0.267632
143.1		0.270775
143.2		0.270775
143.3		0.270775
143.4		0.270775
143.5		0.270775
143.6		0.270775
143.7		0.270775
143.8		0.270775
143.9		0.270775
144		0.270775
144.1		0.272353
144.2		0.272353
144.3		0.272353
144.4		0.272353
144.5		0.272353
144.6		0.272353
144.7		0.272353
144.8		0.272353
144.9		0.272353
145		0.272353
145.1		0.274837
145.2		0.274837
145.3		0.274837
145.4		0.274837
145.5		0.274837
145.6		0.274837
145.7		0.274837
145.8		0.274837
145.9		0.274837
146		0.274837
146.1		0.279332
146.2		0.279332
146.3		0.279332
146.4		0.279332
146.5		0.279332
146.6		0.279332
146.7		0.279332
146.8		0.279332
146.9		0.279332
147		0.279332
147.1		0.280368
147.2		0.280368
147.3		0.280368
147.4		0.280368
147.5		0.280368
147.6		0.280368
147.7		0.280368
147.8		0.280368
147.9		0.280368
148		0.280368
148.1		0.280727
148.2		0.280727
148.3		0.280727
148.4		0.280727
148.5		0.280727
148.6		0.280727
148.7		0.280727
148.8		0.280727
148.9		0.280727
149		0.280727
149.1		0.28217
149.2		0.28217
149.3		0.28217
149.4		0.28217
149.5		0.28217
149.6		0.28217
149.7		0.28217
149.8		0.28217
149.9		0.28217
150		0.28217
150.1		0.286162
150.2		0.286162
150.3		0.286162
150.4		0.286162
150.5		0.286162
150.6		0.286162
150.7		0.286162
150.8		0.286162
150.9		0.286162
151		0.286162
151.1		0.289397
151.2		0.289397
151.3		0.289397
151.4		0.289397
151.5		0.289397
151.6		0.289397
151.7		0.289397
151.8		0.289397
151.9		0.289397
152		0.289397
152.1		0.289778
152.2		0.289778
152.3		0.289778
152.4		0.289778
152.5		0.289778
152.6		0.289778
152.7		0.289778
152.8		0.289778
152.9		0.289778
153		0.289778
153.1		0.290969
153.2		0.290969
153.3		0.290969
153.4		0.290969
153.5		0.290969
153.6		0.290969
153.7		0.290969
153.8		0.290969
153.9		0.290969
154		0.290969
154.1		0.295234
154.2		0.295234
154.3		0.295234
154.4		0.295234
154.5		0.295234
154.6		0.295234
154.7		0.295234
154.8		0.295234
154.9		0.295234
155		0.295234
155.1		0.297348
155.2		0.297348
155.3		0.297348
155.4		0.297348
155.5		0.297348
155.6		0.297348
155.7		0.297348
155.8		0.297348
155.9		0.297348
156		0.297348
156.1		0.298748
156.2		0.298748
156.3		0.298748
156.4		0.298748
156.5		0.298748
156.6		0.298748
156.7		0.298748
156.8		0.298748
156.9		0.298748
157		0.298748
157.1		0.299805
157.2		0.299805
157.3		0.299805
157.4		0.299805
157.5		0.299805
157.6		0.299805
157.7		0.299805
157.8		0.299805
157.9		0.299805
158		0.299805
158.1		0.303034
158.2		0.303034
158.3		0.303034
158.4		0.303034
158.5		0.303034
158.6		0.303034
158.7		0.303034
158.8		0.303034
158.9		0.303034
159		0.303034
159.1		0.304123
159.2		0.304123
159.3		0.304123
159.4		0.304123
159.5		0.304123
159.6		0.304123
159.7		0.304123
159.8		0.304123
159.9		0.304123
160		0.304123
160.1		0.307761
160.2		0.307761
160.3		0.307761
160.4		0.307761
160.5		0.307761
160.6		0.307761
160.7		0.307761
160.8		0.307761
160.9		0.307761
161		0.307761
161.1		0.30856
161.2		0.30856
161.3		0.30856
161.4		0.30856
161.5		0.30856
161.6		0.30856
161.7		0.30856
161.8		0.30856
161.9		0.30856
162		0.30856
162.1		0.310872
162.2		0.310872
162.3		0.310872
162.4		0.310872
162.5		0.310872
162.6		0.310872
162.7		0.310872
162.8		0.310872
162.9		0.310872
163		0.310872
163.1		0.313871
163.2		0.313871
163.3		0.313871
163.4		0.313871
163.5		0.313871
163.6		0.313871
163.7		0.313871
163.8		0.313871
163.9		0.313871
164		0.313871
164.1		0.315148
164.2		0.315148
164.3		0.315148
164.4		0.315148
164.5		0.315148
164.6		0.315148
164.7		0.315148
164.8		0.315148
164.9		0.315148
165		0.315148
165.1		0.315728
165.2		0.315728
165.3		0.315728
165.4		0.315728
165.5		0.315728
165.6		0.315728
165.7		0.315728
165.8		0.315728
165.9		0.315728
166		0.315728
166.1		0.31951
166.2		0.31951
166.3		0.31951
166.4		0.31951
166.5		0.31951
166.6		0.31951
166.7		0.31951
166.8		0.31951
166.9		0.31951
167		0.31951
167.1		0.323013
167.2		0.323013
167.3		0.323013
167.4		0.323013
167.5		0.323013
167.6		0.323013
167.7		0.323013
167.8		0.323013
167.9		0.323013
168		0.323013
168.1		0.324306
168.2		0.324306
168.3		0.324306
168.4		0.324306
168.5		0.324306
168.6		0.324306
168.7		0.324306
168.8		0.324306
168.9		0.324306
169		0.324306
169.1		0.325599
169.2		0.325599
169.3		0.325599
169.4		0.325599
169.5		0.325599
169.6		0.325599
169.7		0.325599
169.8		0.325599
169.9		0.325599
170		0.325599
170.1		0.329338
170.2		0.329338
170.3		0.329338
170.4		0.329338
170.5		0.329338
170.6		0.329338
170.7		0.329338
170.8		0.329338
170.9		0.329338
171		0.329338
171.1		0.331978
171.2		0.331978
171.3		0.331978
171.4		0.331978
171.5		0.331978
171.6		0.331978
171.7		0.331978
171.8		0.331978
171.9		0.331978
172		0.331978
172.1		0.332209
172.2		0.332209
172.3		0.332209
172.4		0.332209
172.5		0.332209
172.6		0.332209
172.7		0.332209
172.8		0.332209
172.9		0.332209
173		0.332209
173.1		0.335165
173.2		0.335165
173.3		0.335165
173.4		0.335165
173.5		0.335165
173.6		0.335165
173.7		0.335165
173.8		0.335165
173.9		0.335165
174		0.335165
174.1		0.335352
174.2		0.335352
174.3		0.335352
174.4		0.335352
174.5		0.335352
174.6		0.335352
174.7		0.335352
174.8		0.335352
174.9		0.335352
175		0.335352
175.1		0.341002
175.2		0.341002
175.3		0.341002
175.4		0.341002
175.5		0.341002
175.6		0.341002
175.7		0.341002
175.8		0.341002
175.9		0.341002
176		0.341002
176.1		0.342053
176.2		0.342053
176.3		0.342053
176.4		0.342053
176.5		0.342053
176.6		0.342053
176.7		0.342053
176.8		0.342053
176.9		0.342053
177		0.342053
177.1		0.342831
177.2		0.342831
177.3		0.342831
177.4		0.342831
177.5		0.342831
177.6		0.342831
177.7		0.342831
177.8		0.342831
177.9		0.342831
178		0.342831
178.1		0.344773
178.2		0.344773
178.3		0.344773
178.4		0.344773
178.5		0.344773
178.6		0.344773
178.7		0.344773
178.8		0.344773
178.9		0.344773
179		0.344773
179.1		0.346796
179.2		0.346796
179.3		0.346796
179.4		0.346796
179.5		0.346796
179.6		0.346796
179.7		0.346796
179.8		0.346796
179.9		0.346796
180		0.346796
180.1		0.350133
180.2		0.350133
180.3		0.350133
180.4		0.350133
180.5		0.350133
180.6		0.350133
180.7		0.350133
180.8		0.350133
180.9		0.350133
181		0.350133
181.1		0.35237
181.2		0.35237
181.3		0.35237
181.4		0.35237
181.5		0.35237
181.6		0.35237
181.7		0.35237
181.8		0.35237
181.9		0.35237
182		0.35237
182.1		0.353598
182.2		0.353598
182.3		0.353598
182.4		0.353598
182.5		0.353598
182.6		0.353598
182.7		0.353598
182.8		0.353598
182.9		0.353598
183		0.353598
183.1		0.356742
183.2		0.356742
183.3		0.356742
183.4		0.356742
183.5		0.356742
183.6		0.356742
183.7		0.356742
183.8		0.356742
183.9		0.356742
184		0.356742
184.1		0.359945
184.2		0.359945
184.3		0.359945
184.4		0.359945
184.5		0.359945
184.6		0.359945
184.7		0.359945
184.8		0.359945
184.9		0.359945
185		0.359945
185.1		0.360948
185.2		0.360948
185.3		0.360948
185.4		0.360948
185.5		0.360948
185.6		0.360948
185.7		0.360948
185.8		0.360948
185.9		0.360948
186		0.360948
186.1		0.362203
186.2		0.362203
186.3		0.362203
186.4		0.362203
186.5		0.362203
186.6		0.362203
186.7		0.362203
186.8		0.362203
186.9		0.362203
187		0.362203
187.1		0.363502
187.2		0.363502
187.3		0.363502
187.4		0.363502
187.5		0.363502
187.6		0.363502
187.7		0.363502
187.8		0.363502
187.9		0.363502
188		0.363502
188.1		0.368089
188.2		0.368089
188.3		0.368089
188.4		0.368089
188.5		0.368089
188.6		0.368089
188.7		0.368089
188.8		0.368089
188.9		0.368089
189		0.368089
189.1		0.36848
189.2		0.36848
189.3		0.36848
189.4		0.36848
189.5		0.36848
189.6		0.36848
189.7		0.36848
189.8		0.36848
189.9		0.36848
190		0.36848
190.1		0.370036
190.2		0.370036
190.3		0.370036
190.4		0.370036
190.5		0.370036
190.6		0.370036
190.7		0.370036
190.8		0.370036
190.9		0.370036
191		0.370036
191.1		0.370417
191.2		0.370417
191.3		0.370417
191.4		0.370417
191.5		0.370417
191.6		0.370417
191.7		0.370417
191.8		0.370417
191.9		0.370417
192		0.370417
192.1		0.377912
192.2		0.377912
192.3		0.377912
192.4		0.377912
192.5		0.377912
192.6		0.377912
192.7		0.377912
192.8		0.377912
192.9		0.377912
193		0.377912
193.1		0.379387
193.2		0.379387
193.3		0.379387
193.4		0.379387
193.5		0.379387
193.6		0.379387
193.7		0.379387
193.8		0.379387
193.9		0.379387
194		0.379387
194.1		0.38009
194.2		0.38009
194.3		0.38009
194.4		0.38009
194.5		0.38009
194.6		0.38009
194.7		0.38009
194.8		0.38009
194.9		0.38009
195		0.38009
195.1		0.380787
195.2		0.380787
195.3		0.380787
195.4		0.380787
195.5		0.380787
195.6		0.380787
195.7		0.380787
195.8		0.380787
195.9		0.380787
196		0.380787
196.1		0.384012
196.2		0.384012
196.3		0.384012
196.4		0.384012
196.5		0.384012
196.6		0.384012
196.7		0.384012
196.8		0.384012
196.9		0.384012
197		0.384012
197.1		0.387783
197.2		0.387783
197.3		0.387783
197.4		0.387783
197.5		0.387783
197.6		0.387783
197.7		0.387783
197.8		0.387783
197.9		0.387783
198		0.387783
198.1		0.388765
198.2		0.388765
198.3		0.388765
198.4		0.388765
198.5		0.388765
198.6		0.388765
198.7		0.388765
198.8		0.388765
198.9		0.388765
199		0.388765
199.1		0.38936
199.2		0.38936
199.3		0.38936
199.4		0.38936
199.5		0.38936
199.6		0.38936
199.7		0.38936
199.8		0.38936
199.9		0.38936
200		0.38936
200.1		0.390128
200.2		0.390128
200.3		0.390128
200.4		0.390128
200.5		0.390128
200.6		0.390128
200.7		0.390128
200.8		0.390128
200.9		0.390128
201		0.390128
201.1		0.393604
201.2		0.393604
201.3		0.393604
201.4		0.393604
201.5		0.393604
201.6		0.393604
201.7		0.393604
201.8		0.393604
201.9		0.393604
202		0.393604
202.1		0.395348
202.2		0.395348
202.3		0.395348
202.4		0.395348
202.5		0.395348
202.6		0.395348
202.7		0.395348
202.8		0.395348
202.9		0.395348
203		0.395348
203.1		0.39987
203.2		0.39987
203.3		0.39987
203.4		0.39987
203.5		0.39987
203.6		0.39987
203.7		0.39987
203.8		0.39987
203.9		0.39987
204		0.39987
204.1		0.40105
204.2		0.40105
204.3		0.40105
204.4		0.40105
204.5		0.40105
204.6		0.40105
204.7		0.40105
204.8		0.40105
204.9		0.40105
205		0.40105
205.1		0.401388
205.2		0.401388
205.3		0.401388
205.4		0.401388
205.5		0.401388
205.6		0.401388
205.7		0.401388
205.8		0.401388
205.9		0.401388
206		0.401388
206.1		0.403288
206.2		0.403288
206.3		0.403288
206.4		0.403288
206.5		0.403288
206.6		0.403288
206.7		0.403288
206.8		0.403288
206.9		0.403288
207		0.403288
207.1		0.40634
207.2		0.40634
207.3		0.40634
207.4		0.40634
207.5		0.40634
207.6		0.40634
207.7		0.40634
207.8		0.40634
207.9		0.40634
208		0.40634
208.1		0.40773
208.2		0.40773
208.3		0.40773
208.4		0.40773
208.5		0.40773
208.6		0.40773
208.7		0.40773
208.8		0.40773
208.9		0.40773
209		0.40773
209.1		0.411539
209.2		0.411539
209.3		0.411539
209.4		0.411539
209.5		0.411539
209.6		0.411539
209.7		0.411539
209.8		0.411539
209.9		0.411539
210		0.411539
210.1		0.412918
210.2		0.412918
210.3		0.412918
210.4		0.412918
210.5		0.412918
210.6		0.412918
210.7		0.412918
210.8		0.412918
210.9		0.412918
211		0.412918
211.1		0.41508
211.2		0.41508
211.3		0.41508
211.4		0.41508
211.5		0.41508
211.6		0.41508
211.7		0.41508
211.8		0.41508
211.9		0.41508
212		0.41508
212.1		0.416265
212.2		0.416265
212.3		0.416265
212.4		0.416265
212.5		0.416265
212.6		0.416265
212.7		0.416265
212.8		0.416265
212.9		0.416265
213		0.416265
213.1		0.418771
213.2		0.418771
213.3		0.418771
213.4		0.418771
213.5		0.418771
213.6		0.418771
213.7		0.418771
213.8		0.418771
213.9		0.418771
214		0.418771
214.1		0.42384
214.2		0.42384
214.3		0.42384
214.4		0.42384
214.5		0.42384
214.6		0.42384
214.7		0.42384
214.8		0.42384
214.9		0.42384
215		0.42384
215.1		0.425026
215.2		0.425026
215.3		0.425026
215.4		0.425026
215.5		0.425026
215.6		0.425026
215.7		0.425026
215.8		0.425026
215.9		0.425026
216		0.425026
216.1		0.425273
216.2		0.425273
216.3		0.425273
216.4		0.425273
216.5		0.425273
216.6		0.425273
216.7		0.425273
216.8		0.425273
216.9		0.425273
217		0.425273
217.1		0.426367
217.2		0.426367
217.3		0.426367
217.4		0.426367
217.5		0.426367
217.6		0.426367
217.7		0.426367
217.8		0.426367
217.9		0.426367
218		0.426367
218.1		0.428481
218.2		0.428481
218.3		0.428481
218.4		0.428481
218.5		0.428481
218.6		0.428481
218.7		0.428481
218.8		0.428481
218.9		0.428481
219		0.428481
219.1		0.431308
219.2		0.431308
219.3		0.431308
219.4		0.431308
219.5		0.431308
219.6		0.431308
219.7		0.431308
219.8		0.431308
219.9		0.431308
220		0.431308
220.1		0.43515
220.2		0.43515
220.3		0.43515
220.4		0.43515
220.5		0.43515
220.6		0.43515
220.7		0.43515
220.8		0.43515
220.9		0.43515
221		0.43515
221.1		0.43553
221.2		0.43553
221.3		0.43553
221.4		0.43553
221.5		0.43553
221.6		0.43553
221.7		0.43553
221.8		0.43553
221.9		0.43553
222		0.43553
222.1		0.440032
222.2		0.440032
222.3		0.440032
222.4		0.440032
222.5		0.440032
222.6		0.440032
222.7		0.440032
222.8		0.440032
222.9		0.440032
223		0.440032
223.1		0.440353
223.2		0.440353
223.3		0.440353
223.4		0.440353
223.5		0.440353
223.6		0.440353
223.7		0.440353
223.8		0.440353
223.9		0.440353
224		0.440353
224.1		0.441571
224.2		0.441571
224.3		0.441571
224.4		0.441571
224.5		0.441571
224.6		0.441571
224.7		0.441571
224.8		0.441571
224.9		0.441571
225		0.441571
225.1		0.442655
225.2		0.442655
225.3		0.442655
225.4		0.442655
225.5		0.442655
225.6		0.442655
225.7		0.442655
225.8		0.442655
225.9		0.442655
226		0.442655
226.1		0.446668
226.2		0.446668
226.3		0.446668
226.4		0.446668
226.5		0.446668
226.6		0.446668
226.7		0.446668
226.8		0.446668
226.9		0.446668
227		0.446668
227.1		0.449844
227.2		0.449844
227.3		0.449844
227.4		0.449844
227.5		0.449844
227.6		0.449844
227.7		0.449844
227.8		0.449844
227.9		0.449844
228		0.449844
228.1		0.450337
228.2		0.450337
228.3		0.450337
228.4		0.450337
228.5		0.450337
228.6		0.450337
228.7		0.450337
228.8		0.450337
228.9		0.450337
229		0.450337
229.1		0.450906
229.2		0.450906
229.3		0.450906
229.4		0.450906
229.5		0.450906
229.6		0.450906
229.7		0.450906
229.8		0.450906
229.9		0.450906
230		0.450906
230.1		0.454656
230.2		0.454656
230.3		0.454656
230.4		0.454656
230.5		0.454656
230.6		0.454656
230.7		0.454656
230.8		0.454656
230.9		0.454656
231		0.454656
231.1		0.457086
231.2		0.457086
231.3		0.457086
231.4		0.457086
231.5		0.457086
231.6		0.457086
231.7		0.457086
231.8		0.457086
231.9		0.457086
232		0.457086
232.1		0.460257
232.2		0.460257
232.3		0.460257
232.4		0.460257
232.5		0.460257
232.6		0.460257
232.7		0.460257
232.8		0.460257
232.9		0.460257
233		0.460257
233.1		0.462526
233.2		0.462526
233.3		0.462526
233.4		0.462526
233.5		0.462526
233.6		0.462526
233.7		0.462526
233.8		0.462526
233.9		0.462526
234		0.462526
234.1		0.464533
234.2		0.464533
234.3		0.464533
234.4		0.464533
234.5		0.464533
234.6		0.464533
234.7		0.464533
234.8		0.464533
234.9		0.464533
235		0.464533
235.1		0.464694
235.2		0.464694
235.3		0.464694
235.4		0.464694
235.5		0.464694
235.6		0.464694
235.7		0.464694
235.8		0.464694
235.9		0.464694
236		0.464694
236.1		0.468283
236.2		0.468283
236.3		0.468283
236.4		0.468283
236.5		0.468283
236.6		0.468283
236.7		0.468283
236.8		0.468283
236.9		0.468283
237		0.468283
237.1		0.468379
237.2		0.468379
237.3		0.468379
237.4		0.468379
237.5		0.468379
237.6		0.468379
237.7		0.468379
237.8		0.468379
237.9		0.468379
238		0.468379
238.1		0.469887
238.2		0.469887
238.3		0.469887
238.4		0.469887
238.5		0.469887
238.6		0.469887
238.7		0.469887
238.8		0.469887
238.9		0.469887
239		0.469887
239.1		0.474372
239.2		0.474372
239.3		0.474372
239.4		0.474372
239.5		0.474372
239.6		0.474372
239.7		0.474372
239.8		0.474372
239.9		0.474372
240		0.474372
240.1		0.475815
240.2		0.475815
240.3		0.475815
240.4		0.475815
240.5		0.475815
240.6		0.475815
240.7		0.475815
240.8		0.475815
240.9		0.475815
241		0.475815
241.1		0.477494
241.2		0.477494
241.3		0.477494
241.4		0.477494
241.5		0.477494
241.6		0.477494
241.7		0.477494
241.8		0.477494
241.9		0.477494
242		0.477494
242.1		0.479088
242.2		0.479088
242.3		0.479088
242.4		0.479088
242.5		0.479088
242.6		0.479088
242.7		0.479088
242.8		0.479088
242.9		0.479088
243		0.479088
243.1		0.480032
243.2		0.480032
243.3		0.480032
243.4		0.480032
243.5		0.480032
243.6		0.480032
243.7		0.480032
243.8		0.480032
243.9		0.480032
244		0.480032
244.1		0.485204
244.2		0.485204
244.3		0.485204
244.4		0.485204
244.5		0.485204
244.6		0.485204
244.7		0.485204
244.8		0.485204
244.9		0.485204
245		0.485204
245.1		0.487441
245.2		0.487441
245.3		0.487441
245.4		0.487441
245.5		0.487441
245.6		0.487441
245.7		0.487441
245.8		0.487441
245.9		0.487441
246		0.487441
246.1		0.487924
246.2		0.487924
246.3		0.487924
246.4		0.487924
246.5		0.487924
246.6		0.487924
246.7		0.487924
246.8		0.487924
246.9		0.487924
247		0.487924
247.1		0.489903
247.2		0.489903
247.3		0.489903
247.4		0.489903
247.5		0.489903
247.6		0.489903
247.7		0.489903
247.8		0.489903
247.9		0.489903
248		0.489903
248.1		0.492677
248.2		0.492677
248.3		0.492677
248.4		0.492677
248.5		0.492677
248.6		0.492677
248.7		0.492677
248.8		0.492677
248.9		0.492677
249		0.492677
249.1		0.493927
249.2		0.493927
249.3		0.493927
249.4		0.493927
249.5		0.493927
249.6		0.493927
249.7		0.493927
249.8		0.493927
249.9		0.493927
250		0.493927
250.1		0.495349
250.2		0.495349
250.3		0.495349
250.4		0.495349
250.5		0.495349
250.6		0.495349
250.7		0.495349
250.8		0.495349
250.9		0.495349
251		0.495349
251.1		0.497865
251.2		0.497865
251.3		0.497865
251.4		0.497865
251.5		0.497865
251.6		0.497865
251.7		0.497865
251.8		0.497865
251.9		0.497865
252		0.497865
252.1		0.501797
252.2		0.501797
252.3		0.501797
252.4		0.501797
252.5		0.501797
252.6		0.501797
252.7		0.501797
252.8		0.501797
252.9		0.501797
253		0.501797
253.1		0.503616
253.2		0.503616
253.3		0.503616
253.4		0.503616
253.5		0.503616
253.6		0.503616
253.7		0.503616
253.8		0.503616
253.9		0.503616
254		0.503616
254.1		0.503943
254.2		0.503943
254.3		0.503943
254.4		0.503943
254.5		0.503943
254.6		0.503943
254.7		0.503943
254.8		0.503943
254.9		0.503943
255		0.503943
255.1		0.504394
255.2		0.504394
255.3		0.504394
255.4		0.504394
255.5		0.504394
255.6		0.504394
255.7		0.504394
255.8		0.504394
255.9		0.504394
256		0.504394
256.1		0.509721
256.2		0.509721
256.3		0.509721
256.4		0.509721
256.5		0.509721
256.6		0.509721
256.7		0.509721
256.8		0.509721
256.9		0.509721
257		0.509721
257.1		0.511497
257.2		0.511497
257.3		0.511497
257.4		0.511497
257.5		0.511497
257.6		0.511497
257.7		0.511497
257.8		0.511497
257.9		0.511497
258		0.511497
258.1		0.511948
258.2		0.511948
258.3		0.511948
258.4		0.511948
258.5		0.511948
258.6		0.511948
258.7		0.511948
258.8		0.511948
258.9		0.511948
259		0.511948
259.1		0.515869
259.2		0.515869
259.3		0.515869
259.4		0.515869
259.5		0.515869
259.6		0.515869
259.7		0.515869
259.8		0.515869
259.9		0.515869
260		0.515869
260.1		0.518562
260.2		0.518562
260.3		0.518562
260.4		0.518562
260.5		0.518562
260.6		0.518562
260.7		0.518562
260.8		0.518562
260.9		0.518562
261		0.518562
261.1		0.521197
261.2		0.521197
261.3		0.521197
261.4		0.521197
261.5		0.521197
261.6		0.521197
261.7		0.521197
261.8		0.521197
261.9		0.521197
262		0.521197
262.1		0.521803
262.2		0.521803
262.3		0.521803
262.4		0.521803
262.5		0.521803
262.6		0.521803
262.7		0.521803
262.8		0.521803
262.9		0.521803
263		0.521803
263.1		0.523933
263.2		0.523933
263.3		0.523933
263.4		0.523933
263.5		0.523933
263.6		0.523933
263.7		0.523933
263.8		0.523933
263.9		0.523933
264		0.523933
264.1		0.526653
264.2		0.526653
264.3		0.526653
264.4		0.526653
264.5		0.526653
264.6		0.526653
264.7		0.526653
264.8		0.526653
264.9		0.526653
265		0.526653
265.1		0.532538
265.2		0.532538
265.3		0.532538
265.4		0.532538
265.5		0.532538
265.6		0.532538
265.7		0.532538
265.8		0.532538
265.9		0.532538
266		0.532538
266.1		0.532838
266.2		0.532838
266.3		0.532838
266.4		0.532838
266.5		0.532838
266.6		0.532838
266.7		0.532838
266.8		0.532838
266.9		0.532838
267		0.532838
267.1		0.53331
267.2		0.53331
267.3		0.53331
267.4		0.53331
267.5		0.53331
267.6		0.53331
267.7		0.53331
267.8		0.53331
267.9		0.53331
268		0.53331
268.1		0.534534
268.2		0.534534
268.3		0.534534
268.4		0.534534
268.5		0.534534
268.6		0.534534
268.7		0.534534
268.8		0.534534
268.9		0.534534
269		0.534534
269.1		0.535869
269.2		0.535869
269.3		0.535869
269.4		0.535869
269.5		0.535869
269.6		0.535869
269.7		0.535869
269.8		0.535869
269.9		0.535869
270		0.535869
270.1		0.536588
270.2		0.536588
270.3		0.536588
270.4		0.536588
270.5		0.536588
270.6		0.536588
270.7		0.536588
270.8		0.536588
270.9		0.536588
271		0.536588
271.1		0.540548
271.2		0.540548
271.3		0.540548
271.4		0.540548
271.5		0.540548
271.6		0.540548
271.7		0.540548
271.8		0.540548
271.9		0.540548
272		0.540548
272.1		0.543402
272.2		0.543402
272.3		0.543402
272.4		0.543402
272.5		0.543402
272.6		0.543402
272.7		0.543402
272.8		0.543402
272.9		0.543402
273		0.543402
273.1		0.544153
273.2		0.544153
273.3		0.544153
273.4		0.544153
273.5		0.544153
273.6		0.544153
273.7		0.544153
273.8		0.544153
273.9		0.544153
274		0.544153
274.1		0.547479
274.2		0.547479
274.3		0.547479
274.4		0.547479
274.5		0.547479
274.6		0.547479
274.7		0.547479
274.8		0.547479
274.9		0.547479
275		0.547479
275.1		0.548531
275.2		0.548531
275.3		0.548531
275.4		0.548531
275.5		0.548531
275.6		0.548531
275.7		0.548531
275.8		0.548531
275.9		0.548531
276		0.548531
276.1		0.549148
276.2		0.549148
276.3		0.549148
276.4		0.549148
276.5		0.549148
276.6		0.549148
276.7		0.549148
276.8		0.549148
276.9		0.549148
277		0.549148
277.1		0.551186
277.2		0.551186
277.3		0.551186
277.4		0.551186
277.5		0.551186
277.6		0.551186
277.7		0.551186
277.8		0.551186
277.9		0.551186
278		0.551186
278.1		0.556771
278.2		0.556771
278.3		0.556771
278.4		0.556771
278.5		0.556771
278.6		0.556771
278.7		0.556771
278.8		0.556771
278.9		0.556771
279		0.556771
279.1		0.557544
279.2		0.557544
279.3		0.557544
279.4		0.557544
279.5		0.557544
279.6		0.557544
279.7		0.557544
279.8		0.557544
279.9		0.557544
280		0.557544
280.1		0.558772
280.2		0.558772
280.3		0.558772
280.4		0.558772
280.5		0.558772
280.6		0.558772
280.7		0.558772
280.8		0.558772
280.9		0.558772
281		0.558772
281.1		0.559099
281.2		0.559099
281.3		0.559099
281.4		0.559099
281.5		0.559099
281.6		0.559099
281.7		0.559099
281.8		0.559099
281.9		0.559099
282		0.559099
282.1		0.565709
282.2		0.565709
282.3		0.565709
282.4		0.565709
282.5		0.565709
282.6		0.565709
282.7		0.565709
282.8		0.565709
282.9		0.565709
283		0.565709
283.1		0.566712
283.2		0.566712
283.3		0.566712
283.4		0.566712
283.5		0.566712
283.6		0.566712
283.7		0.566712
283.8		0.566712
283.9		0.566712
284		0.566712
284.1		0.56948
284.2		0.56948
284.3		0.56948
284.4		0.56948
284.5		0.56948
284.6		0.56948
284.7		0.56948
284.8		0.56948
284.9		0.56948
285		0.56948
285.1		0.574631
285.2		0.574631
285.3		0.574631
285.4		0.574631
285.5		0.574631
285.6		0.574631
285.7		0.574631
285.8		0.574631
285.9		0.574631
286		0.574631
286.1		0.576079
286.2		0.576079
286.3		0.576079
286.4		0.576079
286.5		0.576079
286.6		0.576079
286.7		0.576079
286.8		0.576079
286.9		0.576079
287		0.576079
287.1		0.57771
287.2		0.57771
287.3		0.57771
287.4		0.57771
287.5		0.57771
287.6		0.57771
287.7		0.57771
287.8		0.57771
287.9		0.57771
288		0.57771
288.1		0.578402
288.2		0.578402
288.3		0.578402
288.4		0.578402
288.5		0.578402
288.6		0.578402
288.7		0.578402
288.8		0.578402
288.9		0.578402
289		0.578402
289.1		0.582791
289.2		0.582791
289.3		0.582791
289.4		0.582791
289.5		0.582791
289.6		0.582791
289.7		0.582791
289.8		0.582791
289.9		0.582791
290		0.582791
290.1		0.585741
290.2		0.585741
290.3		0.585741
290.4		0.585741
290.5		0.585741
290.6		0.585741
290.7		0.585741
290.8		0.585741
290.9		0.585741
291		0.585741
291.1		0.586514
291.2		0.586514
291.3		0.586514
291.4		0.586514
291.5		0.586514
291.6		0.586514
291.7		0.586514
291.8		0.586514
291.9		0.586514
292		0.586514
292.1		0.587463
292.2		0.587463
292.3		0.587463
292.4		0.587463
292.5		0.587463
292.6		0.587463
292.7		0.587463
292.8		0.587463
292.9		0.587463
293		0.587463
293.1		0.588767
293.2		0.588767
293.3		0.588767
293.4		0.588767
293.5		0.588767
293.6		0.588767
293.7		0.588767
293.8		0.588767
293.9		0.588767
294		0.588767
294.1		0.590516
294.2		0.590516
294.3		0.590516
294.4		0.590516
294.5		0.590516
294.6		0.590516
294.7		0.590516
294.8		0.590516
294.9		0.590516
295		0.590516
295.1		0.593848
295.2		0.593848
295.3		0.593848
295.4		0.593848
295.5		0.593848
295.6		0.593848
295.7		0.593848
295.8		0.593848
295.9		0.593848
296		0.593848
296.1		0.597646
296.2		0.597646
296.3		0.597646
296.4		0.597646
296.5		0.597646
296.6		0.597646
296.7		0.597646
296.8		0.597646
296.9		0.597646
297		0.597646
297.1		0.600763
297.2		0.600763
297.3		0.600763
297.4		0.600763
297.5		0.600763
297.6		0.600763
297.7		0.600763
297.8		0.600763
297.9		0.600763
298		0.600763
298.1		0.601702
298.2		0.601702
298.3		0.601702
298.4		0.601702
298.5		0.601702
298.6		0.601702
298.7		0.601702
298.8		0.601702
298.9		0.601702
299		0.601702
299.1		0.606621
299.2		0.606621
299.3		0.606621
299.4		0.606621
299.5		0.606621
299.6		0.606621
299.7		0.606621
299.8		0.606621
299.9		0.606621
300		0.606621
300.1		0.60969
300.2		0.60969
300.3		0.60969
300.4		0.60969
300.5		0.60969
300.6		0.60969
300.7		0.60969
300.8		0.60969
300.9		0.60969
301		0.60969
301.1		0.613392
301.2		0.613392
301.3		0.613392
301.4		0.613392
301.5		0.613392
301.6		0.613392
301.7		0.613392
301.8		0.613392
301.9		0.613392
302		0.613392
302.1		0.614352
302.2		0.614352
302.3		0.614352
302.4		0.614352
302.5		0.614352
302.6		0.614352
302.7		0.614352
302.8		0.614352
302.9		0.614352
303		0.614352
303.1		0.617244
303.2		0.617244
303.3		0.617244
303.4		0.617244
303.5		0.617244
303.6		0.617244
303.7		0.617244
303.8		0.617244
303.9		0.617244
304		0.617244
304.1		0.619186
304.2		0.619186
304.3		0.619186
304.4		0.619186
304.5		0.619186
304.6		0.619186
304.7		0.619186
304.8		0.619186
304.9		0.619186
305		0.619186
305.1		0.620929
305.2		0.620929
305.3		0.620929
305.4		0.620929
305.5		0.620929
305.6		0.620929
305.7		0.620929
305.8		0.620929
305.9		0.620929
306		0.620929
306.1		0.621305
306.2		0.621305
306.3		0.621305
306.4		0.621305
306.5		0.621305
306.6		0.621305
306.7		0.621305
306.8		0.621305
306.9		0.621305
307		0.621305
307.1		0.623848
307.2		0.623848
307.3		0.623848
307.4		0.623848
307.5		0.623848
307.6		0.623848
307.7		0.623848
307.8		0.623848
307.9		0.623848
308		0.623848
308.1		0.627104
308.2		0.627104
308.3		0.627104
308.4		0.627104
308.5		0.627104
308.6		0.627104
308.7		0.627104
308.8		0.627104
308.9		0.627104
309		0.627104
309.1		0.629942
309.2		0.629942
309.3		0.629942
309.4		0.629942
309.5		0.629942
309.6		0.629942
309.7		0.629942
309.8		0.629942
309.9		0.629942
310		0.629942
310.1		0.630608
310.2		0.630608
310.3		0.630608
310.4		0.630608
310.5		0.630608
310.6		0.630608
310.7		0.630608
310.8		0.630608
310.9		0.630608
311		0.630608
311.1		0.630833
311.2		0.630833
311.3		0.630833
311.4		0.630833
311.5		0.630833
311.6		0.630833
311.7		0.630833
311.8		0.630833
311.9		0.630833
312		0.630833
312.1		0.636783
312.2		0.636783
312.3		0.636783
312.4		0.636783
312.5		0.636783
312.6		0.636783
312.7		0.636783
312.8		0.636783
312.9		0.636783
313		0.636783
313.1		0.637373
313.2		0.637373
313.3		0.637373
313.4		0.637373
313.5		0.637373
313.6		0.637373
313.7		0.637373
313.8		0.637373
313.9		0.637373
314		0.637373
314.1		0.63799
314.2		0.63799
314.3		0.63799
314.4		0.63799
314.5		0.63799
314.6		0.63799
314.7		0.63799
314.8		0.63799
314.9		0.63799
315		0.63799
315.1		0.641874
315.2		0.641874
315.3		0.641874
315.4		0.641874
315.5		0.641874
315.6		0.641874
315.7		0.641874
315.8		0.641874
315.9		0.641874
316		0.641874
316.1		0.646037
316.2		0.646037
316.3		0.646037
316.4		0.646037
316.5		0.646037
316.6		0.646037
316.7		0.646037
316.8		0.646037
316.9		0.646037
317		0.646037
317.1		0.646745
317.2		0.646745
317.3		0.646745
317.4		0.646745
317.5		0.646745
317.6		0.646745
317.7		0.646745
317.8		0.646745
317.9		0.646745
318		0.646745
318.1		0.647856
318.2		0.647856
318.3		0.647856
318.4		0.647856
318.5		0.647856
318.6		0.647856
318.7		0.647856
318.8		0.647856
318.9		0.647856
319		0.647856
319.1		0.649079
319.2		0.649079
319.3		0.649079
319.4		0.649079
319.5		0.649079
319.6		0.649079
319.7		0.649079
319.8		0.649079
319.9		0.649079
320		0.649079
320.1		0.654846
320.2		0.654846
320.3		0.654846
320.4		0.654846
320.5		0.654846
320.6		0.654846
320.7		0.654846
320.8		0.654846
320.9		0.654846
321		0.654846
321.1		0.656407
321.2		0.656407
321.3		0.656407
321.4		0.656407
321.5		0.656407
321.6		0.656407
321.7		0.656407
321.8		0.656407
321.9		0.656407
322		0.656407
322.1		0.656847
322.2		0.656847
322.3		0.656847
322.4		0.656847
322.5		0.656847
322.6		0.656847
322.7		0.656847
322.8		0.656847
322.9		0.656847
323		0.656847
323.1		0.657518
323.2		0.657518
323.3		0.657518
323.4		0.657518
323.5		0.657518
323.6		0.657518
323.7		0.657518
323.8		0.657518
323.9		0.657518
324		0.657518
324.1		0.660882
324.2		0.660882
324.3		0.660882
324.4		0.660882
324.5		0.660882
324.6		0.660882
324.7		0.660882
324.8		0.660882
324.9		0.660882
325		0.660882
325.1		0.663682
325.2		0.663682
325.3		0.663682
325.4		0.663682
325.5		0.663682
325.6		0.663682
325.7		0.663682
325.8		0.663682
325.9		0.663682
326		0.663682
326.1		0.665302
326.2		0.665302
326.3		0.665302
326.4		0.665302
326.5		0.665302
326.6		0.665302
326.7		0.665302
326.8		0.665302
326.9		0.665302
327		0.665302
327.1		0.666096
327.2		0.666096
327.3		0.666096
327.4		0.666096
327.5		0.666096
327.6		0.666096
327.7		0.666096
327.8		0.666096
327.9		0.666096
328		0.666096
328.1		0.669658
328.2		0.669658
328.3		0.669658
328.4		0.669658
328.5		0.669658
328.6		0.669658
328.7		0.669658
328.8		0.669658
328.9		0.669658
329		0.669658
329.1		0.670018
329.2		0.670018
329.3		0.670018
329.4		0.670018
329.5		0.670018
329.6		0.670018
329.7		0.670018
329.8		0.670018
329.9		0.670018
330		0.670018
330.1		0.671971
330.2		0.671971
330.3		0.671971
330.4		0.671971
330.5		0.671971
330.6		0.671971
330.7		0.671971
330.8		0.671971
330.9		0.671971
331		0.671971
331.1		0.675495
331.2		0.675495
331.3		0.675495
331.4		0.675495
331.5		0.675495
331.6		0.675495
331.7		0.675495
331.8		0.675495
331.9		0.675495
332		0.675495
332.1		0.678017
332.2		0.678017
332.3		0.678017
332.4		0.678017
332.5		0.678017
332.6		0.678017
332.7		0.678017
332.8		0.678017
332.9		0.678017
333		0.678017
333.1		0.682931
333.2		0.682931
333.3		0.682931
333.4		0.682931
333.5		0.682931
333.6		0.682931
333.7		0.682931
333.8		0.682931
333.9		0.682931
334		0.682931
334.1		0.683232
334.2		0.683232
334.3		0.683232
334.4		0.683232
334.5		0.683232
334.6		0.683232
334.7		0.683232
334.8		0.683232
334.9		0.683232
335		0.683232
335.1		0.683612
335.2		0.683612
335.3		0.683612
335.4		0.683612
335.5		0.683612
335.6		0.683612
335.7		0.683612
335.8		0.683612
335.9		0.683612
336		0.683612
336.1		0.685678
336.2		0.685678
336.3		0.685678
336.4		0.685678
336.5		0.685678
336.6		0.685678
336.7		0.685678
336.8		0.685678
336.9		0.685678
337		0.685678
337.1		0.690388
337.2		0.690388
337.3		0.690388
337.4		0.690388
337.5		0.690388
337.6		0.690388
337.7		0.690388
337.8		0.690388
337.9		0.690388
338		0.690388
338.1		0.693752
338.2		0.693752
338.3		0.693752
338.4		0.693752
338.5		0.693752
338.6		0.693752
338.7		0.693752
338.8		0.693752
338.9		0.693752
339		0.693752
339.1		0.695061
339.2		0.695061
339.3		0.695061
339.4		0.695061
339.5		0.695061
339.6		0.695061
339.7		0.695061
339.8		0.695061
339.9		0.695061
340		0.695061
340.1		0.695421
340.2		0.695421
340.3		0.695421
340.4		0.695421
340.5		0.695421
340.6		0.695421
340.7		0.695421
340.8		0.695421
340.9		0.695421
341		0.695421
341.1		0.701236
341.2		0.701236
341.3		0.701236
341.4		0.701236
341.5		0.701236
341.6		0.701236
341.7		0.701236
341.8		0.701236
341.9		0.701236
342		0.701236
342.1		0.705753
342.2		0.705753
342.3		0.705753
342.4		0.705753
342.5		0.705753
342.6		0.705753
342.7		0.705753
342.8		0.705753
342.9		0.705753
343		0.705753
343.1		0.706719
343.2		0.706719
343.3		0.706719
343.4		0.706719
343.5		0.706719
343.6		0.706719
343.7		0.706719
343.8		0.706719
343.9		0.706719
344		0.706719
344.1		0.707862
344.2		0.707862
344.3		0.707862
344.4		0.707862
344.5		0.707862
344.6		0.707862
344.7		0.707862
344.8		0.707862
344.9		0.707862
345		0.707862
345.1		0.709654
345.2		0.709654
345.3		0.709654
345.4		0.709654
345.5		0.709654
345.6		0.709654
345.7		0.709654
345.8		0.709654
345.9		0.709654
346		0.709654
346.1		0.710453
346.2		0.710453
346.3		0.710453
346.4		0.710453
346.5		0.710453
346.6		0.710453
346.7		0.710453
346.8		0.710453
346.9		0.710453
347		0.710453
347.1		0.717282
347.2		0.717282
347.3		0.717282
347.4		0.717282
347.5		0.717282
347.6		0.717282
347.7		0.717282
347.8		0.717282
347.9		0.717282
348		0.717282
348.1		0.717411
348.2		0.717411
348.3		0.717411
348.4		0.717411
348.5		0.717411
348.6		0.717411
348.7		0.717411
348.8		0.717411
348.9		0.717411
349		0.717411
349.1		0.717583
349.2		0.717583
349.3		0.717583
349.4		0.717583
349.5		0.717583
349.6		0.717583
349.7		0.717583
349.8		0.717583
349.9		0.717583
350		0.717583
350.1		0.717787
350.2		0.717787
350.3		0.717787
350.4		0.717787
350.5		0.717787
350.6		0.717787
350.7		0.717787
350.8		0.717787
350.9		0.717787
351		0.717787
351.1		0.721279
351.2		0.721279
351.3		0.721279
351.4		0.721279
351.5		0.721279
351.6		0.721279
351.7		0.721279
351.8		0.721279
351.9		0.721279
352		0.721279
352.1		0.726129
352.2		0.726129
352.3		0.726129
352.4		0.726129
352.5		0.726129
352.6		0.726129
352.7		0.726129
352.8		0.726129
352.9		0.726129
353		0.726129
353.1		0.728522
353.2		0.728522
353.3		0.728522
353.4		0.728522
353.5		0.728522
353.6		0.728522
353.7		0.728522
353.8		0.728522
353.9		0.728522
354		0.728522
354.1		0.729471
354.2		0.729471
354.3		0.729471
354.4		0.729471
354.5		0.729471
354.6		0.729471
354.7		0.729471
354.8		0.729471
354.9		0.729471
355		0.729471
355.1		0.733339
355.2		0.733339
355.3		0.733339
355.4		0.733339
355.5		0.733339
355.6		0.733339
355.7		0.733339
355.8		0.733339
355.9		0.733339
356		0.733339
356.1		0.735786
356.2		0.735786
356.3		0.735786
356.4		0.735786
356.5		0.735786
356.6		0.735786
356.7		0.735786
356.8		0.735786
356.9		0.735786
357		0.735786
357.1		0.739321
357.2		0.739321
357.3		0.739321
357.4		0.739321
357.5		0.739321
357.6		0.739321
357.7		0.739321
357.8		0.739321
357.9		0.739321
358		0.739321
358.1		0.740979
358.2		0.740979
358.3		0.740979
358.4		0.740979
358.5		0.740979
358.6		0.740979
358.7		0.740979
358.8		0.740979
358.9		0.740979
359		0.740979
359.1		0.743538
359.2		0.743538
359.3		0.743538
359.4		0.743538
359.5		0.743538
359.6		0.743538
359.7		0.743538
359.8		0.743538
359.9		0.743538
360		0.743538
360.1		0.748195
360.2		0.748195
360.3		0.748195
360.4		0.748195
360.5		0.748195
360.6		0.748195
360.7		0.748195
360.8		0.748195
360.9		0.748195
361		0.748195
361.1		0.750121
361.2		0.750121
361.3		0.750121
361.4		0.750121
361.5		0.750121
361.6		0.750121
361.7		0.750121
361.8		0.750121
361.9		0.750121
362		0.750121
362.1		0.750791
362.2		0.750791
362.3		0.750791
362.4		0.750791
362.5		0.750791
362.6		0.750791
362.7		0.750791
362.8		0.750791
362.9		0.750791
363		0.750791
363.1		0.751435
363.2		0.751435
363.3		0.751435
363.4		0.751435
363.5		0.751435
363.6		0.751435
363.7		0.751435
363.8		0.751435
363.9		0.751435
364		0.751435
364.1		0.754257
364.2		0.754257
364.3		0.754257
364.4		0.754257
364.5		0.754257
364.6		0.754257
364.7		0.754257
364.8		0.754257
364.9		0.754257
365		0.754257
365.1		0.756092
365.2		0.756092
365.3		0.756092
365.4		0.756092
365.5		0.756092
365.6		0.756092
365.7		0.756092
365.8		0.756092
365.9		0.756092
366		0.756092
366.1		0.759171
366.2		0.759171
366.3		0.759171
366.4		0.759171
366.5		0.759171
366.6		0.759171
366.7		0.759171
366.8		0.759171
366.9		0.759171
367		0.759171
367.1		0.760791
367.2		0.760791
367.3		0.760791
367.4		0.760791
367.5		0.760791
367.6		0.760791
367.7		0.760791
367.8		0.760791
367.9		0.760791
368		0.760791
368.1		0.764692
368.2		0.764692
368.3		0.764692
368.4		0.764692
368.5		0.764692
368.6		0.764692
368.7		0.764692
368.8		0.764692
368.9		0.764692
369		0.764692
369.1		0.765319
369.2		0.765319
369.3		0.765319
369.4		0.765319
369.5		0.765319
369.6		0.765319
369.7		0.765319
369.8		0.765319
369.9		0.765319
370		0.765319
370.1		0.767084
370.2		0.767084
370.3		0.767084
370.4		0.767084
370.5		0.767084
370.6		0.767084
370.7		0.767084
370.8		0.767084
370.9		0.767084
371		0.767084
371.1		0.768077
371.2		0.768077
371.3		0.768077
371.4		0.768077
371.5		0.768077
371.6		0.768077
371.7		0.768077
371.8		0.768077
371.9		0.768077
372		0.768077
372.1		0.77121
372.2		0.77121
372.3		0.77121
372.4		0.77121
372.5		0.77121
372.6		0.77121
372.7		0.77121
372.8		0.77121
372.9		0.77121
373		0.77121
373.1		0.772508
373.2		0.772508
373.3		0.772508
373.4		0.772508
373.5		0.772508
373.6		0.772508
373.7		0.772508
373.8		0.772508
373.9		0.772508
374		0.772508
374.1		0.775008
374.2		0.775008
374.3		0.775008
374.4		0.775008
374.5		0.775008
374.6		0.775008
374.7		0.775008
374.8		0.775008
374.9		0.775008
375		0.775008
375.1		0.77849
375.2		0.77849
375.3		0.77849
375.4		0.77849
375.5		0.77849
375.6		0.77849
375.7		0.77849
375.8		0.77849
375.9		0.77849
376		0.77849
376.1		0.779901
376.2		0.779901
376.3		0.779901
376.4		0.779901
376.5		0.779901
376.6		0.779901
376.7		0.779901
376.8		0.779901
376.9		0.779901
377		0.779901
377.1		0.7826
377.2		0.7826
377.3		0.7826
377.4		0.7826
377.5		0.7826
377.6		0.7826
377.7		0.7826
377.8		0.7826
377.9		0.7826
378		0.7826
378.1		0.784735
378.2		0.784735
378.3		0.784735
378.4		0.784735
378.5		0.784735
378.6		0.784735
378.7		0.784735
378.8		0.784735
378.9		0.784735
379		0.784735
379.1		0.785405
379.2		0.785405
379.3		0.785405
379.4		0.785405
379.5		0.785405
379.6		0.785405
379.7		0.785405
379.8		0.785405
379.9		0.785405
380		0.785405
380.1		0.787578
380.2		0.787578
380.3		0.787578
380.4		0.787578
380.5		0.787578
380.6		0.787578
380.7		0.787578
380.8		0.787578
380.9		0.787578
381		0.787578
381.1		0.790524
381.2		0.790524
381.3		0.790524
381.4		0.790524
381.5		0.790524
381.6		0.790524
381.7		0.790524
381.8		0.790524
381.9		0.790524
382		0.790524
382.1		0.794842
382.2		0.794842
382.3		0.794842
382.4		0.794842
382.5		0.794842
382.6		0.794842
382.7		0.794842
382.8		0.794842
382.9		0.794842
383		0.794842
383.1		0.796682
383.2		0.796682
383.3		0.796682
383.4		0.796682
383.5		0.796682
383.6		0.796682
383.7		0.796682
383.8		0.796682
383.9		0.796682
384		0.796682
384.1		0.797053
384.2		0.797053
384.3		0.797053
384.4		0.797053
384.5		0.797053
384.6		0.797053
384.7		0.797053
384.8		0.797053
384.9		0.797053
385		0.797053
385.1		0.799778
385.2		0.799778
385.3		0.799778
385.4		0.799778
385.5		0.799778
385.6		0.799778
385.7		0.799778
385.8		0.799778
385.9		0.799778
386		0.799778
386.1		0.801956
386.2		0.801956
386.3		0.801956
386.4		0.801956
386.5		0.801956
386.6		0.801956
386.7		0.801956
386.8		0.801956
386.9		0.801956
387		0.801956
387.1		0.804263
387.2		0.804263
387.3		0.804263
387.4		0.804263
387.5		0.804263
387.6		0.804263
387.7		0.804263
387.8		0.804263
387.9		0.804263
388		0.804263
388.1		0.805733
388.2		0.805733
388.3		0.805733
388.4		0.805733
388.5		0.805733
388.6		0.805733
388.7		0.805733
388.8		0.805733
388.9		0.805733
389		0.805733
389.1		0.807326
389.2		0.807326
389.3		0.807326
389.4		0.807326
389.5		0.807326
389.6		0.807326
389.7		0.807326
389.8		0.807326
389.9		0.807326
390		0.807326
390.1		0.81209
390.2		0.81209
390.3		0.81209
390.4		0.81209
390.5		0.81209
390.6		0.81209
390.7		0.81209
390.8		0.81209
390.9		0.81209
391		0.81209
391.1		0.812627
391.2		0.812627
391.3		0.812627
391.4		0.812627
391.5		0.812627
391.6		0.812627
391.7		0.812627
391.8		0.812627
391.9		0.812627
392		0.812627
392.1		0.812916
392.2		0.812916
392.3		0.812916
392.4		0.812916
392.5		0.812916
392.6		0.812916
392.7		0.812916
392.8		0.812916
392.9		0.812916
393		0.812916
393.1		0.815604
393.2		0.815604
393.3		0.815604
393.4		0.815604
393.5		0.815604
393.6		0.815604
393.7		0.815604
393.8		0.815604
393.9		0.815604
394		0.815604
394.1		0.81951
394.2		0.81951
394.3		0.81951
394.4		0.81951
394.5		0.81951
394.6		0.81951
394.7		0.81951
394.8		0.81951
394.9		0.81951
395		0.81951
395.1		0.821162
395.2		0.821162
395.3		0.821162
395.4		0.821162
395.5		0.821162
395.6		0.821162
395.7		0.821162
395.8		0.821162
395.9		0.821162
396		0.821162
396.1		0.821897
396.2		0.821897
396.3		0.821897
396.4		0.821897
396.5		0.821897
396.6		0.821897
396.7		0.821897
396.8		0.821897
396.9		0.821897
397		0.821897
397.1		0.824392
397.2		0.824392
397.3		0.824392
397.4		0.824392
397.5		0.824392
397.6		0.824392
397.7		0.824392
397.8		0.824392
397.9		0.824392
398		0.824392
398.1		0.82561
398.2		0.82561
398.3		0.82561
398.4		0.82561
398.5		0.82561
398.6		0.82561
398.7		0.82561
398.8		0.82561
398.9		0.82561
399		0.82561
399.1		0.828174
399.2		0.828174
399.3		0.828174
399.4		0.828174
399.5		0.828174
399.6		0.828174
399.7		0.828174
399.8		0.828174
399.9		0.828174
400		0.828174
400.1		0.828829
400.2		0.828829
400.3		0.828829
400.4		0.828829
400.5		0.828829
400.6		0.828829
400.7		0.828829
400.8		0.828829
400.9		0.828829
401		0.828829
401.1		0.831924
401.2		0.831924
401.3		0.831924
401.4		0.831924
401.5		0.831924
401.6		0.831924
401.7		0.831924
401.8		0.831924
401.9		0.831924
402		0.831924
402.1		0.834912
402.2		0.834912
402.3		0.834912
402.4		0.834912
402.5		0.834912
402.6		0.834912
402.7		0.834912
402.8		0.834912
402.9		0.834912
403		0.834912
403.1		0.835073
403.2		0.835073
403.3		0.835073
403.4		0.835073
403.5		0.835073
403.6		0.835073
403.7		0.835073
403.8		0.835073
403.9		0.835073
404		0.835073
404.1		0.839231
404.2		0.839231
404.3		0.839231
404.4		0.839231
404.5		0.839231
404.6		0.839231
404.7		0.839231
404.8		0.839231
404.9		0.839231
405		0.839231
405.1		0.841302
405.2		0.841302
405.3		0.841302
405.4		0.841302
405.5		0.841302
405.6		0.841302
405.7		0.841302
405.8		0.841302
405.9		0.841302
406		0.841302
406.1		0.842021
406.2		0.842021
406.3		0.842021
406.4		0.842021
406.5		0.842021
406.6		0.842021
406.7		0.842021
406.8		0.842021
406.9		0.842021
407		0.842021
407.1		0.844768
407.2		0.844768
407.3		0.844768
407.4		0.844768
407.5		0.844768
407.6		0.844768
407.7		0.844768
407.8		0.844768
407.9		0.844768
408		0.844768
408.1		0.848013
408.2		0.848013
408.3		0.848013
408.4		0.848013
408.5		0.848013
408.6		0.848013
408.7		0.848013
408.8		0.848013
408.9		0.848013
409		0.848013
409.1		0.851495
409.2		0.851495
409.3		0.851495
409.4		0.851495
409.5		0.851495
409.6		0.851495
409.7		0.851495
409.8		0.851495
409.9		0.851495
410		0.851495
410.1		0.851731
410.2		0.851731
410.3		0.851731
410.4		0.851731
410.5		0.851731
410.6		0.851731
410.7		0.851731
410.8		0.851731
410.9		0.851731
411		0.851731
411.1		0.852262
411.2		0.852262
411.3		0.852262
411.4		0.852262
411.5		0.852262
411.6		0.852262
411.7		0.852262
411.8		0.852262
411.9		0.852262
412		0.852262
412.1		0.857177
412.2		0.857177
412.3		0.857177
412.4		0.857177
412.5		0.857177
412.6		0.857177
412.7		0.857177
412.8		0.857177
412.9		0.857177
413		0.857177
413.1		0.857273
413.2		0.857273
413.3		0.857273
413.4		0.857273
413.5		0.857273
413.6		0.857273
413.7		0.857273
413.8		0.857273
413.9		0.857273
414		0.857273
414.1		0.859296
414.2		0.859296
414.3		0.859296
414.4		0.859296
414.5		0.859296
414.6		0.859296
414.7		0.859296
414.8		0.859296
414.9		0.859296
415		0.859296
415.1		0.860438
415.2		0.860438
415.3		0.860438
415.4		0.860438
415.5		0.860438
415.6		0.860438
415.7		0.860438
415.8		0.860438
415.9		0.860438
416		0.860438
416.1		0.866506
416.2		0.866506
416.3		0.866506
416.4		0.866506
416.5		0.866506
416.6		0.866506
416.7		0.866506
416.8		0.866506
416.9		0.866506
417		0.866506
417.1		0.867091
417.2		0.867091
417.3		0.867091
417.4		0.867091
417.5		0.867091
417.6		0.867091
417.7		0.867091
417.8		0.867091
417.9		0.867091
418		0.867091
418.1		0.86899
418.2		0.86899
418.3		0.86899
418.4		0.86899
418.5		0.86899
418.6		0.86899
418.7		0.86899
418.8		0.86899
418.9		0.86899
419		0.86899
419.1		0.869403
419.2		0.869403
419.3		0.869403
419.4		0.869403
419.5		0.869403
419.6		0.869403
419.7		0.869403
419.8		0.869403
419.9		0.869403
420		0.869403
420.1		0.871072
420.2		0.871072
420.3		0.871072
420.4		0.871072
420.5		0.871072
420.6		0.871072
420.7		0.871072
420.8		0.871072
420.9		0.871072
421		0.871072
421.1		0.876587
421.2		0.876587
421.3		0.876587
421.4		0.876587
421.5		0.876587
421.6		0.876587
421.7		0.876587
421.8		0.876587
421.9		0.876587
422		0.876587
422.1		0.877815
422.2		0.877815
422.3		0.877815
422.4		0.877815
422.5		0.877815
422.6		0.877815
422.7		0.877815
422.8		0.877815
422.9		0.877815
423		0.877815
423.1		0.878572
423.2		0.878572
423.3		0.878572
423.4		0.878572
423.5		0.878572
423.6		0.878572
423.7		0.878572
423.8		0.878572
423.9		0.878572
424		0.878572
424.1		0.881597
424.2		0.881597
424.3		0.881597
424.4		0.881597
424.5		0.881597
424.6		0.881597
424.7		0.881597
424.8		0.881597
424.9		0.881597
425		0.881597
425.1		0.881903
425.2		0.881903
425.3		0.881903
425.4		0.881903
425.5		0.881903
425.6		0.881903
425.7		0.881903
425.8		0.881903
425.9		0.881903
426		0.881903
426.1		0.883486
426.2		0.883486
426.3		0.883486
426.4		0.883486
426.5		0.883486
426.6		0.883486
426.7		0.883486
426.8		0.883486
426.9		0.883486
427		0.883486
427.1		0.885514
427.2		0.885514
427.3		0.885514
427.4		0.885514
427.5		0.885514
427.6		0.885514
427.7		0.885514
427.8		0.885514
427.9		0.885514
428		0.885514
428.1		0.889344
428.2		0.889344
428.3		0.889344
428.4		0.889344
428.5		0.889344
428.6		0.889344
428.7		0.889344
428.8		0.889344
428.9		0.889344
429		0.889344
429.1		0.891903
429.2		0.891903
429.3		0.891903
429.4		0.891903
429.5		0.891903
429.6		0.891903
429.7		0.891903
429.8		0.891903
429.9		0.891903
430		0.891903
430.1		0.89215
430.2		0.89215
430.3		0.89215
430.4		0.89215
430.5		0.89215
430.6		0.89215
430.7		0.89215
430.8		0.89215
430.9		0.89215
431		0.89215
431.1		0.893872
431.2		0.893872
431.3		0.893872
431.4		0.893872
431.5		0.893872
431.6		0.893872
431.7		0.893872
431.8		0.893872
431.9		0.893872
432		0.893872
432.1		0.895669
432.2		0.895669
432.3		0.895669
432.4		0.895669
432.5		0.895669
432.6		0.895669
432.7		0.895669
432.8		0.895669
432.9		0.895669
433		0.895669
433.1		0.900535
433.2		0.900535
433.3		0.900535
433.4		0.900535
433.5		0.900535
433.6		0.900535
433.7		0.900535
433.8		0.900535
433.9		0.900535
434		0.900535
434.1		0.902928
434.2		0.902928
434.3		0.902928
434.4		0.902928
434.5		0.902928
434.6		0.902928
434.7		0.902928
434.8		0.902928
434.9		0.902928
435		0.902928
435.1		0.903084
435.2		0.903084
435.3		0.903084
435.4		0.903084
435.5		0.903084
435.6		0.903084
435.7		0.903084
435.8		0.903084
435.9		0.903084
436		0.903084
436.1		0.903545
436.2		0.903545
436.3		0.903545
436.4		0.903545
436.5		0.903545
436.6		0.903545
436.7		0.903545
436.8		0.903545
436.9		0.903545
437		0.903545
437.1		0.905836
437.2		0.905836
437.3		0.905836
437.4		0.905836
437.5		0.905836
437.6		0.905836
437.7		0.905836
437.8		0.905836
437.9		0.905836
438		0.905836
438.1		0.910273
438.2		0.910273
438.3		0.910273
438.4		0.910273
438.5		0.910273
438.6		0.910273
438.7		0.910273
438.8		0.910273
438.9		0.910273
439		0.910273
439.1		0.911694
439.2		0.911694
439.3		0.911694
439.4		0.911694
439.5		0.911694
439.6		0.911694
439.7		0.911694
439.8		0.911694
439.9		0.911694
440		0.911694
440.1		0.913078
440.2		0.913078
440.3		0.913078
440.4		0.913078
440.5		0.913078
440.6		0.913078
440.7		0.913078
440.8		0.913078
440.9		0.913078
441		0.913078
441.1		0.914994
441.2		0.914994
441.3		0.914994
441.4		0.914994
441.5		0.914994
441.6		0.914994
441.7		0.914994
441.8		0.914994
441.9		0.914994
442		0.914994
442.1		0.918797
442.2		0.918797
442.3		0.918797
442.4		0.918797
442.5		0.918797
442.6		0.918797
442.7		0.918797
442.8		0.918797
442.9		0.918797
443		0.918797
443.1		0.91979
443.2		0.91979
443.3		0.91979
443.4		0.91979
443.5		0.91979
443.6		0.91979
443.7		0.91979
443.8		0.91979
443.9		0.91979
444		0.91979
444.1		0.920943
444.2		0.920943
444.3		0.920943
444.4		0.920943
444.5		0.920943
444.6		0.920943
444.7		0.920943
444.8		0.920943
444.9		0.920943
445		0.920943
445.1		0.923315
445.2		0.923315
445.3		0.923315
445.4		0.923315
445.5		0.923315
445.6		0.923315
445.7		0.923315
445.8		0.923315
445.9		0.923315
446		0.923315
446.1		0.928202
446.2		0.928202
446.3		0.928202
446.4		0.928202
446.5		0.928202
446.6		0.928202
446.7		0.928202
446.8		0.928202
446.9		0.928202
447		0.928202
447.1		0.928368
447.2		0.928368
447.3		0.928368
447.4		0.928368
447.5		0.928368
447.6		0.928368
447.7		0.928368
447.8		0.928368
447.9		0.928368
448		0.928368
448.1		0.928658
448.2		0.928658
448.3		0.928658
448.4		0.928658
448.5		0.928658
448.6		0.928658
448.7		0.928658
448.8		0.928658
448.9		0.928658
449		0.928658
449.1		0.930053
449.2		0.930053
449.3		0.930053
449.4		0.930053
449.5		0.930053
449.6		0.930053
449.7		0.930053
449.8		0.930053
449.9		0.930053
450		0.930053
450.1		0.934972
450.2		0.934972
450.3		0.934972
450.4		0.934972
450.5		0.934972
450.6		0.934972
450.7		0.934972
450.8		0.934972
450.9		0.934972
451		0.934972
451.1		0.939087
451.2		0.939087
451.3		0.939087
451.4		0.939087
451.5		0.939087
451.6		0.939087
451.7		0.939087
451.8		0.939087
451.9		0.939087
452		0.939087
452.1		0.94001
452.2		0.94001
452.3		0.94001
452.4		0.94001
452.5		0.94001
452.6		0.94001
452.7		0.94001
452.8		0.94001
452.9		0.94001
453		0.94001
453.1		0.940868
453.2		0.940868
453.3		0.940868
453.4		0.940868
453.5		0.940868
453.6		0.940868
453.7		0.940868
453.8		0.940868
453.9		0.940868
454		0.940868
454.1		0.942065
454.2		0.942065
454.3		0.942065
454.4		0.942065
454.5		0.942065
454.6		0.942065
454.7		0.942065
454.8		0.942065
454.9		0.942065
455		0.942065
455.1		0.94648
455.2		0.94648
455.3		0.94648
455.4		0.94648
455.5		0.94648
455.6		0.94648
455.7		0.94648
455.8		0.94648
455.9		0.94648
456		0.94648
456.1		0.946759
456.2		0.946759
456.3		0.946759
456.4		0.946759
456.5		0.946759
456.6		0.946759
456.7		0.946759
456.8		0.946759
456.9		0.946759
457		0.946759
457.1		0.948926
457.2		0.948926
457.3		0.948926
457.4		0.948926
457.5		0.948926
457.6		0.948926
457.7		0.948926
457.8		0.948926
457.9		0.948926
458		0.948926
458.1		0.949248
458.2		0.949248
458.3		0.949248
458.4		0.949248
458.5		0.949248
458.6		0.949248
458.7		0.949248
458.8		0.949248
458.9		0.949248
459		0.949248
459.1		0.952333
459.2		0.952333
459.3		0.952333
459.4		0.952333
459.5		0.952333
459.6		0.952333
459.7		0.952333
459.8		0.952333
459.9		0.952333
460		0.952333
460.1		0.957811
460.2		0.957811
460.3		0.957811
460.4		0.957811
460.5		0.957811
460.6		0.957811
460.7		0.957811
460.8		0.957811
460.9		0.957811
461		0.957811
461.1		0.958401
461.2		0.958401
461.3		0.958401
461.4		0.958401
461.5		0.958401
461.6		0.958401
461.7		0.958401
461.8		0.958401
461.9		0.958401
462		0.958401
462.1		0.959624
462.2		0.959624
462.3		0.959624
462.4		0.959624
462.5		0.959624
462.6		0.959624
462.7		0.959624
462.8		0.959624
462.9		0.959624
463		0.959624
463.1		0.95979
463.2		0.95979
463.3		0.95979
463.4		0.95979
463.5		0.95979
463.6		0.95979
463.7		0.95979
463.8		0.95979
463.9		0.95979
464		0.95979
464.1		0.964184
464.2		0.964184
464.3		0.964184
464.4		0.964184
464.5		0.964184
464.6		0.964184
464.7		0.964184
464.8		0.964184
464.9		0.964184
465		0.964184
465.1		0.966024
465.2		0.966024
465.3		0.966024
465.4		0.966024
465.5		0.966024
465.6		0.966024
465.7		0.966024
465.8		0.966024
465.9		0.966024
466		0.966024
466.1		0.96846
466.2		0.96846
466.3		0.96846
466.4		0.96846
466.5		0.96846
466.6		0.96846
466.7		0.96846
466.8		0.96846
466.9		0.96846
467		0.96846
467.1		0.969372
467.2		0.969372
467.3		0.969372
467.4		0.969372
467.5		0.969372
467.6		0.969372
467.7		0.969372
467.8		0.969372
467.9		0.969372
468		0.969372
468.1		0.974018
468.2		0.974018
468.3		0.974018
468.4		0.974018
468.5		0.974018
468.6		0.974018
468.7		0.974018
468.8		0.974018
468.9		0.974018
469		0.974018
469.1		0.974646
469.2		0.974646
469.3		0.974646
469.4		0.974646
469.5		0.974646
469.6		0.974646
469.7		0.974646
469.8		0.974646
469.9		0.974646
470		0.974646
470.1		0.975086
470.2		0.975086
470.3		0.975086
470.4		0.975086
470.5		0.975086
470.6		0.975086
470.7		0.975086
470.8		0.975086
470.9		0.975086
471		0.975086
471.1		0.975499
471.2		0.975499
471.3		0.975499
471.4		0.975499
471.5		0.975499
471.6		0.975499
471.7		0.975499
471.8		0.975499
471.9		0.975499
472		0.975499
472.1		0.982602
472.2		0.982602
472.3		0.982602
472.4		0.982602
472.5		0.982602
472.6		0.982602
472.7		0.982602
472.8		0.982602
472.9		0.982602
473		0.982602
473.1		0.985182
473.2		0.985182
473.3		0.985182
473.4		0.985182
473.5		0.985182
473.6		0.985182
473.7		0.985182
473.8		0.985182
473.9		0.985182
474		0.985182
474.1		0.985402
474.2		0.985402
474.3		0.985402
474.4		0.985402
474.5		0.985402
474.6		0.985402
474.7		0.985402
474.8		0.985402
474.9		0.985402
475		0.985402
475.1		0.986695
475.2		0.986695
475.3		0.986695
475.4		0.986695
475.5		0.986695
475.6		0.986695
475.7		0.986695
475.8		0.986695
475.9		0.986695
476		0.986695
476.1		0.988986
476.2		0.988986
476.3		0.988986
476.4		0.988986
476.5		0.988986
476.6		0.988986
476.7		0.988986
476.8		0.988986
476.9		0.988986
477		0.988986
477.1		0.99073
477.2		0.99073
477.3		0.99073
477.4		0.99073
477.5		0.99073
477.6		0.99073
477.7		0.99073
477.8		0.99073
477.9		0.99073
478		0.99073
478.1		0.993825
478.2		0.993825
478.3		0.993825
478.4		0.993825
478.5		0.993825
478.6		0.993825
478.7		0.993825
478.8		0.993825
478.9		0.993825
479		0.993825
479.1		0.996583
479.2		0.996583
479.3		0.996583
479.4		0.996583
479.5		0.996583
479.6		0.996583
479.7		0.996583
479.8		0.996583
479.9		0.996583
480		0.996583
480.1		0.998197
480.2		0.998197
480.3		0.998197
480.4		0.998197
480.5		0.998197
480.6		0.998197
480.7		0.998197
480.8		0.998197
480.9		0.998197
481		0.998197
481.1		0.999667
481.2		0.999667
481.3		0.999667
481.4		0.999667
481.5		0.999667
481.6		0.999667
481.7		0.999667
481.8		0.999667
481.9		0.999667
482		0.999667
482.1		1
482.2		1
482.3		1
482.4		1
482.5		1
482.6		1
482.7		1
482.8		1
482.9		1
483		1
483.1		1
483.2		1
483.3		1
483.4		1
483.5		1
483.6		1
483.7		1
483.8		1
483.9		1
484		1
484.1		1
484.2		1
484.3		1
484.4		1
484.5		1
484.6		1
484.7		1
484.8		1
484.9		1
485		1
485.1		1
485.2		1
485.3		1
485.4		1
485.5		1
485.6		1
485.7		1
485.8		1
485.9		1
486		1
486.1		1
486.2		1
486.3		1
486.4		1
486.5		1
486.6		1
486.7		1
486.8		1
486.9		1
487		1
487.1		1
487.2		1
487.3		1
487.4		1
487.5		1
487.6		1
487.7		1
487.8		1
487.9		1
488		1
488.1		1
488.2		1
488.3		1
488.4		1
488.5		1
488.6		1
488.7		1
488.8		1
488.9		1
489		1
489.1		1
489.2		1
489.3		1
489.4		1
489.5		1
489.6		1
489.7		1
489.8		1
489.9		1
490		1
490.1		1
490.2		1
490.3		1
490.4		1
490.5		1
490.6		1
490.7		1
490.8		1
490.9		1
491		1
491.1		1
491.2		1
491.3		1
491.4		1
491.5		1
491.6		1
491.7		1
491.8		1
491.9		1
492		1
492.1		1
492.2		1
492.3		1
492.4		1
492.5		1
492.6		1
492.7		1
492.8		1
492.9		1
493		1
493.1		1
493.2		1
493.3		1
493.4		1
493.5		1
493.6		1
493.7		1
493.8		1
493.9		1
494		1
494.1		1
494.2		1
494.3		1
494.4		1
494.5		1
494.6		1
494.7		1
494.8		1
494.9		1
495		1
495.1		1
495.2		1
495.3		1
495.4		1
495.5		1
495.6		1
495.7		1
495.8		1
495.9		1
496		1
496.1		1
496.2		1
496.3		1
496.4		1
496.5		1
496.6		1
496.7		1
496.8		1
496.9		1
497		1
497.1		1
497.2		1
497.3		1
497.4		1
497.5		1
497.6		1
497.7		1
497.8		1
497.9		1
498		1
498.1		1
498.2		1
498.3		1
498.4		1
498.5		1
498.6		1
498.7		1
498.8		1
498.9		1
499		1
499.1		1
499.2		1
499.3		1
499.4		1
499.5		1
499.6		1
499.7		1
499.8		1
499.9		1
500		1
500.1		1
500.2		1
500.3		1
500.4		1
500.5		1
500.6		1
500.7		1
500.8		1
500.9		1
501		1
501.1		1
501.2		1
501.3		1
501.4		1
501.5		1
501.6		1
501.7		1
501.8		1
501.9		1
502		1
502.1		1
502.2		1
502.3		1
502.4		1
502.5		1
502.6		1
502.7		1
502.8		1
502.9		1
503		1
503.1		1
503.2		1
503.3		1
503.4		1
503.5		1
503.6		1
503.7		1
503.8		1
503.9		1
504		1
504.1		1
504.2		1
504.3		1
504.4		1
504.5		1
504.6		1
504.7		1
504.8		1
504.9		1
505		1
505.1		1
505.2		1
505.3		1
505.4		1
505.5		1
505.6		1
505.7		1
505.8		1
505.9		1
506		1
506.1		1
506.2		1
506.3		1
506.4		1
506.5		1
506.6		1
506.7		1
506.8		1
506.9		1
507		1
507.1		1
507.2		1
507.3		1
507.4		1
507.5		1
507.6		1
507.7		1
507.8		1
507.9		1
508		1
508.1		1
508.2		1
508.3		1
508.4		1
508.5		1
508.6		1
508.7		1
508.8		1
508.9		1
509		1
509.1		1
509.2		1
509.3		1
509.4		1
509.5		1
509.6		1
509.7		1
509.8		1
509.9		1
510		1
510.1		1
510.2		1
510.3		1
510.4		1
510.5		1
510.6		1
510.7		1
510.8		1
510.9		1
511		1
511.1		1
511.2		1
511.3		1
511.4		1
511.5		1
511.6		1
511.7		1
511.8		1
511.9		1
512		1
512.1		1
512.2		1
512.3		1
512.4		1
512.5		1
512.6		1
512.7		1
512.8		1
512.9		1
513		1
513.1		1
513.2		1
513.3		1
513.4		1
513.5		1
513.6		1
513.7		1
513.8		1
513.9		1
514		1
514.1		1
514.2		1
514.3		1
514.4		1
514.5		1
514.6		1
514.7		1
514.8		1
514.9		1
515		1
515.1		1
515.2		1
515.3		1
515.4		1
515.5		1
515.6		1
515.7		1
515.8		1
515.9		1
516		1
516.1		1
516.2		1
516.3		1
516.4		1
516.5		1
516.6		1
516.7		1
516.8		1
516.9		1
517		1
517.1		1
517.2		1
517.3		1
517.4		1
517.5		1
517.6		1
517.7		1
517.8		1
517.9		1
518		1
518.1		1
518.2		1
518.3		1
518.4		1
518.5		1
518.6		1
518.7		1
518.8		1
518.9		1
519		1
519.1		1
519.2		1
519.3		1
519.4		1
519.5		1
519.6		1
519.7		1
519.8		1
519.9		1
520		1
520.1		1
520.2		1
520.3		1
520.4		1
520.5		1
520.6		1
520.7		1
520.8		1
520.9		1
521		1
521.1		1
521.2		1
521.3		1
521.4		1
521.5		1
521.6		1
521.7		1
521.8		1
521.9		1
522		1
522.1		1
522.2		1
522.3		1
522.4		1
522.5		1
522.6		1
522.7		1
522.8		1
522.9		1
523		1
523.1		1
523.2		1
523.3		1
523.4		1
523.5		1
523.6		1
523.7		1
523.8		1
523.9		1
524		1
524.1		1
524.2		1
524.3		1
524.4		1
524.5		1
524.6		1
524.7		1
524.8		1
524.9		1
525		1
525.1		1
525.2		1
525.3		1
525.4		1
525.5		1
525.6		1
525.7		1
525.8		1
525.9		1
526		1
526.1		1
526.2		1
526.3		1
526.4		1
526.5		1
526.6		1
526.7		1
526.8		1
526.9		1
527		1
527.1		1
527.2		1
527.3		1
527.4		1
527.5		1
527.6		1
527.7		1
527.8		1
527.9		1
528		1
528.1		1
528.2		1
528.3		1
528.4		1
528.5		1
528.6		1
528.7		1
528.8		1
528.9		1
529		1
529.1		1
529.2		1
529.3		1
529.4		1
529.5		1
529.6		1
529.7		1
529.8		1
529.9		1
530		1
530.1		1
530.2		1
530.3		1
530.4		1
530.5		1
530.6		1
530.7		1
530.8		1
530.9		1
531		1
531.1		1
531.2		1
531.3		1
531.4		1
531.5		1
531.6		1
531.7		1
531.8		1
531.9		1
532		1
532.1		1
532.2		1
532.3		1
532.4		1
532.5		1
532.6		1
532.7		1
532.8		1
532.9		1
533		1
533.1		1
533.2		1
533.3		1
533.4		1
533.5		1
533.6		1
533.7		1
533.8		1
533.9		1
534		1
534.1		1
534.2		1
534.3		1
534.4		1
534.5		1
534.6		1
534.7		1
534.8		1
534.9		1
535		1
535.1		1
535.2		1
535.3		1
535.4		1
535.5		1
535.6		1
535.7		1
535.8		1
535.9		1
536		1
536.1		1
536.2		1
536.3		1
536.4		1
536.5		1
536.6		1
536.7		1
536.8		1
536.9		1
537		1
537.1		1
537.2		1
537.3		1
537.4		1
537.5		1
537.6		1
537.7		1
537.8		1
537.9		1
538		1
538.1		1
538.2		1
538.3		1
538.4		1
538.5		1
538.6		1
538.7		1
538.8		1
538.9		1
539		1
539.1		1
539.2		1
539.3		1
539.4		1
539.5		1
539.6		1
539.7		1
539.8		1
539.9		1
540		1
540.1		1
540.2		1
540.3		1
540.4		1
540.5		1
540.6		1
540.7		1
540.8		1
540.9		1
541		1
541.1		1
541.2		1
541.3		1
541.4		1
541.5		1
541.6		1
541.7		1
541.8		1
541.9		1
542		1
542.1		1
542.2		1
542.3		1
542.4		1
542.5		1
542.6		1
542.7		1
542.8		1
542.9		1
543		1
543.1		1
543.2		1
543.3		1
543.4		1
543.5		1
543.6		1
543.7		1
543.8		1
543.9		1
544		1
544.1		1
544.2		1
544.3		1
544.4		1
544.5		1
544.6		1
544.7		1
544.8		1
544.9		1
545		1
545.1		1
545.2		1
545.3		1
545.4		1
545.5		1
545.6		1
545.7		1
545.8		1
545.9		1
546		1
546.1		1
546.2		1
546.3		1
546.4		1
546.5		1
546.6		1
546.7		1
546.8		1
546.9		1
547		1
547.1		1
547.2		1
547.3		1
547.4		1
547.5		1
547.6		1
547.7		1
547.8		1
547.9		1
548		1
548.1		1
548.2		1
548.3		1
548.4		1
548.5		1
548.6		1
548.7		1
548.8		1
548.9		1
549		1
549.1		1
549.2		1
549.3		1
549.4		1
549.5		1
549.6		1
549.7		1
549.8		1
549.9		1
550		1
550.1		1
550.2		1
550.3		1
550.4		1
550.5		1
550.6		1
550.7		1
550.8		1
550.9		1
551		1
551.1		1
551.2		1
551.3		1
551.4		1
551.5		1
551.6		1
551.7		1
551.8		1
551.9		1
552		1
552.1		1
552.2		1
552.3		1
552.4		1
552.5		1
552.6		1
552.7		1
552.8		1
552.9		1
553		1
553.1		1
553.2		1
553.3		1
553.4		1
553.5		1
553.6		1
553.7		1
553.8		1
553.9		1
554		1
554.1		1
554.2		1
554.3		1
554.4		1
554.5		1
554.6		1
554.7		1
554.8		1
554.9		1
555		1
555.1		1
555.2		1
555.3		1
555.4		1
555.5		1
555.6		1
555.7		1
555.8		1
555.9		1
556		1
556.1		1
556.2		1
556.3		1
556.4		1
556.5		1
556.6		1
556.7		1
556.8		1
556.9		1
557		1
557.1		1
557.2		1
557.3		1
557.4		1
557.5		1
557.6		1
557.7		1
557.8		1
557.9		1
558		1
558.1		1
558.2		1
558.3		1
558.4		1
558.5		1
558.6		1
558.7		1
558.8		1
558.9		1
559		1
559.1		1
559.2		1
559.3		1
559.4		1
559.5		1
559.6		1
559.7		1
559.8		1
559.9		1
560		1
560.1		1
560.2		1
560.3		1
560.4		1
560.5		1
560.6		1
560.7		1
560.8		1
560.9		1
561		1
561.1		1
561.2		1
561.3		1
561.4		1
561.5		1
561.6		1
561.7		1
561.8		1
561.9		1
562		1
562.1		1
562.2		1
562.3		1
562.4		1
562.5		1
562.6		1
562.7		1
562.8		1
562.9		1
563		1
563.1		1
563.2		1
563.3		1
563.4		1
563.5		1
563.6		1
563.7		1
563.8		1
563.9		1
564		1
564.1		1
564.2		1
564.3		1
564.4		1
564.5		1
564.6		1
564.7		1
564.8		1
564.9		1
565		1
565.1		1
565.2		1
565.3		1
565.4		1
565.5		1
565.6		1
565.7		1
565.8		1
565.9		1
566		1
566.1		1
566.2		1
566.3		1
566.4		1
566.5		1
566.6		1
566.7		1
566.8		1
566.9		1
567		1
567.1		1
567.2		1
567.3		1
567.4		1
567.5		1
567.6		1
567.7		1
567.8		1
567.9		1
568		1
568.1		1
568.2		1
568.3		1
568.4		1
568.5		1
568.6		1
568.7		1
568.8		1
568.9		1
569		1
569.1		1
569.2		1
569.3		1
569.4		1
569.5		1
569.6		1
569.7		1
569.8		1
569.9		1
570		1
570.1		1
570.2		1
570.3		1
570.4		1
570.5		1
570.6		1
570.7		1
570.8		1
570.9		1
571		1
571.1		1
571.2		1
571.3		1
571.4		1
571.5		1
571.6		1
571.7		1
571.8		1
571.9		1
572		1
572.1		1
572.2		1
572.3		1
572.4		1
572.5		1
572.6		1
572.7		1
572.8		1
572.9		1
573		1
573.1		1
573.2		1
573.3		1
573.4		1
573.5		1
573.6		1
573.7		1
573.8		1
573.9		1
574		1
574.1		1
574.2		1
574.3		1
574.4		1
574.5		1
574.6		1
574.7		1
574.8		1
574.9		1
575		1
575.1		1
575.2		1
575.3		1
575.4		1
575.5		1
575.6		1
575.7		1
575.8		1
575.9		1
576		1
576.1		1
576.2		1
576.3		1
576.4		1
576.5		1
576.6		1
576.7		1
576.8		1
576.9		1
577		1
577.1		1
577.2		1
577.3		1
577.4		1
577.5		1
577.6		1
577.7		1
577.8		1
577.9		1
578		1
578.1		1
578.2		1
578.3		1
578.4		1
578.5		1
578.6		1
578.7		1
578.8		1
578.9		1
579		1
579.1		1
579.2		1
579.3		1
579.4		1
579.5		1
579.6		1
579.7		1
579.8		1
579.9		1
580		1
580.1		1
580.2		1
580.3		1
580.4		1
580.5		1
580.6		1
580.7		1
580.8		1
580.9		1
581		1
581.1		1
581.2		1
581.3		1
581.4		1
581.5		1
581.6		1
581.7		1
581.8		1
581.9		1
582		1
582.1		1
582.2		1
582.3		1
582.4		1
582.5		1
582.6		1
582.7		1
582.8		1
582.9		1
583		1
583.1		1
583.2		1
583.3		1
583.4		1
583.5		1
583.6		1
583.7		1
583.8		1
583.9		1
584		1
584.1		1
584.2		1
584.3		1
584.4		1
584.5		1
584.6		1
584.7		1
584.8		1
584.9		1
585		1
585.1		1
585.2		1
585.3		1
585.4		1
585.5		1
585.6		1
585.7		1
585.8		1
585.9		1
586		1
586.1		1
586.2		1
586.3		1
586.4		1
586.5		1
586.6		1
586.7		1
586.8		1
586.9		1
587		1
587.1		1
587.2		1
587.3		1
587.4		1
587.5		1
587.6		1
587.7		1
587.8		1
587.9		1
588		1
588.1		1
588.2		1
588.3		1
588.4		1
588.5		1
588.6		1
588.7		1
588.8		1
588.9		1
589		1
589.1		1
589.2		1
589.3		1
589.4		1
589.5		1
589.6		1
589.7		1
589.8		1
589.9		1
590		1
590.1		1
590.2		1
590.3		1
590.4		1
590.5		1
590.6		1
590.7		1
590.8		1
590.9		1
591		1
591.1		1
591.2		1
591.3		1
591.4		1
591.5		1
591.6		1
591.7		1
591.8		1
591.9		1
592		1
592.1		1
592.2		1
592.3		1
592.4		1
592.5		1
592.6		1
592.7		1
592.8		1
592.9		1
593		1
593.1		1
593.2		1
593.3		1
593.4		1
593.5		1
593.6		1
593.7		1
593.8		1
593.9		1
594		1
594.1		1
594.2		1
594.3		1
594.4		1
594.5		1
594.6		1
594.7		1
594.8		1
594.9		1
595		1
595.1		1
595.2		1
595.3		1
595.4		1
595.5		1
595.6		1
595.7		1
595.8		1
595.9		1
596		1
596.1		1
596.2		1
596.3		1
596.4		1
596.5		1
596.6		1
596.7		1
596.8		1
596.9		1
597		1
597.1		1
597.2		1
597.3		1
597.4		1
597.5		1
597.6		1
597.7		1
597.8		1
597.9		1
598		1
598.1		1
598.2		1
598.3		1
598.4		1
598.5		1
598.6		1
598.7		1
598.8		1
598.9		1
599		1
599.1		1
599.2		1
599.3		1
599.4		1
599.5		1
599.6		1
599.7		1
599.8		1
599.9		1
600		1
