# Calibration file of tamex_id 0 @ channel 54
# fine_T bin		 Calibration value
0.1		0
0.2		0
0.3		0
0.4		0
0.5		0
0.6		0
0.7		0
0.8		0
0.9		0
1		0
1.1		0
1.2		0
1.3		0
1.4		0
1.5		0
1.6		0
1.7		0
1.8		0
1.9		0
2		0
2.1		0
2.2		0
2.3		0
2.4		0
2.5		0
2.6		0
2.7		0
2.8		0
2.9		0
3		0
3.1		0
3.2		0
3.3		0
3.4		0
3.5		0
3.6		0
3.7		0
3.8		0
3.9		0
4		0
4.1		0
4.2		0
4.3		0
4.4		0
4.5		0
4.6		0
4.7		0
4.8		0
4.9		0
5		0
5.1		0
5.2		0
5.3		0
5.4		0
5.5		0
5.6		0
5.7		0
5.8		0
5.9		0
6		0
6.1		0
6.2		0
6.3		0
6.4		0
6.5		0
6.6		0
6.7		0
6.8		0
6.9		0
7		0
7.1		0
7.2		0
7.3		0
7.4		0
7.5		0
7.6		0
7.7		0
7.8		0
7.9		0
8		0
8.1		0
8.2		0
8.3		0
8.4		0
8.5		0
8.6		0
8.7		0
8.8		0
8.9		0
9		0
9.1		0
9.2		0
9.3		0
9.4		0
9.5		0
9.6		0
9.7		0
9.8		0
9.9		0
10		0
10.1		0
10.2		0
10.3		0
10.4		0
10.5		0
10.6		0
10.7		0
10.8		0
10.9		0
11		0
11.1		0
11.2		0
11.3		0
11.4		0
11.5		0
11.6		0
11.7		0
11.8		0
11.9		0
12		0
12.1		0
12.2		0
12.3		0
12.4		0
12.5		0
12.6		0
12.7		0
12.8		0
12.9		0
13		0
13.1		0
13.2		0
13.3		0
13.4		0
13.5		0
13.6		0
13.7		0
13.8		0
13.9		0
14		0
14.1		0
14.2		0
14.3		0
14.4		0
14.5		0
14.6		0
14.7		0
14.8		0
14.9		0
15		0
15.1		0
15.2		0
15.3		0
15.4		0
15.5		0
15.6		0
15.7		0
15.8		0
15.9		0
16		0
16.1		0.00105273
16.2		0.00105273
16.3		0.00105273
16.4		0.00105273
16.5		0.00105273
16.6		0.00105273
16.7		0.00105273
16.8		0.00105273
16.9		0.00105273
17		0.00105273
17.1		0.00939864
17.2		0.00939864
17.3		0.00939864
17.4		0.00939864
17.5		0.00939864
17.6		0.00939864
17.7		0.00939864
17.8		0.00939864
17.9		0.00939864
18		0.00939864
18.1		0.0123217
18.2		0.0123217
18.3		0.0123217
18.4		0.0123217
18.5		0.0123217
18.6		0.0123217
18.7		0.0123217
18.8		0.0123217
18.9		0.0123217
19		0.0123217
19.1		0.0124519
19.2		0.0124519
19.3		0.0124519
19.4		0.0124519
19.5		0.0124519
19.6		0.0124519
19.7		0.0124519
19.8		0.0124519
19.9		0.0124519
20		0.0124519
20.1		0.0175673
20.2		0.0175673
20.3		0.0175673
20.4		0.0175673
20.5		0.0175673
20.6		0.0175673
20.7		0.0175673
20.8		0.0175673
20.9		0.0175673
21		0.0175673
21.1		0.0184645
21.2		0.0184645
21.3		0.0184645
21.4		0.0184645
21.5		0.0184645
21.6		0.0184645
21.7		0.0184645
21.8		0.0184645
21.9		0.0184645
22		0.0184645
22.1		0.0213224
22.2		0.0213224
22.3		0.0213224
22.4		0.0213224
22.5		0.0213224
22.6		0.0213224
22.7		0.0213224
22.8		0.0213224
22.9		0.0213224
23		0.0213224
23.1		0.0220134
23.2		0.0220134
23.3		0.0220134
23.4		0.0220134
23.5		0.0220134
23.6		0.0220134
23.7		0.0220134
23.8		0.0220134
23.9		0.0220134
24		0.0220134
24.1		0.0254791
24.2		0.0254791
24.3		0.0254791
24.4		0.0254791
24.5		0.0254791
24.6		0.0254791
24.7		0.0254791
24.8		0.0254791
24.9		0.0254791
25		0.0254791
25.1		0.0277039
25.2		0.0277039
25.3		0.0277039
25.4		0.0277039
25.5		0.0277039
25.6		0.0277039
25.7		0.0277039
25.8		0.0277039
25.9		0.0277039
26		0.0277039
26.1		0.029028
26.2		0.029028
26.3		0.029028
26.4		0.029028
26.5		0.029028
26.6		0.029028
26.7		0.029028
26.8		0.029028
26.9		0.029028
27		0.029028
27.1		0.0322115
27.2		0.0322115
27.3		0.0322115
27.4		0.0322115
27.5		0.0322115
27.6		0.0322115
27.7		0.0322115
27.8		0.0322115
27.9		0.0322115
28		0.0322115
28.1		0.0337599
28.2		0.0337599
28.3		0.0337599
28.4		0.0337599
28.5		0.0337599
28.6		0.0337599
28.7		0.0337599
28.8		0.0337599
28.9		0.0337599
29		0.0337599
29.1		0.0347656
29.2		0.0347656
29.3		0.0347656
29.4		0.0347656
29.5		0.0347656
29.6		0.0347656
29.7		0.0347656
29.8		0.0347656
29.9		0.0347656
30		0.0347656
30.1		0.0365382
30.2		0.0365382
30.3		0.0365382
30.4		0.0365382
30.5		0.0365382
30.6		0.0365382
30.7		0.0365382
30.8		0.0365382
30.9		0.0365382
31		0.0365382
31.1		0.0376452
31.2		0.0376452
31.3		0.0376452
31.4		0.0376452
31.5		0.0376452
31.6		0.0376452
31.7		0.0376452
31.8		0.0376452
31.9		0.0376452
32		0.0376452
32.1		0.039208
32.2		0.039208
32.3		0.039208
32.4		0.039208
32.5		0.039208
32.6		0.039208
32.7		0.039208
32.8		0.039208
32.9		0.039208
33		0.039208
33.1		0.0435926
33.2		0.0435926
33.3		0.0435926
33.4		0.0435926
33.5		0.0435926
33.6		0.0435926
33.7		0.0435926
33.8		0.0435926
33.9		0.0435926
34		0.0435926
34.1		0.0448118
34.2		0.0448118
34.3		0.0448118
34.4		0.0448118
34.5		0.0448118
34.6		0.0448118
34.7		0.0448118
34.8		0.0448118
34.9		0.0448118
35		0.0448118
35.1		0.0461105
35.2		0.0461105
35.3		0.0461105
35.4		0.0461105
35.5		0.0461105
35.6		0.0461105
35.7		0.0461105
35.8		0.0461105
35.9		0.0461105
36		0.0461105
36.1		0.0495653
36.2		0.0495653
36.3		0.0495653
36.4		0.0495653
36.5		0.0495653
36.6		0.0495653
36.7		0.0495653
36.8		0.0495653
36.9		0.0495653
37		0.0495653
37.1		0.0506145
37.2		0.0506145
37.3		0.0506145
37.4		0.0506145
37.5		0.0506145
37.6		0.0506145
37.7		0.0506145
37.8		0.0506145
37.9		0.0506145
38		0.0506145
38.1		0.0526005
38.2		0.0526005
38.3		0.0526005
38.4		0.0526005
38.5		0.0526005
38.6		0.0526005
38.7		0.0526005
38.8		0.0526005
38.9		0.0526005
39		0.0526005
39.1		0.0542212
39.2		0.0542212
39.3		0.0542212
39.4		0.0542212
39.5		0.0542212
39.6		0.0542212
39.7		0.0542212
39.8		0.0542212
39.9		0.0542212
40		0.0542212
40.1		0.0567319
40.2		0.0567319
40.3		0.0567319
40.4		0.0567319
40.5		0.0567319
40.6		0.0567319
40.7		0.0567319
40.8		0.0567319
40.9		0.0567319
41		0.0567319
41.1		0.058935
41.2		0.058935
41.3		0.058935
41.4		0.058935
41.5		0.058935
41.6		0.058935
41.7		0.058935
41.8		0.058935
41.9		0.058935
42		0.058935
42.1		0.0610297
42.2		0.0610297
42.3		0.0610297
42.4		0.0610297
42.5		0.0610297
42.6		0.0610297
42.7		0.0610297
42.8		0.0610297
42.9		0.0610297
43		0.0610297
43.1		0.0624333
43.2		0.0624333
43.3		0.0624333
43.4		0.0624333
43.5		0.0624333
43.6		0.0624333
43.7		0.0624333
43.8		0.0624333
43.9		0.0624333
44		0.0624333
44.1		0.06553
44.2		0.06553
44.3		0.06553
44.4		0.06553
44.5		0.06553
44.6		0.06553
44.7		0.06553
44.8		0.06553
44.9		0.06553
45		0.06553
45.1		0.0659207
45.2		0.0659207
45.3		0.0659207
45.4		0.0659207
45.5		0.0659207
45.6		0.0659207
45.7		0.0659207
45.8		0.0659207
45.9		0.0659207
46		0.0659207
46.1		0.0723493
46.2		0.0723493
46.3		0.0723493
46.4		0.0723493
46.5		0.0723493
46.6		0.0723493
46.7		0.0723493
46.8		0.0723493
46.9		0.0723493
47		0.0723493
47.1		0.0730547
47.2		0.0730547
47.3		0.0730547
47.4		0.0730547
47.5		0.0730547
47.6		0.0730547
47.7		0.0730547
47.8		0.0730547
47.9		0.0730547
48		0.0730547
48.1		0.0736986
48.2		0.0736986
48.3		0.0736986
48.4		0.0736986
48.5		0.0736986
48.6		0.0736986
48.7		0.0736986
48.8		0.0736986
48.9		0.0736986
49		0.0736986
49.1		0.0751095
49.2		0.0751095
49.3		0.0751095
49.4		0.0751095
49.5		0.0751095
49.6		0.0751095
49.7		0.0751095
49.8		0.0751095
49.9		0.0751095
50		0.0751095
50.1		0.0791685
50.2		0.0791685
50.3		0.0791685
50.4		0.0791685
50.5		0.0791685
50.6		0.0791685
50.7		0.0791685
50.8		0.0791685
50.9		0.0791685
51		0.0791685
51.1		0.0799174
51.2		0.0799174
51.3		0.0799174
51.4		0.0799174
51.5		0.0799174
51.6		0.0799174
51.7		0.0799174
51.8		0.0799174
51.9		0.0799174
52		0.0799174
52.1		0.0821784
52.2		0.0821784
52.3		0.0821784
52.4		0.0821784
52.5		0.0821784
52.6		0.0821784
52.7		0.0821784
52.8		0.0821784
52.9		0.0821784
53		0.0821784
53.1		0.0827319
53.2		0.0827319
53.3		0.0827319
53.4		0.0827319
53.5		0.0827319
53.6		0.0827319
53.7		0.0827319
53.8		0.0827319
53.9		0.0827319
54		0.0827319
54.1		0.0873444
54.2		0.0873444
54.3		0.0873444
54.4		0.0873444
54.5		0.0873444
54.6		0.0873444
54.7		0.0873444
54.8		0.0873444
54.9		0.0873444
55		0.0873444
55.1		0.08873
55.2		0.08873
55.3		0.08873
55.4		0.08873
55.5		0.08873
55.6		0.08873
55.7		0.08873
55.8		0.08873
55.9		0.08873
56		0.08873
56.1		0.089714
56.2		0.089714
56.3		0.089714
56.4		0.089714
56.5		0.089714
56.6		0.089714
56.7		0.089714
56.8		0.089714
56.9		0.089714
57		0.089714
57.1		0.090839
57.2		0.090839
57.3		0.090839
57.4		0.090839
57.5		0.090839
57.6		0.090839
57.7		0.090839
57.8		0.090839
57.9		0.090839
58		0.090839
58.1		0.0965441
58.2		0.0965441
58.3		0.0965441
58.4		0.0965441
58.5		0.0965441
58.6		0.0965441
58.7		0.0965441
58.8		0.0965441
58.9		0.0965441
59		0.0965441
59.1		0.0967394
59.2		0.0967394
59.3		0.0967394
59.4		0.0967394
59.5		0.0967394
59.6		0.0967394
59.7		0.0967394
59.8		0.0967394
59.9		0.0967394
60		0.0967394
60.1		0.0977487
60.2		0.0977487
60.3		0.0977487
60.4		0.0977487
60.5		0.0977487
60.6		0.0977487
60.7		0.0977487
60.8		0.0977487
60.9		0.0977487
61		0.0977487
61.1		0.0986966
61.2		0.0986966
61.3		0.0986966
61.4		0.0986966
61.5		0.0986966
61.6		0.0986966
61.7		0.0986966
61.8		0.0986966
61.9		0.0986966
62		0.0986966
62.1		0.102387
62.2		0.102387
62.3		0.102387
62.4		0.102387
62.5		0.102387
62.6		0.102387
62.7		0.102387
62.8		0.102387
62.9		0.102387
63		0.102387
63.1		0.10417
63.2		0.10417
63.3		0.10417
63.4		0.10417
63.5		0.10417
63.6		0.10417
63.7		0.10417
63.8		0.10417
63.9		0.10417
64		0.10417
64.1		0.107411
64.2		0.107411
64.3		0.107411
64.4		0.107411
64.5		0.107411
64.6		0.107411
64.7		0.107411
64.8		0.107411
64.9		0.107411
65		0.107411
65.1		0.109083
65.2		0.109083
65.3		0.109083
65.4		0.109083
65.5		0.109083
65.6		0.109083
65.7		0.109083
65.8		0.109083
65.9		0.109083
66		0.109083
66.1		0.112375
66.2		0.112375
66.3		0.112375
66.4		0.112375
66.5		0.112375
66.6		0.112375
66.7		0.112375
66.8		0.112375
66.9		0.112375
67		0.112375
67.1		0.112501
67.2		0.112501
67.3		0.112501
67.4		0.112501
67.5		0.112501
67.6		0.112501
67.7		0.112501
67.8		0.112501
67.9		0.112501
68		0.112501
68.1		0.115406
68.2		0.115406
68.3		0.115406
68.4		0.115406
68.5		0.115406
68.6		0.115406
68.7		0.115406
68.8		0.115406
68.9		0.115406
69		0.115406
69.1		0.115537
69.2		0.115537
69.3		0.115537
69.4		0.115537
69.5		0.115537
69.6		0.115537
69.7		0.115537
69.8		0.115537
69.9		0.115537
70		0.115537
70.1		0.119809
70.2		0.119809
70.3		0.119809
70.4		0.119809
70.5		0.119809
70.6		0.119809
70.7		0.119809
70.8		0.119809
70.9		0.119809
71		0.119809
71.1		0.122193
71.2		0.122193
71.3		0.122193
71.4		0.122193
71.5		0.122193
71.6		0.122193
71.7		0.122193
71.8		0.122193
71.9		0.122193
72		0.122193
72.1		0.124975
72.2		0.124975
72.3		0.124975
72.4		0.124975
72.5		0.124975
72.6		0.124975
72.7		0.124975
72.8		0.124975
72.9		0.124975
73		0.124975
73.1		0.126759
73.2		0.126759
73.3		0.126759
73.4		0.126759
73.5		0.126759
73.6		0.126759
73.7		0.126759
73.8		0.126759
73.9		0.126759
74		0.126759
74.1		0.130069
74.2		0.130069
74.3		0.130069
74.4		0.130069
74.5		0.130069
74.6		0.130069
74.7		0.130069
74.8		0.130069
74.9		0.130069
75		0.130069
75.1		0.13025
75.2		0.13025
75.3		0.13025
75.4		0.13025
75.5		0.13025
75.6		0.13025
75.7		0.13025
75.8		0.13025
75.9		0.13025
76		0.13025
76.1		0.132847
76.2		0.132847
76.3		0.132847
76.4		0.132847
76.5		0.132847
76.6		0.132847
76.7		0.132847
76.8		0.132847
76.9		0.132847
77		0.132847
77.1		0.135528
77.2		0.135528
77.3		0.135528
77.4		0.135528
77.5		0.135528
77.6		0.135528
77.7		0.135528
77.8		0.135528
77.9		0.135528
78		0.135528
78.1		0.137449
78.2		0.137449
78.3		0.137449
78.4		0.137449
78.5		0.137449
78.6		0.137449
78.7		0.137449
78.8		0.137449
78.9		0.137449
79		0.137449
79.1		0.139905
79.2		0.139905
79.3		0.139905
79.4		0.139905
79.5		0.139905
79.6		0.139905
79.7		0.139905
79.8		0.139905
79.9		0.139905
80		0.139905
80.1		0.141747
80.2		0.141747
80.3		0.141747
80.4		0.141747
80.5		0.141747
80.6		0.141747
80.7		0.141747
80.8		0.141747
80.9		0.141747
81		0.141747
81.1		0.144409
81.2		0.144409
81.3		0.144409
81.4		0.144409
81.5		0.144409
81.6		0.144409
81.7		0.144409
81.8		0.144409
81.9		0.144409
82		0.144409
82.1		0.145447
82.2		0.145447
82.3		0.145447
82.4		0.145447
82.5		0.145447
82.6		0.145447
82.7		0.145447
82.8		0.145447
82.9		0.145447
83		0.145447
83.1		0.148273
83.2		0.148273
83.3		0.148273
83.4		0.148273
83.5		0.148273
83.6		0.148273
83.7		0.148273
83.8		0.148273
83.9		0.148273
84		0.148273
84.1		0.150979
84.2		0.150979
84.3		0.150979
84.4		0.150979
84.5		0.150979
84.6		0.150979
84.7		0.150979
84.8		0.150979
84.9		0.150979
85		0.150979
85.1		0.151402
85.2		0.151402
85.3		0.151402
85.4		0.151402
85.5		0.151402
85.6		0.151402
85.7		0.151402
85.8		0.151402
85.9		0.151402
86		0.151402
86.1		0.152668
86.2		0.152668
86.3		0.152668
86.4		0.152668
86.5		0.152668
86.6		0.152668
86.7		0.152668
86.8		0.152668
86.9		0.152668
87		0.152668
87.1		0.154983
87.2		0.154983
87.3		0.154983
87.4		0.154983
87.5		0.154983
87.6		0.154983
87.7		0.154983
87.8		0.154983
87.9		0.154983
88		0.154983
88.1		0.157545
88.2		0.157545
88.3		0.157545
88.4		0.157545
88.5		0.157545
88.6		0.157545
88.7		0.157545
88.8		0.157545
88.9		0.157545
89		0.157545
89.1		0.160717
89.2		0.160717
89.3		0.160717
89.4		0.160717
89.5		0.160717
89.6		0.160717
89.7		0.160717
89.8		0.160717
89.9		0.160717
90		0.160717
90.1		0.163405
90.2		0.163405
90.3		0.163405
90.4		0.163405
90.5		0.163405
90.6		0.163405
90.7		0.163405
90.8		0.163405
90.9		0.163405
91		0.163405
91.1		0.163637
91.2		0.163637
91.3		0.163637
91.4		0.163637
91.5		0.163637
91.6		0.163637
91.7		0.163637
91.8		0.163637
91.9		0.163637
92		0.163637
92.1		0.167877
92.2		0.167877
92.3		0.167877
92.4		0.167877
92.5		0.167877
92.6		0.167877
92.7		0.167877
92.8		0.167877
92.9		0.167877
93		0.167877
93.1		0.168911
93.2		0.168911
93.3		0.168911
93.4		0.168911
93.5		0.168911
93.6		0.168911
93.7		0.168911
93.8		0.168911
93.9		0.168911
94		0.168911
94.1		0.169566
94.2		0.169566
94.3		0.169566
94.4		0.169566
94.5		0.169566
94.6		0.169566
94.7		0.169566
94.8		0.169566
94.9		0.169566
95		0.169566
95.1		0.170037
95.2		0.170037
95.3		0.170037
95.4		0.170037
95.5		0.170037
95.6		0.170037
95.7		0.170037
95.8		0.170037
95.9		0.170037
96		0.170037
96.1		0.175517
96.2		0.175517
96.3		0.175517
96.4		0.175517
96.5		0.175517
96.6		0.175517
96.7		0.175517
96.8		0.175517
96.9		0.175517
97		0.175517
97.1		0.177977
97.2		0.177977
97.3		0.177977
97.4		0.177977
97.5		0.177977
97.6		0.177977
97.7		0.177977
97.8		0.177977
97.9		0.177977
98		0.177977
98.1		0.180014
98.2		0.180014
98.3		0.180014
98.4		0.180014
98.5		0.180014
98.6		0.180014
98.7		0.180014
98.8		0.180014
98.9		0.180014
99		0.180014
99.1		0.180195
99.2		0.180195
99.3		0.180195
99.4		0.180195
99.5		0.180195
99.6		0.180195
99.7		0.180195
99.8		0.180195
99.9		0.180195
100		0.180195
100.1		0.184214
100.2		0.184214
100.3		0.184214
100.4		0.184214
100.5		0.184214
100.6		0.184214
100.7		0.184214
100.8		0.184214
100.9		0.184214
101		0.184214
101.1		0.185683
101.2		0.185683
101.3		0.185683
101.4		0.185683
101.5		0.185683
101.6		0.185683
101.7		0.185683
101.8		0.185683
101.9		0.185683
102		0.185683
102.1		0.187922
102.2		0.187922
102.3		0.187922
102.4		0.187922
102.5		0.187922
102.6		0.187922
102.7		0.187922
102.8		0.187922
102.9		0.187922
103		0.187922
103.1		0.189029
103.2		0.189029
103.3		0.189029
103.4		0.189029
103.5		0.189029
103.6		0.189029
103.7		0.189029
103.8		0.189029
103.9		0.189029
104		0.189029
104.1		0.192831
104.2		0.192831
104.3		0.192831
104.4		0.192831
104.5		0.192831
104.6		0.192831
104.7		0.192831
104.8		0.192831
104.9		0.192831
105		0.192831
105.1		0.193063
105.2		0.193063
105.3		0.193063
105.4		0.193063
105.5		0.193063
105.6		0.193063
105.7		0.193063
105.8		0.193063
105.9		0.193063
106		0.193063
106.1		0.194289
106.2		0.194289
106.3		0.194289
106.4		0.194289
106.5		0.194289
106.6		0.194289
106.7		0.194289
106.8		0.194289
106.9		0.194289
107		0.194289
107.1		0.196699
107.2		0.196699
107.3		0.196699
107.4		0.196699
107.5		0.196699
107.6		0.196699
107.7		0.196699
107.8		0.196699
107.9		0.196699
108		0.196699
108.1		0.198746
108.2		0.198746
108.3		0.198746
108.4		0.198746
108.5		0.198746
108.6		0.198746
108.7		0.198746
108.8		0.198746
108.9		0.198746
109		0.198746
109.1		0.203214
109.2		0.203214
109.3		0.203214
109.4		0.203214
109.5		0.203214
109.6		0.203214
109.7		0.203214
109.8		0.203214
109.9		0.203214
110		0.203214
110.1		0.205609
110.2		0.205609
110.3		0.205609
110.4		0.205609
110.5		0.205609
110.6		0.205609
110.7		0.205609
110.8		0.205609
110.9		0.205609
111		0.205609
111.1		0.206821
111.2		0.206821
111.3		0.206821
111.4		0.206821
111.5		0.206821
111.6		0.206821
111.7		0.206821
111.8		0.206821
111.9		0.206821
112		0.206821
112.1		0.207027
112.2		0.207027
112.3		0.207027
112.4		0.207027
112.5		0.207027
112.6		0.207027
112.7		0.207027
112.8		0.207027
112.9		0.207027
113		0.207027
113.1		0.207439
113.2		0.207439
113.3		0.207439
113.4		0.207439
113.5		0.207439
113.6		0.207439
113.7		0.207439
113.8		0.207439
113.9		0.207439
114		0.207439
114.1		0.213036
114.2		0.213036
114.3		0.213036
114.4		0.213036
114.5		0.213036
114.6		0.213036
114.7		0.213036
114.8		0.213036
114.9		0.213036
115		0.213036
115.1		0.21589
115.2		0.21589
115.3		0.21589
115.4		0.21589
115.5		0.21589
115.6		0.21589
115.7		0.21589
115.8		0.21589
115.9		0.21589
116		0.21589
116.1		0.216881
116.2		0.216881
116.3		0.216881
116.4		0.216881
116.5		0.216881
116.6		0.216881
116.7		0.216881
116.8		0.216881
116.9		0.216881
117		0.216881
117.1		0.218426
117.2		0.218426
117.3		0.218426
117.4		0.218426
117.5		0.218426
117.6		0.218426
117.7		0.218426
117.8		0.218426
117.9		0.218426
118		0.218426
118.1		0.221903
118.2		0.221903
118.3		0.221903
118.4		0.221903
118.5		0.221903
118.6		0.221903
118.7		0.221903
118.8		0.221903
118.9		0.221903
119		0.221903
119.1		0.224005
119.2		0.224005
119.3		0.224005
119.4		0.224005
119.5		0.224005
119.6		0.224005
119.7		0.224005
119.8		0.224005
119.9		0.224005
120		0.224005
120.1		0.225828
120.2		0.225828
120.3		0.225828
120.4		0.225828
120.5		0.225828
120.6		0.225828
120.7		0.225828
120.8		0.225828
120.9		0.225828
121		0.225828
121.1		0.226862
121.2		0.226862
121.3		0.226862
121.4		0.226862
121.5		0.226862
121.6		0.226862
121.7		0.226862
121.8		0.226862
121.9		0.226862
122		0.226862
122.1		0.232126
122.2		0.232126
122.3		0.232126
122.4		0.232126
122.5		0.232126
122.6		0.232126
122.7		0.232126
122.8		0.232126
122.9		0.232126
123		0.232126
123.1		0.233052
123.2		0.233052
123.3		0.233052
123.4		0.233052
123.5		0.233052
123.6		0.233052
123.7		0.233052
123.8		0.233052
123.9		0.233052
124		0.233052
124.1		0.233725
124.2		0.233725
124.3		0.233725
124.4		0.233725
124.5		0.233725
124.6		0.233725
124.7		0.233725
124.8		0.233725
124.9		0.233725
125		0.233725
125.1		0.234308
125.2		0.234308
125.3		0.234308
125.4		0.234308
125.5		0.234308
125.6		0.234308
125.7		0.234308
125.8		0.234308
125.9		0.234308
126		0.234308
126.1		0.239861
126.2		0.239861
126.3		0.239861
126.4		0.239861
126.5		0.239861
126.6		0.239861
126.7		0.239861
126.8		0.239861
126.9		0.239861
127		0.239861
127.1		0.240526
127.2		0.240526
127.3		0.240526
127.4		0.240526
127.5		0.240526
127.6		0.240526
127.7		0.240526
127.8		0.240526
127.9		0.240526
128		0.240526
128.1		0.241789
128.2		0.241789
128.3		0.241789
128.4		0.241789
128.5		0.241789
128.6		0.241789
128.7		0.241789
128.8		0.241789
128.9		0.241789
129		0.241789
129.1		0.243334
129.2		0.243334
129.3		0.243334
129.4		0.243334
129.5		0.243334
129.6		0.243334
129.7		0.243334
129.8		0.243334
129.9		0.243334
130		0.243334
130.1		0.246872
130.2		0.246872
130.3		0.246872
130.4		0.246872
130.5		0.246872
130.6		0.246872
130.7		0.246872
130.8		0.246872
130.9		0.246872
131		0.246872
131.1		0.247715
131.2		0.247715
131.3		0.247715
131.4		0.247715
131.5		0.247715
131.6		0.247715
131.7		0.247715
131.8		0.247715
131.9		0.247715
132		0.247715
132.1		0.250587
132.2		0.250587
132.3		0.250587
132.4		0.250587
132.5		0.250587
132.6		0.250587
132.7		0.250587
132.8		0.250587
132.9		0.250587
133		0.250587
133.1		0.250931
133.2		0.250931
133.3		0.250931
133.4		0.250931
133.5		0.250931
133.6		0.250931
133.7		0.250931
133.8		0.250931
133.9		0.250931
134		0.250931
134.1		0.257063
134.2		0.257063
134.3		0.257063
134.4		0.257063
134.5		0.257063
134.6		0.257063
134.7		0.257063
134.8		0.257063
134.9		0.257063
135		0.257063
135.1		0.257699
135.2		0.257699
135.3		0.257699
135.4		0.257699
135.5		0.257699
135.6		0.257699
135.7		0.257699
135.8		0.257699
135.9		0.257699
136		0.257699
136.1		0.258596
136.2		0.258596
136.3		0.258596
136.4		0.258596
136.5		0.258596
136.6		0.258596
136.7		0.258596
136.8		0.258596
136.9		0.258596
137		0.258596
137.1		0.258915
137.2		0.258915
137.3		0.258915
137.4		0.258915
137.5		0.258915
137.6		0.258915
137.7		0.258915
137.8		0.258915
137.9		0.258915
138		0.258915
138.1		0.262721
138.2		0.262721
138.3		0.262721
138.4		0.262721
138.5		0.262721
138.6		0.262721
138.7		0.262721
138.8		0.262721
138.9		0.262721
139		0.262721
139.1		0.263513
139.2		0.263513
139.3		0.263513
139.4		0.263513
139.5		0.263513
139.6		0.263513
139.7		0.263513
139.8		0.263513
139.9		0.263513
140		0.263513
140.1		0.266161
140.2		0.266161
140.3		0.266161
140.4		0.266161
140.5		0.266161
140.6		0.266161
140.7		0.266161
140.8		0.266161
140.9		0.266161
141		0.266161
141.1		0.270564
141.2		0.270564
141.3		0.270564
141.4		0.270564
141.5		0.270564
141.6		0.270564
141.7		0.270564
141.8		0.270564
141.9		0.270564
142		0.270564
142.1		0.271602
142.2		0.271602
142.3		0.271602
142.4		0.271602
142.5		0.271602
142.6		0.271602
142.7		0.271602
142.8		0.271602
142.9		0.271602
143		0.271602
143.1		0.273787
143.2		0.273787
143.3		0.273787
143.4		0.273787
143.5		0.273787
143.6		0.273787
143.7		0.273787
143.8		0.273787
143.9		0.273787
144		0.273787
144.1		0.274619
144.2		0.274619
144.3		0.274619
144.4		0.274619
144.5		0.274619
144.6		0.274619
144.7		0.274619
144.8		0.274619
144.9		0.274619
145		0.274619
145.1		0.275136
145.2		0.275136
145.3		0.275136
145.4		0.275136
145.5		0.275136
145.6		0.275136
145.7		0.275136
145.8		0.275136
145.9		0.275136
146		0.275136
146.1		0.281084
146.2		0.281084
146.3		0.281084
146.4		0.281084
146.5		0.281084
146.6		0.281084
146.7		0.281084
146.8		0.281084
146.9		0.281084
147		0.281084
147.1		0.282397
147.2		0.282397
147.3		0.282397
147.4		0.282397
147.5		0.282397
147.6		0.282397
147.7		0.282397
147.8		0.282397
147.9		0.282397
148		0.282397
148.1		0.285389
148.2		0.285389
148.3		0.285389
148.4		0.285389
148.5		0.285389
148.6		0.285389
148.7		0.285389
148.8		0.285389
148.9		0.285389
149		0.285389
149.1		0.286047
149.2		0.286047
149.3		0.286047
149.4		0.286047
149.5		0.286047
149.6		0.286047
149.7		0.286047
149.8		0.286047
149.9		0.286047
150		0.286047
150.1		0.289292
150.2		0.289292
150.3		0.289292
150.4		0.289292
150.5		0.289292
150.6		0.289292
150.7		0.289292
150.8		0.289292
150.9		0.289292
151		0.289292
151.1		0.29147
151.2		0.29147
151.3		0.29147
151.4		0.29147
151.5		0.29147
151.6		0.29147
151.7		0.29147
151.8		0.29147
151.9		0.29147
152		0.29147
152.1		0.294346
152.2		0.294346
152.3		0.294346
152.4		0.294346
152.5		0.294346
152.6		0.294346
152.7		0.294346
152.8		0.294346
152.9		0.294346
153		0.294346
153.1		0.294733
153.2		0.294733
153.3		0.294733
153.4		0.294733
153.5		0.294733
153.6		0.294733
153.7		0.294733
153.8		0.294733
153.9		0.294733
154		0.294733
154.1		0.296553
154.2		0.296553
154.3		0.296553
154.4		0.296553
154.5		0.296553
154.6		0.296553
154.7		0.296553
154.8		0.296553
154.9		0.296553
155		0.296553
155.1		0.298655
155.2		0.298655
155.3		0.298655
155.4		0.298655
155.5		0.298655
155.6		0.298655
155.7		0.298655
155.8		0.298655
155.9		0.298655
156		0.298655
156.1		0.30203
156.2		0.30203
156.3		0.30203
156.4		0.30203
156.5		0.30203
156.6		0.30203
156.7		0.30203
156.8		0.30203
156.9		0.30203
157		0.30203
157.1		0.304649
157.2		0.304649
157.3		0.304649
157.4		0.304649
157.5		0.304649
157.6		0.304649
157.7		0.304649
157.8		0.304649
157.9		0.304649
158		0.304649
158.1		0.305387
158.2		0.305387
158.3		0.305387
158.4		0.305387
158.5		0.305387
158.6		0.305387
158.7		0.305387
158.8		0.305387
158.9		0.305387
159		0.305387
159.1		0.305521
159.2		0.305521
159.3		0.305521
159.4		0.305521
159.5		0.305521
159.6		0.305521
159.7		0.305521
159.8		0.305521
159.9		0.305521
160		0.305521
160.1		0.311305
160.2		0.311305
160.3		0.311305
160.4		0.311305
160.5		0.311305
160.6		0.311305
160.7		0.311305
160.8		0.311305
160.9		0.311305
161		0.311305
161.1		0.313002
161.2		0.313002
161.3		0.313002
161.4		0.313002
161.5		0.313002
161.6		0.313002
161.7		0.313002
161.8		0.313002
161.9		0.313002
162		0.313002
162.1		0.313223
162.2		0.313223
162.3		0.313223
162.4		0.313223
162.5		0.313223
162.6		0.313223
162.7		0.313223
162.8		0.313223
162.9		0.313223
163		0.313223
163.1		0.315289
163.2		0.315289
163.3		0.315289
163.4		0.315289
163.5		0.315289
163.6		0.315289
163.7		0.315289
163.8		0.315289
163.9		0.315289
164		0.315289
164.1		0.320538
164.2		0.320538
164.3		0.320538
164.4		0.320538
164.5		0.320538
164.6		0.320538
164.7		0.320538
164.8		0.320538
164.9		0.320538
165		0.320538
165.1		0.321164
165.2		0.321164
165.3		0.321164
165.4		0.321164
165.5		0.321164
165.6		0.321164
165.7		0.321164
165.8		0.321164
165.9		0.321164
166		0.321164
166.1		0.322357
166.2		0.322357
166.3		0.322357
166.4		0.322357
166.5		0.322357
166.6		0.322357
166.7		0.322357
166.8		0.322357
166.9		0.322357
167		0.322357
167.1		0.322947
167.2		0.322947
167.3		0.322947
167.4		0.322947
167.5		0.322947
167.6		0.322947
167.7		0.322947
167.8		0.322947
167.9		0.322947
168		0.322947
168.1		0.327907
168.2		0.327907
168.3		0.327907
168.4		0.327907
168.5		0.327907
168.6		0.327907
168.7		0.327907
168.8		0.327907
168.9		0.327907
169		0.327907
169.1		0.328858
169.2		0.328858
169.3		0.328858
169.4		0.328858
169.5		0.328858
169.6		0.328858
169.7		0.328858
169.8		0.328858
169.9		0.328858
170		0.328858
170.1		0.329698
170.2		0.329698
170.3		0.329698
170.4		0.329698
170.5		0.329698
170.6		0.329698
170.7		0.329698
170.8		0.329698
170.9		0.329698
171		0.329698
171.1		0.330696
171.2		0.330696
171.3		0.330696
171.4		0.330696
171.5		0.330696
171.6		0.330696
171.7		0.330696
171.8		0.330696
171.9		0.330696
172		0.330696
172.1		0.33757
172.2		0.33757
172.3		0.33757
172.4		0.33757
172.5		0.33757
172.6		0.33757
172.7		0.33757
172.8		0.33757
172.9		0.33757
173		0.33757
173.1		0.337986
173.2		0.337986
173.3		0.337986
173.4		0.337986
173.5		0.337986
173.6		0.337986
173.7		0.337986
173.8		0.337986
173.9		0.337986
174		0.337986
174.1		0.339111
174.2		0.339111
174.3		0.339111
174.4		0.339111
174.5		0.339111
174.6		0.339111
174.7		0.339111
174.8		0.339111
174.9		0.339111
175		0.339111
175.1		0.341466
175.2		0.341466
175.3		0.341466
175.4		0.341466
175.5		0.341466
175.6		0.341466
175.7		0.341466
175.8		0.341466
175.9		0.341466
176		0.341466
176.1		0.342555
176.2		0.342555
176.3		0.342555
176.4		0.342555
176.5		0.342555
176.6		0.342555
176.7		0.342555
176.8		0.342555
176.9		0.342555
177		0.342555
177.1		0.347583
177.2		0.347583
177.3		0.347583
177.4		0.347583
177.5		0.347583
177.6		0.347583
177.7		0.347583
177.8		0.347583
177.9		0.347583
178		0.347583
178.1		0.34911
178.2		0.34911
178.3		0.34911
178.4		0.34911
178.5		0.34911
178.6		0.34911
178.7		0.34911
178.8		0.34911
178.9		0.34911
179		0.34911
179.1		0.349772
179.2		0.349772
179.3		0.349772
179.4		0.349772
179.5		0.349772
179.6		0.349772
179.7		0.349772
179.8		0.349772
179.9		0.349772
180		0.349772
180.1		0.350376
180.2		0.350376
180.3		0.350376
180.4		0.350376
180.5		0.350376
180.6		0.350376
180.7		0.350376
180.8		0.350376
180.9		0.350376
181		0.350376
181.1		0.351964
181.2		0.351964
181.3		0.351964
181.4		0.351964
181.5		0.351964
181.6		0.351964
181.7		0.351964
181.8		0.351964
181.9		0.351964
182		0.351964
182.1		0.355846
182.2		0.355846
182.3		0.355846
182.4		0.355846
182.5		0.355846
182.6		0.355846
182.7		0.355846
182.8		0.355846
182.9		0.355846
183		0.355846
183.1		0.358769
183.2		0.358769
183.3		0.358769
183.4		0.358769
183.5		0.358769
183.6		0.358769
183.7		0.358769
183.8		0.358769
183.9		0.358769
184		0.358769
184.1		0.359728
184.2		0.359728
184.3		0.359728
184.4		0.359728
184.5		0.359728
184.6		0.359728
184.7		0.359728
184.8		0.359728
184.9		0.359728
185		0.359728
185.1		0.360628
185.2		0.360628
185.3		0.360628
185.4		0.360628
185.5		0.360628
185.6		0.360628
185.7		0.360628
185.8		0.360628
185.9		0.360628
186		0.360628
186.1		0.365755
186.2		0.365755
186.3		0.365755
186.4		0.365755
186.5		0.365755
186.6		0.365755
186.7		0.365755
186.8		0.365755
186.9		0.365755
187		0.365755
187.1		0.366449
187.2		0.366449
187.3		0.366449
187.4		0.366449
187.5		0.366449
187.6		0.366449
187.7		0.366449
187.8		0.366449
187.9		0.366449
188		0.366449
188.1		0.368334
188.2		0.368334
188.3		0.368334
188.4		0.368334
188.5		0.368334
188.6		0.368334
188.7		0.368334
188.8		0.368334
188.9		0.368334
189		0.368334
189.1		0.369282
189.2		0.369282
189.3		0.369282
189.4		0.369282
189.5		0.369282
189.6		0.369282
189.7		0.369282
189.8		0.369282
189.9		0.369282
190		0.369282
190.1		0.373059
190.2		0.373059
190.3		0.373059
190.4		0.373059
190.5		0.373059
190.6		0.373059
190.7		0.373059
190.8		0.373059
190.9		0.373059
191		0.373059
191.1		0.373312
191.2		0.373312
191.3		0.373312
191.4		0.373312
191.5		0.373312
191.6		0.373312
191.7		0.373312
191.8		0.373312
191.9		0.373312
192		0.373312
192.1		0.375794
192.2		0.375794
192.3		0.375794
192.4		0.375794
192.5		0.375794
192.6		0.375794
192.7		0.375794
192.8		0.375794
192.9		0.375794
193		0.375794
193.1		0.376698
193.2		0.376698
193.3		0.376698
193.4		0.376698
193.5		0.376698
193.6		0.376698
193.7		0.376698
193.8		0.376698
193.9		0.376698
194		0.376698
194.1		0.381538
194.2		0.381538
194.3		0.381538
194.4		0.381538
194.5		0.381538
194.6		0.381538
194.7		0.381538
194.8		0.381538
194.9		0.381538
195		0.381538
195.1		0.382707
195.2		0.382707
195.3		0.382707
195.4		0.382707
195.5		0.382707
195.6		0.382707
195.7		0.382707
195.8		0.382707
195.9		0.382707
196		0.382707
196.1		0.383253
196.2		0.383253
196.3		0.383253
196.4		0.383253
196.5		0.383253
196.6		0.383253
196.7		0.383253
196.8		0.383253
196.9		0.383253
197		0.383253
197.1		0.384957
197.2		0.384957
197.3		0.384957
197.4		0.384957
197.5		0.384957
197.6		0.384957
197.7		0.384957
197.8		0.384957
197.9		0.384957
198		0.384957
198.1		0.391031
198.2		0.391031
198.3		0.391031
198.4		0.391031
198.5		0.391031
198.6		0.391031
198.7		0.391031
198.8		0.391031
198.9		0.391031
199		0.391031
199.1		0.392279
199.2		0.392279
199.3		0.392279
199.4		0.392279
199.5		0.392279
199.6		0.392279
199.7		0.392279
199.8		0.392279
199.9		0.392279
200		0.392279
200.1		0.39492
200.2		0.39492
200.3		0.39492
200.4		0.39492
200.5		0.39492
200.6		0.39492
200.7		0.39492
200.8		0.39492
200.9		0.39492
201		0.39492
201.1		0.396208
201.2		0.396208
201.3		0.396208
201.4		0.396208
201.5		0.396208
201.6		0.396208
201.7		0.396208
201.8		0.396208
201.9		0.396208
202		0.396208
202.1		0.398075
202.2		0.398075
202.3		0.398075
202.4		0.398075
202.5		0.398075
202.6		0.398075
202.7		0.398075
202.8		0.398075
202.9		0.398075
203		0.398075
203.1		0.401171
203.2		0.401171
203.3		0.401171
203.4		0.401171
203.5		0.401171
203.6		0.401171
203.7		0.401171
203.8		0.401171
203.9		0.401171
204		0.401171
204.1		0.401475
204.2		0.401475
204.3		0.401475
204.4		0.401475
204.5		0.401475
204.6		0.401475
204.7		0.401475
204.8		0.401475
204.9		0.401475
205		0.401475
205.1		0.406059
205.2		0.406059
205.3		0.406059
205.4		0.406059
205.5		0.406059
205.6		0.406059
205.7		0.406059
205.8		0.406059
205.9		0.406059
206		0.406059
206.1		0.408392
206.2		0.408392
206.3		0.408392
206.4		0.408392
206.5		0.408392
206.6		0.408392
206.7		0.408392
206.8		0.408392
206.9		0.408392
207		0.408392
207.1		0.409333
207.2		0.409333
207.3		0.409333
207.4		0.409333
207.5		0.409333
207.6		0.409333
207.7		0.409333
207.8		0.409333
207.9		0.409333
208		0.409333
208.1		0.410433
208.2		0.410433
208.3		0.410433
208.4		0.410433
208.5		0.410433
208.6		0.410433
208.7		0.410433
208.8		0.410433
208.9		0.410433
209		0.410433
209.1		0.413432
209.2		0.413432
209.3		0.413432
209.4		0.413432
209.5		0.413432
209.6		0.413432
209.7		0.413432
209.8		0.413432
209.9		0.413432
210		0.413432
210.1		0.416637
210.2		0.416637
210.3		0.416637
210.4		0.416637
210.5		0.416637
210.6		0.416637
210.7		0.416637
210.8		0.416637
210.9		0.416637
211		0.416637
211.1		0.420453
211.2		0.420453
211.3		0.420453
211.4		0.420453
211.5		0.420453
211.6		0.420453
211.7		0.420453
211.8		0.420453
211.9		0.420453
212		0.420453
212.1		0.421354
212.2		0.421354
212.3		0.421354
212.4		0.421354
212.5		0.421354
212.6		0.421354
212.7		0.421354
212.8		0.421354
212.9		0.421354
213		0.421354
213.1		0.423228
213.2		0.423228
213.3		0.423228
213.4		0.423228
213.5		0.423228
213.6		0.423228
213.7		0.423228
213.8		0.423228
213.9		0.423228
214		0.423228
214.1		0.425496
214.2		0.425496
214.3		0.425496
214.4		0.425496
214.5		0.425496
214.6		0.425496
214.7		0.425496
214.8		0.425496
214.9		0.425496
215		0.425496
215.1		0.426687
215.2		0.426687
215.3		0.426687
215.4		0.426687
215.5		0.426687
215.6		0.426687
215.7		0.426687
215.8		0.426687
215.9		0.426687
216		0.426687
216.1		0.427399
216.2		0.427399
216.3		0.427399
216.4		0.427399
216.5		0.427399
216.6		0.427399
216.7		0.427399
216.8		0.427399
216.9		0.427399
217		0.427399
217.1		0.432692
217.2		0.432692
217.3		0.432692
217.4		0.432692
217.5		0.432692
217.6		0.432692
217.7		0.432692
217.8		0.432692
217.9		0.432692
218		0.432692
218.1		0.434273
218.2		0.434273
218.3		0.434273
218.4		0.434273
218.5		0.434273
218.6		0.434273
218.7		0.434273
218.8		0.434273
218.9		0.434273
219		0.434273
219.1		0.435687
219.2		0.435687
219.3		0.435687
219.4		0.435687
219.5		0.435687
219.6		0.435687
219.7		0.435687
219.8		0.435687
219.9		0.435687
220		0.435687
220.1		0.43606
220.2		0.43606
220.3		0.43606
220.4		0.43606
220.5		0.43606
220.6		0.43606
220.7		0.43606
220.8		0.43606
220.9		0.43606
221		0.43606
221.1		0.438578
221.2		0.438578
221.3		0.438578
221.4		0.438578
221.5		0.438578
221.6		0.438578
221.7		0.438578
221.8		0.438578
221.9		0.438578
222		0.438578
222.1		0.441385
222.2		0.441385
222.3		0.441385
222.4		0.441385
222.5		0.441385
222.6		0.441385
222.7		0.441385
222.8		0.441385
222.9		0.441385
223		0.441385
223.1		0.445234
223.2		0.445234
223.3		0.445234
223.4		0.445234
223.5		0.445234
223.6		0.445234
223.7		0.445234
223.8		0.445234
223.9		0.445234
224		0.445234
224.1		0.445516
224.2		0.445516
224.3		0.445516
224.4		0.445516
224.5		0.445516
224.6		0.445516
224.7		0.445516
224.8		0.445516
224.9		0.445516
225		0.445516
225.1		0.446363
225.2		0.446363
225.3		0.446363
225.4		0.446363
225.5		0.446363
225.6		0.446363
225.7		0.446363
225.8		0.446363
225.9		0.446363
226		0.446363
226.1		0.446884
226.2		0.446884
226.3		0.446884
226.4		0.446884
226.5		0.446884
226.6		0.446884
226.7		0.446884
226.8		0.446884
226.9		0.446884
227		0.446884
227.1		0.45167
227.2		0.45167
227.3		0.45167
227.4		0.45167
227.5		0.45167
227.6		0.45167
227.7		0.45167
227.8		0.45167
227.9		0.45167
228		0.45167
228.1		0.453671
228.2		0.453671
228.3		0.453671
228.4		0.453671
228.5		0.453671
228.6		0.453671
228.7		0.453671
228.8		0.453671
228.9		0.453671
229		0.453671
229.1		0.456525
229.2		0.456525
229.3		0.456525
229.4		0.456525
229.5		0.456525
229.6		0.456525
229.7		0.456525
229.8		0.456525
229.9		0.456525
230		0.456525
230.1		0.457777
230.2		0.457777
230.3		0.457777
230.4		0.457777
230.5		0.457777
230.6		0.457777
230.7		0.457777
230.8		0.457777
230.9		0.457777
231		0.457777
231.1		0.458005
231.2		0.458005
231.3		0.458005
231.4		0.458005
231.5		0.458005
231.6		0.458005
231.7		0.458005
231.8		0.458005
231.9		0.458005
232		0.458005
232.1		0.460609
232.2		0.460609
232.3		0.460609
232.4		0.460609
232.5		0.460609
232.6		0.460609
232.7		0.460609
232.8		0.460609
232.9		0.460609
233		0.460609
233.1		0.46393
233.2		0.46393
233.3		0.46393
233.4		0.46393
233.5		0.46393
233.6		0.46393
233.7		0.46393
233.8		0.46393
233.9		0.46393
234		0.46393
234.1		0.465186
234.2		0.465186
234.3		0.465186
234.4		0.465186
234.5		0.465186
234.6		0.465186
234.7		0.465186
234.8		0.465186
234.9		0.465186
235		0.465186
235.1		0.465924
235.2		0.465924
235.3		0.465924
235.4		0.465924
235.5		0.465924
235.6		0.465924
235.7		0.465924
235.8		0.465924
235.9		0.465924
236		0.465924
236.1		0.472359
236.2		0.472359
236.3		0.472359
236.4		0.472359
236.5		0.472359
236.6		0.472359
236.7		0.472359
236.8		0.472359
236.9		0.472359
237		0.472359
237.1		0.473173
237.2		0.473173
237.3		0.473173
237.4		0.473173
237.5		0.473173
237.6		0.473173
237.7		0.473173
237.8		0.473173
237.9		0.473173
238		0.473173
238.1		0.473651
238.2		0.473651
238.3		0.473651
238.4		0.473651
238.5		0.473651
238.6		0.473651
238.7		0.473651
238.8		0.473651
238.9		0.473651
239		0.473651
239.1		0.47389
239.2		0.47389
239.3		0.47389
239.4		0.47389
239.5		0.47389
239.6		0.47389
239.7		0.47389
239.8		0.47389
239.9		0.47389
240		0.47389
240.1		0.479414
240.2		0.479414
240.3		0.479414
240.4		0.479414
240.5		0.479414
240.6		0.479414
240.7		0.479414
240.8		0.479414
240.9		0.479414
241		0.479414
241.1		0.481038
241.2		0.481038
241.3		0.481038
241.4		0.481038
241.5		0.481038
241.6		0.481038
241.7		0.481038
241.8		0.481038
241.9		0.481038
242		0.481038
242.1		0.4828
242.2		0.4828
242.3		0.4828
242.4		0.4828
242.5		0.4828
242.6		0.4828
242.7		0.4828
242.8		0.4828
242.9		0.4828
243		0.4828
243.1		0.483017
243.2		0.483017
243.3		0.483017
243.4		0.483017
243.5		0.483017
243.6		0.483017
243.7		0.483017
243.8		0.483017
243.9		0.483017
244		0.483017
244.1		0.48904
244.2		0.48904
244.3		0.48904
244.4		0.48904
244.5		0.48904
244.6		0.48904
244.7		0.48904
244.8		0.48904
244.9		0.48904
245		0.48904
245.1		0.489431
245.2		0.489431
245.3		0.489431
245.4		0.489431
245.5		0.489431
245.6		0.489431
245.7		0.489431
245.8		0.489431
245.9		0.489431
246		0.489431
246.1		0.491088
246.2		0.491088
246.3		0.491088
246.4		0.491088
246.5		0.491088
246.6		0.491088
246.7		0.491088
246.8		0.491088
246.9		0.491088
247		0.491088
247.1		0.491605
247.2		0.491605
247.3		0.491605
247.4		0.491605
247.5		0.491605
247.6		0.491605
247.7		0.491605
247.8		0.491605
247.9		0.491605
248		0.491605
248.1		0.498699
248.2		0.498699
248.3		0.498699
248.4		0.498699
248.5		0.498699
248.6		0.498699
248.7		0.498699
248.8		0.498699
248.9		0.498699
249		0.498699
249.1		0.499806
249.2		0.499806
249.3		0.499806
249.4		0.499806
249.5		0.499806
249.6		0.499806
249.7		0.499806
249.8		0.499806
249.9		0.499806
250		0.499806
250.1		0.500107
250.2		0.500107
250.3		0.500107
250.4		0.500107
250.5		0.500107
250.6		0.500107
250.7		0.500107
250.8		0.500107
250.9		0.500107
251		0.500107
251.1		0.502679
251.2		0.502679
251.3		0.502679
251.4		0.502679
251.5		0.502679
251.6		0.502679
251.7		0.502679
251.8		0.502679
251.9		0.502679
252		0.502679
252.1		0.506926
252.2		0.506926
252.3		0.506926
252.4		0.506926
252.5		0.506926
252.6		0.506926
252.7		0.506926
252.8		0.506926
252.9		0.506926
253		0.506926
253.1		0.508539
253.2		0.508539
253.3		0.508539
253.4		0.508539
253.5		0.508539
253.6		0.508539
253.7		0.508539
253.8		0.508539
253.9		0.508539
254		0.508539
254.1		0.51063
254.2		0.51063
254.3		0.51063
254.4		0.51063
254.5		0.51063
254.6		0.51063
254.7		0.51063
254.8		0.51063
254.9		0.51063
255		0.51063
255.1		0.512844
255.2		0.512844
255.3		0.512844
255.4		0.512844
255.5		0.512844
255.6		0.512844
255.7		0.512844
255.8		0.512844
255.9		0.512844
256		0.512844
256.1		0.513528
256.2		0.513528
256.3		0.513528
256.4		0.513528
256.5		0.513528
256.6		0.513528
256.7		0.513528
256.8		0.513528
256.9		0.513528
257		0.513528
257.1		0.518401
257.2		0.518401
257.3		0.518401
257.4		0.518401
257.5		0.518401
257.6		0.518401
257.7		0.518401
257.8		0.518401
257.9		0.518401
258		0.518401
258.1		0.518683
258.2		0.518683
258.3		0.518683
258.4		0.518683
258.5		0.518683
258.6		0.518683
258.7		0.518683
258.8		0.518683
258.9		0.518683
259		0.518683
259.1		0.520431
259.2		0.520431
259.3		0.520431
259.4		0.520431
259.5		0.520431
259.6		0.520431
259.7		0.520431
259.8		0.520431
259.9		0.520431
260		0.520431
260.1		0.522674
260.2		0.522674
260.3		0.522674
260.4		0.522674
260.5		0.522674
260.6		0.522674
260.7		0.522674
260.8		0.522674
260.9		0.522674
261		0.522674
261.1		0.524052
261.2		0.524052
261.3		0.524052
261.4		0.524052
261.5		0.524052
261.6		0.524052
261.7		0.524052
261.8		0.524052
261.9		0.524052
262		0.524052
262.1		0.529146
262.2		0.529146
262.3		0.529146
262.4		0.529146
262.5		0.529146
262.6		0.529146
262.7		0.529146
262.8		0.529146
262.9		0.529146
263		0.529146
263.1		0.530256
263.2		0.530256
263.3		0.530256
263.4		0.530256
263.5		0.530256
263.6		0.530256
263.7		0.530256
263.8		0.530256
263.9		0.530256
264		0.530256
264.1		0.530582
264.2		0.530582
264.3		0.530582
264.4		0.530582
264.5		0.530582
264.6		0.530582
264.7		0.530582
264.8		0.530582
264.9		0.530582
265		0.530582
265.1		0.532897
265.2		0.532897
265.3		0.532897
265.4		0.532897
265.5		0.532897
265.6		0.532897
265.7		0.532897
265.8		0.532897
265.9		0.532897
266		0.532897
266.1		0.536902
266.2		0.536902
266.3		0.536902
266.4		0.536902
266.5		0.536902
266.6		0.536902
266.7		0.536902
266.8		0.536902
266.9		0.536902
267		0.536902
267.1		0.538472
267.2		0.538472
267.3		0.538472
267.4		0.538472
267.5		0.538472
267.6		0.538472
267.7		0.538472
267.8		0.538472
267.9		0.538472
268		0.538472
268.1		0.54108
268.2		0.54108
268.3		0.54108
268.4		0.54108
268.5		0.54108
268.6		0.54108
268.7		0.54108
268.8		0.54108
268.9		0.54108
269		0.54108
269.1		0.542676
269.2		0.542676
269.3		0.542676
269.4		0.542676
269.5		0.542676
269.6		0.542676
269.7		0.542676
269.8		0.542676
269.9		0.542676
270		0.542676
270.1		0.543804
270.2		0.543804
270.3		0.543804
270.4		0.543804
270.5		0.543804
270.6		0.543804
270.7		0.543804
270.8		0.543804
270.9		0.543804
271		0.543804
271.1		0.547936
271.2		0.547936
271.3		0.547936
271.4		0.547936
271.5		0.547936
271.6		0.547936
271.7		0.547936
271.8		0.547936
271.9		0.547936
272		0.547936
272.1		0.548294
272.2		0.548294
272.3		0.548294
272.4		0.548294
272.5		0.548294
272.6		0.548294
272.7		0.548294
272.8		0.548294
272.9		0.548294
273		0.548294
273.1		0.548406
273.2		0.548406
273.3		0.548406
273.4		0.548406
273.5		0.548406
273.6		0.548406
273.7		0.548406
273.8		0.548406
273.9		0.548406
274		0.548406
274.1		0.554006
274.2		0.554006
274.3		0.554006
274.4		0.554006
274.5		0.554006
274.6		0.554006
274.7		0.554006
274.8		0.554006
274.9		0.554006
275		0.554006
275.1		0.554122
275.2		0.554122
275.3		0.554122
275.4		0.554122
275.5		0.554122
275.6		0.554122
275.7		0.554122
275.8		0.554122
275.9		0.554122
276		0.554122
276.1		0.554845
276.2		0.554845
276.3		0.554845
276.4		0.554845
276.5		0.554845
276.6		0.554845
276.7		0.554845
276.8		0.554845
276.9		0.554845
277		0.554845
277.1		0.556904
277.2		0.556904
277.3		0.556904
277.4		0.556904
277.5		0.556904
277.6		0.556904
277.7		0.556904
277.8		0.556904
277.9		0.556904
278		0.556904
278.1		0.560655
278.2		0.560655
278.3		0.560655
278.4		0.560655
278.5		0.560655
278.6		0.560655
278.7		0.560655
278.8		0.560655
278.9		0.560655
279		0.560655
279.1		0.56351
279.2		0.56351
279.3		0.56351
279.4		0.56351
279.5		0.56351
279.6		0.56351
279.7		0.56351
279.8		0.56351
279.9		0.56351
280		0.56351
280.1		0.564291
280.2		0.564291
280.3		0.564291
280.4		0.564291
280.5		0.564291
280.6		0.564291
280.7		0.564291
280.8		0.564291
280.9		0.564291
281		0.564291
281.1		0.565658
281.2		0.565658
281.3		0.565658
281.4		0.565658
281.5		0.565658
281.6		0.565658
281.7		0.565658
281.8		0.565658
281.9		0.565658
282		0.565658
282.1		0.567977
282.2		0.567977
282.3		0.567977
282.4		0.567977
282.5		0.567977
282.6		0.567977
282.7		0.567977
282.8		0.567977
282.9		0.567977
283		0.567977
283.1		0.570199
283.2		0.570199
283.3		0.570199
283.4		0.570199
283.5		0.570199
283.6		0.570199
283.7		0.570199
283.8		0.570199
283.9		0.570199
284		0.570199
284.1		0.572243
284.2		0.572243
284.3		0.572243
284.4		0.572243
284.5		0.572243
284.6		0.572243
284.7		0.572243
284.8		0.572243
284.9		0.572243
285		0.572243
285.1		0.574203
285.2		0.574203
285.3		0.574203
285.4		0.574203
285.5		0.574203
285.6		0.574203
285.7		0.574203
285.8		0.574203
285.9		0.574203
286		0.574203
286.1		0.578599
286.2		0.578599
286.3		0.578599
286.4		0.578599
286.5		0.578599
286.6		0.578599
286.7		0.578599
286.8		0.578599
286.9		0.578599
287		0.578599
287.1		0.58137
287.2		0.58137
287.3		0.58137
287.4		0.58137
287.5		0.58137
287.6		0.58137
287.7		0.58137
287.8		0.58137
287.9		0.58137
288		0.58137
288.1		0.583128
288.2		0.583128
288.3		0.583128
288.4		0.583128
288.5		0.583128
288.6		0.583128
288.7		0.583128
288.8		0.583128
288.9		0.583128
289		0.583128
289.1		0.585074
289.2		0.585074
289.3		0.585074
289.4		0.585074
289.5		0.585074
289.6		0.585074
289.7		0.585074
289.8		0.585074
289.9		0.585074
290		0.585074
290.1		0.588124
290.2		0.588124
290.3		0.588124
290.4		0.588124
290.5		0.588124
290.6		0.588124
290.7		0.588124
290.8		0.588124
290.9		0.588124
291		0.588124
291.1		0.590917
291.2		0.590917
291.3		0.590917
291.4		0.590917
291.5		0.590917
291.6		0.590917
291.7		0.590917
291.8		0.590917
291.9		0.590917
292		0.590917
292.1		0.591962
292.2		0.591962
292.3		0.591962
292.4		0.591962
292.5		0.591962
292.6		0.591962
292.7		0.591962
292.8		0.591962
292.9		0.591962
293		0.591962
293.1		0.597461
293.2		0.597461
293.3		0.597461
293.4		0.597461
293.5		0.597461
293.6		0.597461
293.7		0.597461
293.8		0.597461
293.9		0.597461
294		0.597461
294.1		0.597497
294.2		0.597497
294.3		0.597497
294.4		0.597497
294.5		0.597497
294.6		0.597497
294.7		0.597497
294.8		0.597497
294.9		0.597497
295		0.597497
295.1		0.59851
295.2		0.59851
295.3		0.59851
295.4		0.59851
295.5		0.59851
295.6		0.59851
295.7		0.59851
295.8		0.59851
295.9		0.59851
296		0.59851
296.1		0.59851
296.2		0.59851
296.3		0.59851
296.4		0.59851
296.5		0.59851
296.6		0.59851
296.7		0.59851
296.8		0.59851
296.9		0.59851
297		0.59851
297.1		0.600833
297.2		0.600833
297.3		0.600833
297.4		0.600833
297.5		0.600833
297.6		0.600833
297.7		0.600833
297.8		0.600833
297.9		0.600833
298		0.600833
298.1		0.601126
298.2		0.601126
298.3		0.601126
298.4		0.601126
298.5		0.601126
298.6		0.601126
298.7		0.601126
298.8		0.601126
298.9		0.601126
299		0.601126
299.1		0.604165
299.2		0.604165
299.3		0.604165
299.4		0.604165
299.5		0.604165
299.6		0.604165
299.7		0.604165
299.8		0.604165
299.9		0.604165
300		0.604165
300.1		0.608723
300.2		0.608723
300.3		0.608723
300.4		0.608723
300.5		0.608723
300.6		0.608723
300.7		0.608723
300.8		0.608723
300.9		0.608723
301		0.608723
301.1		0.60971
301.2		0.60971
301.3		0.60971
301.4		0.60971
301.5		0.60971
301.6		0.60971
301.7		0.60971
301.8		0.60971
301.9		0.60971
302		0.60971
302.1		0.611801
302.2		0.611801
302.3		0.611801
302.4		0.611801
302.5		0.611801
302.6		0.611801
302.7		0.611801
302.8		0.611801
302.9		0.611801
303		0.611801
303.1		0.612174
303.2		0.612174
303.3		0.612174
303.4		0.612174
303.5		0.612174
303.6		0.612174
303.7		0.612174
303.8		0.612174
303.9		0.612174
304		0.612174
304.1		0.614063
304.2		0.614063
304.3		0.614063
304.4		0.614063
304.5		0.614063
304.6		0.614063
304.7		0.614063
304.8		0.614063
304.9		0.614063
305		0.614063
305.1		0.615517
305.2		0.615517
305.3		0.615517
305.4		0.615517
305.5		0.615517
305.6		0.615517
305.7		0.615517
305.8		0.615517
305.9		0.615517
306		0.615517
306.1		0.61874
306.2		0.61874
306.3		0.61874
306.4		0.61874
306.5		0.61874
306.6		0.61874
306.7		0.61874
306.8		0.61874
306.9		0.61874
307		0.61874
307.1		0.621757
307.2		0.621757
307.3		0.621757
307.4		0.621757
307.5		0.621757
307.6		0.621757
307.7		0.621757
307.8		0.621757
307.9		0.621757
308		0.621757
308.1		0.623635
308.2		0.623635
308.3		0.623635
308.4		0.623635
308.5		0.623635
308.6		0.623635
308.7		0.623635
308.8		0.623635
308.9		0.623635
309		0.623635
309.1		0.624836
309.2		0.624836
309.3		0.624836
309.4		0.624836
309.5		0.624836
309.6		0.624836
309.7		0.624836
309.8		0.624836
309.9		0.624836
310		0.624836
310.1		0.627169
310.2		0.627169
310.3		0.627169
310.4		0.627169
310.5		0.627169
310.6		0.627169
310.7		0.627169
310.8		0.627169
310.9		0.627169
311		0.627169
311.1		0.62786
311.2		0.62786
311.3		0.62786
311.4		0.62786
311.5		0.62786
311.6		0.62786
311.7		0.62786
311.8		0.62786
311.9		0.62786
312		0.62786
312.1		0.628945
312.2		0.628945
312.3		0.628945
312.4		0.628945
312.5		0.628945
312.6		0.628945
312.7		0.628945
312.8		0.628945
312.9		0.628945
313		0.628945
313.1		0.631398
313.2		0.631398
313.3		0.631398
313.4		0.631398
313.5		0.631398
313.6		0.631398
313.7		0.631398
313.8		0.631398
313.9		0.631398
314		0.631398
314.1		0.636843
314.2		0.636843
314.3		0.636843
314.4		0.636843
314.5		0.636843
314.6		0.636843
314.7		0.636843
314.8		0.636843
314.9		0.636843
315		0.636843
315.1		0.637277
315.2		0.637277
315.3		0.637277
315.4		0.637277
315.5		0.637277
315.6		0.637277
315.7		0.637277
315.8		0.637277
315.9		0.637277
316		0.637277
316.1		0.638746
316.2		0.638746
316.3		0.638746
316.4		0.638746
316.5		0.638746
316.6		0.638746
316.7		0.638746
316.8		0.638746
316.9		0.638746
317		0.638746
317.1		0.640099
317.2		0.640099
317.3		0.640099
317.4		0.640099
317.5		0.640099
317.6		0.640099
317.7		0.640099
317.8		0.640099
317.9		0.640099
318		0.640099
318.1		0.645688
318.2		0.645688
318.3		0.645688
318.4		0.645688
318.5		0.645688
318.6		0.645688
318.7		0.645688
318.8		0.645688
318.9		0.645688
319		0.645688
319.1		0.646321
319.2		0.646321
319.3		0.646321
319.4		0.646321
319.5		0.646321
319.6		0.646321
319.7		0.646321
319.8		0.646321
319.9		0.646321
320		0.646321
320.1		0.647142
320.2		0.647142
320.3		0.647142
320.4		0.647142
320.5		0.647142
320.6		0.647142
320.7		0.647142
320.8		0.647142
320.9		0.647142
321		0.647142
321.1		0.649038
321.2		0.649038
321.3		0.649038
321.4		0.649038
321.5		0.649038
321.6		0.649038
321.7		0.649038
321.8		0.649038
321.9		0.649038
322		0.649038
322.1		0.654215
322.2		0.654215
322.3		0.654215
322.4		0.654215
322.5		0.654215
322.6		0.654215
322.7		0.654215
322.8		0.654215
322.9		0.654215
323		0.654215
323.1		0.655481
323.2		0.655481
323.3		0.655481
323.4		0.655481
323.5		0.655481
323.6		0.655481
323.7		0.655481
323.8		0.655481
323.9		0.655481
324		0.655481
324.1		0.656403
324.2		0.656403
324.3		0.656403
324.4		0.656403
324.5		0.656403
324.6		0.656403
324.7		0.656403
324.8		0.656403
324.9		0.656403
325		0.656403
325.1		0.657427
325.2		0.657427
325.3		0.657427
325.4		0.657427
325.5		0.657427
325.6		0.657427
325.7		0.657427
325.8		0.657427
325.9		0.657427
326		0.657427
326.1		0.662047
326.2		0.662047
326.3		0.662047
326.4		0.662047
326.5		0.662047
326.6		0.662047
326.7		0.662047
326.8		0.662047
326.9		0.662047
327		0.662047
327.1		0.664988
327.2		0.664988
327.3		0.664988
327.4		0.664988
327.5		0.664988
327.6		0.664988
327.7		0.664988
327.8		0.664988
327.9		0.664988
328		0.664988
328.1		0.666048
328.2		0.666048
328.3		0.666048
328.4		0.666048
328.5		0.666048
328.6		0.666048
328.7		0.666048
328.8		0.666048
328.9		0.666048
329		0.666048
329.1		0.667213
329.2		0.667213
329.3		0.667213
329.4		0.667213
329.5		0.667213
329.6		0.667213
329.7		0.667213
329.8		0.667213
329.9		0.667213
330		0.667213
330.1		0.668537
330.2		0.668537
330.3		0.668537
330.4		0.668537
330.5		0.668537
330.6		0.668537
330.7		0.668537
330.8		0.668537
330.9		0.668537
331		0.668537
331.1		0.671833
331.2		0.671833
331.3		0.671833
331.4		0.671833
331.5		0.671833
331.6		0.671833
331.7		0.671833
331.8		0.671833
331.9		0.671833
332		0.671833
332.1		0.672929
332.2		0.672929
332.3		0.672929
332.4		0.672929
332.5		0.672929
332.6		0.672929
332.7		0.672929
332.8		0.672929
332.9		0.672929
333		0.672929
333.1		0.675993
333.2		0.675993
333.3		0.675993
333.4		0.675993
333.5		0.675993
333.6		0.675993
333.7		0.675993
333.8		0.675993
333.9		0.675993
334		0.675993
334.1		0.677444
334.2		0.677444
334.3		0.677444
334.4		0.677444
334.5		0.677444
334.6		0.677444
334.7		0.677444
334.8		0.677444
334.9		0.677444
335		0.677444
335.1		0.678033
335.2		0.678033
335.3		0.678033
335.4		0.678033
335.5		0.678033
335.6		0.678033
335.7		0.678033
335.8		0.678033
335.9		0.678033
336		0.678033
336.1		0.681192
336.2		0.681192
336.3		0.681192
336.4		0.681192
336.5		0.681192
336.6		0.681192
336.7		0.681192
336.8		0.681192
336.9		0.681192
337		0.681192
337.1		0.68185
337.2		0.68185
337.3		0.68185
337.4		0.68185
337.5		0.68185
337.6		0.68185
337.7		0.68185
337.8		0.68185
337.9		0.68185
338		0.68185
338.1		0.682425
338.2		0.682425
338.3		0.682425
338.4		0.682425
338.5		0.682425
338.6		0.682425
338.7		0.682425
338.8		0.682425
338.9		0.682425
339		0.682425
339.1		0.686133
339.2		0.686133
339.3		0.686133
339.4		0.686133
339.5		0.686133
339.6		0.686133
339.7		0.686133
339.8		0.686133
339.9		0.686133
340		0.686133
340.1		0.692298
340.2		0.692298
340.3		0.692298
340.4		0.692298
340.5		0.692298
340.6		0.692298
340.7		0.692298
340.8		0.692298
340.9		0.692298
341		0.692298
341.1		0.692678
341.2		0.692678
341.3		0.692678
341.4		0.692678
341.5		0.692678
341.6		0.692678
341.7		0.692678
341.8		0.692678
341.9		0.692678
342		0.692678
342.1		0.692981
342.2		0.692981
342.3		0.692981
342.4		0.692981
342.5		0.692981
342.6		0.692981
342.7		0.692981
342.8		0.692981
342.9		0.692981
343		0.692981
343.1		0.702228
343.2		0.702228
343.3		0.702228
343.4		0.702228
343.5		0.702228
343.6		0.702228
343.7		0.702228
343.8		0.702228
343.9		0.702228
344		0.702228
344.1		0.703013
344.2		0.703013
344.3		0.703013
344.4		0.703013
344.5		0.703013
344.6		0.703013
344.7		0.703013
344.8		0.703013
344.9		0.703013
345		0.703013
345.1		0.703303
345.2		0.703303
345.3		0.703303
345.4		0.703303
345.5		0.703303
345.6		0.703303
345.7		0.703303
345.8		0.703303
345.9		0.703303
346		0.703303
346.1		0.704326
346.2		0.704326
346.3		0.704326
346.4		0.704326
346.5		0.704326
346.6		0.704326
346.7		0.704326
346.8		0.704326
346.9		0.704326
347		0.704326
347.1		0.70878
347.2		0.70878
347.3		0.70878
347.4		0.70878
347.5		0.70878
347.6		0.70878
347.7		0.70878
347.8		0.70878
347.9		0.70878
348		0.70878
348.1		0.712274
348.2		0.712274
348.3		0.712274
348.4		0.712274
348.5		0.712274
348.6		0.712274
348.7		0.712274
348.8		0.712274
348.9		0.712274
349		0.712274
349.1		0.714763
349.2		0.714763
349.3		0.714763
349.4		0.714763
349.5		0.714763
349.6		0.714763
349.7		0.714763
349.8		0.714763
349.9		0.714763
350		0.714763
350.1		0.714763
350.2		0.714763
350.3		0.714763
350.4		0.714763
350.5		0.714763
350.6		0.714763
350.7		0.714763
350.8		0.714763
350.9		0.714763
351		0.714763
351.1		0.71574
351.2		0.71574
351.3		0.71574
351.4		0.71574
351.5		0.71574
351.6		0.71574
351.7		0.71574
351.8		0.71574
351.9		0.71574
352		0.71574
352.1		0.717288
352.2		0.717288
352.3		0.717288
352.4		0.717288
352.5		0.717288
352.6		0.717288
352.7		0.717288
352.8		0.717288
352.9		0.717288
353		0.717288
353.1		0.718243
353.2		0.718243
353.3		0.718243
353.4		0.718243
353.5		0.718243
353.6		0.718243
353.7		0.718243
353.8		0.718243
353.9		0.718243
354		0.718243
354.1		0.718479
354.2		0.718479
354.3		0.718479
354.4		0.718479
354.5		0.718479
354.6		0.718479
354.7		0.718479
354.8		0.718479
354.9		0.718479
355		0.718479
355.1		0.724896
355.2		0.724896
355.3		0.724896
355.4		0.724896
355.5		0.724896
355.6		0.724896
355.7		0.724896
355.8		0.724896
355.9		0.724896
356		0.724896
356.1		0.725037
356.2		0.725037
356.3		0.725037
356.4		0.725037
356.5		0.725037
356.6		0.725037
356.7		0.725037
356.8		0.725037
356.9		0.725037
357		0.725037
357.1		0.725178
357.2		0.725178
357.3		0.725178
357.4		0.725178
357.5		0.725178
357.6		0.725178
357.7		0.725178
357.8		0.725178
357.9		0.725178
358		0.725178
358.1		0.728004
358.2		0.728004
358.3		0.728004
358.4		0.728004
358.5		0.728004
358.6		0.728004
358.7		0.728004
358.8		0.728004
358.9		0.728004
359		0.728004
359.1		0.730873
359.2		0.730873
359.3		0.730873
359.4		0.730873
359.5		0.730873
359.6		0.730873
359.7		0.730873
359.8		0.730873
359.9		0.730873
360		0.730873
360.1		0.732222
360.2		0.732222
360.3		0.732222
360.4		0.732222
360.5		0.732222
360.6		0.732222
360.7		0.732222
360.8		0.732222
360.9		0.732222
361		0.732222
361.1		0.732522
361.2		0.732522
361.3		0.732522
361.4		0.732522
361.5		0.732522
361.6		0.732522
361.7		0.732522
361.8		0.732522
361.9		0.732522
362		0.732522
362.1		0.735337
362.2		0.735337
362.3		0.735337
362.4		0.735337
362.5		0.735337
362.6		0.735337
362.7		0.735337
362.8		0.735337
362.9		0.735337
363		0.735337
363.1		0.736111
363.2		0.736111
363.3		0.736111
363.4		0.736111
363.5		0.736111
363.6		0.736111
363.7		0.736111
363.8		0.736111
363.9		0.736111
364		0.736111
364.1		0.739975
364.2		0.739975
364.3		0.739975
364.4		0.739975
364.5		0.739975
364.6		0.739975
364.7		0.739975
364.8		0.739975
364.9		0.739975
365		0.739975
365.1		0.74276
365.2		0.74276
365.3		0.74276
365.4		0.74276
365.5		0.74276
365.6		0.74276
365.7		0.74276
365.8		0.74276
365.9		0.74276
366		0.74276
366.1		0.743104
366.2		0.743104
366.3		0.743104
366.4		0.743104
366.5		0.743104
366.6		0.743104
366.7		0.743104
366.8		0.743104
366.9		0.743104
367		0.743104
367.1		0.743719
367.2		0.743719
367.3		0.743719
367.4		0.743719
367.5		0.743719
367.6		0.743719
367.7		0.743719
367.8		0.743719
367.9		0.743719
368		0.743719
368.1		0.746873
368.2		0.746873
368.3		0.746873
368.4		0.746873
368.5		0.746873
368.6		0.746873
368.7		0.746873
368.8		0.746873
368.9		0.746873
369		0.746873
369.1		0.749959
369.2		0.749959
369.3		0.749959
369.4		0.749959
369.5		0.749959
369.6		0.749959
369.7		0.749959
369.8		0.749959
369.9		0.749959
370		0.749959
370.1		0.752065
370.2		0.752065
370.3		0.752065
370.4		0.752065
370.5		0.752065
370.6		0.752065
370.7		0.752065
370.8		0.752065
370.9		0.752065
371		0.752065
371.1		0.753924
371.2		0.753924
371.3		0.753924
371.4		0.753924
371.5		0.753924
371.6		0.753924
371.7		0.753924
371.8		0.753924
371.9		0.753924
372		0.753924
372.1		0.755751
372.2		0.755751
372.3		0.755751
372.4		0.755751
372.5		0.755751
372.6		0.755751
372.7		0.755751
372.8		0.755751
372.9		0.755751
373		0.755751
373.1		0.758331
373.2		0.758331
373.3		0.758331
373.4		0.758331
373.5		0.758331
373.6		0.758331
373.7		0.758331
373.8		0.758331
373.9		0.758331
374		0.758331
374.1		0.759155
374.2		0.759155
374.3		0.759155
374.4		0.759155
374.5		0.759155
374.6		0.759155
374.7		0.759155
374.8		0.759155
374.9		0.759155
375		0.759155
375.1		0.761887
375.2		0.761887
375.3		0.761887
375.4		0.761887
375.5		0.761887
375.6		0.761887
375.7		0.761887
375.8		0.761887
375.9		0.761887
376		0.761887
376.1		0.763334
376.2		0.763334
376.3		0.763334
376.4		0.763334
376.5		0.763334
376.6		0.763334
376.7		0.763334
376.8		0.763334
376.9		0.763334
377		0.763334
377.1		0.766655
377.2		0.766655
377.3		0.766655
377.4		0.766655
377.5		0.766655
377.6		0.766655
377.7		0.766655
377.8		0.766655
377.9		0.766655
378		0.766655
378.1		0.769715
378.2		0.769715
378.3		0.769715
378.4		0.769715
378.5		0.769715
378.6		0.769715
378.7		0.769715
378.8		0.769715
378.9		0.769715
379		0.769715
379.1		0.771394
379.2		0.771394
379.3		0.771394
379.4		0.771394
379.5		0.771394
379.6		0.771394
379.7		0.771394
379.8		0.771394
379.9		0.771394
380		0.771394
380.1		0.771987
380.2		0.771987
380.3		0.771987
380.4		0.771987
380.5		0.771987
380.6		0.771987
380.7		0.771987
380.8		0.771987
380.9		0.771987
381		0.771987
381.1		0.773709
381.2		0.773709
381.3		0.773709
381.4		0.773709
381.5		0.773709
381.6		0.773709
381.7		0.773709
381.8		0.773709
381.9		0.773709
382		0.773709
382.1		0.778304
382.2		0.778304
382.3		0.778304
382.4		0.778304
382.5		0.778304
382.6		0.778304
382.7		0.778304
382.8		0.778304
382.9		0.778304
383		0.778304
383.1		0.778575
383.2		0.778575
383.3		0.778575
383.4		0.778575
383.5		0.778575
383.6		0.778575
383.7		0.778575
383.8		0.778575
383.9		0.778575
384		0.778575
384.1		0.779099
384.2		0.779099
384.3		0.779099
384.4		0.779099
384.5		0.779099
384.6		0.779099
384.7		0.779099
384.8		0.779099
384.9		0.779099
385		0.779099
385.1		0.781874
385.2		0.781874
385.3		0.781874
385.4		0.781874
385.5		0.781874
385.6		0.781874
385.7		0.781874
385.8		0.781874
385.9		0.781874
386		0.781874
386.1		0.785984
386.2		0.785984
386.3		0.785984
386.4		0.785984
386.5		0.785984
386.6		0.785984
386.7		0.785984
386.8		0.785984
386.9		0.785984
387		0.785984
387.1		0.787771
387.2		0.787771
387.3		0.787771
387.4		0.787771
387.5		0.787771
387.6		0.787771
387.7		0.787771
387.8		0.787771
387.9		0.787771
388		0.787771
388.1		0.788241
388.2		0.788241
388.3		0.788241
388.4		0.788241
388.5		0.788241
388.6		0.788241
388.7		0.788241
388.8		0.788241
388.9		0.788241
389		0.788241
389.1		0.788639
389.2		0.788639
389.3		0.788639
389.4		0.788639
389.5		0.788639
389.6		0.788639
389.7		0.788639
389.8		0.788639
389.9		0.788639
390		0.788639
390.1		0.79378
390.2		0.79378
390.3		0.79378
390.4		0.79378
390.5		0.79378
390.6		0.79378
390.7		0.79378
390.8		0.79378
390.9		0.79378
391		0.79378
391.1		0.794822
391.2		0.794822
391.3		0.794822
391.4		0.794822
391.5		0.794822
391.6		0.794822
391.7		0.794822
391.8		0.794822
391.9		0.794822
392		0.794822
392.1		0.796128
392.2		0.796128
392.3		0.796128
392.4		0.796128
392.5		0.796128
392.6		0.796128
392.7		0.796128
392.8		0.796128
392.9		0.796128
393		0.796128
393.1		0.797434
393.2		0.797434
393.3		0.797434
393.4		0.797434
393.5		0.797434
393.6		0.797434
393.7		0.797434
393.8		0.797434
393.9		0.797434
394		0.797434
394.1		0.803949
394.2		0.803949
394.3		0.803949
394.4		0.803949
394.5		0.803949
394.6		0.803949
394.7		0.803949
394.8		0.803949
394.9		0.803949
395		0.803949
395.1		0.804195
395.2		0.804195
395.3		0.804195
395.4		0.804195
395.5		0.804195
395.6		0.804195
395.7		0.804195
395.8		0.804195
395.9		0.804195
396		0.804195
396.1		0.804557
396.2		0.804557
396.3		0.804557
396.4		0.804557
396.5		0.804557
396.6		0.804557
396.7		0.804557
396.8		0.804557
396.9		0.804557
397		0.804557
397.1		0.807574
397.2		0.807574
397.3		0.807574
397.4		0.807574
397.5		0.807574
397.6		0.807574
397.7		0.807574
397.8		0.807574
397.9		0.807574
398		0.807574
398.1		0.810258
398.2		0.810258
398.3		0.810258
398.4		0.810258
398.5		0.810258
398.6		0.810258
398.7		0.810258
398.8		0.810258
398.9		0.810258
399		0.810258
399.1		0.811213
399.2		0.811213
399.3		0.811213
399.4		0.811213
399.5		0.811213
399.6		0.811213
399.7		0.811213
399.8		0.811213
399.9		0.811213
400		0.811213
400.1		0.813485
400.2		0.813485
400.3		0.813485
400.4		0.813485
400.5		0.813485
400.6		0.813485
400.7		0.813485
400.8		0.813485
400.9		0.813485
401		0.813485
401.1		0.814976
401.2		0.814976
401.3		0.814976
401.4		0.814976
401.5		0.814976
401.6		0.814976
401.7		0.814976
401.8		0.814976
401.9		0.814976
402		0.814976
402.1		0.817721
402.2		0.817721
402.3		0.817721
402.4		0.817721
402.5		0.817721
402.6		0.817721
402.7		0.817721
402.8		0.817721
402.9		0.817721
403		0.817721
403.1		0.822055
403.2		0.822055
403.3		0.822055
403.4		0.822055
403.5		0.822055
403.6		0.822055
403.7		0.822055
403.8		0.822055
403.9		0.822055
404		0.822055
404.1		0.822884
404.2		0.822884
404.3		0.822884
404.4		0.822884
404.5		0.822884
404.6		0.822884
404.7		0.822884
404.8		0.822884
404.9		0.822884
405		0.822884
405.1		0.823408
405.2		0.823408
405.3		0.823408
405.4		0.823408
405.5		0.823408
405.6		0.823408
405.7		0.823408
405.8		0.823408
405.9		0.823408
406		0.823408
406.1		0.82661
406.2		0.82661
406.3		0.82661
406.4		0.82661
406.5		0.82661
406.6		0.82661
406.7		0.82661
406.8		0.82661
406.9		0.82661
407		0.82661
407.1		0.827475
407.2		0.827475
407.3		0.827475
407.4		0.827475
407.5		0.827475
407.6		0.827475
407.7		0.827475
407.8		0.827475
407.9		0.827475
408		0.827475
408.1		0.831975
408.2		0.831975
408.3		0.831975
408.4		0.831975
408.5		0.831975
408.6		0.831975
408.7		0.831975
408.8		0.831975
408.9		0.831975
409		0.831975
409.1		0.833404
409.2		0.833404
409.3		0.833404
409.4		0.833404
409.5		0.833404
409.6		0.833404
409.7		0.833404
409.8		0.833404
409.9		0.833404
410		0.833404
410.1		0.837633
410.2		0.837633
410.3		0.837633
410.4		0.837633
410.5		0.837633
410.6		0.837633
410.7		0.837633
410.8		0.837633
410.9		0.837633
411		0.837633
411.1		0.838309
411.2		0.838309
411.3		0.838309
411.4		0.838309
411.5		0.838309
411.6		0.838309
411.7		0.838309
411.8		0.838309
411.9		0.838309
412		0.838309
412.1		0.839858
412.2		0.839858
412.3		0.839858
412.4		0.839858
412.5		0.839858
412.6		0.839858
412.7		0.839858
412.8		0.839858
412.9		0.839858
413		0.839858
413.1		0.842191
413.2		0.842191
413.3		0.842191
413.4		0.842191
413.5		0.842191
413.6		0.842191
413.7		0.842191
413.8		0.842191
413.9		0.842191
414		0.842191
414.1		0.844148
414.2		0.844148
414.3		0.844148
414.4		0.844148
414.5		0.844148
414.6		0.844148
414.7		0.844148
414.8		0.844148
414.9		0.844148
415		0.844148
415.1		0.84654
415.2		0.84654
415.3		0.84654
415.4		0.84654
415.5		0.84654
415.6		0.84654
415.7		0.84654
415.8		0.84654
415.9		0.84654
416		0.84654
416.1		0.851593
416.2		0.851593
416.3		0.851593
416.4		0.851593
416.5		0.851593
416.6		0.851593
416.7		0.851593
416.8		0.851593
416.9		0.851593
417		0.851593
417.1		0.852067
417.2		0.852067
417.3		0.852067
417.4		0.852067
417.5		0.852067
417.6		0.852067
417.7		0.852067
417.8		0.852067
417.9		0.852067
418		0.852067
418.1		0.852292
418.2		0.852292
418.3		0.852292
418.4		0.852292
418.5		0.852292
418.6		0.852292
418.7		0.852292
418.8		0.852292
418.9		0.852292
419		0.852292
419.1		0.85269
419.2		0.85269
419.3		0.85269
419.4		0.85269
419.5		0.85269
419.6		0.85269
419.7		0.85269
419.8		0.85269
419.9		0.85269
420		0.85269
420.1		0.859704
420.2		0.859704
420.3		0.859704
420.4		0.859704
420.5		0.859704
420.6		0.859704
420.7		0.859704
420.8		0.859704
420.9		0.859704
421		0.859704
421.1		0.860229
421.2		0.860229
421.3		0.860229
421.4		0.860229
421.5		0.860229
421.6		0.860229
421.7		0.860229
421.8		0.860229
421.9		0.860229
422		0.860229
422.1		0.862016
422.2		0.862016
422.3		0.862016
422.4		0.862016
422.5		0.862016
422.6		0.862016
422.7		0.862016
422.8		0.862016
422.9		0.862016
423		0.862016
423.1		0.862486
423.2		0.862486
423.3		0.862486
423.4		0.862486
423.5		0.862486
423.6		0.862486
423.7		0.862486
423.8		0.862486
423.9		0.862486
424		0.862486
424.1		0.86601
424.2		0.86601
424.3		0.86601
424.4		0.86601
424.5		0.86601
424.6		0.86601
424.7		0.86601
424.8		0.86601
424.9		0.86601
425		0.86601
425.1		0.867594
425.2		0.867594
425.3		0.867594
425.4		0.867594
425.5		0.867594
425.6		0.867594
425.7		0.867594
425.8		0.867594
425.9		0.867594
426		0.867594
426.1		0.868542
426.2		0.868542
426.3		0.868542
426.4		0.868542
426.5		0.868542
426.6		0.868542
426.7		0.868542
426.8		0.868542
426.9		0.868542
427		0.868542
427.1		0.869244
427.2		0.869244
427.3		0.869244
427.4		0.869244
427.5		0.869244
427.6		0.869244
427.7		0.869244
427.8		0.869244
427.9		0.869244
428		0.869244
428.1		0.873976
428.2		0.873976
428.3		0.873976
428.4		0.873976
428.5		0.873976
428.6		0.873976
428.7		0.873976
428.8		0.873976
428.9		0.873976
429		0.873976
429.1		0.874612
429.2		0.874612
429.3		0.874612
429.4		0.874612
429.5		0.874612
429.6		0.874612
429.7		0.874612
429.8		0.874612
429.9		0.874612
430		0.874612
430.1		0.876631
430.2		0.876631
430.3		0.876631
430.4		0.876631
430.5		0.876631
430.6		0.876631
430.7		0.876631
430.8		0.876631
430.9		0.876631
431		0.876631
431.1		0.880122
431.2		0.880122
431.3		0.880122
431.4		0.880122
431.5		0.880122
431.6		0.880122
431.7		0.880122
431.8		0.880122
431.9		0.880122
432		0.880122
432.1		0.880882
432.2		0.880882
432.3		0.880882
432.4		0.880882
432.5		0.880882
432.6		0.880882
432.7		0.880882
432.8		0.880882
432.9		0.880882
433		0.880882
433.1		0.884087
433.2		0.884087
433.3		0.884087
433.4		0.884087
433.5		0.884087
433.6		0.884087
433.7		0.884087
433.8		0.884087
433.9		0.884087
434		0.884087
434.1		0.885404
434.2		0.885404
434.3		0.885404
434.4		0.885404
434.5		0.885404
434.6		0.885404
434.7		0.885404
434.8		0.885404
434.9		0.885404
435		0.885404
435.1		0.888168
435.2		0.888168
435.3		0.888168
435.4		0.888168
435.5		0.888168
435.6		0.888168
435.7		0.888168
435.8		0.888168
435.9		0.888168
436		0.888168
436.1		0.88972
436.2		0.88972
436.3		0.88972
436.4		0.88972
436.5		0.88972
436.6		0.88972
436.7		0.88972
436.8		0.88972
436.9		0.88972
437		0.88972
437.1		0.891004
437.2		0.891004
437.3		0.891004
437.4		0.891004
437.5		0.891004
437.6		0.891004
437.7		0.891004
437.8		0.891004
437.9		0.891004
438		0.891004
438.1		0.894043
438.2		0.894043
438.3		0.894043
438.4		0.894043
438.5		0.894043
438.6		0.894043
438.7		0.894043
438.8		0.894043
438.9		0.894043
439		0.894043
439.1		0.894133
439.2		0.894133
439.3		0.894133
439.4		0.894133
439.5		0.894133
439.6		0.894133
439.7		0.894133
439.8		0.894133
439.9		0.894133
440		0.894133
440.1		0.89855
440.2		0.89855
440.3		0.89855
440.4		0.89855
440.5		0.89855
440.6		0.89855
440.7		0.89855
440.8		0.89855
440.9		0.89855
441		0.89855
441.1		0.899965
441.2		0.899965
441.3		0.899965
441.4		0.899965
441.5		0.899965
441.6		0.899965
441.7		0.899965
441.8		0.899965
441.9		0.899965
442		0.899965
442.1		0.902421
442.2		0.902421
442.3		0.902421
442.4		0.902421
442.5		0.902421
442.6		0.902421
442.7		0.902421
442.8		0.902421
442.9		0.902421
443		0.902421
443.1		0.905869
443.2		0.905869
443.3		0.905869
443.4		0.905869
443.5		0.905869
443.6		0.905869
443.7		0.905869
443.8		0.905869
443.9		0.905869
444		0.905869
444.1		0.907103
444.2		0.907103
444.3		0.907103
444.4		0.907103
444.5		0.907103
444.6		0.907103
444.7		0.907103
444.8		0.907103
444.9		0.907103
445		0.907103
445.1		0.907276
445.2		0.907276
445.3		0.907276
445.4		0.907276
445.5		0.907276
445.6		0.907276
445.7		0.907276
445.8		0.907276
445.9		0.907276
446		0.907276
446.1		0.910366
446.2		0.910366
446.3		0.910366
446.4		0.910366
446.5		0.910366
446.6		0.910366
446.7		0.910366
446.8		0.910366
446.9		0.910366
447		0.910366
447.1		0.913889
447.2		0.913889
447.3		0.913889
447.4		0.913889
447.5		0.913889
447.6		0.913889
447.7		0.913889
447.8		0.913889
447.9		0.913889
448		0.913889
448.1		0.914931
448.2		0.914931
448.3		0.914931
448.4		0.914931
448.5		0.914931
448.6		0.914931
448.7		0.914931
448.8		0.914931
448.9		0.914931
449		0.914931
449.1		0.915879
449.2		0.915879
449.3		0.915879
449.4		0.915879
449.5		0.915879
449.6		0.915879
449.7		0.915879
449.8		0.915879
449.9		0.915879
450		0.915879
450.1		0.919207
450.2		0.919207
450.3		0.919207
450.4		0.919207
450.5		0.919207
450.6		0.919207
450.7		0.919207
450.8		0.919207
450.9		0.919207
451		0.919207
451.1		0.919497
451.2		0.919497
451.3		0.919497
451.4		0.919497
451.5		0.919497
451.6		0.919497
451.7		0.919497
451.8		0.919497
451.9		0.919497
452		0.919497
452.1		0.920803
452.2		0.920803
452.3		0.920803
452.4		0.920803
452.5		0.920803
452.6		0.920803
452.7		0.920803
452.8		0.920803
452.9		0.920803
453		0.920803
453.1		0.924464
453.2		0.924464
453.3		0.924464
453.4		0.924464
453.5		0.924464
453.6		0.924464
453.7		0.924464
453.8		0.924464
453.9		0.924464
454		0.924464
454.1		0.929141
454.2		0.929141
454.3		0.929141
454.4		0.929141
454.5		0.929141
454.6		0.929141
454.7		0.929141
454.8		0.929141
454.9		0.929141
455		0.929141
455.1		0.929572
455.2		0.929572
455.3		0.929572
455.4		0.929572
455.5		0.929572
455.6		0.929572
455.7		0.929572
455.8		0.929572
455.9		0.929572
456		0.929572
456.1		0.931106
456.2		0.931106
456.3		0.931106
456.4		0.931106
456.5		0.931106
456.6		0.931106
456.7		0.931106
456.8		0.931106
456.9		0.931106
457		0.931106
457.1		0.931478
457.2		0.931478
457.3		0.931478
457.4		0.931478
457.5		0.931478
457.6		0.931478
457.7		0.931478
457.8		0.931478
457.9		0.931478
458		0.931478
458.1		0.935776
458.2		0.935776
458.3		0.935776
458.4		0.935776
458.5		0.935776
458.6		0.935776
458.7		0.935776
458.8		0.935776
458.9		0.935776
459		0.935776
459.1		0.93871
459.2		0.93871
459.3		0.93871
459.4		0.93871
459.5		0.93871
459.6		0.93871
459.7		0.93871
459.8		0.93871
459.9		0.93871
460		0.93871
460.1		0.938999
460.2		0.938999
460.3		0.938999
460.4		0.938999
460.5		0.938999
460.6		0.938999
460.7		0.938999
460.8		0.938999
460.9		0.938999
461		0.938999
461.1		0.940826
461.2		0.940826
461.3		0.940826
461.4		0.940826
461.5		0.940826
461.6		0.940826
461.7		0.940826
461.8		0.940826
461.9		0.940826
462		0.940826
462.1		0.944234
462.2		0.944234
462.3		0.944234
462.4		0.944234
462.5		0.944234
462.6		0.944234
462.7		0.944234
462.8		0.944234
462.9		0.944234
463		0.944234
463.1		0.946929
463.2		0.946929
463.3		0.946929
463.4		0.946929
463.5		0.946929
463.6		0.946929
463.7		0.946929
463.8		0.946929
463.9		0.946929
464		0.946929
464.1		0.947967
464.2		0.947967
464.3		0.947967
464.4		0.947967
464.5		0.947967
464.6		0.947967
464.7		0.947967
464.8		0.947967
464.9		0.947967
465		0.947967
465.1		0.949045
465.2		0.949045
465.3		0.949045
465.4		0.949045
465.5		0.949045
465.6		0.949045
465.7		0.949045
465.8		0.949045
465.9		0.949045
466		0.949045
466.1		0.954363
466.2		0.954363
466.3		0.954363
466.4		0.954363
466.5		0.954363
466.6		0.954363
466.7		0.954363
466.8		0.954363
466.9		0.954363
467		0.954363
467.1		0.954859
467.2		0.954859
467.3		0.954859
467.4		0.954859
467.5		0.954859
467.6		0.954859
467.7		0.954859
467.8		0.954859
467.9		0.954859
468		0.954859
468.1		0.956997
468.2		0.956997
468.3		0.956997
468.4		0.956997
468.5		0.956997
468.6		0.956997
468.7		0.956997
468.8		0.956997
468.9		0.956997
469		0.956997
469.1		0.960231
469.2		0.960231
469.3		0.960231
469.4		0.960231
469.5		0.960231
469.6		0.960231
469.7		0.960231
469.8		0.960231
469.9		0.960231
470		0.960231
470.1		0.962018
470.2		0.962018
470.3		0.962018
470.4		0.962018
470.5		0.962018
470.6		0.962018
470.7		0.962018
470.8		0.962018
470.9		0.962018
471		0.962018
471.1		0.962821
471.2		0.962821
471.3		0.962821
471.4		0.962821
471.5		0.962821
471.6		0.962821
471.7		0.962821
471.8		0.962821
471.9		0.962821
472		0.962821
472.1		0.964576
472.2		0.964576
472.3		0.964576
472.4		0.964576
472.5		0.964576
472.6		0.964576
472.7		0.964576
472.8		0.964576
472.9		0.964576
473		0.964576
473.1		0.968791
473.2		0.968791
473.3		0.968791
473.4		0.968791
473.5		0.968791
473.6		0.968791
473.7		0.968791
473.8		0.968791
473.9		0.968791
474		0.968791
474.1		0.969207
474.2		0.969207
474.3		0.969207
474.4		0.969207
474.5		0.969207
474.6		0.969207
474.7		0.969207
474.8		0.969207
474.9		0.969207
475		0.969207
475.1		0.972517
475.2		0.972517
475.3		0.972517
475.4		0.972517
475.5		0.972517
475.6		0.972517
475.7		0.972517
475.8		0.972517
475.9		0.972517
476		0.972517
476.1		0.974713
476.2		0.974713
476.3		0.974713
476.4		0.974713
476.5		0.974713
476.6		0.974713
476.7		0.974713
476.8		0.974713
476.9		0.974713
477		0.974713
477.1		0.975349
477.2		0.975349
477.3		0.975349
477.4		0.975349
477.5		0.975349
477.6		0.975349
477.7		0.975349
477.8		0.975349
477.9		0.975349
478		0.975349
478.1		0.978341
478.2		0.978341
478.3		0.978341
478.4		0.978341
478.5		0.978341
478.6		0.978341
478.7		0.978341
478.8		0.978341
478.9		0.978341
479		0.978341
479.1		0.979625
479.2		0.979625
479.3		0.979625
479.4		0.979625
479.5		0.979625
479.6		0.979625
479.7		0.979625
479.8		0.979625
479.9		0.979625
480		0.979625
480.1		0.983207
480.2		0.983207
480.3		0.983207
480.4		0.983207
480.5		0.983207
480.6		0.983207
480.7		0.983207
480.8		0.983207
480.9		0.983207
481		0.983207
481.1		0.984853
481.2		0.984853
481.3		0.984853
481.4		0.984853
481.5		0.984853
481.6		0.984853
481.7		0.984853
481.8		0.984853
481.9		0.984853
482		0.984853
482.1		0.985602
482.2		0.985602
482.3		0.985602
482.4		0.985602
482.5		0.985602
482.6		0.985602
482.7		0.985602
482.8		0.985602
482.9		0.985602
483		0.985602
483.1		0.990681
483.2		0.990681
483.3		0.990681
483.4		0.990681
483.5		0.990681
483.6		0.990681
483.7		0.990681
483.8		0.990681
483.9		0.990681
484		0.990681
484.1		0.990916
484.2		0.990916
484.3		0.990916
484.4		0.990916
484.5		0.990916
484.6		0.990916
484.7		0.990916
484.8		0.990916
484.9		0.990916
485		0.990916
485.1		0.994993
485.2		0.994993
485.3		0.994993
485.4		0.994993
485.5		0.994993
485.6		0.994993
485.7		0.994993
485.8		0.994993
485.9		0.994993
486		0.994993
486.1		0.995337
486.2		0.995337
486.3		0.995337
486.4		0.995337
486.5		0.995337
486.6		0.995337
486.7		0.995337
486.8		0.995337
486.9		0.995337
487		0.995337
487.1		0.995565
487.2		0.995565
487.3		0.995565
487.4		0.995565
487.5		0.995565
487.6		0.995565
487.7		0.995565
487.8		0.995565
487.9		0.995565
488		0.995565
488.1		0.999986
488.2		0.999986
488.3		0.999986
488.4		0.999986
488.5		0.999986
488.6		0.999986
488.7		0.999986
488.8		0.999986
488.9		0.999986
489		0.999986
489.1		0.999993
489.2		0.999993
489.3		0.999993
489.4		0.999993
489.5		0.999993
489.6		0.999993
489.7		0.999993
489.8		0.999993
489.9		0.999993
490		0.999993
490.1		0.999996
490.2		0.999996
490.3		0.999996
490.4		0.999996
490.5		0.999996
490.6		0.999996
490.7		0.999996
490.8		0.999996
490.9		0.999996
491		0.999996
491.1		1
491.2		1
491.3		1
491.4		1
491.5		1
491.6		1
491.7		1
491.8		1
491.9		1
492		1
492.1		1
492.2		1
492.3		1
492.4		1
492.5		1
492.6		1
492.7		1
492.8		1
492.9		1
493		1
493.1		1
493.2		1
493.3		1
493.4		1
493.5		1
493.6		1
493.7		1
493.8		1
493.9		1
494		1
494.1		1
494.2		1
494.3		1
494.4		1
494.5		1
494.6		1
494.7		1
494.8		1
494.9		1
495		1
495.1		1
495.2		1
495.3		1
495.4		1
495.5		1
495.6		1
495.7		1
495.8		1
495.9		1
496		1
496.1		1
496.2		1
496.3		1
496.4		1
496.5		1
496.6		1
496.7		1
496.8		1
496.9		1
497		1
497.1		1
497.2		1
497.3		1
497.4		1
497.5		1
497.6		1
497.7		1
497.8		1
497.9		1
498		1
498.1		1
498.2		1
498.3		1
498.4		1
498.5		1
498.6		1
498.7		1
498.8		1
498.9		1
499		1
499.1		1
499.2		1
499.3		1
499.4		1
499.5		1
499.6		1
499.7		1
499.8		1
499.9		1
500		1
500.1		1
500.2		1
500.3		1
500.4		1
500.5		1
500.6		1
500.7		1
500.8		1
500.9		1
501		1
501.1		1
501.2		1
501.3		1
501.4		1
501.5		1
501.6		1
501.7		1
501.8		1
501.9		1
502		1
502.1		1
502.2		1
502.3		1
502.4		1
502.5		1
502.6		1
502.7		1
502.8		1
502.9		1
503		1
503.1		1
503.2		1
503.3		1
503.4		1
503.5		1
503.6		1
503.7		1
503.8		1
503.9		1
504		1
504.1		1
504.2		1
504.3		1
504.4		1
504.5		1
504.6		1
504.7		1
504.8		1
504.9		1
505		1
505.1		1
505.2		1
505.3		1
505.4		1
505.5		1
505.6		1
505.7		1
505.8		1
505.9		1
506		1
506.1		1
506.2		1
506.3		1
506.4		1
506.5		1
506.6		1
506.7		1
506.8		1
506.9		1
507		1
507.1		1
507.2		1
507.3		1
507.4		1
507.5		1
507.6		1
507.7		1
507.8		1
507.9		1
508		1
508.1		1
508.2		1
508.3		1
508.4		1
508.5		1
508.6		1
508.7		1
508.8		1
508.9		1
509		1
509.1		1
509.2		1
509.3		1
509.4		1
509.5		1
509.6		1
509.7		1
509.8		1
509.9		1
510		1
510.1		1
510.2		1
510.3		1
510.4		1
510.5		1
510.6		1
510.7		1
510.8		1
510.9		1
511		1
511.1		1
511.2		1
511.3		1
511.4		1
511.5		1
511.6		1
511.7		1
511.8		1
511.9		1
512		1
512.1		1
512.2		1
512.3		1
512.4		1
512.5		1
512.6		1
512.7		1
512.8		1
512.9		1
513		1
513.1		1
513.2		1
513.3		1
513.4		1
513.5		1
513.6		1
513.7		1
513.8		1
513.9		1
514		1
514.1		1
514.2		1
514.3		1
514.4		1
514.5		1
514.6		1
514.7		1
514.8		1
514.9		1
515		1
515.1		1
515.2		1
515.3		1
515.4		1
515.5		1
515.6		1
515.7		1
515.8		1
515.9		1
516		1
516.1		1
516.2		1
516.3		1
516.4		1
516.5		1
516.6		1
516.7		1
516.8		1
516.9		1
517		1
517.1		1
517.2		1
517.3		1
517.4		1
517.5		1
517.6		1
517.7		1
517.8		1
517.9		1
518		1
518.1		1
518.2		1
518.3		1
518.4		1
518.5		1
518.6		1
518.7		1
518.8		1
518.9		1
519		1
519.1		1
519.2		1
519.3		1
519.4		1
519.5		1
519.6		1
519.7		1
519.8		1
519.9		1
520		1
520.1		1
520.2		1
520.3		1
520.4		1
520.5		1
520.6		1
520.7		1
520.8		1
520.9		1
521		1
521.1		1
521.2		1
521.3		1
521.4		1
521.5		1
521.6		1
521.7		1
521.8		1
521.9		1
522		1
522.1		1
522.2		1
522.3		1
522.4		1
522.5		1
522.6		1
522.7		1
522.8		1
522.9		1
523		1
523.1		1
523.2		1
523.3		1
523.4		1
523.5		1
523.6		1
523.7		1
523.8		1
523.9		1
524		1
524.1		1
524.2		1
524.3		1
524.4		1
524.5		1
524.6		1
524.7		1
524.8		1
524.9		1
525		1
525.1		1
525.2		1
525.3		1
525.4		1
525.5		1
525.6		1
525.7		1
525.8		1
525.9		1
526		1
526.1		1
526.2		1
526.3		1
526.4		1
526.5		1
526.6		1
526.7		1
526.8		1
526.9		1
527		1
527.1		1
527.2		1
527.3		1
527.4		1
527.5		1
527.6		1
527.7		1
527.8		1
527.9		1
528		1
528.1		1
528.2		1
528.3		1
528.4		1
528.5		1
528.6		1
528.7		1
528.8		1
528.9		1
529		1
529.1		1
529.2		1
529.3		1
529.4		1
529.5		1
529.6		1
529.7		1
529.8		1
529.9		1
530		1
530.1		1
530.2		1
530.3		1
530.4		1
530.5		1
530.6		1
530.7		1
530.8		1
530.9		1
531		1
531.1		1
531.2		1
531.3		1
531.4		1
531.5		1
531.6		1
531.7		1
531.8		1
531.9		1
532		1
532.1		1
532.2		1
532.3		1
532.4		1
532.5		1
532.6		1
532.7		1
532.8		1
532.9		1
533		1
533.1		1
533.2		1
533.3		1
533.4		1
533.5		1
533.6		1
533.7		1
533.8		1
533.9		1
534		1
534.1		1
534.2		1
534.3		1
534.4		1
534.5		1
534.6		1
534.7		1
534.8		1
534.9		1
535		1
535.1		1
535.2		1
535.3		1
535.4		1
535.5		1
535.6		1
535.7		1
535.8		1
535.9		1
536		1
536.1		1
536.2		1
536.3		1
536.4		1
536.5		1
536.6		1
536.7		1
536.8		1
536.9		1
537		1
537.1		1
537.2		1
537.3		1
537.4		1
537.5		1
537.6		1
537.7		1
537.8		1
537.9		1
538		1
538.1		1
538.2		1
538.3		1
538.4		1
538.5		1
538.6		1
538.7		1
538.8		1
538.9		1
539		1
539.1		1
539.2		1
539.3		1
539.4		1
539.5		1
539.6		1
539.7		1
539.8		1
539.9		1
540		1
540.1		1
540.2		1
540.3		1
540.4		1
540.5		1
540.6		1
540.7		1
540.8		1
540.9		1
541		1
541.1		1
541.2		1
541.3		1
541.4		1
541.5		1
541.6		1
541.7		1
541.8		1
541.9		1
542		1
542.1		1
542.2		1
542.3		1
542.4		1
542.5		1
542.6		1
542.7		1
542.8		1
542.9		1
543		1
543.1		1
543.2		1
543.3		1
543.4		1
543.5		1
543.6		1
543.7		1
543.8		1
543.9		1
544		1
544.1		1
544.2		1
544.3		1
544.4		1
544.5		1
544.6		1
544.7		1
544.8		1
544.9		1
545		1
545.1		1
545.2		1
545.3		1
545.4		1
545.5		1
545.6		1
545.7		1
545.8		1
545.9		1
546		1
546.1		1
546.2		1
546.3		1
546.4		1
546.5		1
546.6		1
546.7		1
546.8		1
546.9		1
547		1
547.1		1
547.2		1
547.3		1
547.4		1
547.5		1
547.6		1
547.7		1
547.8		1
547.9		1
548		1
548.1		1
548.2		1
548.3		1
548.4		1
548.5		1
548.6		1
548.7		1
548.8		1
548.9		1
549		1
549.1		1
549.2		1
549.3		1
549.4		1
549.5		1
549.6		1
549.7		1
549.8		1
549.9		1
550		1
550.1		1
550.2		1
550.3		1
550.4		1
550.5		1
550.6		1
550.7		1
550.8		1
550.9		1
551		1
551.1		1
551.2		1
551.3		1
551.4		1
551.5		1
551.6		1
551.7		1
551.8		1
551.9		1
552		1
552.1		1
552.2		1
552.3		1
552.4		1
552.5		1
552.6		1
552.7		1
552.8		1
552.9		1
553		1
553.1		1
553.2		1
553.3		1
553.4		1
553.5		1
553.6		1
553.7		1
553.8		1
553.9		1
554		1
554.1		1
554.2		1
554.3		1
554.4		1
554.5		1
554.6		1
554.7		1
554.8		1
554.9		1
555		1
555.1		1
555.2		1
555.3		1
555.4		1
555.5		1
555.6		1
555.7		1
555.8		1
555.9		1
556		1
556.1		1
556.2		1
556.3		1
556.4		1
556.5		1
556.6		1
556.7		1
556.8		1
556.9		1
557		1
557.1		1
557.2		1
557.3		1
557.4		1
557.5		1
557.6		1
557.7		1
557.8		1
557.9		1
558		1
558.1		1
558.2		1
558.3		1
558.4		1
558.5		1
558.6		1
558.7		1
558.8		1
558.9		1
559		1
559.1		1
559.2		1
559.3		1
559.4		1
559.5		1
559.6		1
559.7		1
559.8		1
559.9		1
560		1
560.1		1
560.2		1
560.3		1
560.4		1
560.5		1
560.6		1
560.7		1
560.8		1
560.9		1
561		1
561.1		1
561.2		1
561.3		1
561.4		1
561.5		1
561.6		1
561.7		1
561.8		1
561.9		1
562		1
562.1		1
562.2		1
562.3		1
562.4		1
562.5		1
562.6		1
562.7		1
562.8		1
562.9		1
563		1
563.1		1
563.2		1
563.3		1
563.4		1
563.5		1
563.6		1
563.7		1
563.8		1
563.9		1
564		1
564.1		1
564.2		1
564.3		1
564.4		1
564.5		1
564.6		1
564.7		1
564.8		1
564.9		1
565		1
565.1		1
565.2		1
565.3		1
565.4		1
565.5		1
565.6		1
565.7		1
565.8		1
565.9		1
566		1
566.1		1
566.2		1
566.3		1
566.4		1
566.5		1
566.6		1
566.7		1
566.8		1
566.9		1
567		1
567.1		1
567.2		1
567.3		1
567.4		1
567.5		1
567.6		1
567.7		1
567.8		1
567.9		1
568		1
568.1		1
568.2		1
568.3		1
568.4		1
568.5		1
568.6		1
568.7		1
568.8		1
568.9		1
569		1
569.1		1
569.2		1
569.3		1
569.4		1
569.5		1
569.6		1
569.7		1
569.8		1
569.9		1
570		1
570.1		1
570.2		1
570.3		1
570.4		1
570.5		1
570.6		1
570.7		1
570.8		1
570.9		1
571		1
571.1		1
571.2		1
571.3		1
571.4		1
571.5		1
571.6		1
571.7		1
571.8		1
571.9		1
572		1
572.1		1
572.2		1
572.3		1
572.4		1
572.5		1
572.6		1
572.7		1
572.8		1
572.9		1
573		1
573.1		1
573.2		1
573.3		1
573.4		1
573.5		1
573.6		1
573.7		1
573.8		1
573.9		1
574		1
574.1		1
574.2		1
574.3		1
574.4		1
574.5		1
574.6		1
574.7		1
574.8		1
574.9		1
575		1
575.1		1
575.2		1
575.3		1
575.4		1
575.5		1
575.6		1
575.7		1
575.8		1
575.9		1
576		1
576.1		1
576.2		1
576.3		1
576.4		1
576.5		1
576.6		1
576.7		1
576.8		1
576.9		1
577		1
577.1		1
577.2		1
577.3		1
577.4		1
577.5		1
577.6		1
577.7		1
577.8		1
577.9		1
578		1
578.1		1
578.2		1
578.3		1
578.4		1
578.5		1
578.6		1
578.7		1
578.8		1
578.9		1
579		1
579.1		1
579.2		1
579.3		1
579.4		1
579.5		1
579.6		1
579.7		1
579.8		1
579.9		1
580		1
580.1		1
580.2		1
580.3		1
580.4		1
580.5		1
580.6		1
580.7		1
580.8		1
580.9		1
581		1
581.1		1
581.2		1
581.3		1
581.4		1
581.5		1
581.6		1
581.7		1
581.8		1
581.9		1
582		1
582.1		1
582.2		1
582.3		1
582.4		1
582.5		1
582.6		1
582.7		1
582.8		1
582.9		1
583		1
583.1		1
583.2		1
583.3		1
583.4		1
583.5		1
583.6		1
583.7		1
583.8		1
583.9		1
584		1
584.1		1
584.2		1
584.3		1
584.4		1
584.5		1
584.6		1
584.7		1
584.8		1
584.9		1
585		1
585.1		1
585.2		1
585.3		1
585.4		1
585.5		1
585.6		1
585.7		1
585.8		1
585.9		1
586		1
586.1		1
586.2		1
586.3		1
586.4		1
586.5		1
586.6		1
586.7		1
586.8		1
586.9		1
587		1
587.1		1
587.2		1
587.3		1
587.4		1
587.5		1
587.6		1
587.7		1
587.8		1
587.9		1
588		1
588.1		1
588.2		1
588.3		1
588.4		1
588.5		1
588.6		1
588.7		1
588.8		1
588.9		1
589		1
589.1		1
589.2		1
589.3		1
589.4		1
589.5		1
589.6		1
589.7		1
589.8		1
589.9		1
590		1
590.1		1
590.2		1
590.3		1
590.4		1
590.5		1
590.6		1
590.7		1
590.8		1
590.9		1
591		1
591.1		1
591.2		1
591.3		1
591.4		1
591.5		1
591.6		1
591.7		1
591.8		1
591.9		1
592		1
592.1		1
592.2		1
592.3		1
592.4		1
592.5		1
592.6		1
592.7		1
592.8		1
592.9		1
593		1
593.1		1
593.2		1
593.3		1
593.4		1
593.5		1
593.6		1
593.7		1
593.8		1
593.9		1
594		1
594.1		1
594.2		1
594.3		1
594.4		1
594.5		1
594.6		1
594.7		1
594.8		1
594.9		1
595		1
595.1		1
595.2		1
595.3		1
595.4		1
595.5		1
595.6		1
595.7		1
595.8		1
595.9		1
596		1
596.1		1
596.2		1
596.3		1
596.4		1
596.5		1
596.6		1
596.7		1
596.8		1
596.9		1
597		1
597.1		1
597.2		1
597.3		1
597.4		1
597.5		1
597.6		1
597.7		1
597.8		1
597.9		1
598		1
598.1		1
598.2		1
598.3		1
598.4		1
598.5		1
598.6		1
598.7		1
598.8		1
598.9		1
599		1
599.1		1
599.2		1
599.3		1
599.4		1
599.5		1
599.6		1
599.7		1
599.8		1
599.9		1
600		1
