# Calibration file of tamex_id 2 @ channel 38
# fine_T bin		 Calibration value
0.1		0
0.2		0
0.3		0
0.4		0
0.5		0
0.6		0
0.7		0
0.8		0
0.9		0
1		0
1.1		0
1.2		0
1.3		0
1.4		0
1.5		0
1.6		0
1.7		0
1.8		0
1.9		0
2		0
2.1		0
2.2		0
2.3		0
2.4		0
2.5		0
2.6		0
2.7		0
2.8		0
2.9		0
3		0
3.1		0
3.2		0
3.3		0
3.4		0
3.5		0
3.6		0
3.7		0
3.8		0
3.9		0
4		0
4.1		0
4.2		0
4.3		0
4.4		0
4.5		0
4.6		0
4.7		0
4.8		0
4.9		0
5		0
5.1		0
5.2		0
5.3		0
5.4		0
5.5		0
5.6		0
5.7		0
5.8		0
5.9		0
6		0
6.1		0
6.2		0
6.3		0
6.4		0
6.5		0
6.6		0
6.7		0
6.8		0
6.9		0
7		0
7.1		0
7.2		0
7.3		0
7.4		0
7.5		0
7.6		0
7.7		0
7.8		0
7.9		0
8		0
8.1		0
8.2		0
8.3		0
8.4		0
8.5		0
8.6		0
8.7		0
8.8		0
8.9		0
9		0
9.1		0
9.2		0
9.3		0
9.4		0
9.5		0
9.6		0
9.7		0
9.8		0
9.9		0
10		0
10.1		0
10.2		0
10.3		0
10.4		0
10.5		0
10.6		0
10.7		0
10.8		0
10.9		0
11		0
11.1		0
11.2		0
11.3		0
11.4		0
11.5		0
11.6		0
11.7		0
11.8		0
11.9		0
12		0
12.1		0
12.2		0
12.3		0
12.4		0
12.5		0
12.6		0
12.7		0
12.8		0
12.9		0
13		0
13.1		0
13.2		0
13.3		0
13.4		0
13.5		0
13.6		0
13.7		0
13.8		0
13.9		0
14		0
14.1		0
14.2		0
14.3		0
14.4		0
14.5		0
14.6		0
14.7		0
14.8		0
14.9		0
15		0
15.1		0
15.2		0
15.3		0
15.4		0
15.5		0
15.6		0
15.7		0
15.8		0
15.9		0
16		0
16.1		0
16.2		0
16.3		0
16.4		0
16.5		0
16.6		0
16.7		0
16.8		0
16.9		0
17		0
17.1		0.00338788
17.2		0.00338788
17.3		0.00338788
17.4		0.00338788
17.5		0.00338788
17.6		0.00338788
17.7		0.00338788
17.8		0.00338788
17.9		0.00338788
18		0.00338788
18.1		0.00624423
18.2		0.00624423
18.3		0.00624423
18.4		0.00624423
18.5		0.00624423
18.6		0.00624423
18.7		0.00624423
18.8		0.00624423
18.9		0.00624423
19		0.00624423
19.1		0.00928312
19.2		0.00928312
19.3		0.00928312
19.4		0.00928312
19.5		0.00928312
19.6		0.00928312
19.7		0.00928312
19.8		0.00928312
19.9		0.00928312
20		0.00928312
20.1		0.0127193
20.2		0.0127193
20.3		0.0127193
20.4		0.0127193
20.5		0.0127193
20.6		0.0127193
20.7		0.0127193
20.8		0.0127193
20.9		0.0127193
21		0.0127193
21.1		0.0129126
21.2		0.0129126
21.3		0.0129126
21.4		0.0129126
21.5		0.0129126
21.6		0.0129126
21.7		0.0129126
21.8		0.0129126
21.9		0.0129126
22		0.0129126
22.1		0.0173904
22.2		0.0173904
22.3		0.0173904
22.4		0.0173904
22.5		0.0173904
22.6		0.0173904
22.7		0.0173904
22.8		0.0173904
22.9		0.0173904
23		0.0173904
23.1		0.0180884
23.2		0.0180884
23.3		0.0180884
23.4		0.0180884
23.5		0.0180884
23.6		0.0180884
23.7		0.0180884
23.8		0.0180884
23.9		0.0180884
24		0.0180884
24.1		0.0207353
24.2		0.0207353
24.3		0.0207353
24.4		0.0207353
24.5		0.0207353
24.6		0.0207353
24.7		0.0207353
24.8		0.0207353
24.9		0.0207353
25		0.0207353
25.1		0.0243648
25.2		0.0243648
25.3		0.0243648
25.4		0.0243648
25.5		0.0243648
25.6		0.0243648
25.7		0.0243648
25.8		0.0243648
25.9		0.0243648
26		0.0243648
26.1		0.0261527
26.2		0.0261527
26.3		0.0261527
26.4		0.0261527
26.5		0.0261527
26.6		0.0261527
26.7		0.0261527
26.8		0.0261527
26.9		0.0261527
27		0.0261527
27.1		0.028091
27.2		0.028091
27.3		0.028091
27.4		0.028091
27.5		0.028091
27.6		0.028091
27.7		0.028091
27.8		0.028091
27.9		0.028091
28		0.028091
28.1		0.0283165
28.2		0.0283165
28.3		0.0283165
28.4		0.0283165
28.5		0.0283165
28.6		0.0283165
28.7		0.0283165
28.8		0.0283165
28.9		0.0283165
29		0.0283165
29.1		0.0284775
29.2		0.0284775
29.3		0.0284775
29.4		0.0284775
29.5		0.0284775
29.6		0.0284775
29.7		0.0284775
29.8		0.0284775
29.9		0.0284775
30		0.0284775
30.1		0.0342332
30.2		0.0342332
30.3		0.0342332
30.4		0.0342332
30.5		0.0342332
30.6		0.0342332
30.7		0.0342332
30.8		0.0342332
30.9		0.0342332
31		0.0342332
31.1		0.0347057
31.2		0.0347057
31.3		0.0347057
31.4		0.0347057
31.5		0.0347057
31.6		0.0347057
31.7		0.0347057
31.8		0.0347057
31.9		0.0347057
32		0.0347057
32.1		0.0370197
32.2		0.0370197
32.3		0.0370197
32.4		0.0370197
32.5		0.0370197
32.6		0.0370197
32.7		0.0370197
32.8		0.0370197
32.9		0.0370197
33		0.0370197
33.1		0.0386573
33.2		0.0386573
33.3		0.0386573
33.4		0.0386573
33.5		0.0386573
33.6		0.0386573
33.7		0.0386573
33.8		0.0386573
33.9		0.0386573
34		0.0386573
34.1		0.0429365
34.2		0.0429365
34.3		0.0429365
34.4		0.0429365
34.5		0.0429365
34.6		0.0429365
34.7		0.0429365
34.8		0.0429365
34.9		0.0429365
35		0.0429365
35.1		0.0437955
35.2		0.0437955
35.3		0.0437955
35.4		0.0437955
35.5		0.0437955
35.6		0.0437955
35.7		0.0437955
35.8		0.0437955
35.9		0.0437955
36		0.0437955
36.1		0.0447727
36.2		0.0447727
36.3		0.0447727
36.4		0.0447727
36.5		0.0447727
36.6		0.0447727
36.7		0.0447727
36.8		0.0447727
36.9		0.0447727
37		0.0447727
37.1		0.0466518
37.2		0.0466518
37.3		0.0466518
37.4		0.0466518
37.5		0.0466518
37.6		0.0466518
37.7		0.0466518
37.8		0.0466518
37.9		0.0466518
38		0.0466518
38.1		0.0496371
38.2		0.0496371
38.3		0.0496371
38.4		0.0496371
38.5		0.0496371
38.6		0.0496371
38.7		0.0496371
38.8		0.0496371
38.9		0.0496371
39		0.0496371
39.1		0.0501954
39.2		0.0501954
39.3		0.0501954
39.4		0.0501954
39.5		0.0501954
39.6		0.0501954
39.7		0.0501954
39.8		0.0501954
39.9		0.0501954
40		0.0501954
40.1		0.052735
40.2		0.052735
40.3		0.052735
40.4		0.052735
40.5		0.052735
40.6		0.052735
40.7		0.052735
40.8		0.052735
40.9		0.052735
41		0.052735
41.1		0.055237
41.2		0.055237
41.3		0.055237
41.4		0.055237
41.5		0.055237
41.6		0.055237
41.7		0.055237
41.8		0.055237
41.9		0.055237
42		0.055237
42.1		0.0598329
42.2		0.0598329
42.3		0.0598329
42.4		0.0598329
42.5		0.0598329
42.6		0.0598329
42.7		0.0598329
42.8		0.0598329
42.9		0.0598329
43		0.0598329
43.1		0.0610248
43.2		0.0610248
43.3		0.0610248
43.4		0.0610248
43.5		0.0610248
43.6		0.0610248
43.7		0.0610248
43.8		0.0610248
43.9		0.0610248
44		0.0610248
44.1		0.0612074
44.2		0.0612074
44.3		0.0612074
44.4		0.0612074
44.5		0.0612074
44.6		0.0612074
44.7		0.0612074
44.8		0.0612074
44.9		0.0612074
45		0.0612074
45.1		0.0613953
45.2		0.0613953
45.3		0.0613953
45.4		0.0613953
45.5		0.0613953
45.6		0.0613953
45.7		0.0613953
45.8		0.0613953
45.9		0.0613953
46		0.0613953
46.1		0.0674516
46.2		0.0674516
46.3		0.0674516
46.4		0.0674516
46.5		0.0674516
46.6		0.0674516
46.7		0.0674516
46.8		0.0674516
46.9		0.0674516
47		0.0674516
47.1		0.0696315
47.2		0.0696315
47.3		0.0696315
47.4		0.0696315
47.5		0.0696315
47.6		0.0696315
47.7		0.0696315
47.8		0.0696315
47.9		0.0696315
48		0.0696315
48.1		0.0718489
48.2		0.0718489
48.3		0.0718489
48.4		0.0718489
48.5		0.0718489
48.6		0.0718489
48.7		0.0718489
48.8		0.0718489
48.9		0.0718489
49		0.0718489
49.1		0.0720207
49.2		0.0720207
49.3		0.0720207
49.4		0.0720207
49.5		0.0720207
49.6		0.0720207
49.7		0.0720207
49.8		0.0720207
49.9		0.0720207
50		0.0720207
50.1		0.0743401
50.2		0.0743401
50.3		0.0743401
50.4		0.0743401
50.5		0.0743401
50.6		0.0743401
50.7		0.0743401
50.8		0.0743401
50.9		0.0743401
51		0.0743401
51.1		0.0771213
51.2		0.0771213
51.3		0.0771213
51.4		0.0771213
51.5		0.0771213
51.6		0.0771213
51.7		0.0771213
51.8		0.0771213
51.9		0.0771213
52		0.0771213
52.1		0.0782918
52.2		0.0782918
52.3		0.0782918
52.4		0.0782918
52.5		0.0782918
52.6		0.0782918
52.7		0.0782918
52.8		0.0782918
52.9		0.0782918
53		0.0782918
53.1		0.0817011
53.2		0.0817011
53.3		0.0817011
53.4		0.0817011
53.5		0.0817011
53.6		0.0817011
53.7		0.0817011
53.8		0.0817011
53.9		0.0817011
54		0.0817011
54.1		0.0820179
54.2		0.0820179
54.3		0.0820179
54.4		0.0820179
54.5		0.0820179
54.6		0.0820179
54.7		0.0820179
54.8		0.0820179
54.9		0.0820179
55		0.0820179
55.1		0.0850729
55.2		0.0850729
55.3		0.0850729
55.4		0.0850729
55.5		0.0850729
55.6		0.0850729
55.7		0.0850729
55.8		0.0850729
55.9		0.0850729
56		0.0850729
56.1		0.0867212
56.2		0.0867212
56.3		0.0867212
56.4		0.0867212
56.5		0.0867212
56.6		0.0867212
56.7		0.0867212
56.8		0.0867212
56.9		0.0867212
57		0.0867212
57.1		0.0902111
57.2		0.0902111
57.3		0.0902111
57.4		0.0902111
57.5		0.0902111
57.6		0.0902111
57.7		0.0902111
57.8		0.0902111
57.9		0.0902111
58		0.0902111
58.1		0.0922138
58.2		0.0922138
58.3		0.0922138
58.4		0.0922138
58.5		0.0922138
58.6		0.0922138
58.7		0.0922138
58.8		0.0922138
58.9		0.0922138
59		0.0922138
59.1		0.0954406
59.2		0.0954406
59.3		0.0954406
59.4		0.0954406
59.5		0.0954406
59.6		0.0954406
59.7		0.0954406
59.8		0.0954406
59.9		0.0954406
60		0.0954406
60.1		0.0981734
60.2		0.0981734
60.3		0.0981734
60.4		0.0981734
60.5		0.0981734
60.6		0.0981734
60.7		0.0981734
60.8		0.0981734
60.9		0.0981734
61		0.0981734
61.1		0.0989305
61.2		0.0989305
61.3		0.0989305
61.4		0.0989305
61.5		0.0989305
61.6		0.0989305
61.7		0.0989305
61.8		0.0989305
61.9		0.0989305
62		0.0989305
62.1		0.0991667
62.2		0.0991667
62.3		0.0991667
62.4		0.0991667
62.5		0.0991667
62.6		0.0991667
62.7		0.0991667
62.8		0.0991667
62.9		0.0991667
63		0.0991667
63.1		0.103505
63.2		0.103505
63.3		0.103505
63.4		0.103505
63.5		0.103505
63.6		0.103505
63.7		0.103505
63.8		0.103505
63.9		0.103505
64		0.103505
64.1		0.104487
64.2		0.104487
64.3		0.104487
64.4		0.104487
64.5		0.104487
64.6		0.104487
64.7		0.104487
64.8		0.104487
64.9		0.104487
65		0.104487
65.1		0.107628
65.2		0.107628
65.3		0.107628
65.4		0.107628
65.5		0.107628
65.6		0.107628
65.7		0.107628
65.8		0.107628
65.9		0.107628
66		0.107628
66.1		0.109304
66.2		0.109304
66.3		0.109304
66.4		0.109304
66.5		0.109304
66.6		0.109304
66.7		0.109304
66.8		0.109304
66.9		0.109304
67		0.109304
67.1		0.109481
67.2		0.109481
67.3		0.109481
67.4		0.109481
67.5		0.109481
67.6		0.109481
67.7		0.109481
67.8		0.109481
67.9		0.109481
68		0.109481
68.1		0.112885
68.2		0.112885
68.3		0.112885
68.4		0.112885
68.5		0.112885
68.6		0.112885
68.7		0.112885
68.8		0.112885
68.9		0.112885
69		0.112885
69.1		0.115113
69.2		0.115113
69.3		0.115113
69.4		0.115113
69.5		0.115113
69.6		0.115113
69.7		0.115113
69.8		0.115113
69.9		0.115113
70		0.115113
70.1		0.116466
70.2		0.116466
70.3		0.116466
70.4		0.116466
70.5		0.116466
70.6		0.116466
70.7		0.116466
70.8		0.116466
70.9		0.116466
71		0.116466
71.1		0.117427
71.2		0.117427
71.3		0.117427
71.4		0.117427
71.5		0.117427
71.6		0.117427
71.7		0.117427
71.8		0.117427
71.9		0.117427
72		0.117427
72.1		0.118807
72.2		0.118807
72.3		0.118807
72.4		0.118807
72.5		0.118807
72.6		0.118807
72.7		0.118807
72.8		0.118807
72.9		0.118807
73		0.118807
73.1		0.123097
73.2		0.123097
73.3		0.123097
73.4		0.123097
73.5		0.123097
73.6		0.123097
73.7		0.123097
73.8		0.123097
73.9		0.123097
74		0.123097
74.1		0.125604
74.2		0.125604
74.3		0.125604
74.4		0.125604
74.5		0.125604
74.6		0.125604
74.7		0.125604
74.8		0.125604
74.9		0.125604
75		0.125604
75.1		0.12948
75.2		0.12948
75.3		0.12948
75.4		0.12948
75.5		0.12948
75.6		0.12948
75.7		0.12948
75.8		0.12948
75.9		0.12948
76		0.12948
76.1		0.130023
76.2		0.130023
76.3		0.130023
76.4		0.130023
76.5		0.130023
76.6		0.130023
76.7		0.130023
76.8		0.130023
76.9		0.130023
77		0.130023
77.1		0.131934
77.2		0.131934
77.3		0.131934
77.4		0.131934
77.5		0.131934
77.6		0.131934
77.7		0.131934
77.8		0.131934
77.9		0.131934
78		0.131934
78.1		0.132589
78.2		0.132589
78.3		0.132589
78.4		0.132589
78.5		0.132589
78.6		0.132589
78.7		0.132589
78.8		0.132589
78.9		0.132589
79		0.132589
79.1		0.135907
79.2		0.135907
79.3		0.135907
79.4		0.135907
79.5		0.135907
79.6		0.135907
79.7		0.135907
79.8		0.135907
79.9		0.135907
80		0.135907
80.1		0.139988
80.2		0.139988
80.3		0.139988
80.4		0.139988
80.5		0.139988
80.6		0.139988
80.7		0.139988
80.8		0.139988
80.9		0.139988
81		0.139988
81.1		0.141045
81.2		0.141045
81.3		0.141045
81.4		0.141045
81.5		0.141045
81.6		0.141045
81.7		0.141045
81.8		0.141045
81.9		0.141045
82		0.141045
82.1		0.141631
82.2		0.141631
82.3		0.141631
82.4		0.141631
82.5		0.141631
82.6		0.141631
82.7		0.141631
82.8		0.141631
82.9		0.141631
83		0.141631
83.1		0.144347
83.2		0.144347
83.3		0.144347
83.4		0.144347
83.5		0.144347
83.6		0.144347
83.7		0.144347
83.8		0.144347
83.9		0.144347
84		0.144347
84.1		0.144981
84.2		0.144981
84.3		0.144981
84.4		0.144981
84.5		0.144981
84.6		0.144981
84.7		0.144981
84.8		0.144981
84.9		0.144981
85		0.144981
85.1		0.152739
85.2		0.152739
85.3		0.152739
85.4		0.152739
85.5		0.152739
85.6		0.152739
85.7		0.152739
85.8		0.152739
85.9		0.152739
86		0.152739
86.1		0.153217
86.2		0.153217
86.3		0.153217
86.4		0.153217
86.5		0.153217
86.6		0.153217
86.7		0.153217
86.8		0.153217
86.9		0.153217
87		0.153217
87.1		0.153545
87.2		0.153545
87.3		0.153545
87.4		0.153545
87.5		0.153545
87.6		0.153545
87.7		0.153545
87.8		0.153545
87.9		0.153545
88		0.153545
88.1		0.15457
88.2		0.15457
88.3		0.15457
88.4		0.15457
88.5		0.15457
88.6		0.15457
88.7		0.15457
88.8		0.15457
88.9		0.15457
89		0.15457
89.1		0.154822
89.2		0.154822
89.3		0.154822
89.4		0.154822
89.5		0.154822
89.6		0.154822
89.7		0.154822
89.8		0.154822
89.9		0.154822
90		0.154822
90.1		0.162565
90.2		0.162565
90.3		0.162565
90.4		0.162565
90.5		0.162565
90.6		0.162565
90.7		0.162565
90.8		0.162565
90.9		0.162565
91		0.162565
91.1		0.163193
91.2		0.163193
91.3		0.163193
91.4		0.163193
91.5		0.163193
91.6		0.163193
91.7		0.163193
91.8		0.163193
91.9		0.163193
92		0.163193
92.1		0.165115
92.2		0.165115
92.3		0.165115
92.4		0.165115
92.5		0.165115
92.6		0.165115
92.7		0.165115
92.8		0.165115
92.9		0.165115
93		0.165115
93.1		0.165485
93.2		0.165485
93.3		0.165485
93.4		0.165485
93.5		0.165485
93.6		0.165485
93.7		0.165485
93.8		0.165485
93.9		0.165485
94		0.165485
94.1		0.168723
94.2		0.168723
94.3		0.168723
94.4		0.168723
94.5		0.168723
94.6		0.168723
94.7		0.168723
94.8		0.168723
94.9		0.168723
95		0.168723
95.1		0.171971
95.2		0.171971
95.3		0.171971
95.4		0.171971
95.5		0.171971
95.6		0.171971
95.7		0.171971
95.8		0.171971
95.9		0.171971
96		0.171971
96.1		0.172342
96.2		0.172342
96.3		0.172342
96.4		0.172342
96.5		0.172342
96.6		0.172342
96.7		0.172342
96.8		0.172342
96.9		0.172342
97		0.172342
97.1		0.175832
97.2		0.175832
97.3		0.175832
97.4		0.175832
97.5		0.175832
97.6		0.175832
97.7		0.175832
97.8		0.175832
97.9		0.175832
98		0.175832
98.1		0.178398
98.2		0.178398
98.3		0.178398
98.4		0.178398
98.5		0.178398
98.6		0.178398
98.7		0.178398
98.8		0.178398
98.9		0.178398
99		0.178398
99.1		0.178656
99.2		0.178656
99.3		0.178656
99.4		0.178656
99.5		0.178656
99.6		0.178656
99.7		0.178656
99.8		0.178656
99.9		0.178656
100		0.178656
100.1		0.179101
100.2		0.179101
100.3		0.179101
100.4		0.179101
100.5		0.179101
100.6		0.179101
100.7		0.179101
100.8		0.179101
100.9		0.179101
101		0.179101
101.1		0.180551
101.2		0.180551
101.3		0.180551
101.4		0.180551
101.5		0.180551
101.6		0.180551
101.7		0.180551
101.8		0.180551
101.9		0.180551
102		0.180551
102.1		0.185185
102.2		0.185185
102.3		0.185185
102.4		0.185185
102.5		0.185185
102.6		0.185185
102.7		0.185185
102.8		0.185185
102.9		0.185185
103		0.185185
103.1		0.187858
103.2		0.187858
103.3		0.187858
103.4		0.187858
103.5		0.187858
103.6		0.187858
103.7		0.187858
103.8		0.187858
103.9		0.187858
104		0.187858
104.1		0.189109
104.2		0.189109
104.3		0.189109
104.4		0.189109
104.5		0.189109
104.6		0.189109
104.7		0.189109
104.8		0.189109
104.9		0.189109
105		0.189109
105.1		0.19326
105.2		0.19326
105.3		0.19326
105.4		0.19326
105.5		0.19326
105.6		0.19326
105.7		0.19326
105.8		0.19326
105.9		0.19326
106		0.19326
106.1		0.194591
106.2		0.194591
106.3		0.194591
106.4		0.194591
106.5		0.194591
106.6		0.194591
106.7		0.194591
106.8		0.194591
106.9		0.194591
107		0.194591
107.1		0.19624
107.2		0.19624
107.3		0.19624
107.4		0.19624
107.5		0.19624
107.6		0.19624
107.7		0.19624
107.8		0.19624
107.9		0.19624
108		0.19624
108.1		0.19675
108.2		0.19675
108.3		0.19675
108.4		0.19675
108.5		0.19675
108.6		0.19675
108.7		0.19675
108.8		0.19675
108.9		0.19675
109		0.19675
109.1		0.198382
109.2		0.198382
109.3		0.198382
109.4		0.198382
109.5		0.198382
109.6		0.198382
109.7		0.198382
109.8		0.198382
109.9		0.198382
110		0.198382
110.1		0.20316
110.2		0.20316
110.3		0.20316
110.4		0.20316
110.5		0.20316
110.6		0.20316
110.7		0.20316
110.8		0.20316
110.9		0.20316
111		0.20316
111.1		0.205195
111.2		0.205195
111.3		0.205195
111.4		0.205195
111.5		0.205195
111.6		0.205195
111.7		0.205195
111.8		0.205195
111.9		0.205195
112		0.205195
112.1		0.207337
112.2		0.207337
112.3		0.207337
112.4		0.207337
112.5		0.207337
112.6		0.207337
112.7		0.207337
112.8		0.207337
112.9		0.207337
113		0.207337
113.1		0.207928
113.2		0.207928
113.3		0.207928
113.4		0.207928
113.5		0.207928
113.6		0.207928
113.7		0.207928
113.8		0.207928
113.9		0.207928
114		0.207928
114.1		0.21087
114.2		0.21087
114.3		0.21087
114.4		0.21087
114.5		0.21087
114.6		0.21087
114.7		0.21087
114.8		0.21087
114.9		0.21087
115		0.21087
115.1		0.214059
115.2		0.214059
115.3		0.214059
115.4		0.214059
115.5		0.214059
115.6		0.214059
115.7		0.214059
115.8		0.214059
115.9		0.214059
116		0.214059
116.1		0.214865
116.2		0.214865
116.3		0.214865
116.4		0.214865
116.5		0.214865
116.6		0.214865
116.7		0.214865
116.8		0.214865
116.9		0.214865
117		0.214865
117.1		0.219982
117.2		0.219982
117.3		0.219982
117.4		0.219982
117.5		0.219982
117.6		0.219982
117.7		0.219982
117.8		0.219982
117.9		0.219982
118		0.219982
118.1		0.221286
118.2		0.221286
118.3		0.221286
118.4		0.221286
118.5		0.221286
118.6		0.221286
118.7		0.221286
118.8		0.221286
118.9		0.221286
119		0.221286
119.1		0.2217
119.2		0.2217
119.3		0.2217
119.4		0.2217
119.5		0.2217
119.6		0.2217
119.7		0.2217
119.8		0.2217
119.9		0.2217
120		0.2217
120.1		0.22483
120.2		0.22483
120.3		0.22483
120.4		0.22483
120.5		0.22483
120.6		0.22483
120.7		0.22483
120.8		0.22483
120.9		0.22483
121		0.22483
121.1		0.225984
121.2		0.225984
121.3		0.225984
121.4		0.225984
121.5		0.225984
121.6		0.225984
121.7		0.225984
121.8		0.225984
121.9		0.225984
122		0.225984
122.1		0.226188
122.2		0.226188
122.3		0.226188
122.4		0.226188
122.5		0.226188
122.6		0.226188
122.7		0.226188
122.8		0.226188
122.9		0.226188
123		0.226188
123.1		0.228287
123.2		0.228287
123.3		0.228287
123.4		0.228287
123.5		0.228287
123.6		0.228287
123.7		0.228287
123.8		0.228287
123.9		0.228287
124		0.228287
124.1		0.234322
124.2		0.234322
124.3		0.234322
124.4		0.234322
124.5		0.234322
124.6		0.234322
124.7		0.234322
124.8		0.234322
124.9		0.234322
125		0.234322
125.1		0.235713
125.2		0.235713
125.3		0.235713
125.4		0.235713
125.5		0.235713
125.6		0.235713
125.7		0.235713
125.8		0.235713
125.9		0.235713
126		0.235713
126.1		0.236615
126.2		0.236615
126.3		0.236615
126.4		0.236615
126.5		0.236615
126.6		0.236615
126.7		0.236615
126.8		0.236615
126.9		0.236615
127		0.236615
127.1		0.2388
127.2		0.2388
127.3		0.2388
127.4		0.2388
127.5		0.2388
127.6		0.2388
127.7		0.2388
127.8		0.2388
127.9		0.2388
128		0.2388
128.1		0.241146
128.2		0.241146
128.3		0.241146
128.4		0.241146
128.5		0.241146
128.6		0.241146
128.7		0.241146
128.8		0.241146
128.9		0.241146
129		0.241146
129.1		0.24425
129.2		0.24425
129.3		0.24425
129.4		0.24425
129.5		0.24425
129.6		0.24425
129.7		0.24425
129.8		0.24425
129.9		0.24425
130		0.24425
130.1		0.247085
130.2		0.247085
130.3		0.247085
130.4		0.247085
130.5		0.247085
130.6		0.247085
130.7		0.247085
130.8		0.247085
130.9		0.247085
131		0.247085
131.1		0.247423
131.2		0.247423
131.3		0.247423
131.4		0.247423
131.5		0.247423
131.6		0.247423
131.7		0.247423
131.8		0.247423
131.9		0.247423
132		0.247423
132.1		0.250328
132.2		0.250328
132.3		0.250328
132.4		0.250328
132.5		0.250328
132.6		0.250328
132.7		0.250328
132.8		0.250328
132.9		0.250328
133		0.250328
133.1		0.251525
133.2		0.251525
133.3		0.251525
133.4		0.251525
133.5		0.251525
133.6		0.251525
133.7		0.251525
133.8		0.251525
133.9		0.251525
134		0.251525
134.1		0.252384
134.2		0.252384
134.3		0.252384
134.4		0.252384
134.5		0.252384
134.6		0.252384
134.7		0.252384
134.8		0.252384
134.9		0.252384
135		0.252384
135.1		0.254279
135.2		0.254279
135.3		0.254279
135.4		0.254279
135.5		0.254279
135.6		0.254279
135.7		0.254279
135.8		0.254279
135.9		0.254279
136		0.254279
136.1		0.258488
136.2		0.258488
136.3		0.258488
136.4		0.258488
136.5		0.258488
136.6		0.258488
136.7		0.258488
136.8		0.258488
136.9		0.258488
137		0.258488
137.1		0.261817
137.2		0.261817
137.3		0.261817
137.4		0.261817
137.5		0.261817
137.6		0.261817
137.7		0.261817
137.8		0.261817
137.9		0.261817
138		0.261817
138.1		0.262719
138.2		0.262719
138.3		0.262719
138.4		0.262719
138.5		0.262719
138.6		0.262719
138.7		0.262719
138.8		0.262719
138.9		0.262719
139		0.262719
139.1		0.263396
139.2		0.263396
139.3		0.263396
139.4		0.263396
139.5		0.263396
139.6		0.263396
139.7		0.263396
139.8		0.263396
139.9		0.263396
140		0.263396
140.1		0.267439
140.2		0.267439
140.3		0.267439
140.4		0.267439
140.5		0.267439
140.6		0.267439
140.7		0.267439
140.8		0.267439
140.9		0.267439
141		0.267439
141.1		0.268056
141.2		0.268056
141.3		0.268056
141.4		0.268056
141.5		0.268056
141.6		0.268056
141.7		0.268056
141.8		0.268056
141.9		0.268056
142		0.268056
142.1		0.269962
142.2		0.269962
142.3		0.269962
142.4		0.269962
142.5		0.269962
142.6		0.269962
142.7		0.269962
142.8		0.269962
142.9		0.269962
143		0.269962
143.1		0.273098
143.2		0.273098
143.3		0.273098
143.4		0.273098
143.5		0.273098
143.6		0.273098
143.7		0.273098
143.8		0.273098
143.9		0.273098
144		0.273098
144.1		0.275154
144.2		0.275154
144.3		0.275154
144.4		0.275154
144.5		0.275154
144.6		0.275154
144.7		0.275154
144.8		0.275154
144.9		0.275154
145		0.275154
145.1		0.277645
145.2		0.277645
145.3		0.277645
145.4		0.277645
145.5		0.277645
145.6		0.277645
145.7		0.277645
145.8		0.277645
145.9		0.277645
146		0.277645
146.1		0.281232
146.2		0.281232
146.3		0.281232
146.4		0.281232
146.5		0.281232
146.6		0.281232
146.7		0.281232
146.8		0.281232
146.9		0.281232
147		0.281232
147.1		0.282225
147.2		0.282225
147.3		0.282225
147.4		0.282225
147.5		0.282225
147.6		0.282225
147.7		0.282225
147.8		0.282225
147.9		0.282225
148		0.282225
148.1		0.282934
148.2		0.282934
148.3		0.282934
148.4		0.282934
148.5		0.282934
148.6		0.282934
148.7		0.282934
148.8		0.282934
148.9		0.282934
149		0.282934
149.1		0.2844
149.2		0.2844
149.3		0.2844
149.4		0.2844
149.5		0.2844
149.6		0.2844
149.7		0.2844
149.8		0.2844
149.9		0.2844
150		0.2844
150.1		0.288104
150.2		0.288104
150.3		0.288104
150.4		0.288104
150.5		0.288104
150.6		0.288104
150.7		0.288104
150.8		0.288104
150.9		0.288104
151		0.288104
151.1		0.291546
151.2		0.291546
151.3		0.291546
151.4		0.291546
151.5		0.291546
151.6		0.291546
151.7		0.291546
151.8		0.291546
151.9		0.291546
152		0.291546
152.1		0.291906
152.2		0.291906
152.3		0.291906
152.4		0.291906
152.5		0.291906
152.6		0.291906
152.7		0.291906
152.8		0.291906
152.9		0.291906
153		0.291906
153.1		0.292791
153.2		0.292791
153.3		0.292791
153.4		0.292791
153.5		0.292791
153.6		0.292791
153.7		0.292791
153.8		0.292791
153.9		0.292791
154		0.292791
154.1		0.296861
154.2		0.296861
154.3		0.296861
154.4		0.296861
154.5		0.296861
154.6		0.296861
154.7		0.296861
154.8		0.296861
154.9		0.296861
155		0.296861
155.1		0.299481
155.2		0.299481
155.3		0.299481
155.4		0.299481
155.5		0.299481
155.6		0.299481
155.7		0.299481
155.8		0.299481
155.9		0.299481
156		0.299481
156.1		0.30084
156.2		0.30084
156.3		0.30084
156.4		0.30084
156.5		0.30084
156.6		0.30084
156.7		0.30084
156.8		0.30084
156.9		0.30084
157		0.30084
157.1		0.301543
157.2		0.301543
157.3		0.301543
157.4		0.301543
157.5		0.301543
157.6		0.301543
157.7		0.301543
157.8		0.301543
157.9		0.301543
158		0.301543
158.1		0.305232
158.2		0.305232
158.3		0.305232
158.4		0.305232
158.5		0.305232
158.6		0.305232
158.7		0.305232
158.8		0.305232
158.9		0.305232
159		0.305232
159.1		0.305999
159.2		0.305999
159.3		0.305999
159.4		0.305999
159.5		0.305999
159.6		0.305999
159.7		0.305999
159.8		0.305999
159.9		0.305999
160		0.305999
160.1		0.309446
160.2		0.309446
160.3		0.309446
160.4		0.309446
160.5		0.309446
160.6		0.309446
160.7		0.309446
160.8		0.309446
160.9		0.309446
161		0.309446
161.1		0.310692
161.2		0.310692
161.3		0.310692
161.4		0.310692
161.5		0.310692
161.6		0.310692
161.7		0.310692
161.8		0.310692
161.9		0.310692
162		0.310692
162.1		0.312985
162.2		0.312985
162.3		0.312985
162.4		0.312985
162.5		0.312985
162.6		0.312985
162.7		0.312985
162.8		0.312985
162.9		0.312985
163		0.312985
163.1		0.316217
163.2		0.316217
163.3		0.316217
163.4		0.316217
163.5		0.316217
163.6		0.316217
163.7		0.316217
163.8		0.316217
163.9		0.316217
164		0.316217
164.1		0.317006
164.2		0.317006
164.3		0.317006
164.4		0.317006
164.5		0.317006
164.6		0.317006
164.7		0.317006
164.8		0.317006
164.9		0.317006
165		0.317006
165.1		0.317629
165.2		0.317629
165.3		0.317629
165.4		0.317629
165.5		0.317629
165.6		0.317629
165.7		0.317629
165.8		0.317629
165.9		0.317629
166		0.317629
166.1		0.321865
166.2		0.321865
166.3		0.321865
166.4		0.321865
166.5		0.321865
166.6		0.321865
166.7		0.321865
166.8		0.321865
166.9		0.321865
167		0.321865
167.1		0.325435
167.2		0.325435
167.3		0.325435
167.4		0.325435
167.5		0.325435
167.6		0.325435
167.7		0.325435
167.8		0.325435
167.9		0.325435
168		0.325435
168.1		0.326257
168.2		0.326257
168.3		0.326257
168.4		0.326257
168.5		0.326257
168.6		0.326257
168.7		0.326257
168.8		0.326257
168.9		0.326257
169		0.326257
169.1		0.32732
169.2		0.32732
169.3		0.32732
169.4		0.32732
169.5		0.32732
169.6		0.32732
169.7		0.32732
169.8		0.32732
169.9		0.32732
170		0.32732
170.1		0.331336
170.2		0.331336
170.3		0.331336
170.4		0.331336
170.5		0.331336
170.6		0.331336
170.7		0.331336
170.8		0.331336
170.9		0.331336
171		0.331336
171.1		0.333623
171.2		0.333623
171.3		0.333623
171.4		0.333623
171.5		0.333623
171.6		0.333623
171.7		0.333623
171.8		0.333623
171.9		0.333623
172		0.333623
172.1		0.334144
172.2		0.334144
172.3		0.334144
172.4		0.334144
172.5		0.334144
172.6		0.334144
172.7		0.334144
172.8		0.334144
172.9		0.334144
173		0.334144
173.1		0.33678
173.2		0.33678
173.3		0.33678
173.4		0.33678
173.5		0.33678
173.6		0.33678
173.7		0.33678
173.8		0.33678
173.9		0.33678
174		0.33678
174.1		0.337301
174.2		0.337301
174.3		0.337301
174.4		0.337301
174.5		0.337301
174.6		0.337301
174.7		0.337301
174.8		0.337301
174.9		0.337301
175		0.337301
175.1		0.343148
175.2		0.343148
175.3		0.343148
175.4		0.343148
175.5		0.343148
175.6		0.343148
175.7		0.343148
175.8		0.343148
175.9		0.343148
176		0.343148
176.1		0.343782
176.2		0.343782
176.3		0.343782
176.4		0.343782
176.5		0.343782
176.6		0.343782
176.7		0.343782
176.8		0.343782
176.9		0.343782
177		0.343782
177.1		0.344592
177.2		0.344592
177.3		0.344592
177.4		0.344592
177.5		0.344592
177.6		0.344592
177.7		0.344592
177.8		0.344592
177.9		0.344592
178		0.344592
178.1		0.346976
178.2		0.346976
178.3		0.346976
178.4		0.346976
178.5		0.346976
178.6		0.346976
178.7		0.346976
178.8		0.346976
178.9		0.346976
179		0.346976
179.1		0.348786
179.2		0.348786
179.3		0.348786
179.4		0.348786
179.5		0.348786
179.6		0.348786
179.7		0.348786
179.8		0.348786
179.9		0.348786
180		0.348786
180.1		0.351604
180.2		0.351604
180.3		0.351604
180.4		0.351604
180.5		0.351604
180.6		0.351604
180.7		0.351604
180.8		0.351604
180.9		0.351604
181		0.351604
181.1		0.353913
181.2		0.353913
181.3		0.353913
181.4		0.353913
181.5		0.353913
181.6		0.353913
181.7		0.353913
181.8		0.353913
181.9		0.353913
182		0.353913
182.1		0.355223
182.2		0.355223
182.3		0.355223
182.4		0.355223
182.5		0.355223
182.6		0.355223
182.7		0.355223
182.8		0.355223
182.9		0.355223
183		0.355223
183.1		0.358369
183.2		0.358369
183.3		0.358369
183.4		0.358369
183.5		0.358369
183.6		0.358369
183.7		0.358369
183.8		0.358369
183.9		0.358369
184		0.358369
184.1		0.361161
184.2		0.361161
184.3		0.361161
184.4		0.361161
184.5		0.361161
184.6		0.361161
184.7		0.361161
184.8		0.361161
184.9		0.361161
185		0.361161
185.1		0.362643
185.2		0.362643
185.3		0.362643
185.4		0.362643
185.5		0.362643
185.6		0.362643
185.7		0.362643
185.8		0.362643
185.9		0.362643
186		0.362643
186.1		0.363363
186.2		0.363363
186.3		0.363363
186.4		0.363363
186.5		0.363363
186.6		0.363363
186.7		0.363363
186.8		0.363363
186.9		0.363363
187		0.363363
187.1		0.365403
187.2		0.365403
187.3		0.365403
187.4		0.365403
187.5		0.365403
187.6		0.365403
187.7		0.365403
187.8		0.365403
187.9		0.365403
188		0.365403
188.1		0.370117
188.2		0.370117
188.3		0.370117
188.4		0.370117
188.5		0.370117
188.6		0.370117
188.7		0.370117
188.8		0.370117
188.9		0.370117
189		0.370117
189.1		0.370358
189.2		0.370358
189.3		0.370358
189.4		0.370358
189.5		0.370358
189.6		0.370358
189.7		0.370358
189.8		0.370358
189.9		0.370358
190		0.370358
190.1		0.371787
190.2		0.371787
190.3		0.371787
190.4		0.371787
190.5		0.371787
190.6		0.371787
190.7		0.371787
190.8		0.371787
190.9		0.371787
191		0.371787
191.1		0.372748
191.2		0.372748
191.3		0.372748
191.4		0.372748
191.5		0.372748
191.6		0.372748
191.7		0.372748
191.8		0.372748
191.9		0.372748
192		0.372748
192.1		0.379878
192.2		0.379878
192.3		0.379878
192.4		0.379878
192.5		0.379878
192.6		0.379878
192.7		0.379878
192.8		0.379878
192.9		0.379878
193		0.379878
193.1		0.380791
193.2		0.380791
193.3		0.380791
193.4		0.380791
193.5		0.380791
193.6		0.380791
193.7		0.380791
193.8		0.380791
193.9		0.380791
194		0.380791
194.1		0.381897
194.2		0.381897
194.3		0.381897
194.4		0.381897
194.5		0.381897
194.6		0.381897
194.7		0.381897
194.8		0.381897
194.9		0.381897
195		0.381897
195.1		0.38209
195.2		0.38209
195.3		0.38209
195.4		0.38209
195.5		0.38209
195.6		0.38209
195.7		0.38209
195.8		0.38209
195.9		0.38209
196		0.38209
196.1		0.385977
196.2		0.385977
196.3		0.385977
196.4		0.385977
196.5		0.385977
196.6		0.385977
196.7		0.385977
196.8		0.385977
196.9		0.385977
197		0.385977
197.1		0.389784
197.2		0.389784
197.3		0.389784
197.4		0.389784
197.5		0.389784
197.6		0.389784
197.7		0.389784
197.8		0.389784
197.9		0.389784
198		0.389784
198.1		0.390272
198.2		0.390272
198.3		0.390272
198.4		0.390272
198.5		0.390272
198.6		0.390272
198.7		0.390272
198.8		0.390272
198.9		0.390272
199		0.390272
199.1		0.390933
199.2		0.390933
199.3		0.390933
199.4		0.390933
199.5		0.390933
199.6		0.390933
199.7		0.390933
199.8		0.390933
199.9		0.390933
200		0.390933
200.1		0.392264
200.2		0.392264
200.3		0.392264
200.4		0.392264
200.5		0.392264
200.6		0.392264
200.7		0.392264
200.8		0.392264
200.9		0.392264
201		0.392264
201.1		0.3954
201.2		0.3954
201.3		0.3954
201.4		0.3954
201.5		0.3954
201.6		0.3954
201.7		0.3954
201.8		0.3954
201.9		0.3954
202		0.3954
202.1		0.396484
202.2		0.396484
202.3		0.396484
202.4		0.396484
202.5		0.396484
202.6		0.396484
202.7		0.396484
202.8		0.396484
202.9		0.396484
203		0.396484
203.1		0.40079
203.2		0.40079
203.3		0.40079
203.4		0.40079
203.5		0.40079
203.6		0.40079
203.7		0.40079
203.8		0.40079
203.9		0.40079
204		0.40079
204.1		0.402648
204.2		0.402648
204.3		0.402648
204.4		0.402648
204.5		0.402648
204.6		0.402648
204.7		0.402648
204.8		0.402648
204.9		0.402648
205		0.402648
205.1		0.402943
205.2		0.402943
205.3		0.402943
205.4		0.402943
205.5		0.402943
205.6		0.402943
205.7		0.402943
205.8		0.402943
205.9		0.402943
206		0.402943
206.1		0.404452
206.2		0.404452
206.3		0.404452
206.4		0.404452
206.5		0.404452
206.6		0.404452
206.7		0.404452
206.8		0.404452
206.9		0.404452
207		0.404452
207.1		0.407287
207.2		0.407287
207.3		0.407287
207.4		0.407287
207.5		0.407287
207.6		0.407287
207.7		0.407287
207.8		0.407287
207.9		0.407287
208		0.407287
208.1		0.409134
208.2		0.409134
208.3		0.409134
208.4		0.409134
208.5		0.409134
208.6		0.409134
208.7		0.409134
208.8		0.409134
208.9		0.409134
209		0.409134
209.1		0.413085
209.2		0.413085
209.3		0.413085
209.4		0.413085
209.5		0.413085
209.6		0.413085
209.7		0.413085
209.8		0.413085
209.9		0.413085
210		0.413085
210.1		0.413971
210.2		0.413971
210.3		0.413971
210.4		0.413971
210.5		0.413971
210.6		0.413971
210.7		0.413971
210.8		0.413971
210.9		0.413971
211		0.413971
211.1		0.416146
211.2		0.416146
211.3		0.416146
211.4		0.416146
211.5		0.416146
211.6		0.416146
211.7		0.416146
211.8		0.416146
211.9		0.416146
212		0.416146
212.1		0.417832
212.2		0.417832
212.3		0.417832
212.4		0.417832
212.5		0.417832
212.6		0.417832
212.7		0.417832
212.8		0.417832
212.9		0.417832
213		0.417832
213.1		0.420677
213.2		0.420677
213.3		0.420677
213.4		0.420677
213.5		0.420677
213.6		0.420677
213.7		0.420677
213.8		0.420677
213.9		0.420677
214		0.420677
214.1		0.425644
214.2		0.425644
214.3		0.425644
214.4		0.425644
214.5		0.425644
214.6		0.425644
214.7		0.425644
214.8		0.425644
214.9		0.425644
215		0.425644
215.1		0.426991
215.2		0.426991
215.3		0.426991
215.4		0.426991
215.5		0.426991
215.6		0.426991
215.7		0.426991
215.8		0.426991
215.9		0.426991
216		0.426991
216.1		0.42763
216.2		0.42763
216.3		0.42763
216.4		0.42763
216.5		0.42763
216.6		0.42763
216.7		0.42763
216.8		0.42763
216.9		0.42763
217		0.42763
217.1		0.428785
217.2		0.428785
217.3		0.428785
217.4		0.428785
217.5		0.428785
217.6		0.428785
217.7		0.428785
217.8		0.428785
217.9		0.428785
218		0.428785
218.1		0.430954
218.2		0.430954
218.3		0.430954
218.4		0.430954
218.5		0.430954
218.6		0.430954
218.7		0.430954
218.8		0.430954
218.9		0.430954
219		0.430954
219.1		0.433117
219.2		0.433117
219.3		0.433117
219.4		0.433117
219.5		0.433117
219.6		0.433117
219.7		0.433117
219.8		0.433117
219.9		0.433117
220		0.433117
220.1		0.437107
220.2		0.437107
220.3		0.437107
220.4		0.437107
220.5		0.437107
220.6		0.437107
220.7		0.437107
220.8		0.437107
220.9		0.437107
221		0.437107
221.1		0.438062
221.2		0.438062
221.3		0.438062
221.4		0.438062
221.5		0.438062
221.6		0.438062
221.7		0.438062
221.8		0.438062
221.9		0.438062
222		0.438062
222.1		0.442465
222.2		0.442465
222.3		0.442465
222.4		0.442465
222.5		0.442465
222.6		0.442465
222.7		0.442465
222.8		0.442465
222.9		0.442465
223		0.442465
223.1		0.442803
223.2		0.442803
223.3		0.442803
223.4		0.442803
223.5		0.442803
223.6		0.442803
223.7		0.442803
223.8		0.442803
223.9		0.442803
224		0.442803
224.1		0.443652
224.2		0.443652
224.3		0.443652
224.4		0.443652
224.5		0.443652
224.6		0.443652
224.7		0.443652
224.8		0.443652
224.9		0.443652
225		0.443652
225.1		0.445085
225.2		0.445085
225.3		0.445085
225.4		0.445085
225.5		0.445085
225.6		0.445085
225.7		0.445085
225.8		0.445085
225.9		0.445085
226		0.445085
226.1		0.448865
226.2		0.448865
226.3		0.448865
226.4		0.448865
226.5		0.448865
226.6		0.448865
226.7		0.448865
226.8		0.448865
226.9		0.448865
227		0.448865
227.1		0.451512
227.2		0.451512
227.3		0.451512
227.4		0.451512
227.5		0.451512
227.6		0.451512
227.7		0.451512
227.8		0.451512
227.9		0.451512
228		0.451512
228.1		0.451775
228.2		0.451775
228.3		0.451775
228.4		0.451775
228.5		0.451775
228.6		0.451775
228.7		0.451775
228.8		0.451775
228.9		0.451775
229		0.451775
229.1		0.452188
229.2		0.452188
229.3		0.452188
229.4		0.452188
229.5		0.452188
229.6		0.452188
229.7		0.452188
229.8		0.452188
229.9		0.452188
230		0.452188
230.1		0.456451
230.2		0.456451
230.3		0.456451
230.4		0.456451
230.5		0.456451
230.6		0.456451
230.7		0.456451
230.8		0.456451
230.9		0.456451
231		0.456451
231.1		0.458733
231.2		0.458733
231.3		0.458733
231.4		0.458733
231.5		0.458733
231.6		0.458733
231.7		0.458733
231.8		0.458733
231.9		0.458733
232		0.458733
232.1		0.461638
232.2		0.461638
232.3		0.461638
232.4		0.461638
232.5		0.461638
232.6		0.461638
232.7		0.461638
232.8		0.461638
232.9		0.461638
233		0.461638
233.1		0.463845
233.2		0.463845
233.3		0.463845
233.4		0.463845
233.5		0.463845
233.6		0.463845
233.7		0.463845
233.8		0.463845
233.9		0.463845
234		0.463845
234.1		0.46625
234.2		0.46625
234.3		0.46625
234.4		0.46625
234.5		0.46625
234.6		0.46625
234.7		0.46625
234.8		0.46625
234.9		0.46625
235		0.46625
235.1		0.466416
235.2		0.466416
235.3		0.466416
235.4		0.466416
235.5		0.466416
235.6		0.466416
235.7		0.466416
235.8		0.466416
235.9		0.466416
236		0.466416
236.1		0.469337
236.2		0.469337
236.3		0.469337
236.4		0.469337
236.5		0.469337
236.6		0.469337
236.7		0.469337
236.8		0.469337
236.9		0.469337
237		0.469337
237.1		0.469482
237.2		0.469482
237.3		0.469482
237.4		0.469482
237.5		0.469482
237.6		0.469482
237.7		0.469482
237.8		0.469482
237.9		0.469482
238		0.469482
238.1		0.471726
238.2		0.471726
238.3		0.471726
238.4		0.471726
238.5		0.471726
238.6		0.471726
238.7		0.471726
238.8		0.471726
238.9		0.471726
239		0.471726
239.1		0.476032
239.2		0.476032
239.3		0.476032
239.4		0.476032
239.5		0.476032
239.6		0.476032
239.7		0.476032
239.8		0.476032
239.9		0.476032
240		0.476032
240.1		0.477547
240.2		0.477547
240.3		0.477547
240.4		0.477547
240.5		0.477547
240.6		0.477547
240.7		0.477547
240.8		0.477547
240.9		0.477547
241		0.477547
241.1		0.478363
241.2		0.478363
241.3		0.478363
241.4		0.478363
241.5		0.478363
241.6		0.478363
241.7		0.478363
241.8		0.478363
241.9		0.478363
242		0.478363
242.1		0.479952
242.2		0.479952
242.3		0.479952
242.4		0.479952
242.5		0.479952
242.6		0.479952
242.7		0.479952
242.8		0.479952
242.9		0.479952
243		0.479952
243.1		0.481627
243.2		0.481627
243.3		0.481627
243.4		0.481627
243.5		0.481627
243.6		0.481627
243.7		0.481627
243.8		0.481627
243.9		0.481627
244		0.481627
244.1		0.486153
244.2		0.486153
244.3		0.486153
244.4		0.486153
244.5		0.486153
244.6		0.486153
244.7		0.486153
244.8		0.486153
244.9		0.486153
245		0.486153
245.1		0.489165
245.2		0.489165
245.3		0.489165
245.4		0.489165
245.5		0.489165
245.6		0.489165
245.7		0.489165
245.8		0.489165
245.9		0.489165
246		0.489165
246.1		0.489826
246.2		0.489826
246.3		0.489826
246.4		0.489826
246.5		0.489826
246.6		0.489826
246.7		0.489826
246.8		0.489826
246.9		0.489826
247		0.489826
247.1		0.491152
247.2		0.491152
247.3		0.491152
247.4		0.491152
247.5		0.491152
247.6		0.491152
247.7		0.491152
247.8		0.491152
247.9		0.491152
248		0.491152
248.1		0.49382
248.2		0.49382
248.3		0.49382
248.4		0.49382
248.5		0.49382
248.6		0.49382
248.7		0.49382
248.8		0.49382
248.9		0.49382
249		0.49382
249.1		0.495898
249.2		0.495898
249.3		0.495898
249.4		0.495898
249.5		0.495898
249.6		0.495898
249.7		0.495898
249.8		0.495898
249.9		0.495898
250		0.495898
250.1		0.496736
250.2		0.496736
250.3		0.496736
250.4		0.496736
250.5		0.496736
250.6		0.496736
250.7		0.496736
250.8		0.496736
250.9		0.496736
251		0.496736
251.1		0.499941
251.2		0.499941
251.3		0.499941
251.4		0.499941
251.5		0.499941
251.6		0.499941
251.7		0.499941
251.8		0.499941
251.9		0.499941
252		0.499941
252.1		0.503764
252.2		0.503764
252.3		0.503764
252.4		0.503764
252.5		0.503764
252.6		0.503764
252.7		0.503764
252.8		0.503764
252.9		0.503764
253		0.503764
253.1		0.505004
253.2		0.505004
253.3		0.505004
253.4		0.505004
253.5		0.505004
253.6		0.505004
253.7		0.505004
253.8		0.505004
253.9		0.505004
254		0.505004
254.1		0.505337
254.2		0.505337
254.3		0.505337
254.4		0.505337
254.5		0.505337
254.6		0.505337
254.7		0.505337
254.8		0.505337
254.9		0.505337
255		0.505337
255.1		0.506346
255.2		0.506346
255.3		0.506346
255.4		0.506346
255.5		0.506346
255.6		0.506346
255.7		0.506346
255.8		0.506346
255.9		0.506346
256		0.506346
256.1		0.511705
256.2		0.511705
256.3		0.511705
256.4		0.511705
256.5		0.511705
256.6		0.511705
256.7		0.511705
256.8		0.511705
256.9		0.511705
257		0.511705
257.1		0.513396
257.2		0.513396
257.3		0.513396
257.4		0.513396
257.5		0.513396
257.6		0.513396
257.7		0.513396
257.8		0.513396
257.9		0.513396
258		0.513396
258.1		0.513659
258.2		0.513659
258.3		0.513659
258.4		0.513659
258.5		0.513659
258.6		0.513659
258.7		0.513659
258.8		0.513659
258.9		0.513659
259		0.513659
259.1		0.51709
259.2		0.51709
259.3		0.51709
259.4		0.51709
259.5		0.51709
259.6		0.51709
259.7		0.51709
259.8		0.51709
259.9		0.51709
260		0.51709
260.1		0.520483
260.2		0.520483
260.3		0.520483
260.4		0.520483
260.5		0.520483
260.6		0.520483
260.7		0.520483
260.8		0.520483
260.9		0.520483
261		0.520483
261.1		0.523205
261.2		0.523205
261.3		0.523205
261.4		0.523205
261.5		0.523205
261.6		0.523205
261.7		0.523205
261.8		0.523205
261.9		0.523205
262		0.523205
262.1		0.523484
262.2		0.523484
262.3		0.523484
262.4		0.523484
262.5		0.523484
262.6		0.523484
262.7		0.523484
262.8		0.523484
262.9		0.523484
263		0.523484
263.1		0.525627
263.2		0.525627
263.3		0.525627
263.4		0.525627
263.5		0.525627
263.6		0.525627
263.7		0.525627
263.8		0.525627
263.9		0.525627
264		0.525627
264.1		0.529143
264.2		0.529143
264.3		0.529143
264.4		0.529143
264.5		0.529143
264.6		0.529143
264.7		0.529143
264.8		0.529143
264.9		0.529143
265		0.529143
265.1		0.534276
265.2		0.534276
265.3		0.534276
265.4		0.534276
265.5		0.534276
265.6		0.534276
265.7		0.534276
265.8		0.534276
265.9		0.534276
266		0.534276
266.1		0.534738
266.2		0.534738
266.3		0.534738
266.4		0.534738
266.5		0.534738
266.6		0.534738
266.7		0.534738
266.8		0.534738
266.9		0.534738
267		0.534738
267.1		0.534985
267.2		0.534985
267.3		0.534985
267.4		0.534985
267.5		0.534985
267.6		0.534985
267.7		0.534985
267.8		0.534985
267.9		0.534985
268		0.534985
268.1		0.536558
268.2		0.536558
268.3		0.536558
268.4		0.536558
268.5		0.536558
268.6		0.536558
268.7		0.536558
268.8		0.536558
268.9		0.536558
269		0.536558
269.1		0.537294
269.2		0.537294
269.3		0.537294
269.4		0.537294
269.5		0.537294
269.6		0.537294
269.7		0.537294
269.8		0.537294
269.9		0.537294
270		0.537294
270.1		0.53863
270.2		0.53863
270.3		0.53863
270.4		0.53863
270.5		0.53863
270.6		0.53863
270.7		0.53863
270.8		0.53863
270.9		0.53863
271		0.53863
271.1		0.542904
271.2		0.542904
271.3		0.542904
271.4		0.542904
271.5		0.542904
271.6		0.542904
271.7		0.542904
271.8		0.542904
271.9		0.542904
272		0.542904
272.1		0.545111
272.2		0.545111
272.3		0.545111
272.4		0.545111
272.5		0.545111
272.6		0.545111
272.7		0.545111
272.8		0.545111
272.9		0.545111
273		0.545111
273.1		0.54655
273.2		0.54655
273.3		0.54655
273.4		0.54655
273.5		0.54655
273.6		0.54655
273.7		0.54655
273.8		0.54655
273.9		0.54655
274		0.54655
274.1		0.549664
274.2		0.549664
274.3		0.549664
274.4		0.549664
274.5		0.549664
274.6		0.549664
274.7		0.549664
274.8		0.549664
274.9		0.549664
275		0.549664
275.1		0.550185
275.2		0.550185
275.3		0.550185
275.4		0.550185
275.5		0.550185
275.6		0.550185
275.7		0.550185
275.8		0.550185
275.9		0.550185
276		0.550185
276.1		0.55077
276.2		0.55077
276.3		0.55077
276.4		0.55077
276.5		0.55077
276.6		0.55077
276.7		0.55077
276.8		0.55077
276.9		0.55077
277		0.55077
277.1		0.553809
277.2		0.553809
277.3		0.553809
277.4		0.553809
277.5		0.553809
277.6		0.553809
277.7		0.553809
277.8		0.553809
277.9		0.553809
278		0.553809
278.1		0.558722
278.2		0.558722
278.3		0.558722
278.4		0.558722
278.5		0.558722
278.6		0.558722
278.7		0.558722
278.8		0.558722
278.9		0.558722
279		0.558722
279.1		0.560053
279.2		0.560053
279.3		0.560053
279.4		0.560053
279.5		0.560053
279.6		0.560053
279.7		0.560053
279.8		0.560053
279.9		0.560053
280		0.560053
280.1		0.560767
280.2		0.560767
280.3		0.560767
280.4		0.560767
280.5		0.560767
280.6		0.560767
280.7		0.560767
280.8		0.560767
280.9		0.560767
281		0.560767
281.1		0.561803
281.2		0.561803
281.3		0.561803
281.4		0.561803
281.5		0.561803
281.6		0.561803
281.7		0.561803
281.8		0.561803
281.9		0.561803
282		0.561803
282.1		0.567457
282.2		0.567457
282.3		0.567457
282.4		0.567457
282.5		0.567457
282.6		0.567457
282.7		0.567457
282.8		0.567457
282.9		0.567457
283		0.567457
283.1		0.568375
283.2		0.568375
283.3		0.568375
283.4		0.568375
283.5		0.568375
283.6		0.568375
283.7		0.568375
283.8		0.568375
283.9		0.568375
284		0.568375
284.1		0.571988
284.2		0.571988
284.3		0.571988
284.4		0.571988
284.5		0.571988
284.6		0.571988
284.7		0.571988
284.8		0.571988
284.9		0.571988
285		0.571988
285.1		0.577411
285.2		0.577411
285.3		0.577411
285.4		0.577411
285.5		0.577411
285.6		0.577411
285.7		0.577411
285.8		0.577411
285.9		0.577411
286		0.577411
286.1		0.578217
286.2		0.578217
286.3		0.578217
286.4		0.578217
286.5		0.578217
286.6		0.578217
286.7		0.578217
286.8		0.578217
286.9		0.578217
287		0.578217
287.1		0.579886
287.2		0.579886
287.3		0.579886
287.4		0.579886
287.5		0.579886
287.6		0.579886
287.7		0.579886
287.8		0.579886
287.9		0.579886
288		0.579886
288.1		0.581229
288.2		0.581229
288.3		0.581229
288.4		0.581229
288.5		0.581229
288.6		0.581229
288.7		0.581229
288.8		0.581229
288.9		0.581229
289		0.581229
289.1		0.585089
289.2		0.585089
289.3		0.585089
289.4		0.585089
289.5		0.585089
289.6		0.585089
289.7		0.585089
289.8		0.585089
289.9		0.585089
290		0.585089
290.1		0.588982
290.2		0.588982
290.3		0.588982
290.4		0.588982
290.5		0.588982
290.6		0.588982
290.7		0.588982
290.8		0.588982
290.9		0.588982
291		0.588982
291.1		0.589223
291.2		0.589223
291.3		0.589223
291.4		0.589223
291.5		0.589223
291.6		0.589223
291.7		0.589223
291.8		0.589223
291.9		0.589223
292		0.589223
292.1		0.59085
292.2		0.59085
292.3		0.59085
292.4		0.59085
292.5		0.59085
292.6		0.59085
292.7		0.59085
292.8		0.59085
292.9		0.59085
293		0.59085
293.1		0.592144
293.2		0.592144
293.3		0.592144
293.4		0.592144
293.5		0.592144
293.6		0.592144
293.7		0.592144
293.8		0.592144
293.9		0.592144
294		0.592144
294.1		0.593062
294.2		0.593062
294.3		0.593062
294.4		0.593062
294.5		0.593062
294.6		0.593062
294.7		0.593062
294.8		0.593062
294.9		0.593062
295		0.593062
295.1		0.596316
295.2		0.596316
295.3		0.596316
295.4		0.596316
295.5		0.596316
295.6		0.596316
295.7		0.596316
295.8		0.596316
295.9		0.596316
296		0.596316
296.1		0.601062
296.2		0.601062
296.3		0.601062
296.4		0.601062
296.5		0.601062
296.6		0.601062
296.7		0.601062
296.8		0.601062
296.9		0.601062
297		0.601062
297.1		0.603553
297.2		0.603553
297.3		0.603553
297.4		0.603553
297.5		0.603553
297.6		0.603553
297.7		0.603553
297.8		0.603553
297.9		0.603553
298		0.603553
298.1		0.604509
298.2		0.604509
298.3		0.604509
298.4		0.604509
298.5		0.604509
298.6		0.604509
298.7		0.604509
298.8		0.604509
298.9		0.604509
299		0.604509
299.1		0.610216
299.2		0.610216
299.3		0.610216
299.4		0.610216
299.5		0.610216
299.6		0.610216
299.7		0.610216
299.8		0.610216
299.9		0.610216
300		0.610216
300.1		0.612874
300.2		0.612874
300.3		0.612874
300.4		0.612874
300.5		0.612874
300.6		0.612874
300.7		0.612874
300.8		0.612874
300.9		0.612874
301		0.612874
301.1		0.61667
301.2		0.61667
301.3		0.61667
301.4		0.61667
301.5		0.61667
301.6		0.61667
301.7		0.61667
301.8		0.61667
301.9		0.61667
302		0.61667
302.1		0.618404
302.2		0.618404
302.3		0.618404
302.4		0.618404
302.5		0.618404
302.6		0.618404
302.7		0.618404
302.8		0.618404
302.9		0.618404
303		0.618404
303.1		0.621169
303.2		0.621169
303.3		0.621169
303.4		0.621169
303.5		0.621169
303.6		0.621169
303.7		0.621169
303.8		0.621169
303.9		0.621169
304		0.621169
304.1		0.622399
304.2		0.622399
304.3		0.622399
304.4		0.622399
304.5		0.622399
304.6		0.622399
304.7		0.622399
304.8		0.622399
304.9		0.622399
305		0.622399
305.1		0.62453
305.2		0.62453
305.3		0.62453
305.4		0.62453
305.5		0.62453
305.6		0.62453
305.7		0.62453
305.8		0.62453
305.9		0.62453
306		0.62453
306.1		0.625185
306.2		0.625185
306.3		0.625185
306.4		0.625185
306.5		0.625185
306.6		0.625185
306.7		0.625185
306.8		0.625185
306.9		0.625185
307		0.625185
307.1		0.627746
307.2		0.627746
307.3		0.627746
307.4		0.627746
307.5		0.627746
307.6		0.627746
307.7		0.627746
307.8		0.627746
307.9		0.627746
308		0.627746
308.1		0.63028
308.2		0.63028
308.3		0.63028
308.4		0.63028
308.5		0.63028
308.6		0.63028
308.7		0.63028
308.8		0.63028
308.9		0.63028
309		0.63028
309.1		0.633223
309.2		0.633223
309.3		0.633223
309.4		0.633223
309.5		0.633223
309.6		0.633223
309.7		0.633223
309.8		0.633223
309.9		0.633223
310		0.633223
310.1		0.634586
310.2		0.634586
310.3		0.634586
310.4		0.634586
310.5		0.634586
310.6		0.634586
310.7		0.634586
310.8		0.634586
310.9		0.634586
311		0.634586
311.1		0.63486
311.2		0.63486
311.3		0.63486
311.4		0.63486
311.5		0.63486
311.6		0.63486
311.7		0.63486
311.8		0.63486
311.9		0.63486
312		0.63486
312.1		0.640288
312.2		0.640288
312.3		0.640288
312.4		0.640288
312.5		0.640288
312.6		0.640288
312.7		0.640288
312.8		0.640288
312.9		0.640288
313		0.640288
313.1		0.641362
313.2		0.641362
313.3		0.641362
313.4		0.641362
313.5		0.641362
313.6		0.641362
313.7		0.641362
313.8		0.641362
313.9		0.641362
314		0.641362
314.1		0.641679
314.2		0.641679
314.3		0.641679
314.4		0.641679
314.5		0.641679
314.6		0.641679
314.7		0.641679
314.8		0.641679
314.9		0.641679
315		0.641679
315.1		0.645926
315.2		0.645926
315.3		0.645926
315.4		0.645926
315.5		0.645926
315.6		0.645926
315.7		0.645926
315.8		0.645926
315.9		0.645926
316		0.645926
316.1		0.649502
316.2		0.649502
316.3		0.649502
316.4		0.649502
316.5		0.649502
316.6		0.649502
316.7		0.649502
316.8		0.649502
316.9		0.649502
317		0.649502
317.1		0.650721
317.2		0.650721
317.3		0.650721
317.4		0.650721
317.5		0.650721
317.6		0.650721
317.7		0.650721
317.8		0.650721
317.9		0.650721
318		0.650721
318.1		0.651784
318.2		0.651784
318.3		0.651784
318.4		0.651784
318.5		0.651784
318.6		0.651784
318.7		0.651784
318.8		0.651784
318.9		0.651784
319		0.651784
319.1		0.652374
319.2		0.652374
319.3		0.652374
319.4		0.652374
319.5		0.652374
319.6		0.652374
319.7		0.652374
319.8		0.652374
319.9		0.652374
320		0.652374
320.1		0.658334
320.2		0.658334
320.3		0.658334
320.4		0.658334
320.5		0.658334
320.6		0.658334
320.7		0.658334
320.8		0.658334
320.9		0.658334
321		0.658334
321.1		0.66031
321.2		0.66031
321.3		0.66031
321.4		0.66031
321.5		0.66031
321.6		0.66031
321.7		0.66031
321.8		0.66031
321.9		0.66031
322		0.66031
322.1		0.66075
322.2		0.66075
322.3		0.66075
322.4		0.66075
322.5		0.66075
322.6		0.66075
322.7		0.66075
322.8		0.66075
322.9		0.66075
323		0.66075
323.1		0.661754
323.2		0.661754
323.3		0.661754
323.4		0.661754
323.5		0.661754
323.6		0.661754
323.7		0.661754
323.8		0.661754
323.9		0.661754
324		0.661754
324.1		0.665083
324.2		0.665083
324.3		0.665083
324.4		0.665083
324.5		0.665083
324.6		0.665083
324.7		0.665083
324.8		0.665083
324.9		0.665083
325		0.665083
325.1		0.667252
325.2		0.667252
325.3		0.667252
325.4		0.667252
325.5		0.667252
325.6		0.667252
325.7		0.667252
325.8		0.667252
325.9		0.667252
326		0.667252
326.1		0.669185
326.2		0.669185
326.3		0.669185
326.4		0.669185
326.5		0.669185
326.6		0.669185
326.7		0.669185
326.8		0.669185
326.9		0.669185
327		0.669185
327.1		0.669437
327.2		0.669437
327.3		0.669437
327.4		0.669437
327.5		0.669437
327.6		0.669437
327.7		0.669437
327.8		0.669437
327.9		0.669437
328		0.669437
328.1		0.672685
328.2		0.672685
328.3		0.672685
328.4		0.672685
328.5		0.672685
328.6		0.672685
328.7		0.672685
328.8		0.672685
328.9		0.672685
329		0.672685
329.1		0.67385
329.2		0.67385
329.3		0.67385
329.4		0.67385
329.5		0.67385
329.6		0.67385
329.7		0.67385
329.8		0.67385
329.9		0.67385
330		0.67385
330.1		0.67566
330.2		0.67566
330.3		0.67566
330.4		0.67566
330.5		0.67566
330.6		0.67566
330.7		0.67566
330.8		0.67566
330.9		0.67566
331		0.67566
331.1		0.677985
331.2		0.677985
331.3		0.677985
331.4		0.677985
331.5		0.677985
331.6		0.677985
331.7		0.677985
331.8		0.677985
331.9		0.677985
332		0.677985
332.1		0.680975
332.2		0.680975
332.3		0.680975
332.4		0.680975
332.5		0.680975
332.6		0.680975
332.7		0.680975
332.8		0.680975
332.9		0.680975
333		0.680975
333.1		0.685276
333.2		0.685276
333.3		0.685276
333.4		0.685276
333.5		0.685276
333.6		0.685276
333.7		0.685276
333.8		0.685276
333.9		0.685276
334		0.685276
334.1		0.685641
334.2		0.685641
334.3		0.685641
334.4		0.685641
334.5		0.685641
334.6		0.685641
334.7		0.685641
334.8		0.685641
334.9		0.685641
335		0.685641
335.1		0.685866
335.2		0.685866
335.3		0.685866
335.4		0.685866
335.5		0.685866
335.6		0.685866
335.7		0.685866
335.8		0.685866
335.9		0.685866
336		0.685866
336.1		0.688701
336.2		0.688701
336.3		0.688701
336.4		0.688701
336.5		0.688701
336.6		0.688701
336.7		0.688701
336.8		0.688701
336.9		0.688701
337		0.688701
337.1		0.693367
337.2		0.693367
337.3		0.693367
337.4		0.693367
337.5		0.693367
337.6		0.693367
337.7		0.693367
337.8		0.693367
337.9		0.693367
338		0.693367
338.1		0.696658
338.2		0.696658
338.3		0.696658
338.4		0.696658
338.5		0.696658
338.6		0.696658
338.7		0.696658
338.8		0.696658
338.9		0.696658
339		0.696658
339.1		0.69727
339.2		0.69727
339.3		0.69727
339.4		0.69727
339.5		0.69727
339.6		0.69727
339.7		0.69727
339.8		0.69727
339.9		0.69727
340		0.69727
340.1		0.698054
340.2		0.698054
340.3		0.698054
340.4		0.698054
340.5		0.698054
340.6		0.698054
340.7		0.698054
340.8		0.698054
340.9		0.698054
341		0.698054
341.1		0.703708
341.2		0.703708
341.3		0.703708
341.4		0.703708
341.5		0.703708
341.6		0.703708
341.7		0.703708
341.8		0.703708
341.9		0.703708
342		0.703708
342.1		0.707047
342.2		0.707047
342.3		0.707047
342.4		0.707047
342.5		0.707047
342.6		0.707047
342.7		0.707047
342.8		0.707047
342.9		0.707047
343		0.707047
343.1		0.708857
343.2		0.708857
343.3		0.708857
343.4		0.708857
343.5		0.708857
343.6		0.708857
343.7		0.708857
343.8		0.708857
343.9		0.708857
344		0.708857
344.1		0.709243
344.2		0.709243
344.3		0.709243
344.4		0.709243
344.5		0.709243
344.6		0.709243
344.7		0.709243
344.8		0.709243
344.9		0.709243
345		0.709243
345.1		0.711853
345.2		0.711853
345.3		0.711853
345.4		0.711853
345.5		0.711853
345.6		0.711853
345.7		0.711853
345.8		0.711853
345.9		0.711853
346		0.711853
346.1		0.712594
346.2		0.712594
346.3		0.712594
346.4		0.712594
346.5		0.712594
346.6		0.712594
346.7		0.712594
346.8		0.712594
346.9		0.712594
347		0.712594
347.1		0.718586
347.2		0.718586
347.3		0.718586
347.4		0.718586
347.5		0.718586
347.6		0.718586
347.7		0.718586
347.8		0.718586
347.9		0.718586
348		0.718586
348.1		0.718736
348.2		0.718736
348.3		0.718736
348.4		0.718736
348.5		0.718736
348.6		0.718736
348.7		0.718736
348.8		0.718736
348.9		0.718736
349		0.718736
349.1		0.718994
349.2		0.718994
349.3		0.718994
349.4		0.718994
349.5		0.718994
349.6		0.718994
349.7		0.718994
349.8		0.718994
349.9		0.718994
350		0.718994
350.1		0.719761
350.2		0.719761
350.3		0.719761
350.4		0.719761
350.5		0.719761
350.6		0.719761
350.7		0.719761
350.8		0.719761
350.9		0.719761
351		0.719761
351.1		0.723514
351.2		0.723514
351.3		0.723514
351.4		0.723514
351.5		0.723514
351.6		0.723514
351.7		0.723514
351.8		0.723514
351.9		0.723514
352		0.723514
352.1		0.728669
352.2		0.728669
352.3		0.728669
352.4		0.728669
352.5		0.728669
352.6		0.728669
352.7		0.728669
352.8		0.728669
352.9		0.728669
353		0.728669
353.1		0.730054
353.2		0.730054
353.3		0.730054
353.4		0.730054
353.5		0.730054
353.6		0.730054
353.7		0.730054
353.8		0.730054
353.9		0.730054
354		0.730054
354.1		0.731777
354.2		0.731777
354.3		0.731777
354.4		0.731777
354.5		0.731777
354.6		0.731777
354.7		0.731777
354.8		0.731777
354.9		0.731777
355		0.731777
355.1		0.735611
355.2		0.735611
355.3		0.735611
355.4		0.735611
355.5		0.735611
355.6		0.735611
355.7		0.735611
355.8		0.735611
355.9		0.735611
356		0.735611
356.1		0.738108
356.2		0.738108
356.3		0.738108
356.4		0.738108
356.5		0.738108
356.6		0.738108
356.7		0.738108
356.8		0.738108
356.9		0.738108
357		0.738108
357.1		0.740835
357.2		0.740835
357.3		0.740835
357.4		0.740835
357.5		0.740835
357.6		0.740835
357.7		0.740835
357.8		0.740835
357.9		0.740835
358		0.740835
358.1		0.743525
358.2		0.743525
358.3		0.743525
358.4		0.743525
358.5		0.743525
358.6		0.743525
358.7		0.743525
358.8		0.743525
358.9		0.743525
359		0.743525
359.1		0.746199
359.2		0.746199
359.3		0.746199
359.4		0.746199
359.5		0.746199
359.6		0.746199
359.7		0.746199
359.8		0.746199
359.9		0.746199
360		0.746199
360.1		0.749877
360.2		0.749877
360.3		0.749877
360.4		0.749877
360.5		0.749877
360.6		0.749877
360.7		0.749877
360.8		0.749877
360.9		0.749877
361		0.749877
361.1		0.752738
361.2		0.752738
361.3		0.752738
361.4		0.752738
361.5		0.752738
361.6		0.752738
361.7		0.752738
361.8		0.752738
361.9		0.752738
362		0.752738
362.1		0.753012
362.2		0.753012
362.3		0.753012
362.4		0.753012
362.5		0.753012
362.6		0.753012
362.7		0.753012
362.8		0.753012
362.9		0.753012
363		0.753012
363.1		0.754489
363.2		0.754489
363.3		0.754489
363.4		0.754489
363.5		0.754489
363.6		0.754489
363.7		0.754489
363.8		0.754489
363.9		0.754489
364		0.754489
364.1		0.756411
364.2		0.756411
364.3		0.756411
364.4		0.756411
364.5		0.756411
364.6		0.756411
364.7		0.756411
364.8		0.756411
364.9		0.756411
365		0.756411
365.1		0.759095
365.2		0.759095
365.3		0.759095
365.4		0.759095
365.5		0.759095
365.6		0.759095
365.7		0.759095
365.8		0.759095
365.9		0.759095
366		0.759095
366.1		0.761157
366.2		0.761157
366.3		0.761157
366.4		0.761157
366.5		0.761157
366.6		0.761157
366.7		0.761157
366.8		0.761157
366.9		0.761157
367		0.761157
367.1		0.763654
367.2		0.763654
367.3		0.763654
367.4		0.763654
367.5		0.763654
367.6		0.763654
367.7		0.763654
367.8		0.763654
367.9		0.763654
368		0.763654
368.1		0.766644
368.2		0.766644
368.3		0.766644
368.4		0.766644
368.5		0.766644
368.6		0.766644
368.7		0.766644
368.8		0.766644
368.9		0.766644
369		0.766644
369.1		0.768298
369.2		0.768298
369.3		0.768298
369.4		0.768298
369.5		0.768298
369.6		0.768298
369.7		0.768298
369.8		0.768298
369.9		0.768298
370		0.768298
370.1		0.769721
370.2		0.769721
370.3		0.769721
370.4		0.769721
370.5		0.769721
370.6		0.769721
370.7		0.769721
370.8		0.769721
370.9		0.769721
371		0.769721
371.1		0.77
371.2		0.77
371.3		0.77
371.4		0.77
371.5		0.77
371.6		0.77
371.7		0.77
371.8		0.77
371.9		0.77
372		0.77
372.1		0.774112
372.2		0.774112
372.3		0.774112
372.4		0.774112
372.5		0.774112
372.6		0.774112
372.7		0.774112
372.8		0.774112
372.9		0.774112
373		0.774112
373.1		0.774531
373.2		0.774531
373.3		0.774531
373.4		0.774531
373.5		0.774531
373.6		0.774531
373.7		0.774531
373.8		0.774531
373.9		0.774531
374		0.774531
374.1		0.777796
374.2		0.777796
374.3		0.777796
374.4		0.777796
374.5		0.777796
374.6		0.777796
374.7		0.777796
374.8		0.777796
374.9		0.777796
375		0.777796
375.1		0.780244
375.2		0.780244
375.3		0.780244
375.4		0.780244
375.5		0.780244
375.6		0.780244
375.7		0.780244
375.8		0.780244
375.9		0.780244
376		0.780244
376.1		0.78244
376.2		0.78244
376.3		0.78244
376.4		0.78244
376.5		0.78244
376.6		0.78244
376.7		0.78244
376.8		0.78244
376.9		0.78244
377		0.78244
377.1		0.785312
377.2		0.785312
377.3		0.785312
377.4		0.785312
377.5		0.785312
377.6		0.785312
377.7		0.785312
377.8		0.785312
377.9		0.785312
378		0.785312
378.1		0.786563
378.2		0.786563
378.3		0.786563
378.4		0.786563
378.5		0.786563
378.6		0.786563
378.7		0.786563
378.8		0.786563
378.9		0.786563
379		0.786563
379.1		0.787218
379.2		0.787218
379.3		0.787218
379.4		0.787218
379.5		0.787218
379.6		0.787218
379.7		0.787218
379.8		0.787218
379.9		0.787218
380		0.787218
380.1		0.79044
380.2		0.79044
380.3		0.79044
380.4		0.79044
380.5		0.79044
380.6		0.79044
380.7		0.79044
380.8		0.79044
380.9		0.79044
381		0.79044
381.1		0.793366
381.2		0.793366
381.3		0.793366
381.4		0.793366
381.5		0.793366
381.6		0.793366
381.7		0.793366
381.8		0.793366
381.9		0.793366
382		0.793366
382.1		0.797178
382.2		0.797178
382.3		0.797178
382.4		0.797178
382.5		0.797178
382.6		0.797178
382.7		0.797178
382.8		0.797178
382.9		0.797178
383		0.797178
383.1		0.798789
383.2		0.798789
383.3		0.798789
383.4		0.798789
383.5		0.798789
383.6		0.798789
383.7		0.798789
383.8		0.798789
383.9		0.798789
384		0.798789
384.1		0.80005
384.2		0.80005
384.3		0.80005
384.4		0.80005
384.5		0.80005
384.6		0.80005
384.7		0.80005
384.8		0.80005
384.9		0.80005
385		0.80005
385.1		0.802633
385.2		0.802633
385.3		0.802633
385.4		0.802633
385.5		0.802633
385.6		0.802633
385.7		0.802633
385.8		0.802633
385.9		0.802633
386		0.802633
386.1		0.803744
386.2		0.803744
386.3		0.803744
386.4		0.803744
386.5		0.803744
386.6		0.803744
386.7		0.803744
386.8		0.803744
386.9		0.803744
387		0.803744
387.1		0.806987
387.2		0.806987
387.3		0.806987
387.4		0.806987
387.5		0.806987
387.6		0.806987
387.7		0.806987
387.8		0.806987
387.9		0.806987
388		0.806987
388.1		0.807481
388.2		0.807481
388.3		0.807481
388.4		0.807481
388.5		0.807481
388.6		0.807481
388.7		0.807481
388.8		0.807481
388.9		0.807481
389		0.807481
389.1		0.80987
389.2		0.80987
389.3		0.80987
389.4		0.80987
389.5		0.80987
389.6		0.80987
389.7		0.80987
389.8		0.80987
389.9		0.80987
390		0.80987
390.1		0.8143
390.2		0.8143
390.3		0.8143
390.4		0.8143
390.5		0.8143
390.6		0.8143
390.7		0.8143
390.8		0.8143
390.9		0.8143
391		0.8143
391.1		0.814644
391.2		0.814644
391.3		0.814644
391.4		0.814644
391.5		0.814644
391.6		0.814644
391.7		0.814644
391.8		0.814644
391.9		0.814644
392		0.814644
392.1		0.814923
392.2		0.814923
392.3		0.814923
392.4		0.814923
392.5		0.814923
392.6		0.814923
392.7		0.814923
392.8		0.814923
392.9		0.814923
393		0.814923
393.1		0.818246
393.2		0.818246
393.3		0.818246
393.4		0.818246
393.5		0.818246
393.6		0.818246
393.7		0.818246
393.8		0.818246
393.9		0.818246
394		0.818246
394.1		0.821897
394.2		0.821897
394.3		0.821897
394.4		0.821897
394.5		0.821897
394.6		0.821897
394.7		0.821897
394.8		0.821897
394.9		0.821897
395		0.821897
395.1		0.822579
395.2		0.822579
395.3		0.822579
395.4		0.822579
395.5		0.822579
395.6		0.822579
395.7		0.822579
395.8		0.822579
395.9		0.822579
396		0.822579
396.1		0.824136
396.2		0.824136
396.3		0.824136
396.4		0.824136
396.5		0.824136
396.6		0.824136
396.7		0.824136
396.8		0.824136
396.9		0.824136
397		0.824136
397.1		0.82565
397.2		0.82565
397.3		0.82565
397.4		0.82565
397.5		0.82565
397.6		0.82565
397.7		0.82565
397.8		0.82565
397.9		0.82565
398		0.82565
398.1		0.827841
398.2		0.827841
398.3		0.827841
398.4		0.827841
398.5		0.827841
398.6		0.827841
398.7		0.827841
398.8		0.827841
398.9		0.827841
399		0.827841
399.1		0.830123
399.2		0.830123
399.3		0.830123
399.4		0.830123
399.5		0.830123
399.6		0.830123
399.7		0.830123
399.8		0.830123
399.9		0.830123
400		0.830123
400.1		0.83059
400.2		0.83059
400.3		0.83059
400.4		0.83059
400.5		0.83059
400.6		0.83059
400.7		0.83059
400.8		0.83059
400.9		0.83059
401		0.83059
401.1		0.83329
401.2		0.83329
401.3		0.83329
401.4		0.83329
401.5		0.83329
401.6		0.83329
401.7		0.83329
401.8		0.83329
401.9		0.83329
402		0.83329
402.1		0.837274
402.2		0.837274
402.3		0.837274
402.4		0.837274
402.5		0.837274
402.6		0.837274
402.7		0.837274
402.8		0.837274
402.9		0.837274
403		0.837274
403.1		0.837398
403.2		0.837398
403.3		0.837398
403.4		0.837398
403.5		0.837398
403.6		0.837398
403.7		0.837398
403.8		0.837398
403.9		0.837398
404		0.837398
404.1		0.840313
404.2		0.840313
404.3		0.840313
404.4		0.840313
404.5		0.840313
404.6		0.840313
404.7		0.840313
404.8		0.840313
404.9		0.840313
405		0.840313
405.1		0.842235
405.2		0.842235
405.3		0.842235
405.4		0.842235
405.5		0.842235
405.6		0.842235
405.7		0.842235
405.8		0.842235
405.9		0.842235
406		0.842235
406.1		0.843798
406.2		0.843798
406.3		0.843798
406.4		0.843798
406.5		0.843798
406.6		0.843798
406.7		0.843798
406.8		0.843798
406.9		0.843798
407		0.843798
407.1		0.846713
407.2		0.846713
407.3		0.846713
407.4		0.846713
407.5		0.846713
407.6		0.846713
407.7		0.846713
407.8		0.846713
407.9		0.846713
408		0.846713
408.1		0.848904
408.2		0.848904
408.3		0.848904
408.4		0.848904
408.5		0.848904
408.6		0.848904
408.7		0.848904
408.8		0.848904
408.9		0.848904
409		0.848904
409.1		0.852807
409.2		0.852807
409.3		0.852807
409.4		0.852807
409.5		0.852807
409.6		0.852807
409.7		0.852807
409.8		0.852807
409.9		0.852807
410		0.852807
410.1		0.853188
410.2		0.853188
410.3		0.853188
410.4		0.853188
410.5		0.853188
410.6		0.853188
410.7		0.853188
410.8		0.853188
410.9		0.853188
411		0.853188
411.1		0.853365
411.2		0.853365
411.3		0.853365
411.4		0.853365
411.5		0.853365
411.6		0.853365
411.7		0.853365
411.8		0.853365
411.9		0.853365
412		0.853365
412.1		0.857865
412.2		0.857865
412.3		0.857865
412.4		0.857865
412.5		0.857865
412.6		0.857865
412.7		0.857865
412.8		0.857865
412.9		0.857865
413		0.857865
413.1		0.857967
413.2		0.857967
413.3		0.857967
413.4		0.857967
413.5		0.857967
413.6		0.857967
413.7		0.857967
413.8		0.857967
413.9		0.857967
414		0.857967
414.1		0.861086
414.2		0.861086
414.3		0.861086
414.4		0.861086
414.5		0.861086
414.6		0.861086
414.7		0.861086
414.8		0.861086
414.9		0.861086
415		0.861086
415.1		0.862375
415.2		0.862375
415.3		0.862375
415.4		0.862375
415.5		0.862375
415.6		0.862375
415.7		0.862375
415.8		0.862375
415.9		0.862375
416		0.862375
416.1		0.86812
416.2		0.86812
416.3		0.86812
416.4		0.86812
416.5		0.86812
416.6		0.86812
416.7		0.86812
416.8		0.86812
416.9		0.86812
417		0.86812
417.1		0.868812
417.2		0.868812
417.3		0.868812
417.4		0.868812
417.5		0.868812
417.6		0.868812
417.7		0.868812
417.8		0.868812
417.9		0.868812
418		0.868812
418.1		0.870047
418.2		0.870047
418.3		0.870047
418.4		0.870047
418.5		0.870047
418.6		0.870047
418.7		0.870047
418.8		0.870047
418.9		0.870047
419		0.870047
419.1		0.871454
419.2		0.871454
419.3		0.871454
419.4		0.871454
419.5		0.871454
419.6		0.871454
419.7		0.871454
419.8		0.871454
419.9		0.871454
420		0.871454
420.1		0.873021
420.2		0.873021
420.3		0.873021
420.4		0.873021
420.5		0.873021
420.6		0.873021
420.7		0.873021
420.8		0.873021
420.9		0.873021
421		0.873021
421.1		0.877381
421.2		0.877381
421.3		0.877381
421.4		0.877381
421.5		0.877381
421.6		0.877381
421.7		0.877381
421.8		0.877381
421.9		0.877381
422		0.877381
422.1		0.879115
422.2		0.879115
422.3		0.879115
422.4		0.879115
422.5		0.879115
422.6		0.879115
422.7		0.879115
422.8		0.879115
422.9		0.879115
423		0.879115
423.1		0.879545
423.2		0.879545
423.3		0.879545
423.4		0.879545
423.5		0.879545
423.6		0.879545
423.7		0.879545
423.8		0.879545
423.9		0.879545
424		0.879545
424.1		0.883362
424.2		0.883362
424.3		0.883362
424.4		0.883362
424.5		0.883362
424.6		0.883362
424.7		0.883362
424.8		0.883362
424.9		0.883362
425		0.883362
425.1		0.883625
425.2		0.883625
425.3		0.883625
425.4		0.883625
425.5		0.883625
425.6		0.883625
425.7		0.883625
425.8		0.883625
425.9		0.883625
426		0.883625
426.1		0.884066
426.2		0.884066
426.3		0.884066
426.4		0.884066
426.5		0.884066
426.6		0.884066
426.7		0.884066
426.8		0.884066
426.9		0.884066
427		0.884066
427.1		0.886197
427.2		0.886197
427.3		0.886197
427.4		0.886197
427.5		0.886197
427.6		0.886197
427.7		0.886197
427.8		0.886197
427.9		0.886197
428		0.886197
428.1		0.891083
428.2		0.891083
428.3		0.891083
428.4		0.891083
428.5		0.891083
428.6		0.891083
428.7		0.891083
428.8		0.891083
428.9		0.891083
429		0.891083
429.1		0.892747
429.2		0.892747
429.3		0.892747
429.4		0.892747
429.5		0.892747
429.6		0.892747
429.7		0.892747
429.8		0.892747
429.9		0.892747
430		0.892747
430.1		0.893811
430.2		0.893811
430.3		0.893811
430.4		0.893811
430.5		0.893811
430.6		0.893811
430.7		0.893811
430.8		0.893811
430.9		0.893811
431		0.893811
431.1		0.894788
431.2		0.894788
431.3		0.894788
431.4		0.894788
431.5		0.894788
431.6		0.894788
431.7		0.894788
431.8		0.894788
431.9		0.894788
432		0.894788
432.1		0.897553
432.2		0.897553
432.3		0.897553
432.4		0.897553
432.5		0.897553
432.6		0.897553
432.7		0.897553
432.8		0.897553
432.9		0.897553
433		0.897553
433.1		0.902299
433.2		0.902299
433.3		0.902299
433.4		0.902299
433.5		0.902299
433.6		0.902299
433.7		0.902299
433.8		0.902299
433.9		0.902299
434		0.902299
434.1		0.90341
434.2		0.90341
434.3		0.90341
434.4		0.90341
434.5		0.90341
434.6		0.90341
434.7		0.90341
434.8		0.90341
434.9		0.90341
435		0.90341
435.1		0.903566
435.2		0.903566
435.3		0.903566
435.4		0.903566
435.5		0.903566
435.6		0.903566
435.7		0.903566
435.8		0.903566
435.9		0.903566
436		0.903566
436.1		0.905231
436.2		0.905231
436.3		0.905231
436.4		0.905231
436.5		0.905231
436.6		0.905231
436.7		0.905231
436.8		0.905231
436.9		0.905231
437		0.905231
437.1		0.907233
437.2		0.907233
437.3		0.907233
437.4		0.907233
437.5		0.907233
437.6		0.907233
437.7		0.907233
437.8		0.907233
437.9		0.907233
438		0.907233
438.1		0.910353
438.2		0.910353
438.3		0.910353
438.4		0.910353
438.5		0.910353
438.6		0.910353
438.7		0.910353
438.8		0.910353
438.9		0.910353
439		0.910353
439.1		0.913048
439.2		0.913048
439.3		0.913048
439.4		0.913048
439.5		0.913048
439.6		0.913048
439.7		0.913048
439.8		0.913048
439.9		0.913048
440		0.913048
440.1		0.914439
440.2		0.914439
440.3		0.914439
440.4		0.914439
440.5		0.914439
440.6		0.914439
440.7		0.914439
440.8		0.914439
440.9		0.914439
441		0.914439
441.1		0.915217
441.2		0.915217
441.3		0.915217
441.4		0.915217
441.5		0.915217
441.6		0.915217
441.7		0.915217
441.8		0.915217
441.9		0.915217
442		0.915217
442.1		0.91984
442.2		0.91984
442.3		0.91984
442.4		0.91984
442.5		0.91984
442.6		0.91984
442.7		0.91984
442.8		0.91984
442.9		0.91984
443		0.91984
443.1		0.920178
443.2		0.920178
443.3		0.920178
443.4		0.920178
443.5		0.920178
443.6		0.920178
443.7		0.920178
443.8		0.920178
443.9		0.920178
444		0.920178
444.1		0.921391
444.2		0.921391
444.3		0.921391
444.4		0.921391
444.5		0.921391
444.6		0.921391
444.7		0.921391
444.8		0.921391
444.9		0.921391
445		0.921391
445.1		0.925021
445.2		0.925021
445.3		0.925021
445.4		0.925021
445.5		0.925021
445.6		0.925021
445.7		0.925021
445.8		0.925021
445.9		0.925021
446		0.925021
446.1		0.929365
446.2		0.929365
446.3		0.929365
446.4		0.929365
446.5		0.929365
446.6		0.929365
446.7		0.929365
446.8		0.929365
446.9		0.929365
447		0.929365
447.1		0.930046
447.2		0.930046
447.3		0.930046
447.4		0.930046
447.5		0.930046
447.6		0.930046
447.7		0.930046
447.8		0.930046
447.9		0.930046
448		0.930046
448.1		0.930224
448.2		0.930224
448.3		0.930224
448.4		0.930224
448.5		0.930224
448.6		0.930224
448.7		0.930224
448.8		0.930224
448.9		0.930224
449		0.930224
449.1		0.930814
449.2		0.930814
449.3		0.930814
449.4		0.930814
449.5		0.930814
449.6		0.930814
449.7		0.930814
449.8		0.930814
449.9		0.930814
450		0.930814
450.1		0.93664
450.2		0.93664
450.3		0.93664
450.4		0.93664
450.5		0.93664
450.6		0.93664
450.7		0.93664
450.8		0.93664
450.9		0.93664
451		0.93664
451.1		0.939791
451.2		0.939791
451.3		0.939791
451.4		0.939791
451.5		0.939791
451.6		0.939791
451.7		0.939791
451.8		0.939791
451.9		0.939791
452		0.939791
452.1		0.941574
452.2		0.941574
452.3		0.941574
452.4		0.941574
452.5		0.941574
452.6		0.941574
452.7		0.941574
452.8		0.941574
452.9		0.941574
453		0.941574
453.1		0.942014
453.2		0.942014
453.3		0.942014
453.4		0.942014
453.5		0.942014
453.6		0.942014
453.7		0.942014
453.8		0.942014
453.9		0.942014
454		0.942014
454.1		0.944054
454.2		0.944054
454.3		0.944054
454.4		0.944054
454.5		0.944054
454.6		0.944054
454.7		0.944054
454.8		0.944054
454.9		0.944054
455		0.944054
455.1		0.947689
455.2		0.947689
455.3		0.947689
455.4		0.947689
455.5		0.947689
455.6		0.947689
455.7		0.947689
455.8		0.947689
455.9		0.947689
456		0.947689
456.1		0.948811
456.2		0.948811
456.3		0.948811
456.4		0.948811
456.5		0.948811
456.6		0.948811
456.7		0.948811
456.8		0.948811
456.9		0.948811
457		0.948811
457.1		0.94995
457.2		0.94995
457.3		0.94995
457.4		0.94995
457.5		0.94995
457.6		0.94995
457.7		0.94995
457.8		0.94995
457.9		0.94995
458		0.94995
458.1		0.951448
458.2		0.951448
458.3		0.951448
458.4		0.951448
458.5		0.951448
458.6		0.951448
458.7		0.951448
458.8		0.951448
458.9		0.951448
459		0.951448
459.1		0.954282
459.2		0.954282
459.3		0.954282
459.4		0.954282
459.5		0.954282
459.6		0.954282
459.7		0.954282
459.8		0.954282
459.9		0.954282
460		0.954282
460.1		0.958851
460.2		0.958851
460.3		0.958851
460.4		0.958851
460.5		0.958851
460.6		0.958851
460.7		0.958851
460.8		0.958851
460.9		0.958851
461		0.958851
461.1		0.959625
461.2		0.959625
461.3		0.959625
461.4		0.959625
461.5		0.959625
461.6		0.959625
461.7		0.959625
461.8		0.959625
461.9		0.959625
462		0.959625
462.1		0.962025
462.2		0.962025
462.3		0.962025
462.4		0.962025
462.5		0.962025
462.6		0.962025
462.7		0.962025
462.8		0.962025
462.9		0.962025
463		0.962025
463.1		0.962212
463.2		0.962212
463.3		0.962212
463.4		0.962212
463.5		0.962212
463.6		0.962212
463.7		0.962212
463.8		0.962212
463.9		0.962212
464		0.962212
464.1		0.966212
464.2		0.966212
464.3		0.966212
464.4		0.966212
464.5		0.966212
464.6		0.966212
464.7		0.966212
464.8		0.966212
464.9		0.966212
465		0.966212
465.1		0.966728
465.2		0.966728
465.3		0.966728
465.4		0.966728
465.5		0.966728
465.6		0.966728
465.7		0.966728
465.8		0.966728
465.9		0.966728
466		0.966728
466.1		0.96916
466.2		0.96916
466.3		0.96916
466.4		0.96916
466.5		0.96916
466.6		0.96916
466.7		0.96916
466.8		0.96916
466.9		0.96916
467		0.96916
467.1		0.971351
467.2		0.971351
467.3		0.971351
467.4		0.971351
467.5		0.971351
467.6		0.971351
467.7		0.971351
467.8		0.971351
467.9		0.971351
468		0.971351
468.1		0.974524
468.2		0.974524
468.3		0.974524
468.4		0.974524
468.5		0.974524
468.6		0.974524
468.7		0.974524
468.8		0.974524
468.9		0.974524
469		0.974524
469.1		0.975743
469.2		0.975743
469.3		0.975743
469.4		0.975743
469.5		0.975743
469.6		0.975743
469.7		0.975743
469.8		0.975743
469.9		0.975743
470		0.975743
470.1		0.976553
470.2		0.976553
470.3		0.976553
470.4		0.976553
470.5		0.976553
470.6		0.976553
470.7		0.976553
470.8		0.976553
470.9		0.976553
471		0.976553
471.1		0.977224
471.2		0.977224
471.3		0.977224
471.4		0.977224
471.5		0.977224
471.6		0.977224
471.7		0.977224
471.8		0.977224
471.9		0.977224
472		0.977224
472.1		0.984177
472.2		0.984177
472.3		0.984177
472.4		0.984177
472.5		0.984177
472.6		0.984177
472.7		0.984177
472.8		0.984177
472.9		0.984177
473		0.984177
473.1		0.985477
473.2		0.985477
473.3		0.985477
473.4		0.985477
473.5		0.985477
473.6		0.985477
473.7		0.985477
473.8		0.985477
473.9		0.985477
474		0.985477
474.1		0.985686
474.2		0.985686
474.3		0.985686
474.4		0.985686
474.5		0.985686
474.6		0.985686
474.7		0.985686
474.8		0.985686
474.9		0.985686
475		0.985686
475.1		0.98829
475.2		0.98829
475.3		0.98829
475.4		0.98829
475.5		0.98829
475.6		0.98829
475.7		0.98829
475.8		0.98829
475.9		0.98829
476		0.98829
476.1		0.990636
476.2		0.990636
476.3		0.990636
476.4		0.990636
476.5		0.990636
476.6		0.990636
476.7		0.990636
476.8		0.990636
476.9		0.990636
477		0.990636
477.1		0.991103
477.2		0.991103
477.3		0.991103
477.4		0.991103
477.5		0.991103
477.6		0.991103
477.7		0.991103
477.8		0.991103
477.9		0.991103
478		0.991103
478.1		0.995361
478.2		0.995361
478.3		0.995361
478.4		0.995361
478.5		0.995361
478.6		0.995361
478.7		0.995361
478.8		0.995361
478.9		0.995361
479		0.995361
479.1		0.996805
479.2		0.996805
479.3		0.996805
479.4		0.996805
479.5		0.996805
479.6		0.996805
479.7		0.996805
479.8		0.996805
479.9		0.996805
480		0.996805
480.1		0.999302
480.2		0.999302
480.3		0.999302
480.4		0.999302
480.5		0.999302
480.6		0.999302
480.7		0.999302
480.8		0.999302
480.9		0.999302
481		0.999302
481.1		0.999957
481.2		0.999957
481.3		0.999957
481.4		0.999957
481.5		0.999957
481.6		0.999957
481.7		0.999957
481.8		0.999957
481.9		0.999957
482		0.999957
482.1		1
482.2		1
482.3		1
482.4		1
482.5		1
482.6		1
482.7		1
482.8		1
482.9		1
483		1
483.1		1
483.2		1
483.3		1
483.4		1
483.5		1
483.6		1
483.7		1
483.8		1
483.9		1
484		1
484.1		1
484.2		1
484.3		1
484.4		1
484.5		1
484.6		1
484.7		1
484.8		1
484.9		1
485		1
485.1		1
485.2		1
485.3		1
485.4		1
485.5		1
485.6		1
485.7		1
485.8		1
485.9		1
486		1
486.1		1
486.2		1
486.3		1
486.4		1
486.5		1
486.6		1
486.7		1
486.8		1
486.9		1
487		1
487.1		1
487.2		1
487.3		1
487.4		1
487.5		1
487.6		1
487.7		1
487.8		1
487.9		1
488		1
488.1		1
488.2		1
488.3		1
488.4		1
488.5		1
488.6		1
488.7		1
488.8		1
488.9		1
489		1
489.1		1
489.2		1
489.3		1
489.4		1
489.5		1
489.6		1
489.7		1
489.8		1
489.9		1
490		1
490.1		1
490.2		1
490.3		1
490.4		1
490.5		1
490.6		1
490.7		1
490.8		1
490.9		1
491		1
491.1		1
491.2		1
491.3		1
491.4		1
491.5		1
491.6		1
491.7		1
491.8		1
491.9		1
492		1
492.1		1
492.2		1
492.3		1
492.4		1
492.5		1
492.6		1
492.7		1
492.8		1
492.9		1
493		1
493.1		1
493.2		1
493.3		1
493.4		1
493.5		1
493.6		1
493.7		1
493.8		1
493.9		1
494		1
494.1		1
494.2		1
494.3		1
494.4		1
494.5		1
494.6		1
494.7		1
494.8		1
494.9		1
495		1
495.1		1
495.2		1
495.3		1
495.4		1
495.5		1
495.6		1
495.7		1
495.8		1
495.9		1
496		1
496.1		1
496.2		1
496.3		1
496.4		1
496.5		1
496.6		1
496.7		1
496.8		1
496.9		1
497		1
497.1		1
497.2		1
497.3		1
497.4		1
497.5		1
497.6		1
497.7		1
497.8		1
497.9		1
498		1
498.1		1
498.2		1
498.3		1
498.4		1
498.5		1
498.6		1
498.7		1
498.8		1
498.9		1
499		1
499.1		1
499.2		1
499.3		1
499.4		1
499.5		1
499.6		1
499.7		1
499.8		1
499.9		1
500		1
500.1		1
500.2		1
500.3		1
500.4		1
500.5		1
500.6		1
500.7		1
500.8		1
500.9		1
501		1
501.1		1
501.2		1
501.3		1
501.4		1
501.5		1
501.6		1
501.7		1
501.8		1
501.9		1
502		1
502.1		1
502.2		1
502.3		1
502.4		1
502.5		1
502.6		1
502.7		1
502.8		1
502.9		1
503		1
503.1		1
503.2		1
503.3		1
503.4		1
503.5		1
503.6		1
503.7		1
503.8		1
503.9		1
504		1
504.1		1
504.2		1
504.3		1
504.4		1
504.5		1
504.6		1
504.7		1
504.8		1
504.9		1
505		1
505.1		1
505.2		1
505.3		1
505.4		1
505.5		1
505.6		1
505.7		1
505.8		1
505.9		1
506		1
506.1		1
506.2		1
506.3		1
506.4		1
506.5		1
506.6		1
506.7		1
506.8		1
506.9		1
507		1
507.1		1
507.2		1
507.3		1
507.4		1
507.5		1
507.6		1
507.7		1
507.8		1
507.9		1
508		1
508.1		1
508.2		1
508.3		1
508.4		1
508.5		1
508.6		1
508.7		1
508.8		1
508.9		1
509		1
509.1		1
509.2		1
509.3		1
509.4		1
509.5		1
509.6		1
509.7		1
509.8		1
509.9		1
510		1
510.1		1
510.2		1
510.3		1
510.4		1
510.5		1
510.6		1
510.7		1
510.8		1
510.9		1
511		1
511.1		1
511.2		1
511.3		1
511.4		1
511.5		1
511.6		1
511.7		1
511.8		1
511.9		1
512		1
512.1		1
512.2		1
512.3		1
512.4		1
512.5		1
512.6		1
512.7		1
512.8		1
512.9		1
513		1
513.1		1
513.2		1
513.3		1
513.4		1
513.5		1
513.6		1
513.7		1
513.8		1
513.9		1
514		1
514.1		1
514.2		1
514.3		1
514.4		1
514.5		1
514.6		1
514.7		1
514.8		1
514.9		1
515		1
515.1		1
515.2		1
515.3		1
515.4		1
515.5		1
515.6		1
515.7		1
515.8		1
515.9		1
516		1
516.1		1
516.2		1
516.3		1
516.4		1
516.5		1
516.6		1
516.7		1
516.8		1
516.9		1
517		1
517.1		1
517.2		1
517.3		1
517.4		1
517.5		1
517.6		1
517.7		1
517.8		1
517.9		1
518		1
518.1		1
518.2		1
518.3		1
518.4		1
518.5		1
518.6		1
518.7		1
518.8		1
518.9		1
519		1
519.1		1
519.2		1
519.3		1
519.4		1
519.5		1
519.6		1
519.7		1
519.8		1
519.9		1
520		1
520.1		1
520.2		1
520.3		1
520.4		1
520.5		1
520.6		1
520.7		1
520.8		1
520.9		1
521		1
521.1		1
521.2		1
521.3		1
521.4		1
521.5		1
521.6		1
521.7		1
521.8		1
521.9		1
522		1
522.1		1
522.2		1
522.3		1
522.4		1
522.5		1
522.6		1
522.7		1
522.8		1
522.9		1
523		1
523.1		1
523.2		1
523.3		1
523.4		1
523.5		1
523.6		1
523.7		1
523.8		1
523.9		1
524		1
524.1		1
524.2		1
524.3		1
524.4		1
524.5		1
524.6		1
524.7		1
524.8		1
524.9		1
525		1
525.1		1
525.2		1
525.3		1
525.4		1
525.5		1
525.6		1
525.7		1
525.8		1
525.9		1
526		1
526.1		1
526.2		1
526.3		1
526.4		1
526.5		1
526.6		1
526.7		1
526.8		1
526.9		1
527		1
527.1		1
527.2		1
527.3		1
527.4		1
527.5		1
527.6		1
527.7		1
527.8		1
527.9		1
528		1
528.1		1
528.2		1
528.3		1
528.4		1
528.5		1
528.6		1
528.7		1
528.8		1
528.9		1
529		1
529.1		1
529.2		1
529.3		1
529.4		1
529.5		1
529.6		1
529.7		1
529.8		1
529.9		1
530		1
530.1		1
530.2		1
530.3		1
530.4		1
530.5		1
530.6		1
530.7		1
530.8		1
530.9		1
531		1
531.1		1
531.2		1
531.3		1
531.4		1
531.5		1
531.6		1
531.7		1
531.8		1
531.9		1
532		1
532.1		1
532.2		1
532.3		1
532.4		1
532.5		1
532.6		1
532.7		1
532.8		1
532.9		1
533		1
533.1		1
533.2		1
533.3		1
533.4		1
533.5		1
533.6		1
533.7		1
533.8		1
533.9		1
534		1
534.1		1
534.2		1
534.3		1
534.4		1
534.5		1
534.6		1
534.7		1
534.8		1
534.9		1
535		1
535.1		1
535.2		1
535.3		1
535.4		1
535.5		1
535.6		1
535.7		1
535.8		1
535.9		1
536		1
536.1		1
536.2		1
536.3		1
536.4		1
536.5		1
536.6		1
536.7		1
536.8		1
536.9		1
537		1
537.1		1
537.2		1
537.3		1
537.4		1
537.5		1
537.6		1
537.7		1
537.8		1
537.9		1
538		1
538.1		1
538.2		1
538.3		1
538.4		1
538.5		1
538.6		1
538.7		1
538.8		1
538.9		1
539		1
539.1		1
539.2		1
539.3		1
539.4		1
539.5		1
539.6		1
539.7		1
539.8		1
539.9		1
540		1
540.1		1
540.2		1
540.3		1
540.4		1
540.5		1
540.6		1
540.7		1
540.8		1
540.9		1
541		1
541.1		1
541.2		1
541.3		1
541.4		1
541.5		1
541.6		1
541.7		1
541.8		1
541.9		1
542		1
542.1		1
542.2		1
542.3		1
542.4		1
542.5		1
542.6		1
542.7		1
542.8		1
542.9		1
543		1
543.1		1
543.2		1
543.3		1
543.4		1
543.5		1
543.6		1
543.7		1
543.8		1
543.9		1
544		1
544.1		1
544.2		1
544.3		1
544.4		1
544.5		1
544.6		1
544.7		1
544.8		1
544.9		1
545		1
545.1		1
545.2		1
545.3		1
545.4		1
545.5		1
545.6		1
545.7		1
545.8		1
545.9		1
546		1
546.1		1
546.2		1
546.3		1
546.4		1
546.5		1
546.6		1
546.7		1
546.8		1
546.9		1
547		1
547.1		1
547.2		1
547.3		1
547.4		1
547.5		1
547.6		1
547.7		1
547.8		1
547.9		1
548		1
548.1		1
548.2		1
548.3		1
548.4		1
548.5		1
548.6		1
548.7		1
548.8		1
548.9		1
549		1
549.1		1
549.2		1
549.3		1
549.4		1
549.5		1
549.6		1
549.7		1
549.8		1
549.9		1
550		1
550.1		1
550.2		1
550.3		1
550.4		1
550.5		1
550.6		1
550.7		1
550.8		1
550.9		1
551		1
551.1		1
551.2		1
551.3		1
551.4		1
551.5		1
551.6		1
551.7		1
551.8		1
551.9		1
552		1
552.1		1
552.2		1
552.3		1
552.4		1
552.5		1
552.6		1
552.7		1
552.8		1
552.9		1
553		1
553.1		1
553.2		1
553.3		1
553.4		1
553.5		1
553.6		1
553.7		1
553.8		1
553.9		1
554		1
554.1		1
554.2		1
554.3		1
554.4		1
554.5		1
554.6		1
554.7		1
554.8		1
554.9		1
555		1
555.1		1
555.2		1
555.3		1
555.4		1
555.5		1
555.6		1
555.7		1
555.8		1
555.9		1
556		1
556.1		1
556.2		1
556.3		1
556.4		1
556.5		1
556.6		1
556.7		1
556.8		1
556.9		1
557		1
557.1		1
557.2		1
557.3		1
557.4		1
557.5		1
557.6		1
557.7		1
557.8		1
557.9		1
558		1
558.1		1
558.2		1
558.3		1
558.4		1
558.5		1
558.6		1
558.7		1
558.8		1
558.9		1
559		1
559.1		1
559.2		1
559.3		1
559.4		1
559.5		1
559.6		1
559.7		1
559.8		1
559.9		1
560		1
560.1		1
560.2		1
560.3		1
560.4		1
560.5		1
560.6		1
560.7		1
560.8		1
560.9		1
561		1
561.1		1
561.2		1
561.3		1
561.4		1
561.5		1
561.6		1
561.7		1
561.8		1
561.9		1
562		1
562.1		1
562.2		1
562.3		1
562.4		1
562.5		1
562.6		1
562.7		1
562.8		1
562.9		1
563		1
563.1		1
563.2		1
563.3		1
563.4		1
563.5		1
563.6		1
563.7		1
563.8		1
563.9		1
564		1
564.1		1
564.2		1
564.3		1
564.4		1
564.5		1
564.6		1
564.7		1
564.8		1
564.9		1
565		1
565.1		1
565.2		1
565.3		1
565.4		1
565.5		1
565.6		1
565.7		1
565.8		1
565.9		1
566		1
566.1		1
566.2		1
566.3		1
566.4		1
566.5		1
566.6		1
566.7		1
566.8		1
566.9		1
567		1
567.1		1
567.2		1
567.3		1
567.4		1
567.5		1
567.6		1
567.7		1
567.8		1
567.9		1
568		1
568.1		1
568.2		1
568.3		1
568.4		1
568.5		1
568.6		1
568.7		1
568.8		1
568.9		1
569		1
569.1		1
569.2		1
569.3		1
569.4		1
569.5		1
569.6		1
569.7		1
569.8		1
569.9		1
570		1
570.1		1
570.2		1
570.3		1
570.4		1
570.5		1
570.6		1
570.7		1
570.8		1
570.9		1
571		1
571.1		1
571.2		1
571.3		1
571.4		1
571.5		1
571.6		1
571.7		1
571.8		1
571.9		1
572		1
572.1		1
572.2		1
572.3		1
572.4		1
572.5		1
572.6		1
572.7		1
572.8		1
572.9		1
573		1
573.1		1
573.2		1
573.3		1
573.4		1
573.5		1
573.6		1
573.7		1
573.8		1
573.9		1
574		1
574.1		1
574.2		1
574.3		1
574.4		1
574.5		1
574.6		1
574.7		1
574.8		1
574.9		1
575		1
575.1		1
575.2		1
575.3		1
575.4		1
575.5		1
575.6		1
575.7		1
575.8		1
575.9		1
576		1
576.1		1
576.2		1
576.3		1
576.4		1
576.5		1
576.6		1
576.7		1
576.8		1
576.9		1
577		1
577.1		1
577.2		1
577.3		1
577.4		1
577.5		1
577.6		1
577.7		1
577.8		1
577.9		1
578		1
578.1		1
578.2		1
578.3		1
578.4		1
578.5		1
578.6		1
578.7		1
578.8		1
578.9		1
579		1
579.1		1
579.2		1
579.3		1
579.4		1
579.5		1
579.6		1
579.7		1
579.8		1
579.9		1
580		1
580.1		1
580.2		1
580.3		1
580.4		1
580.5		1
580.6		1
580.7		1
580.8		1
580.9		1
581		1
581.1		1
581.2		1
581.3		1
581.4		1
581.5		1
581.6		1
581.7		1
581.8		1
581.9		1
582		1
582.1		1
582.2		1
582.3		1
582.4		1
582.5		1
582.6		1
582.7		1
582.8		1
582.9		1
583		1
583.1		1
583.2		1
583.3		1
583.4		1
583.5		1
583.6		1
583.7		1
583.8		1
583.9		1
584		1
584.1		1
584.2		1
584.3		1
584.4		1
584.5		1
584.6		1
584.7		1
584.8		1
584.9		1
585		1
585.1		1
585.2		1
585.3		1
585.4		1
585.5		1
585.6		1
585.7		1
585.8		1
585.9		1
586		1
586.1		1
586.2		1
586.3		1
586.4		1
586.5		1
586.6		1
586.7		1
586.8		1
586.9		1
587		1
587.1		1
587.2		1
587.3		1
587.4		1
587.5		1
587.6		1
587.7		1
587.8		1
587.9		1
588		1
588.1		1
588.2		1
588.3		1
588.4		1
588.5		1
588.6		1
588.7		1
588.8		1
588.9		1
589		1
589.1		1
589.2		1
589.3		1
589.4		1
589.5		1
589.6		1
589.7		1
589.8		1
589.9		1
590		1
590.1		1
590.2		1
590.3		1
590.4		1
590.5		1
590.6		1
590.7		1
590.8		1
590.9		1
591		1
591.1		1
591.2		1
591.3		1
591.4		1
591.5		1
591.6		1
591.7		1
591.8		1
591.9		1
592		1
592.1		1
592.2		1
592.3		1
592.4		1
592.5		1
592.6		1
592.7		1
592.8		1
592.9		1
593		1
593.1		1
593.2		1
593.3		1
593.4		1
593.5		1
593.6		1
593.7		1
593.8		1
593.9		1
594		1
594.1		1
594.2		1
594.3		1
594.4		1
594.5		1
594.6		1
594.7		1
594.8		1
594.9		1
595		1
595.1		1
595.2		1
595.3		1
595.4		1
595.5		1
595.6		1
595.7		1
595.8		1
595.9		1
596		1
596.1		1
596.2		1
596.3		1
596.4		1
596.5		1
596.6		1
596.7		1
596.8		1
596.9		1
597		1
597.1		1
597.2		1
597.3		1
597.4		1
597.5		1
597.6		1
597.7		1
597.8		1
597.9		1
598		1
598.1		1
598.2		1
598.3		1
598.4		1
598.5		1
598.6		1
598.7		1
598.8		1
598.9		1
599		1
599.1		1
599.2		1
599.3		1
599.4		1
599.5		1
599.6		1
599.7		1
599.8		1
599.9		1
600		1
