# Calibration file of tamex_id 2 @ channel 2
# fine_T bin		 Calibration value
0.1		0
0.2		0
0.3		0
0.4		0
0.5		0
0.6		0
0.7		0
0.8		0
0.9		0
1		0
1.1		0
1.2		0
1.3		0
1.4		0
1.5		0
1.6		0
1.7		0
1.8		0
1.9		0
2		0
2.1		0
2.2		0
2.3		0
2.4		0
2.5		0
2.6		0
2.7		0
2.8		0
2.9		0
3		0
3.1		0
3.2		0
3.3		0
3.4		0
3.5		0
3.6		0
3.7		0
3.8		0
3.9		0
4		0
4.1		0
4.2		0
4.3		0
4.4		0
4.5		0
4.6		0
4.7		0
4.8		0
4.9		0
5		0
5.1		0
5.2		0
5.3		0
5.4		0
5.5		0
5.6		0
5.7		0
5.8		0
5.9		0
6		0
6.1		0
6.2		0
6.3		0
6.4		0
6.5		0
6.6		0
6.7		0
6.8		0
6.9		0
7		0
7.1		0
7.2		0
7.3		0
7.4		0
7.5		0
7.6		0
7.7		0
7.8		0
7.9		0
8		0
8.1		0
8.2		0
8.3		0
8.4		0
8.5		0
8.6		0
8.7		0
8.8		0
8.9		0
9		0
9.1		0
9.2		0
9.3		0
9.4		0
9.5		0
9.6		0
9.7		0
9.8		0
9.9		0
10		0
10.1		0
10.2		0
10.3		0
10.4		0
10.5		0
10.6		0
10.7		0
10.8		0
10.9		0
11		0
11.1		0
11.2		0
11.3		0
11.4		0
11.5		0
11.6		0
11.7		0
11.8		0
11.9		0
12		0
12.1		0
12.2		0
12.3		0
12.4		0
12.5		0
12.6		0
12.7		0
12.8		0
12.9		0
13		0
13.1		0
13.2		0
13.3		0
13.4		0
13.5		0
13.6		0
13.7		0
13.8		0
13.9		0
14		0
14.1		0
14.2		0
14.3		0
14.4		0
14.5		0
14.6		0
14.7		0
14.8		0
14.9		0
15		0
15.1		0
15.2		0
15.3		0
15.4		0
15.5		0
15.6		0
15.7		0
15.8		0
15.9		0
16		0
16.1		0.00029128
16.2		0.00029128
16.3		0.00029128
16.4		0.00029128
16.5		0.00029128
16.6		0.00029128
16.7		0.00029128
16.8		0.00029128
16.9		0.00029128
17		0.00029128
17.1		0.00747049
17.2		0.00747049
17.3		0.00747049
17.4		0.00747049
17.5		0.00747049
17.6		0.00747049
17.7		0.00747049
17.8		0.00747049
17.9		0.00747049
18		0.00747049
18.1		0.00762469
18.2		0.00762469
18.3		0.00762469
18.4		0.00762469
18.5		0.00762469
18.6		0.00762469
18.7		0.00762469
18.8		0.00762469
18.9		0.00762469
19		0.00762469
19.1		0.0101862
19.2		0.0101862
19.3		0.0101862
19.4		0.0101862
19.5		0.0101862
19.6		0.0101862
19.7		0.0101862
19.8		0.0101862
19.9		0.0101862
20		0.0101862
20.1		0.0162689
20.2		0.0162689
20.3		0.0162689
20.4		0.0162689
20.5		0.0162689
20.6		0.0162689
20.7		0.0162689
20.8		0.0162689
20.9		0.0162689
21		0.0162689
21.1		0.0186848
21.2		0.0186848
21.3		0.0186848
21.4		0.0186848
21.5		0.0186848
21.6		0.0186848
21.7		0.0186848
21.8		0.0186848
21.9		0.0186848
22		0.0186848
22.1		0.0188219
22.2		0.0188219
22.3		0.0188219
22.4		0.0188219
22.5		0.0188219
22.6		0.0188219
22.7		0.0188219
22.8		0.0188219
22.9		0.0188219
23		0.0188219
23.1		0.0199356
23.2		0.0199356
23.3		0.0199356
23.4		0.0199356
23.5		0.0199356
23.6		0.0199356
23.7		0.0199356
23.8		0.0199356
23.9		0.0199356
24		0.0199356
24.1		0.0212977
24.2		0.0212977
24.3		0.0212977
24.4		0.0212977
24.5		0.0212977
24.6		0.0212977
24.7		0.0212977
24.8		0.0212977
24.9		0.0212977
25		0.0212977
25.1		0.0246303
25.2		0.0246303
25.3		0.0246303
25.4		0.0246303
25.5		0.0246303
25.6		0.0246303
25.7		0.0246303
25.8		0.0246303
25.9		0.0246303
26		0.0246303
26.1		0.0268749
26.2		0.0268749
26.3		0.0268749
26.4		0.0268749
26.5		0.0268749
26.6		0.0268749
26.7		0.0268749
26.8		0.0268749
26.9		0.0268749
27		0.0268749
27.1		0.0286826
27.2		0.0286826
27.3		0.0286826
27.4		0.0286826
27.5		0.0286826
27.6		0.0286826
27.7		0.0286826
27.8		0.0286826
27.9		0.0286826
28		0.0286826
28.1		0.0291195
28.2		0.0291195
28.3		0.0291195
28.4		0.0291195
28.5		0.0291195
28.6		0.0291195
28.7		0.0291195
28.8		0.0291195
28.9		0.0291195
29		0.0291195
29.1		0.0316639
29.2		0.0316639
29.3		0.0316639
29.4		0.0316639
29.5		0.0316639
29.6		0.0316639
29.7		0.0316639
29.8		0.0316639
29.9		0.0316639
30		0.0316639
30.1		0.0343197
30.2		0.0343197
30.3		0.0343197
30.4		0.0343197
30.5		0.0343197
30.6		0.0343197
30.7		0.0343197
30.8		0.0343197
30.9		0.0343197
31		0.0343197
31.1		0.0358189
31.2		0.0358189
31.3		0.0358189
31.4		0.0358189
31.5		0.0358189
31.6		0.0358189
31.7		0.0358189
31.8		0.0358189
31.9		0.0358189
32		0.0358189
32.1		0.0386803
32.2		0.0386803
32.3		0.0386803
32.4		0.0386803
32.5		0.0386803
32.6		0.0386803
32.7		0.0386803
32.8		0.0386803
32.9		0.0386803
33		0.0386803
33.1		0.0393486
33.2		0.0393486
33.3		0.0393486
33.4		0.0393486
33.5		0.0393486
33.6		0.0393486
33.7		0.0393486
33.8		0.0393486
33.9		0.0393486
34		0.0393486
34.1		0.0448401
34.2		0.0448401
34.3		0.0448401
34.4		0.0448401
34.5		0.0448401
34.6		0.0448401
34.7		0.0448401
34.8		0.0448401
34.9		0.0448401
35		0.0448401
35.1		0.0463907
35.2		0.0463907
35.3		0.0463907
35.4		0.0463907
35.5		0.0463907
35.6		0.0463907
35.7		0.0463907
35.8		0.0463907
35.9		0.0463907
36		0.0463907
36.1		0.0471446
36.2		0.0471446
36.3		0.0471446
36.4		0.0471446
36.5		0.0471446
36.6		0.0471446
36.7		0.0471446
36.8		0.0471446
36.9		0.0471446
37		0.0471446
37.1		0.0480784
37.2		0.0480784
37.3		0.0480784
37.4		0.0480784
37.5		0.0480784
37.6		0.0480784
37.7		0.0480784
37.8		0.0480784
37.9		0.0480784
38		0.0480784
38.1		0.0528588
38.2		0.0528588
38.3		0.0528588
38.4		0.0528588
38.5		0.0528588
38.6		0.0528588
38.7		0.0528588
38.8		0.0528588
38.9		0.0528588
39		0.0528588
39.1		0.0531415
39.2		0.0531415
39.3		0.0531415
39.4		0.0531415
39.5		0.0531415
39.6		0.0531415
39.7		0.0531415
39.8		0.0531415
39.9		0.0531415
40		0.0531415
40.1		0.0558145
40.2		0.0558145
40.3		0.0558145
40.4		0.0558145
40.5		0.0558145
40.6		0.0558145
40.7		0.0558145
40.8		0.0558145
40.9		0.0558145
41		0.0558145
41.1		0.0572966
41.2		0.0572966
41.3		0.0572966
41.4		0.0572966
41.5		0.0572966
41.6		0.0572966
41.7		0.0572966
41.8		0.0572966
41.9		0.0572966
42		0.0572966
42.1		0.0610575
42.2		0.0610575
42.3		0.0610575
42.4		0.0610575
42.5		0.0610575
42.6		0.0610575
42.7		0.0610575
42.8		0.0610575
42.9		0.0610575
43		0.0610575
43.1		0.0614002
43.2		0.0614002
43.3		0.0614002
43.4		0.0614002
43.5		0.0614002
43.6		0.0614002
43.7		0.0614002
43.8		0.0614002
43.9		0.0614002
44		0.0614002
44.1		0.0624454
44.2		0.0624454
44.3		0.0624454
44.4		0.0624454
44.5		0.0624454
44.6		0.0624454
44.7		0.0624454
44.8		0.0624454
44.9		0.0624454
45		0.0624454
45.1		0.06451
45.2		0.06451
45.3		0.06451
45.4		0.06451
45.5		0.06451
45.6		0.06451
45.7		0.06451
45.8		0.06451
45.9		0.06451
46		0.06451
46.1		0.0670716
46.2		0.0670716
46.3		0.0670716
46.4		0.0670716
46.5		0.0670716
46.6		0.0670716
46.7		0.0670716
46.8		0.0670716
46.9		0.0670716
47		0.0670716
47.1		0.067697
47.2		0.067697
47.3		0.067697
47.4		0.067697
47.5		0.067697
47.6		0.067697
47.7		0.067697
47.8		0.067697
47.9		0.067697
48		0.067697
48.1		0.0718692
48.2		0.0718692
48.3		0.0718692
48.4		0.0718692
48.5		0.0718692
48.6		0.0718692
48.7		0.0718692
48.8		0.0718692
48.9		0.0718692
49		0.0718692
49.1		0.0732399
49.2		0.0732399
49.3		0.0732399
49.4		0.0732399
49.5		0.0732399
49.6		0.0732399
49.7		0.0732399
49.8		0.0732399
49.9		0.0732399
50		0.0732399
50.1		0.0777119
50.2		0.0777119
50.3		0.0777119
50.4		0.0777119
50.5		0.0777119
50.6		0.0777119
50.7		0.0777119
50.8		0.0777119
50.9		0.0777119
51		0.0777119
51.1		0.077849
51.2		0.077849
51.3		0.077849
51.4		0.077849
51.5		0.077849
51.6		0.077849
51.7		0.077849
51.8		0.077849
51.9		0.077849
52		0.077849
52.1		0.0780546
52.2		0.0780546
52.3		0.0780546
52.4		0.0780546
52.5		0.0780546
52.6		0.0780546
52.7		0.0780546
52.8		0.0780546
52.9		0.0780546
53		0.0780546
53.1		0.0807875
53.2		0.0807875
53.3		0.0807875
53.4		0.0807875
53.5		0.0807875
53.6		0.0807875
53.7		0.0807875
53.8		0.0807875
53.9		0.0807875
54		0.0807875
54.1		0.0814986
54.2		0.0814986
54.3		0.0814986
54.4		0.0814986
54.5		0.0814986
54.6		0.0814986
54.7		0.0814986
54.8		0.0814986
54.9		0.0814986
55		0.0814986
55.1		0.0863132
55.2		0.0863132
55.3		0.0863132
55.4		0.0863132
55.5		0.0863132
55.6		0.0863132
55.7		0.0863132
55.8		0.0863132
55.9		0.0863132
56		0.0863132
56.1		0.0876326
56.2		0.0876326
56.3		0.0876326
56.4		0.0876326
56.5		0.0876326
56.6		0.0876326
56.7		0.0876326
56.8		0.0876326
56.9		0.0876326
57		0.0876326
57.1		0.0894574
57.2		0.0894574
57.3		0.0894574
57.4		0.0894574
57.5		0.0894574
57.6		0.0894574
57.7		0.0894574
57.8		0.0894574
57.9		0.0894574
58		0.0894574
58.1		0.0921817
58.2		0.0921817
58.3		0.0921817
58.4		0.0921817
58.5		0.0921817
58.6		0.0921817
58.7		0.0921817
58.8		0.0921817
58.9		0.0921817
59		0.0921817
59.1		0.0930727
59.2		0.0930727
59.3		0.0930727
59.4		0.0930727
59.5		0.0930727
59.6		0.0930727
59.7		0.0930727
59.8		0.0930727
59.9		0.0930727
60		0.0930727
60.1		0.0974247
60.2		0.0974247
60.3		0.0974247
60.4		0.0974247
60.5		0.0974247
60.6		0.0974247
60.7		0.0974247
60.8		0.0974247
60.9		0.0974247
61		0.0974247
61.1		0.0989668
61.2		0.0989668
61.3		0.0989668
61.4		0.0989668
61.5		0.0989668
61.6		0.0989668
61.7		0.0989668
61.8		0.0989668
61.9		0.0989668
62		0.0989668
62.1		0.100912
62.2		0.100912
62.3		0.100912
62.4		0.100912
62.5		0.100912
62.6		0.100912
62.7		0.100912
62.8		0.100912
62.9		0.100912
63		0.100912
63.1		0.105092
63.2		0.105092
63.3		0.105092
63.4		0.105092
63.5		0.105092
63.6		0.105092
63.7		0.105092
63.8		0.105092
63.9		0.105092
64		0.105092
64.1		0.105444
64.2		0.105444
64.3		0.105444
64.4		0.105444
64.5		0.105444
64.6		0.105444
64.7		0.105444
64.8		0.105444
64.9		0.105444
65		0.105444
65.1		0.109881
65.2		0.109881
65.3		0.109881
65.4		0.109881
65.5		0.109881
65.6		0.109881
65.7		0.109881
65.8		0.109881
65.9		0.109881
66		0.109881
66.1		0.110361
66.2		0.110361
66.3		0.110361
66.4		0.110361
66.5		0.110361
66.6		0.110361
66.7		0.110361
66.8		0.110361
66.9		0.110361
67		0.110361
67.1		0.111937
67.2		0.111937
67.3		0.111937
67.4		0.111937
67.5		0.111937
67.6		0.111937
67.7		0.111937
67.8		0.111937
67.9		0.111937
68		0.111937
68.1		0.114533
68.2		0.114533
68.3		0.114533
68.4		0.114533
68.5		0.114533
68.6		0.114533
68.7		0.114533
68.8		0.114533
68.9		0.114533
69		0.114533
69.1		0.115193
69.2		0.115193
69.3		0.115193
69.4		0.115193
69.5		0.115193
69.6		0.115193
69.7		0.115193
69.8		0.115193
69.9		0.115193
70		0.115193
70.1		0.117386
70.2		0.117386
70.3		0.117386
70.4		0.117386
70.5		0.117386
70.6		0.117386
70.7		0.117386
70.8		0.117386
70.9		0.117386
71		0.117386
71.1		0.120761
71.2		0.120761
71.3		0.120761
71.4		0.120761
71.5		0.120761
71.6		0.120761
71.7		0.120761
71.8		0.120761
71.9		0.120761
72		0.120761
72.1		0.120958
72.2		0.120958
72.3		0.120958
72.4		0.120958
72.5		0.120958
72.6		0.120958
72.7		0.120958
72.8		0.120958
72.9		0.120958
73		0.120958
73.1		0.122826
73.2		0.122826
73.3		0.122826
73.4		0.122826
73.5		0.122826
73.6		0.122826
73.7		0.122826
73.8		0.122826
73.9		0.122826
74		0.122826
74.1		0.125533
74.2		0.125533
74.3		0.125533
74.4		0.125533
74.5		0.125533
74.6		0.125533
74.7		0.125533
74.8		0.125533
74.9		0.125533
75		0.125533
75.1		0.126536
75.2		0.126536
75.3		0.126536
75.4		0.126536
75.5		0.126536
75.6		0.126536
75.7		0.126536
75.8		0.126536
75.9		0.126536
76		0.126536
76.1		0.131539
76.2		0.131539
76.3		0.131539
76.4		0.131539
76.5		0.131539
76.6		0.131539
76.7		0.131539
76.8		0.131539
76.9		0.131539
77		0.131539
77.1		0.131676
77.2		0.131676
77.3		0.131676
77.4		0.131676
77.5		0.131676
77.6		0.131676
77.7		0.131676
77.8		0.131676
77.9		0.131676
78		0.131676
78.1		0.131976
78.2		0.131976
78.3		0.131976
78.4		0.131976
78.5		0.131976
78.6		0.131976
78.7		0.131976
78.8		0.131976
78.9		0.131976
79		0.131976
79.1		0.132901
79.2		0.132901
79.3		0.132901
79.4		0.132901
79.5		0.132901
79.6		0.132901
79.7		0.132901
79.8		0.132901
79.9		0.132901
80		0.132901
80.1		0.139789
80.2		0.139789
80.3		0.139789
80.4		0.139789
80.5		0.139789
80.6		0.139789
80.7		0.139789
80.8		0.139789
80.9		0.139789
81		0.139789
81.1		0.139977
81.2		0.139977
81.3		0.139977
81.4		0.139977
81.5		0.139977
81.6		0.139977
81.7		0.139977
81.8		0.139977
81.9		0.139977
82		0.139977
82.1		0.141605
82.2		0.141605
82.3		0.141605
82.4		0.141605
82.5		0.141605
82.6		0.141605
82.7		0.141605
82.8		0.141605
82.9		0.141605
83		0.141605
83.1		0.142907
83.2		0.142907
83.3		0.142907
83.4		0.142907
83.5		0.142907
83.6		0.142907
83.7		0.142907
83.8		0.142907
83.9		0.142907
84		0.142907
84.1		0.148202
84.2		0.148202
84.3		0.148202
84.4		0.148202
84.5		0.148202
84.6		0.148202
84.7		0.148202
84.8		0.148202
84.9		0.148202
85		0.148202
85.1		0.149264
85.2		0.149264
85.3		0.149264
85.4		0.149264
85.5		0.149264
85.6		0.149264
85.7		0.149264
85.8		0.149264
85.9		0.149264
86		0.149264
86.1		0.151363
86.2		0.151363
86.3		0.151363
86.4		0.151363
86.5		0.151363
86.6		0.151363
86.7		0.151363
86.8		0.151363
86.9		0.151363
87		0.151363
87.1		0.152305
87.2		0.152305
87.3		0.152305
87.4		0.152305
87.5		0.152305
87.6		0.152305
87.7		0.152305
87.8		0.152305
87.9		0.152305
88		0.152305
88.1		0.154644
88.2		0.154644
88.3		0.154644
88.4		0.154644
88.5		0.154644
88.6		0.154644
88.7		0.154644
88.8		0.154644
88.9		0.154644
89		0.154644
89.1		0.157985
89.2		0.157985
89.3		0.157985
89.4		0.157985
89.5		0.157985
89.6		0.157985
89.7		0.157985
89.8		0.157985
89.9		0.157985
90		0.157985
90.1		0.159348
90.2		0.159348
90.3		0.159348
90.4		0.159348
90.5		0.159348
90.6		0.159348
90.7		0.159348
90.8		0.159348
90.9		0.159348
91		0.159348
91.1		0.163768
91.2		0.163768
91.3		0.163768
91.4		0.163768
91.5		0.163768
91.6		0.163768
91.7		0.163768
91.8		0.163768
91.9		0.163768
92		0.163768
92.1		0.164385
92.2		0.164385
92.3		0.164385
92.4		0.164385
92.5		0.164385
92.6		0.164385
92.7		0.164385
92.8		0.164385
92.9		0.164385
93		0.164385
93.1		0.165087
93.2		0.165087
93.3		0.165087
93.4		0.165087
93.5		0.165087
93.6		0.165087
93.7		0.165087
93.8		0.165087
93.9		0.165087
94		0.165087
94.1		0.169054
94.2		0.169054
94.3		0.169054
94.4		0.169054
94.5		0.169054
94.6		0.169054
94.7		0.169054
94.8		0.169054
94.9		0.169054
95		0.169054
95.1		0.170836
95.2		0.170836
95.3		0.170836
95.4		0.170836
95.5		0.170836
95.6		0.170836
95.7		0.170836
95.8		0.170836
95.9		0.170836
96		0.170836
96.1		0.172472
96.2		0.172472
96.3		0.172472
96.4		0.172472
96.5		0.172472
96.6		0.172472
96.7		0.172472
96.8		0.172472
96.9		0.172472
97		0.172472
97.1		0.176113
97.2		0.176113
97.3		0.176113
97.4		0.176113
97.5		0.176113
97.6		0.176113
97.7		0.176113
97.8		0.176113
97.9		0.176113
98		0.176113
98.1		0.177758
98.2		0.177758
98.3		0.177758
98.4		0.177758
98.5		0.177758
98.6		0.177758
98.7		0.177758
98.8		0.177758
98.9		0.177758
99		0.177758
99.1		0.178889
99.2		0.178889
99.3		0.178889
99.4		0.178889
99.5		0.178889
99.6		0.178889
99.7		0.178889
99.8		0.178889
99.9		0.178889
100		0.178889
100.1		0.180594
100.2		0.180594
100.3		0.180594
100.4		0.180594
100.5		0.180594
100.6		0.180594
100.7		0.180594
100.8		0.180594
100.9		0.180594
101		0.180594
101.1		0.183267
101.2		0.183267
101.3		0.183267
101.4		0.183267
101.5		0.183267
101.6		0.183267
101.7		0.183267
101.8		0.183267
101.9		0.183267
102		0.183267
102.1		0.185092
102.2		0.185092
102.3		0.185092
102.4		0.185092
102.5		0.185092
102.6		0.185092
102.7		0.185092
102.8		0.185092
102.9		0.185092
103		0.185092
103.1		0.188047
103.2		0.188047
103.3		0.188047
103.4		0.188047
103.5		0.188047
103.6		0.188047
103.7		0.188047
103.8		0.188047
103.9		0.188047
104		0.188047
104.1		0.191817
104.2		0.191817
104.3		0.191817
104.4		0.191817
104.5		0.191817
104.6		0.191817
104.7		0.191817
104.8		0.191817
104.9		0.191817
105		0.191817
105.1		0.192134
105.2		0.192134
105.3		0.192134
105.4		0.192134
105.5		0.192134
105.6		0.192134
105.7		0.192134
105.8		0.192134
105.9		0.192134
106		0.192134
106.1		0.194678
106.2		0.194678
106.3		0.194678
106.4		0.194678
106.5		0.194678
106.6		0.194678
106.7		0.194678
106.8		0.194678
106.9		0.194678
107		0.194678
107.1		0.195569
107.2		0.195569
107.3		0.195569
107.4		0.195569
107.5		0.195569
107.6		0.195569
107.7		0.195569
107.8		0.195569
107.9		0.195569
108		0.195569
108.1		0.196092
108.2		0.196092
108.3		0.196092
108.4		0.196092
108.5		0.196092
108.6		0.196092
108.7		0.196092
108.8		0.196092
108.9		0.196092
109		0.196092
109.1		0.199836
109.2		0.199836
109.3		0.199836
109.4		0.199836
109.5		0.199836
109.6		0.199836
109.7		0.199836
109.8		0.199836
109.9		0.199836
110		0.199836
110.1		0.204522
110.2		0.204522
110.3		0.204522
110.4		0.204522
110.5		0.204522
110.6		0.204522
110.7		0.204522
110.8		0.204522
110.9		0.204522
111		0.204522
111.1		0.205875
111.2		0.205875
111.3		0.205875
111.4		0.205875
111.5		0.205875
111.6		0.205875
111.7		0.205875
111.8		0.205875
111.9		0.205875
112		0.205875
112.1		0.206175
112.2		0.206175
112.3		0.206175
112.4		0.206175
112.5		0.206175
112.6		0.206175
112.7		0.206175
112.8		0.206175
112.9		0.206175
113		0.206175
113.1		0.20722
113.2		0.20722
113.3		0.20722
113.4		0.20722
113.5		0.20722
113.6		0.20722
113.7		0.20722
113.8		0.20722
113.9		0.20722
114		0.20722
114.1		0.210373
114.2		0.210373
114.3		0.210373
114.4		0.210373
114.5		0.210373
114.6		0.210373
114.7		0.210373
114.8		0.210373
114.9		0.210373
115		0.210373
115.1		0.215231
115.2		0.215231
115.3		0.215231
115.4		0.215231
115.5		0.215231
115.6		0.215231
115.7		0.215231
115.8		0.215231
115.9		0.215231
116		0.215231
116.1		0.215693
116.2		0.215693
116.3		0.215693
116.4		0.215693
116.5		0.215693
116.6		0.215693
116.7		0.215693
116.8		0.215693
116.9		0.215693
117		0.215693
117.1		0.217578
117.2		0.217578
117.3		0.217578
117.4		0.217578
117.5		0.217578
117.6		0.217578
117.7		0.217578
117.8		0.217578
117.9		0.217578
118		0.217578
118.1		0.218914
118.2		0.218914
118.3		0.218914
118.4		0.218914
118.5		0.218914
118.6		0.218914
118.7		0.218914
118.8		0.218914
118.9		0.218914
119		0.218914
119.1		0.222855
119.2		0.222855
119.3		0.222855
119.4		0.222855
119.5		0.222855
119.6		0.222855
119.7		0.222855
119.8		0.222855
119.9		0.222855
120		0.222855
120.1		0.223104
120.2		0.223104
120.3		0.223104
120.4		0.223104
120.5		0.223104
120.6		0.223104
120.7		0.223104
120.8		0.223104
120.9		0.223104
121		0.223104
121.1		0.225434
121.2		0.225434
121.3		0.225434
121.4		0.225434
121.5		0.225434
121.6		0.225434
121.7		0.225434
121.8		0.225434
121.9		0.225434
122		0.225434
122.1		0.226556
122.2		0.226556
122.3		0.226556
122.4		0.226556
122.5		0.226556
122.6		0.226556
122.7		0.226556
122.8		0.226556
122.9		0.226556
123		0.226556
123.1		0.230634
123.2		0.230634
123.3		0.230634
123.4		0.230634
123.5		0.230634
123.6		0.230634
123.7		0.230634
123.8		0.230634
123.9		0.230634
124		0.230634
124.1		0.233444
124.2		0.233444
124.3		0.233444
124.4		0.233444
124.5		0.233444
124.6		0.233444
124.7		0.233444
124.8		0.233444
124.9		0.233444
125		0.233444
125.1		0.235063
125.2		0.235063
125.3		0.235063
125.4		0.235063
125.5		0.235063
125.6		0.235063
125.7		0.235063
125.8		0.235063
125.9		0.235063
126		0.235063
126.1		0.235997
126.2		0.235997
126.3		0.235997
126.4		0.235997
126.5		0.235997
126.6		0.235997
126.7		0.235997
126.8		0.235997
126.9		0.235997
127		0.235997
127.1		0.237102
127.2		0.237102
127.3		0.237102
127.4		0.237102
127.5		0.237102
127.6		0.237102
127.7		0.237102
127.8		0.237102
127.9		0.237102
128		0.237102
128.1		0.242448
128.2		0.242448
128.3		0.242448
128.4		0.242448
128.5		0.242448
128.6		0.242448
128.7		0.242448
128.8		0.242448
128.9		0.242448
129		0.242448
129.1		0.244127
129.2		0.244127
129.3		0.244127
129.4		0.244127
129.5		0.244127
129.6		0.244127
129.7		0.244127
129.8		0.244127
129.9		0.244127
130		0.244127
130.1		0.246372
130.2		0.246372
130.3		0.246372
130.4		0.246372
130.5		0.246372
130.6		0.246372
130.7		0.246372
130.8		0.246372
130.9		0.246372
131		0.246372
131.1		0.248034
131.2		0.248034
131.3		0.248034
131.4		0.248034
131.5		0.248034
131.6		0.248034
131.7		0.248034
131.8		0.248034
131.9		0.248034
132		0.248034
132.1		0.250553
132.2		0.250553
132.3		0.250553
132.4		0.250553
132.5		0.250553
132.6		0.250553
132.7		0.250553
132.8		0.250553
132.9		0.250553
133		0.250553
133.1		0.252883
133.2		0.252883
133.3		0.252883
133.4		0.252883
133.5		0.252883
133.6		0.252883
133.7		0.252883
133.8		0.252883
133.9		0.252883
134		0.252883
134.1		0.253697
134.2		0.253697
134.3		0.253697
134.4		0.253697
134.5		0.253697
134.6		0.253697
134.7		0.253697
134.8		0.253697
134.9		0.253697
135		0.253697
135.1		0.254065
135.2		0.254065
135.3		0.254065
135.4		0.254065
135.5		0.254065
135.6		0.254065
135.7		0.254065
135.8		0.254065
135.9		0.254065
136		0.254065
136.1		0.260876
136.2		0.260876
136.3		0.260876
136.4		0.260876
136.5		0.260876
136.6		0.260876
136.7		0.260876
136.8		0.260876
136.9		0.260876
137		0.260876
137.1		0.26127
137.2		0.26127
137.3		0.26127
137.4		0.26127
137.5		0.26127
137.6		0.26127
137.7		0.26127
137.8		0.26127
137.9		0.26127
138		0.26127
138.1		0.262923
138.2		0.262923
138.3		0.262923
138.4		0.262923
138.5		0.262923
138.6		0.262923
138.7		0.262923
138.8		0.262923
138.9		0.262923
139		0.262923
139.1		0.263086
139.2		0.263086
139.3		0.263086
139.4		0.263086
139.5		0.263086
139.6		0.263086
139.7		0.263086
139.8		0.263086
139.9		0.263086
140		0.263086
140.1		0.268535
140.2		0.268535
140.3		0.268535
140.4		0.268535
140.5		0.268535
140.6		0.268535
140.7		0.268535
140.8		0.268535
140.9		0.268535
141		0.268535
141.1		0.27006
141.2		0.27006
141.3		0.27006
141.4		0.27006
141.5		0.27006
141.6		0.27006
141.7		0.27006
141.8		0.27006
141.9		0.27006
142		0.27006
142.1		0.270711
142.2		0.270711
142.3		0.270711
142.4		0.270711
142.5		0.270711
142.6		0.270711
142.7		0.270711
142.8		0.270711
142.9		0.270711
143		0.270711
143.1		0.273401
143.2		0.273401
143.3		0.273401
143.4		0.273401
143.5		0.273401
143.6		0.273401
143.7		0.273401
143.8		0.273401
143.9		0.273401
144		0.273401
144.1		0.276759
144.2		0.276759
144.3		0.276759
144.4		0.276759
144.5		0.276759
144.6		0.276759
144.7		0.276759
144.8		0.276759
144.9		0.276759
145		0.276759
145.1		0.277299
145.2		0.277299
145.3		0.277299
145.4		0.277299
145.5		0.277299
145.6		0.277299
145.7		0.277299
145.8		0.277299
145.9		0.277299
146		0.277299
146.1		0.278892
146.2		0.278892
146.3		0.278892
146.4		0.278892
146.5		0.278892
146.6		0.278892
146.7		0.278892
146.8		0.278892
146.9		0.278892
147		0.278892
147.1		0.282868
147.2		0.282868
147.3		0.282868
147.4		0.282868
147.5		0.282868
147.6		0.282868
147.7		0.282868
147.8		0.282868
147.9		0.282868
148		0.282868
148.1		0.283844
148.2		0.283844
148.3		0.283844
148.4		0.283844
148.5		0.283844
148.6		0.283844
148.7		0.283844
148.8		0.283844
148.9		0.283844
149		0.283844
149.1		0.285523
149.2		0.285523
149.3		0.285523
149.4		0.285523
149.5		0.285523
149.6		0.285523
149.7		0.285523
149.8		0.285523
149.9		0.285523
150		0.285523
150.1		0.287777
150.2		0.287777
150.3		0.287777
150.4		0.287777
150.5		0.287777
150.6		0.287777
150.7		0.287777
150.8		0.287777
150.9		0.287777
151		0.287777
151.1		0.288136
151.2		0.288136
151.3		0.288136
151.4		0.288136
151.5		0.288136
151.6		0.288136
151.7		0.288136
151.8		0.288136
151.9		0.288136
152		0.288136
152.1		0.290492
152.2		0.290492
152.3		0.290492
152.4		0.290492
152.5		0.290492
152.6		0.290492
152.7		0.290492
152.8		0.290492
152.9		0.290492
153		0.290492
153.1		0.295692
153.2		0.295692
153.3		0.295692
153.4		0.295692
153.5		0.295692
153.6		0.295692
153.7		0.295692
153.8		0.295692
153.9		0.295692
154		0.295692
154.1		0.295907
154.2		0.295907
154.3		0.295907
154.4		0.295907
154.5		0.295907
154.6		0.295907
154.7		0.295907
154.8		0.295907
154.9		0.295907
155		0.295907
155.1		0.299488
155.2		0.299488
155.3		0.299488
155.4		0.299488
155.5		0.299488
155.6		0.299488
155.7		0.299488
155.8		0.299488
155.9		0.299488
156		0.299488
156.1		0.300182
156.2		0.300182
156.3		0.300182
156.4		0.300182
156.5		0.300182
156.6		0.300182
156.7		0.300182
156.8		0.300182
156.9		0.300182
157		0.300182
157.1		0.300541
157.2		0.300541
157.3		0.300541
157.4		0.300541
157.5		0.300541
157.6		0.300541
157.7		0.300541
157.8		0.300541
157.9		0.300541
158		0.300541
158.1		0.305502
158.2		0.305502
158.3		0.305502
158.4		0.305502
158.5		0.305502
158.6		0.305502
158.7		0.305502
158.8		0.305502
158.9		0.305502
159		0.305502
159.1		0.305964
159.2		0.305964
159.3		0.305964
159.4		0.305964
159.5		0.305964
159.6		0.305964
159.7		0.305964
159.8		0.305964
159.9		0.305964
160		0.305964
160.1		0.308055
160.2		0.308055
160.3		0.308055
160.4		0.308055
160.5		0.308055
160.6		0.308055
160.7		0.308055
160.8		0.308055
160.9		0.308055
161		0.308055
161.1		0.309725
161.2		0.309725
161.3		0.309725
161.4		0.309725
161.5		0.309725
161.6		0.309725
161.7		0.309725
161.8		0.309725
161.9		0.309725
162		0.309725
162.1		0.312638
162.2		0.312638
162.3		0.312638
162.4		0.312638
162.5		0.312638
162.6		0.312638
162.7		0.312638
162.8		0.312638
162.9		0.312638
163		0.312638
163.1		0.316022
163.2		0.316022
163.3		0.316022
163.4		0.316022
163.5		0.316022
163.6		0.316022
163.7		0.316022
163.8		0.316022
163.9		0.316022
164		0.316022
164.1		0.317556
164.2		0.317556
164.3		0.317556
164.4		0.317556
164.5		0.317556
164.6		0.317556
164.7		0.317556
164.8		0.317556
164.9		0.317556
165		0.317556
165.1		0.318335
165.2		0.318335
165.3		0.318335
165.4		0.318335
165.5		0.318335
165.6		0.318335
165.7		0.318335
165.8		0.318335
165.9		0.318335
166		0.318335
166.1		0.32088
166.2		0.32088
166.3		0.32088
166.4		0.32088
166.5		0.32088
166.6		0.32088
166.7		0.32088
166.8		0.32088
166.9		0.32088
167		0.32088
167.1		0.32249
167.2		0.32249
167.3		0.32249
167.4		0.32249
167.5		0.32249
167.6		0.32249
167.7		0.32249
167.8		0.32249
167.9		0.32249
168		0.32249
168.1		0.323124
168.2		0.323124
168.3		0.323124
168.4		0.323124
168.5		0.323124
168.6		0.323124
168.7		0.323124
168.8		0.323124
168.9		0.323124
169		0.323124
169.1		0.326405
169.2		0.326405
169.3		0.326405
169.4		0.326405
169.5		0.326405
169.6		0.326405
169.7		0.326405
169.8		0.326405
169.9		0.326405
170		0.326405
170.1		0.330278
170.2		0.330278
170.3		0.330278
170.4		0.330278
170.5		0.330278
170.6		0.330278
170.7		0.330278
170.8		0.330278
170.9		0.330278
171		0.330278
171.1		0.331152
171.2		0.331152
171.3		0.331152
171.4		0.331152
171.5		0.331152
171.6		0.331152
171.7		0.331152
171.8		0.331152
171.9		0.331152
172		0.331152
172.1		0.334296
172.2		0.334296
172.3		0.334296
172.4		0.334296
172.5		0.334296
172.6		0.334296
172.7		0.334296
172.8		0.334296
172.9		0.334296
173		0.334296
173.1		0.336009
173.2		0.336009
173.3		0.336009
173.4		0.336009
173.5		0.336009
173.6		0.336009
173.7		0.336009
173.8		0.336009
173.9		0.336009
174		0.336009
174.1		0.337371
174.2		0.337371
174.3		0.337371
174.4		0.337371
174.5		0.337371
174.6		0.337371
174.7		0.337371
174.8		0.337371
174.9		0.337371
175		0.337371
175.1		0.344062
175.2		0.344062
175.3		0.344062
175.4		0.344062
175.5		0.344062
175.6		0.344062
175.7		0.344062
175.8		0.344062
175.9		0.344062
176		0.344062
176.1		0.345107
176.2		0.345107
176.3		0.345107
176.4		0.345107
176.5		0.345107
176.6		0.345107
176.7		0.345107
176.8		0.345107
176.9		0.345107
177		0.345107
177.1		0.345536
177.2		0.345536
177.3		0.345536
177.4		0.345536
177.5		0.345536
177.6		0.345536
177.7		0.345536
177.8		0.345536
177.9		0.345536
178		0.345536
178.1		0.345878
178.2		0.345878
178.3		0.345878
178.4		0.345878
178.5		0.345878
178.6		0.345878
178.7		0.345878
178.8		0.345878
178.9		0.345878
179		0.345878
179.1		0.347309
179.2		0.347309
179.3		0.347309
179.4		0.347309
179.5		0.347309
179.6		0.347309
179.7		0.347309
179.8		0.347309
179.9		0.347309
180		0.347309
180.1		0.351781
180.2		0.351781
180.3		0.351781
180.4		0.351781
180.5		0.351781
180.6		0.351781
180.7		0.351781
180.8		0.351781
180.9		0.351781
181		0.351781
181.1		0.356005
181.2		0.356005
181.3		0.356005
181.4		0.356005
181.5		0.356005
181.6		0.356005
181.7		0.356005
181.8		0.356005
181.9		0.356005
182		0.356005
182.1		0.357487
182.2		0.357487
182.3		0.357487
182.4		0.357487
182.5		0.357487
182.6		0.357487
182.7		0.357487
182.8		0.357487
182.9		0.357487
183		0.357487
183.1		0.357829
183.2		0.357829
183.3		0.357829
183.4		0.357829
183.5		0.357829
183.6		0.357829
183.7		0.357829
183.8		0.357829
183.9		0.357829
184		0.357829
184.1		0.361745
184.2		0.361745
184.3		0.361745
184.4		0.361745
184.5		0.361745
184.6		0.361745
184.7		0.361745
184.8		0.361745
184.9		0.361745
185		0.361745
185.1		0.362104
185.2		0.362104
185.3		0.362104
185.4		0.362104
185.5		0.362104
185.6		0.362104
185.7		0.362104
185.8		0.362104
185.9		0.362104
186		0.362104
186.1		0.362978
186.2		0.362978
186.3		0.362978
186.4		0.362978
186.5		0.362978
186.6		0.362978
186.7		0.362978
186.8		0.362978
186.9		0.362978
187		0.362978
187.1		0.366165
187.2		0.366165
187.3		0.366165
187.4		0.366165
187.5		0.366165
187.6		0.366165
187.7		0.366165
187.8		0.366165
187.9		0.366165
188		0.366165
188.1		0.371443
188.2		0.371443
188.3		0.371443
188.4		0.371443
188.5		0.371443
188.6		0.371443
188.7		0.371443
188.8		0.371443
188.9		0.371443
189		0.371443
189.1		0.371914
189.2		0.371914
189.3		0.371914
189.4		0.371914
189.5		0.371914
189.6		0.371914
189.7		0.371914
189.8		0.371914
189.9		0.371914
190		0.371914
190.1		0.372154
190.2		0.372154
190.3		0.372154
190.4		0.372154
190.5		0.372154
190.6		0.372154
190.7		0.372154
190.8		0.372154
190.9		0.372154
191		0.372154
191.1		0.373027
191.2		0.373027
191.3		0.373027
191.4		0.373027
191.5		0.373027
191.6		0.373027
191.7		0.373027
191.8		0.373027
191.9		0.373027
192		0.373027
192.1		0.378099
192.2		0.378099
192.3		0.378099
192.4		0.378099
192.5		0.378099
192.6		0.378099
192.7		0.378099
192.8		0.378099
192.9		0.378099
193		0.378099
193.1		0.378527
193.2		0.378527
193.3		0.378527
193.4		0.378527
193.5		0.378527
193.6		0.378527
193.7		0.378527
193.8		0.378527
193.9		0.378527
194		0.378527
194.1		0.380301
194.2		0.380301
194.3		0.380301
194.4		0.380301
194.5		0.380301
194.6		0.380301
194.7		0.380301
194.8		0.380301
194.9		0.380301
195		0.380301
195.1		0.382143
195.2		0.382143
195.3		0.382143
195.4		0.382143
195.5		0.382143
195.6		0.382143
195.7		0.382143
195.8		0.382143
195.9		0.382143
196		0.382143
196.1		0.384456
196.2		0.384456
196.3		0.384456
196.4		0.384456
196.5		0.384456
196.6		0.384456
196.7		0.384456
196.8		0.384456
196.9		0.384456
197		0.384456
197.1		0.388894
197.2		0.388894
197.3		0.388894
197.4		0.388894
197.5		0.388894
197.6		0.388894
197.7		0.388894
197.8		0.388894
197.9		0.388894
198		0.388894
198.1		0.389322
198.2		0.389322
198.3		0.389322
198.4		0.389322
198.5		0.389322
198.6		0.389322
198.7		0.389322
198.8		0.389322
198.9		0.389322
199		0.389322
199.1		0.391387
199.2		0.391387
199.3		0.391387
199.4		0.391387
199.5		0.391387
199.6		0.391387
199.7		0.391387
199.8		0.391387
199.9		0.391387
200		0.391387
200.1		0.393349
200.2		0.393349
200.3		0.393349
200.4		0.393349
200.5		0.393349
200.6		0.393349
200.7		0.393349
200.8		0.393349
200.9		0.393349
201		0.393349
201.1		0.394222
201.2		0.394222
201.3		0.394222
201.4		0.394222
201.5		0.394222
201.6		0.394222
201.7		0.394222
201.8		0.394222
201.9		0.394222
202		0.394222
202.1		0.399166
202.2		0.399166
202.3		0.399166
202.4		0.399166
202.5		0.399166
202.6		0.399166
202.7		0.399166
202.8		0.399166
202.9		0.399166
203		0.399166
203.1		0.401873
203.2		0.401873
203.3		0.401873
203.4		0.401873
203.5		0.401873
203.6		0.401873
203.7		0.401873
203.8		0.401873
203.9		0.401873
204		0.401873
204.1		0.402061
204.2		0.402061
204.3		0.402061
204.4		0.402061
204.5		0.402061
204.6		0.402061
204.7		0.402061
204.8		0.402061
204.9		0.402061
205		0.402061
205.1		0.404366
205.2		0.404366
205.3		0.404366
205.4		0.404366
205.5		0.404366
205.6		0.404366
205.7		0.404366
205.8		0.404366
205.9		0.404366
206		0.404366
206.1		0.405
206.2		0.405
206.3		0.405
206.4		0.405
206.5		0.405
206.6		0.405
206.7		0.405
206.8		0.405
206.9		0.405
207		0.405
207.1		0.409575
207.2		0.409575
207.3		0.409575
207.4		0.409575
207.5		0.409575
207.6		0.409575
207.7		0.409575
207.8		0.409575
207.9		0.409575
208		0.409575
208.1		0.410303
208.2		0.410303
208.3		0.410303
208.4		0.410303
208.5		0.410303
208.6		0.410303
208.7		0.410303
208.8		0.410303
208.9		0.410303
209		0.410303
209.1		0.413344
209.2		0.413344
209.3		0.413344
209.4		0.413344
209.5		0.413344
209.6		0.413344
209.7		0.413344
209.8		0.413344
209.9		0.413344
210		0.413344
210.1		0.414603
210.2		0.414603
210.3		0.414603
210.4		0.414603
210.5		0.414603
210.6		0.414603
210.7		0.414603
210.8		0.414603
210.9		0.414603
211		0.414603
211.1		0.415829
211.2		0.415829
211.3		0.415829
211.4		0.415829
211.5		0.415829
211.6		0.415829
211.7		0.415829
211.8		0.415829
211.9		0.415829
212		0.415829
212.1		0.416711
212.2		0.416711
212.3		0.416711
212.4		0.416711
212.5		0.416711
212.6		0.416711
212.7		0.416711
212.8		0.416711
212.9		0.416711
213		0.416711
213.1		0.41899
213.2		0.41899
213.3		0.41899
213.4		0.41899
213.5		0.41899
213.6		0.41899
213.7		0.41899
213.8		0.41899
213.9		0.41899
214		0.41899
214.1		0.425321
214.2		0.425321
214.3		0.425321
214.4		0.425321
214.5		0.425321
214.6		0.425321
214.7		0.425321
214.8		0.425321
214.9		0.425321
215		0.425321
215.1		0.426803
215.2		0.426803
215.3		0.426803
215.4		0.426803
215.5		0.426803
215.6		0.426803
215.7		0.426803
215.8		0.426803
215.9		0.426803
216		0.426803
216.1		0.427685
216.2		0.427685
216.3		0.427685
216.4		0.427685
216.5		0.427685
216.6		0.427685
216.7		0.427685
216.8		0.427685
216.9		0.427685
217		0.427685
217.1		0.428319
217.2		0.428319
217.3		0.428319
217.4		0.428319
217.5		0.428319
217.6		0.428319
217.7		0.428319
217.8		0.428319
217.9		0.428319
218		0.428319
218.1		0.434342
218.2		0.434342
218.3		0.434342
218.4		0.434342
218.5		0.434342
218.6		0.434342
218.7		0.434342
218.8		0.434342
218.9		0.434342
219		0.434342
219.1		0.434796
219.2		0.434796
219.3		0.434796
219.4		0.434796
219.5		0.434796
219.6		0.434796
219.7		0.434796
219.8		0.434796
219.9		0.434796
220		0.434796
220.1		0.436287
220.2		0.436287
220.3		0.436287
220.4		0.436287
220.5		0.436287
220.6		0.436287
220.7		0.436287
220.8		0.436287
220.9		0.436287
221		0.436287
221.1		0.437246
221.2		0.437246
221.3		0.437246
221.4		0.437246
221.5		0.437246
221.6		0.437246
221.7		0.437246
221.8		0.437246
221.9		0.437246
222		0.437246
222.1		0.440827
222.2		0.440827
222.3		0.440827
222.4		0.440827
222.5		0.440827
222.6		0.440827
222.7		0.440827
222.8		0.440827
222.9		0.440827
223		0.440827
223.1		0.442703
223.2		0.442703
223.3		0.442703
223.4		0.442703
223.5		0.442703
223.6		0.442703
223.7		0.442703
223.8		0.442703
223.9		0.442703
224		0.442703
224.1		0.444931
224.2		0.444931
224.3		0.444931
224.4		0.444931
224.5		0.444931
224.6		0.444931
224.7		0.444931
224.8		0.444931
224.9		0.444931
225		0.444931
225.1		0.446679
225.2		0.446679
225.3		0.446679
225.4		0.446679
225.5		0.446679
225.6		0.446679
225.7		0.446679
225.8		0.446679
225.9		0.446679
226		0.446679
226.1		0.449617
226.2		0.449617
226.3		0.449617
226.4		0.449617
226.5		0.449617
226.6		0.449617
226.7		0.449617
226.8		0.449617
226.9		0.449617
227		0.449617
227.1		0.45205
227.2		0.45205
227.3		0.45205
227.4		0.45205
227.5		0.45205
227.6		0.45205
227.7		0.45205
227.8		0.45205
227.9		0.45205
228		0.45205
228.1		0.453644
228.2		0.453644
228.3		0.453644
228.4		0.453644
228.5		0.453644
228.6		0.453644
228.7		0.453644
228.8		0.453644
228.9		0.453644
229		0.453644
229.1		0.453798
229.2		0.453798
229.3		0.453798
229.4		0.453798
229.5		0.453798
229.6		0.453798
229.7		0.453798
229.8		0.453798
229.9		0.453798
230		0.453798
230.1		0.457619
230.2		0.457619
230.3		0.457619
230.4		0.457619
230.5		0.457619
230.6		0.457619
230.7		0.457619
230.8		0.457619
230.9		0.457619
231		0.457619
231.1		0.46102
231.2		0.46102
231.3		0.46102
231.4		0.46102
231.5		0.46102
231.6		0.46102
231.7		0.46102
231.8		0.46102
231.9		0.46102
232		0.46102
232.1		0.461534
232.2		0.461534
232.3		0.461534
232.4		0.461534
232.5		0.461534
232.6		0.461534
232.7		0.461534
232.8		0.461534
232.9		0.461534
233		0.461534
233.1		0.465235
233.2		0.465235
233.3		0.465235
233.4		0.465235
233.5		0.465235
233.6		0.465235
233.7		0.465235
233.8		0.465235
233.9		0.465235
234		0.465235
234.1		0.46682
234.2		0.46682
234.3		0.46682
234.4		0.46682
234.5		0.46682
234.6		0.46682
234.7		0.46682
234.8		0.46682
234.9		0.46682
235		0.46682
235.1		0.468148
235.2		0.468148
235.3		0.468148
235.4		0.468148
235.5		0.468148
235.6		0.468148
235.7		0.468148
235.8		0.468148
235.9		0.468148
236		0.468148
236.1		0.470761
236.2		0.470761
236.3		0.470761
236.4		0.470761
236.5		0.470761
236.6		0.470761
236.7		0.470761
236.8		0.470761
236.9		0.470761
237		0.470761
237.1		0.471309
237.2		0.471309
237.3		0.471309
237.4		0.471309
237.5		0.471309
237.6		0.471309
237.7		0.471309
237.8		0.471309
237.9		0.471309
238		0.471309
238.1		0.475335
238.2		0.475335
238.3		0.475335
238.4		0.475335
238.5		0.475335
238.6		0.475335
238.7		0.475335
238.8		0.475335
238.9		0.475335
239		0.475335
239.1		0.475541
239.2		0.475541
239.3		0.475541
239.4		0.475541
239.5		0.475541
239.6		0.475541
239.7		0.475541
239.8		0.475541
239.9		0.475541
240		0.475541
240.1		0.481521
240.2		0.481521
240.3		0.481521
240.4		0.481521
240.5		0.481521
240.6		0.481521
240.7		0.481521
240.8		0.481521
240.9		0.481521
241		0.481521
241.1		0.481846
241.2		0.481846
241.3		0.481846
241.4		0.481846
241.5		0.481846
241.6		0.481846
241.7		0.481846
241.8		0.481846
241.9		0.481846
242		0.481846
242.1		0.482403
242.2		0.482403
242.3		0.482403
242.4		0.482403
242.5		0.482403
242.6		0.482403
242.7		0.482403
242.8		0.482403
242.9		0.482403
243		0.482403
243.1		0.485899
243.2		0.485899
243.3		0.485899
243.4		0.485899
243.5		0.485899
243.6		0.485899
243.7		0.485899
243.8		0.485899
243.9		0.485899
244		0.485899
244.1		0.488186
244.2		0.488186
244.3		0.488186
244.4		0.488186
244.5		0.488186
244.6		0.488186
244.7		0.488186
244.8		0.488186
244.9		0.488186
245		0.488186
245.1		0.489411
245.2		0.489411
245.3		0.489411
245.4		0.489411
245.5		0.489411
245.6		0.489411
245.7		0.489411
245.8		0.489411
245.9		0.489411
246		0.489411
246.1		0.490756
246.2		0.490756
246.3		0.490756
246.4		0.490756
246.5		0.490756
246.6		0.490756
246.7		0.490756
246.8		0.490756
246.9		0.490756
247		0.490756
247.1		0.491664
247.2		0.491664
247.3		0.491664
247.4		0.491664
247.5		0.491664
247.6		0.491664
247.7		0.491664
247.8		0.491664
247.9		0.491664
248		0.491664
248.1		0.495005
248.2		0.495005
248.3		0.495005
248.4		0.495005
248.5		0.495005
248.6		0.495005
248.7		0.495005
248.8		0.495005
248.9		0.495005
249		0.495005
249.1		0.495502
249.2		0.495502
249.3		0.495502
249.4		0.495502
249.5		0.495502
249.6		0.495502
249.7		0.495502
249.8		0.495502
249.9		0.495502
250		0.495502
250.1		0.498098
250.2		0.498098
250.3		0.498098
250.4		0.498098
250.5		0.498098
250.6		0.498098
250.7		0.498098
250.8		0.498098
250.9		0.498098
251		0.498098
251.1		0.500822
251.2		0.500822
251.3		0.500822
251.4		0.500822
251.5		0.500822
251.6		0.500822
251.7		0.500822
251.8		0.500822
251.9		0.500822
252		0.500822
252.1		0.505449
252.2		0.505449
252.3		0.505449
252.4		0.505449
252.5		0.505449
252.6		0.505449
252.7		0.505449
252.8		0.505449
252.9		0.505449
253		0.505449
253.1		0.507111
253.2		0.507111
253.3		0.507111
253.4		0.507111
253.5		0.507111
253.6		0.507111
253.7		0.507111
253.8		0.507111
253.9		0.507111
254		0.507111
254.1		0.508841
254.2		0.508841
254.3		0.508841
254.4		0.508841
254.5		0.508841
254.6		0.508841
254.7		0.508841
254.8		0.508841
254.9		0.508841
255		0.508841
255.1		0.509527
255.2		0.509527
255.3		0.509527
255.4		0.509527
255.5		0.509527
255.6		0.509527
255.7		0.509527
255.8		0.509527
255.9		0.509527
256		0.509527
256.1		0.51106
256.2		0.51106
256.3		0.51106
256.4		0.51106
256.5		0.51106
256.6		0.51106
256.7		0.51106
256.8		0.51106
256.9		0.51106
257		0.51106
257.1		0.517048
257.2		0.517048
257.3		0.517048
257.4		0.517048
257.5		0.517048
257.6		0.517048
257.7		0.517048
257.8		0.517048
257.9		0.517048
258		0.517048
258.1		0.517331
258.2		0.517331
258.3		0.517331
258.4		0.517331
258.5		0.517331
258.6		0.517331
258.7		0.517331
258.8		0.517331
258.9		0.517331
259		0.517331
259.1		0.519961
259.2		0.519961
259.3		0.519961
259.4		0.519961
259.5		0.519961
259.6		0.519961
259.7		0.519961
259.8		0.519961
259.9		0.519961
260		0.519961
260.1		0.520732
260.2		0.520732
260.3		0.520732
260.4		0.520732
260.5		0.520732
260.6		0.520732
260.7		0.520732
260.8		0.520732
260.9		0.520732
261		0.520732
261.1		0.523508
261.2		0.523508
261.3		0.523508
261.4		0.523508
261.5		0.523508
261.6		0.523508
261.7		0.523508
261.8		0.523508
261.9		0.523508
262		0.523508
262.1		0.525204
262.2		0.525204
262.3		0.525204
262.4		0.525204
262.5		0.525204
262.6		0.525204
262.7		0.525204
262.8		0.525204
262.9		0.525204
263		0.525204
263.1		0.527269
263.2		0.527269
263.3		0.527269
263.4		0.527269
263.5		0.527269
263.6		0.527269
263.7		0.527269
263.8		0.527269
263.9		0.527269
264		0.527269
264.1		0.530456
264.2		0.530456
264.3		0.530456
264.4		0.530456
264.5		0.530456
264.6		0.530456
264.7		0.530456
264.8		0.530456
264.9		0.530456
265		0.530456
265.1		0.533917
265.2		0.533917
265.3		0.533917
265.4		0.533917
265.5		0.533917
265.6		0.533917
265.7		0.533917
265.8		0.533917
265.9		0.533917
266		0.533917
266.1		0.53641
266.2		0.53641
266.3		0.53641
266.4		0.53641
266.5		0.53641
266.6		0.53641
266.7		0.53641
266.8		0.53641
266.9		0.53641
267		0.53641
267.1		0.537455
267.2		0.537455
267.3		0.537455
267.4		0.537455
267.5		0.537455
267.6		0.537455
267.7		0.537455
267.8		0.537455
267.9		0.537455
268		0.537455
268.1		0.537678
268.2		0.537678
268.3		0.537678
268.4		0.537678
268.5		0.537678
268.6		0.537678
268.7		0.537678
268.8		0.537678
268.9		0.537678
269		0.537678
269.1		0.540334
269.2		0.540334
269.3		0.540334
269.4		0.540334
269.5		0.540334
269.6		0.540334
269.7		0.540334
269.8		0.540334
269.9		0.540334
270		0.540334
270.1		0.543889
270.2		0.543889
270.3		0.543889
270.4		0.543889
270.5		0.543889
270.6		0.543889
270.7		0.543889
270.8		0.543889
270.9		0.543889
271		0.543889
271.1		0.545371
271.2		0.545371
271.3		0.545371
271.4		0.545371
271.5		0.545371
271.6		0.545371
271.7		0.545371
271.8		0.545371
271.9		0.545371
272		0.545371
272.1		0.545885
272.2		0.545885
272.3		0.545885
272.4		0.545885
272.5		0.545885
272.6		0.545885
272.7		0.545885
272.8		0.545885
272.9		0.545885
273		0.545885
273.1		0.548627
273.2		0.548627
273.3		0.548627
273.4		0.548627
273.5		0.548627
273.6		0.548627
273.7		0.548627
273.8		0.548627
273.9		0.548627
274		0.548627
274.1		0.552148
274.2		0.552148
274.3		0.552148
274.4		0.552148
274.5		0.552148
274.6		0.552148
274.7		0.552148
274.8		0.552148
274.9		0.552148
275		0.552148
275.1		0.552962
275.2		0.552962
275.3		0.552962
275.4		0.552962
275.5		0.552962
275.6		0.552962
275.7		0.552962
275.8		0.552962
275.9		0.552962
276		0.552962
276.1		0.553913
276.2		0.553913
276.3		0.553913
276.4		0.553913
276.5		0.553913
276.6		0.553913
276.7		0.553913
276.8		0.553913
276.9		0.553913
277		0.553913
277.1		0.557331
277.2		0.557331
277.3		0.557331
277.4		0.557331
277.5		0.557331
277.6		0.557331
277.7		0.557331
277.8		0.557331
277.9		0.557331
278		0.557331
278.1		0.560509
278.2		0.560509
278.3		0.560509
278.4		0.560509
278.5		0.560509
278.6		0.560509
278.7		0.560509
278.8		0.560509
278.9		0.560509
279		0.560509
279.1		0.561632
279.2		0.561632
279.3		0.561632
279.4		0.561632
279.5		0.561632
279.6		0.561632
279.7		0.561632
279.8		0.561632
279.9		0.561632
280		0.561632
280.1		0.563491
280.2		0.563491
280.3		0.563491
280.4		0.563491
280.5		0.563491
280.6		0.563491
280.7		0.563491
280.8		0.563491
280.9		0.563491
281		0.563491
281.1		0.565204
281.2		0.565204
281.3		0.565204
281.4		0.565204
281.5		0.565204
281.6		0.565204
281.7		0.565204
281.8		0.565204
281.9		0.565204
282		0.565204
282.1		0.569804
282.2		0.569804
282.3		0.569804
282.4		0.569804
282.5		0.569804
282.6		0.569804
282.7		0.569804
282.8		0.569804
282.9		0.569804
283		0.569804
283.1		0.571287
283.2		0.571287
283.3		0.571287
283.4		0.571287
283.5		0.571287
283.6		0.571287
283.7		0.571287
283.8		0.571287
283.9		0.571287
284		0.571287
284.1		0.574285
284.2		0.574285
284.3		0.574285
284.4		0.574285
284.5		0.574285
284.6		0.574285
284.7		0.574285
284.8		0.574285
284.9		0.574285
285		0.574285
285.1		0.578629
285.2		0.578629
285.3		0.578629
285.4		0.578629
285.5		0.578629
285.6		0.578629
285.7		0.578629
285.8		0.578629
285.9		0.578629
286		0.578629
286.1		0.580805
286.2		0.580805
286.3		0.580805
286.4		0.580805
286.5		0.580805
286.6		0.580805
286.7		0.580805
286.8		0.580805
286.9		0.580805
287		0.580805
287.1		0.58203
287.2		0.58203
287.3		0.58203
287.4		0.58203
287.5		0.58203
287.6		0.58203
287.7		0.58203
287.8		0.58203
287.9		0.58203
288		0.58203
288.1		0.582715
288.2		0.582715
288.3		0.582715
288.4		0.582715
288.5		0.582715
288.6		0.582715
288.7		0.582715
288.8		0.582715
288.9		0.582715
289		0.582715
289.1		0.590605
289.2		0.590605
289.3		0.590605
289.4		0.590605
289.5		0.590605
289.6		0.590605
289.7		0.590605
289.8		0.590605
289.9		0.590605
290		0.590605
290.1		0.590605
290.2		0.590605
290.3		0.590605
290.4		0.590605
290.5		0.590605
290.6		0.590605
290.7		0.590605
290.8		0.590605
290.9		0.590605
291		0.590605
291.1		0.591633
291.2		0.591633
291.3		0.591633
291.4		0.591633
291.5		0.591633
291.6		0.591633
291.7		0.591633
291.8		0.591633
291.9		0.591633
292		0.591633
292.1		0.591788
292.2		0.591788
292.3		0.591788
292.4		0.591788
292.5		0.591788
292.6		0.591788
292.7		0.591788
292.8		0.591788
292.9		0.591788
293		0.591788
293.1		0.593201
293.2		0.593201
293.3		0.593201
293.4		0.593201
293.5		0.593201
293.6		0.593201
293.7		0.593201
293.8		0.593201
293.9		0.593201
294		0.593201
294.1		0.599104
294.2		0.599104
294.3		0.599104
294.4		0.599104
294.5		0.599104
294.6		0.599104
294.7		0.599104
294.8		0.599104
294.9		0.599104
295		0.599104
295.1		0.600517
295.2		0.600517
295.3		0.600517
295.4		0.600517
295.5		0.600517
295.6		0.600517
295.7		0.600517
295.8		0.600517
295.9		0.600517
296		0.600517
296.1		0.601794
296.2		0.601794
296.3		0.601794
296.4		0.601794
296.5		0.601794
296.6		0.601794
296.7		0.601794
296.8		0.601794
296.9		0.601794
297		0.601794
297.1		0.609016
297.2		0.609016
297.3		0.609016
297.4		0.609016
297.5		0.609016
297.6		0.609016
297.7		0.609016
297.8		0.609016
297.9		0.609016
298		0.609016
298.1		0.609376
298.2		0.609376
298.3		0.609376
298.4		0.609376
298.5		0.609376
298.6		0.609376
298.7		0.609376
298.8		0.609376
298.9		0.609376
299		0.609376
299.1		0.61515
299.2		0.61515
299.3		0.61515
299.4		0.61515
299.5		0.61515
299.6		0.61515
299.7		0.61515
299.8		0.61515
299.9		0.61515
300		0.61515
300.1		0.61563
300.2		0.61563
300.3		0.61563
300.4		0.61563
300.5		0.61563
300.6		0.61563
300.7		0.61563
300.8		0.61563
300.9		0.61563
301		0.61563
301.1		0.620642
301.2		0.620642
301.3		0.620642
301.4		0.620642
301.5		0.620642
301.6		0.620642
301.7		0.620642
301.8		0.620642
301.9		0.620642
302		0.620642
302.1		0.620924
302.2		0.620924
302.3		0.620924
302.4		0.620924
302.5		0.620924
302.6		0.620924
302.7		0.620924
302.8		0.620924
302.9		0.620924
303		0.620924
303.1		0.624728
303.2		0.624728
303.3		0.624728
303.4		0.624728
303.5		0.624728
303.6		0.624728
303.7		0.624728
303.8		0.624728
303.9		0.624728
304		0.624728
304.1		0.625122
304.2		0.625122
304.3		0.625122
304.4		0.625122
304.5		0.625122
304.6		0.625122
304.7		0.625122
304.8		0.625122
304.9		0.625122
305		0.625122
305.1		0.625525
305.2		0.625525
305.3		0.625525
305.4		0.625525
305.5		0.625525
305.6		0.625525
305.7		0.625525
305.8		0.625525
305.9		0.625525
306		0.625525
306.1		0.629226
306.2		0.629226
306.3		0.629226
306.4		0.629226
306.5		0.629226
306.6		0.629226
306.7		0.629226
306.8		0.629226
306.9		0.629226
307		0.629226
307.1		0.630245
307.2		0.630245
307.3		0.630245
307.4		0.630245
307.5		0.630245
307.6		0.630245
307.7		0.630245
307.8		0.630245
307.9		0.630245
308		0.630245
308.1		0.632558
308.2		0.632558
308.3		0.632558
308.4		0.632558
308.5		0.632558
308.6		0.632558
308.7		0.632558
308.8		0.632558
308.9		0.632558
309		0.632558
309.1		0.635043
309.2		0.635043
309.3		0.635043
309.4		0.635043
309.5		0.635043
309.6		0.635043
309.7		0.635043
309.8		0.635043
309.9		0.635043
310		0.635043
310.1		0.636242
310.2		0.636242
310.3		0.636242
310.4		0.636242
310.5		0.636242
310.6		0.636242
310.7		0.636242
310.8		0.636242
310.9		0.636242
311		0.636242
311.1		0.639763
311.2		0.639763
311.3		0.639763
311.4		0.639763
311.5		0.639763
311.6		0.639763
311.7		0.639763
311.8		0.639763
311.9		0.639763
312		0.639763
312.1		0.641888
312.2		0.641888
312.3		0.641888
312.4		0.641888
312.5		0.641888
312.6		0.641888
312.7		0.641888
312.8		0.641888
312.9		0.641888
313		0.641888
313.1		0.643567
313.2		0.643567
313.3		0.643567
313.4		0.643567
313.5		0.643567
313.6		0.643567
313.7		0.643567
313.8		0.643567
313.9		0.643567
314		0.643567
314.1		0.644355
314.2		0.644355
314.3		0.644355
314.4		0.644355
314.5		0.644355
314.6		0.644355
314.7		0.644355
314.8		0.644355
314.9		0.644355
315		0.644355
315.1		0.646865
315.2		0.646865
315.3		0.646865
315.4		0.646865
315.5		0.646865
315.6		0.646865
315.7		0.646865
315.8		0.646865
315.9		0.646865
316		0.646865
316.1		0.652374
316.2		0.652374
316.3		0.652374
316.4		0.652374
316.5		0.652374
316.6		0.652374
316.7		0.652374
316.8		0.652374
316.9		0.652374
317		0.652374
317.1		0.652537
317.2		0.652537
317.3		0.652537
317.4		0.652537
317.5		0.652537
317.6		0.652537
317.7		0.652537
317.8		0.652537
317.9		0.652537
318		0.652537
318.1		0.654619
318.2		0.654619
318.3		0.654619
318.4		0.654619
318.5		0.654619
318.6		0.654619
318.7		0.654619
318.8		0.654619
318.9		0.654619
319		0.654619
319.1		0.657223
319.2		0.657223
319.3		0.657223
319.4		0.657223
319.5		0.657223
319.6		0.657223
319.7		0.657223
319.8		0.657223
319.9		0.657223
320		0.657223
320.1		0.661318
320.2		0.661318
320.3		0.661318
320.4		0.661318
320.5		0.661318
320.6		0.661318
320.7		0.661318
320.8		0.661318
320.9		0.661318
321		0.661318
321.1		0.662226
321.2		0.662226
321.3		0.662226
321.4		0.662226
321.5		0.662226
321.6		0.662226
321.7		0.662226
321.8		0.662226
321.9		0.662226
322		0.662226
322.1		0.662509
322.2		0.662509
322.3		0.662509
322.4		0.662509
322.5		0.662509
322.6		0.662509
322.7		0.662509
322.8		0.662509
322.9		0.662509
323		0.662509
323.1		0.664968
323.2		0.664968
323.3		0.664968
323.4		0.664968
323.5		0.664968
323.6		0.664968
323.7		0.664968
323.8		0.664968
323.9		0.664968
324		0.664968
324.1		0.668129
324.2		0.668129
324.3		0.668129
324.4		0.668129
324.5		0.668129
324.6		0.668129
324.7		0.668129
324.8		0.668129
324.9		0.668129
325		0.668129
325.1		0.67081
325.2		0.67081
325.3		0.67081
325.4		0.67081
325.5		0.67081
325.6		0.67081
325.7		0.67081
325.8		0.67081
325.9		0.67081
326		0.67081
326.1		0.671316
326.2		0.671316
326.3		0.671316
326.4		0.671316
326.5		0.671316
326.6		0.671316
326.7		0.671316
326.8		0.671316
326.9		0.671316
327		0.671316
327.1		0.672378
327.2		0.672378
327.3		0.672378
327.4		0.672378
327.5		0.672378
327.6		0.672378
327.7		0.672378
327.8		0.672378
327.9		0.672378
328		0.672378
328.1		0.675839
328.2		0.675839
328.3		0.675839
328.4		0.675839
328.5		0.675839
328.6		0.675839
328.7		0.675839
328.8		0.675839
328.9		0.675839
329		0.675839
329.1		0.677253
329.2		0.677253
329.3		0.677253
329.4		0.677253
329.5		0.677253
329.6		0.677253
329.7		0.677253
329.8		0.677253
329.9		0.677253
330		0.677253
330.1		0.679412
330.2		0.679412
330.3		0.679412
330.4		0.679412
330.5		0.679412
330.6		0.679412
330.7		0.679412
330.8		0.679412
330.9		0.679412
331		0.679412
331.1		0.682847
331.2		0.682847
331.3		0.682847
331.4		0.682847
331.5		0.682847
331.6		0.682847
331.7		0.682847
331.8		0.682847
331.9		0.682847
332		0.682847
332.1		0.684243
332.2		0.684243
332.3		0.684243
332.4		0.684243
332.5		0.684243
332.6		0.684243
332.7		0.684243
332.8		0.684243
332.9		0.684243
333		0.684243
333.1		0.68737
333.2		0.68737
333.3		0.68737
333.4		0.68737
333.5		0.68737
333.6		0.68737
333.7		0.68737
333.8		0.68737
333.9		0.68737
334		0.68737
334.1		0.687979
334.2		0.687979
334.3		0.687979
334.4		0.687979
334.5		0.687979
334.6		0.687979
334.7		0.687979
334.8		0.687979
334.9		0.687979
335		0.687979
335.1		0.688398
335.2		0.688398
335.3		0.688398
335.4		0.688398
335.5		0.688398
335.6		0.688398
335.7		0.688398
335.8		0.688398
335.9		0.688398
336		0.688398
336.1		0.69305
336.2		0.69305
336.3		0.69305
336.4		0.69305
336.5		0.69305
336.6		0.69305
336.7		0.69305
336.8		0.69305
336.9		0.69305
337		0.69305
337.1		0.695629
337.2		0.695629
337.3		0.695629
337.4		0.695629
337.5		0.695629
337.6		0.695629
337.7		0.695629
337.8		0.695629
337.9		0.695629
338		0.695629
338.1		0.697728
338.2		0.697728
338.3		0.697728
338.4		0.697728
338.5		0.697728
338.6		0.697728
338.7		0.697728
338.8		0.697728
338.9		0.697728
339		0.697728
339.1		0.698568
339.2		0.698568
339.3		0.698568
339.4		0.698568
339.5		0.698568
339.6		0.698568
339.7		0.698568
339.8		0.698568
339.9		0.698568
340		0.698568
340.1		0.70208
340.2		0.70208
340.3		0.70208
340.4		0.70208
340.5		0.70208
340.6		0.70208
340.7		0.70208
340.8		0.70208
340.9		0.70208
341		0.70208
341.1		0.706089
341.2		0.706089
341.3		0.706089
341.4		0.706089
341.5		0.706089
341.6		0.706089
341.7		0.706089
341.8		0.706089
341.9		0.706089
342		0.706089
342.1		0.709585
342.2		0.709585
342.3		0.709585
342.4		0.709585
342.5		0.709585
342.6		0.709585
342.7		0.709585
342.8		0.709585
342.9		0.709585
343		0.709585
343.1		0.712421
343.2		0.712421
343.3		0.712421
343.4		0.712421
343.5		0.712421
343.6		0.712421
343.7		0.712421
343.8		0.712421
343.9		0.712421
344		0.712421
344.1		0.714031
344.2		0.714031
344.3		0.714031
344.4		0.714031
344.5		0.714031
344.6		0.714031
344.7		0.714031
344.8		0.714031
344.9		0.714031
345		0.714031
345.1		0.714665
345.2		0.714665
345.3		0.714665
345.4		0.714665
345.5		0.714665
345.6		0.714665
345.7		0.714665
345.8		0.714665
345.9		0.714665
346		0.714665
346.1		0.718443
346.2		0.718443
346.3		0.718443
346.4		0.718443
346.5		0.718443
346.6		0.718443
346.7		0.718443
346.8		0.718443
346.9		0.718443
347		0.718443
347.1		0.721879
347.2		0.721879
347.3		0.721879
347.4		0.721879
347.5		0.721879
347.6		0.721879
347.7		0.721879
347.8		0.721879
347.9		0.721879
348		0.721879
348.1		0.721879
348.2		0.721879
348.3		0.721879
348.4		0.721879
348.5		0.721879
348.6		0.721879
348.7		0.721879
348.8		0.721879
348.9		0.721879
349		0.721879
349.1		0.722487
349.2		0.722487
349.3		0.722487
349.4		0.722487
349.5		0.722487
349.6		0.722487
349.7		0.722487
349.8		0.722487
349.9		0.722487
350		0.722487
350.1		0.725528
350.2		0.725528
350.3		0.725528
350.4		0.725528
350.5		0.725528
350.6		0.725528
350.7		0.725528
350.8		0.725528
350.9		0.725528
351		0.725528
351.1		0.725871
351.2		0.725871
351.3		0.725871
351.4		0.725871
351.5		0.725871
351.6		0.725871
351.7		0.725871
351.8		0.725871
351.9		0.725871
352		0.725871
352.1		0.732862
352.2		0.732862
352.3		0.732862
352.4		0.732862
352.5		0.732862
352.6		0.732862
352.7		0.732862
352.8		0.732862
352.9		0.732862
353		0.732862
353.1		0.733693
353.2		0.733693
353.3		0.733693
353.4		0.733693
353.5		0.733693
353.6		0.733693
353.7		0.733693
353.8		0.733693
353.9		0.733693
354		0.733693
354.1		0.734138
354.2		0.734138
354.3		0.734138
354.4		0.734138
354.5		0.734138
354.6		0.734138
354.7		0.734138
354.8		0.734138
354.9		0.734138
355		0.734138
355.1		0.740563
355.2		0.740563
355.3		0.740563
355.4		0.740563
355.5		0.740563
355.6		0.740563
355.7		0.740563
355.8		0.740563
355.9		0.740563
356		0.740563
356.1		0.743022
356.2		0.743022
356.3		0.743022
356.4		0.743022
356.5		0.743022
356.6		0.743022
356.7		0.743022
356.8		0.743022
356.9		0.743022
357		0.743022
357.1		0.74638
357.2		0.74638
357.3		0.74638
357.4		0.74638
357.5		0.74638
357.6		0.74638
357.7		0.74638
357.8		0.74638
357.9		0.74638
358		0.74638
358.1		0.748128
358.2		0.748128
358.3		0.748128
358.4		0.748128
358.5		0.748128
358.6		0.748128
358.7		0.748128
358.8		0.748128
358.9		0.748128
359		0.748128
359.1		0.749987
359.2		0.749987
359.3		0.749987
359.4		0.749987
359.5		0.749987
359.6		0.749987
359.7		0.749987
359.8		0.749987
359.9		0.749987
360		0.749987
360.1		0.75505
360.2		0.75505
360.3		0.75505
360.4		0.75505
360.5		0.75505
360.6		0.75505
360.7		0.75505
360.8		0.75505
360.9		0.75505
361		0.75505
361.1		0.756036
361.2		0.756036
361.3		0.756036
361.4		0.756036
361.5		0.756036
361.6		0.756036
361.7		0.756036
361.8		0.756036
361.9		0.756036
362		0.756036
362.1		0.757937
362.2		0.757937
362.3		0.757937
362.4		0.757937
362.5		0.757937
362.6		0.757937
362.7		0.757937
362.8		0.757937
362.9		0.757937
363		0.757937
363.1		0.759514
363.2		0.759514
363.3		0.759514
363.4		0.759514
363.5		0.759514
363.6		0.759514
363.7		0.759514
363.8		0.759514
363.9		0.759514
364		0.759514
364.1		0.761733
364.2		0.761733
364.3		0.761733
364.4		0.761733
364.5		0.761733
364.6		0.761733
364.7		0.761733
364.8		0.761733
364.9		0.761733
365		0.761733
365.1		0.763943
365.2		0.763943
365.3		0.763943
365.4		0.763943
365.5		0.763943
365.6		0.763943
365.7		0.763943
365.8		0.763943
365.9		0.763943
366		0.763943
366.1		0.767224
366.2		0.767224
366.3		0.767224
366.4		0.767224
366.5		0.767224
366.6		0.767224
366.7		0.767224
366.8		0.767224
366.9		0.767224
367		0.767224
367.1		0.768501
367.2		0.768501
367.3		0.768501
367.4		0.768501
367.5		0.768501
367.6		0.768501
367.7		0.768501
367.8		0.768501
367.9		0.768501
368		0.768501
368.1		0.770942
368.2		0.770942
368.3		0.770942
368.4		0.770942
368.5		0.770942
368.6		0.770942
368.7		0.770942
368.8		0.770942
368.9		0.770942
369		0.770942
369.1		0.772064
369.2		0.772064
369.3		0.772064
369.4		0.772064
369.5		0.772064
369.6		0.772064
369.7		0.772064
369.8		0.772064
369.9		0.772064
370		0.772064
370.1		0.773692
370.2		0.773692
370.3		0.773692
370.4		0.773692
370.5		0.773692
370.6		0.773692
370.7		0.773692
370.8		0.773692
370.9		0.773692
371		0.773692
371.1		0.777642
371.2		0.777642
371.3		0.777642
371.4		0.777642
371.5		0.777642
371.6		0.777642
371.7		0.777642
371.8		0.777642
371.9		0.777642
372		0.777642
372.1		0.781728
372.2		0.781728
372.3		0.781728
372.4		0.781728
372.5		0.781728
372.6		0.781728
372.7		0.781728
372.8		0.781728
372.9		0.781728
373		0.781728
373.1		0.782679
373.2		0.782679
373.3		0.782679
373.4		0.782679
373.5		0.782679
373.6		0.782679
373.7		0.782679
373.8		0.782679
373.9		0.782679
374		0.782679
374.1		0.783176
374.2		0.783176
374.3		0.783176
374.4		0.783176
374.5		0.783176
374.6		0.783176
374.7		0.783176
374.8		0.783176
374.9		0.783176
375		0.783176
375.1		0.784572
375.2		0.784572
375.3		0.784572
375.4		0.784572
375.5		0.784572
375.6		0.784572
375.7		0.784572
375.8		0.784572
375.9		0.784572
376		0.784572
376.1		0.785875
376.2		0.785875
376.3		0.785875
376.4		0.785875
376.5		0.785875
376.6		0.785875
376.7		0.785875
376.8		0.785875
376.9		0.785875
377		0.785875
377.1		0.792137
377.2		0.792137
377.3		0.792137
377.4		0.792137
377.5		0.792137
377.6		0.792137
377.7		0.792137
377.8		0.792137
377.9		0.792137
378		0.792137
378.1		0.792326
378.2		0.792326
378.3		0.792326
378.4		0.792326
378.5		0.792326
378.6		0.792326
378.7		0.792326
378.8		0.792326
378.9		0.792326
379		0.792326
379.1		0.792874
379.2		0.792874
379.3		0.792874
379.4		0.792874
379.5		0.792874
379.6		0.792874
379.7		0.792874
379.8		0.792874
379.9		0.792874
380		0.792874
380.1		0.794733
380.2		0.794733
380.3		0.794733
380.4		0.794733
380.5		0.794733
380.6		0.794733
380.7		0.794733
380.8		0.794733
380.9		0.794733
381		0.794733
381.1		0.795367
381.2		0.795367
381.3		0.795367
381.4		0.795367
381.5		0.795367
381.6		0.795367
381.7		0.795367
381.8		0.795367
381.9		0.795367
382		0.795367
382.1		0.802281
382.2		0.802281
382.3		0.802281
382.4		0.802281
382.5		0.802281
382.6		0.802281
382.7		0.802281
382.8		0.802281
382.9		0.802281
383		0.802281
383.1		0.803172
383.2		0.803172
383.3		0.803172
383.4		0.803172
383.5		0.803172
383.6		0.803172
383.7		0.803172
383.8		0.803172
383.9		0.803172
384		0.803172
384.1		0.804277
384.2		0.804277
384.3		0.804277
384.4		0.804277
384.5		0.804277
384.6		0.804277
384.7		0.804277
384.8		0.804277
384.9		0.804277
385		0.804277
385.1		0.806264
385.2		0.806264
385.3		0.806264
385.4		0.806264
385.5		0.806264
385.6		0.806264
385.7		0.806264
385.8		0.806264
385.9		0.806264
386		0.806264
386.1		0.810137
386.2		0.810137
386.3		0.810137
386.4		0.810137
386.5		0.810137
386.6		0.810137
386.7		0.810137
386.8		0.810137
386.9		0.810137
387		0.810137
387.1		0.810479
387.2		0.810479
387.3		0.810479
387.4		0.810479
387.5		0.810479
387.6		0.810479
387.7		0.810479
387.8		0.810479
387.9		0.810479
388		0.810479
388.1		0.813966
388.2		0.813966
388.3		0.813966
388.4		0.813966
388.5		0.813966
388.6		0.813966
388.7		0.813966
388.8		0.813966
388.9		0.813966
389		0.813966
389.1		0.816553
389.2		0.816553
389.3		0.816553
389.4		0.816553
389.5		0.816553
389.6		0.816553
389.7		0.816553
389.8		0.816553
389.9		0.816553
390		0.816553
390.1		0.818292
390.2		0.818292
390.3		0.818292
390.4		0.818292
390.5		0.818292
390.6		0.818292
390.7		0.818292
390.8		0.818292
390.9		0.818292
391		0.818292
391.1		0.820126
391.2		0.820126
391.3		0.820126
391.4		0.820126
391.5		0.820126
391.6		0.820126
391.7		0.820126
391.8		0.820126
391.9		0.820126
392		0.820126
392.1		0.82118
392.2		0.82118
392.3		0.82118
392.4		0.82118
392.5		0.82118
392.6		0.82118
392.7		0.82118
392.8		0.82118
392.9		0.82118
393		0.82118
393.1		0.821505
393.2		0.821505
393.3		0.821505
393.4		0.821505
393.5		0.821505
393.6		0.821505
393.7		0.821505
393.8		0.821505
393.9		0.821505
394		0.821505
394.1		0.826834
394.2		0.826834
394.3		0.826834
394.4		0.826834
394.5		0.826834
394.6		0.826834
394.7		0.826834
394.8		0.826834
394.9		0.826834
395		0.826834
395.1		0.828196
395.2		0.828196
395.3		0.828196
395.4		0.828196
395.5		0.828196
395.6		0.828196
395.7		0.828196
395.8		0.828196
395.9		0.828196
396		0.828196
396.1		0.829438
396.2		0.829438
396.3		0.829438
396.4		0.829438
396.5		0.829438
396.6		0.829438
396.7		0.829438
396.8		0.829438
396.9		0.829438
397		0.829438
397.1		0.831957
397.2		0.831957
397.3		0.831957
397.4		0.831957
397.5		0.831957
397.6		0.831957
397.7		0.831957
397.8		0.831957
397.9		0.831957
398		0.831957
398.1		0.836009
398.2		0.836009
398.3		0.836009
398.4		0.836009
398.5		0.836009
398.6		0.836009
398.7		0.836009
398.8		0.836009
398.9		0.836009
399		0.836009
399.1		0.836643
399.2		0.836643
399.3		0.836643
399.4		0.836643
399.5		0.836643
399.6		0.836643
399.7		0.836643
399.8		0.836643
399.9		0.836643
400		0.836643
400.1		0.837731
400.2		0.837731
400.3		0.837731
400.4		0.837731
400.5		0.837731
400.6		0.837731
400.7		0.837731
400.8		0.837731
400.9		0.837731
401		0.837731
401.1		0.842357
401.2		0.842357
401.3		0.842357
401.4		0.842357
401.5		0.842357
401.6		0.842357
401.7		0.842357
401.8		0.842357
401.9		0.842357
402		0.842357
402.1		0.844936
402.2		0.844936
402.3		0.844936
402.4		0.844936
402.5		0.844936
402.6		0.844936
402.7		0.844936
402.8		0.844936
402.9		0.844936
403		0.844936
403.1		0.845287
403.2		0.845287
403.3		0.845287
403.4		0.845287
403.5		0.845287
403.6		0.845287
403.7		0.845287
403.8		0.845287
403.9		0.845287
404		0.845287
404.1		0.846572
404.2		0.846572
404.3		0.846572
404.4		0.846572
404.5		0.846572
404.6		0.846572
404.7		0.846572
404.8		0.846572
404.9		0.846572
405		0.846572
405.1		0.84766
405.2		0.84766
405.3		0.84766
405.4		0.84766
405.5		0.84766
405.6		0.84766
405.7		0.84766
405.8		0.84766
405.9		0.84766
406		0.84766
406.1		0.852047
406.2		0.852047
406.3		0.852047
406.4		0.852047
406.5		0.852047
406.6		0.852047
406.7		0.852047
406.8		0.852047
406.9		0.852047
407		0.852047
407.1		0.85334
407.2		0.85334
407.3		0.85334
407.4		0.85334
407.5		0.85334
407.6		0.85334
407.7		0.85334
407.8		0.85334
407.9		0.85334
408		0.85334
408.1		0.853597
408.2		0.853597
408.3		0.853597
408.4		0.853597
408.5		0.853597
408.6		0.853597
408.7		0.853597
408.8		0.853597
408.9		0.853597
409		0.853597
409.1		0.856562
409.2		0.856562
409.3		0.856562
409.4		0.856562
409.5		0.856562
409.6		0.856562
409.7		0.856562
409.8		0.856562
409.9		0.856562
410		0.856562
410.1		0.856827
410.2		0.856827
410.3		0.856827
410.4		0.856827
410.5		0.856827
410.6		0.856827
410.7		0.856827
410.8		0.856827
410.9		0.856827
411		0.856827
411.1		0.86273
411.2		0.86273
411.3		0.86273
411.4		0.86273
411.5		0.86273
411.6		0.86273
411.7		0.86273
411.8		0.86273
411.9		0.86273
412		0.86273
412.1		0.863038
412.2		0.863038
412.3		0.863038
412.4		0.863038
412.5		0.863038
412.6		0.863038
412.7		0.863038
412.8		0.863038
412.9		0.863038
413		0.863038
413.1		0.86422
413.2		0.86422
413.3		0.86422
413.4		0.86422
413.5		0.86422
413.6		0.86422
413.7		0.86422
413.8		0.86422
413.9		0.86422
414		0.86422
414.1		0.86554
414.2		0.86554
414.3		0.86554
414.4		0.86554
414.5		0.86554
414.6		0.86554
414.7		0.86554
414.8		0.86554
414.9		0.86554
415		0.86554
415.1		0.866636
415.2		0.866636
415.3		0.866636
415.4		0.866636
415.5		0.866636
415.6		0.866636
415.7		0.866636
415.8		0.866636
415.9		0.866636
416		0.866636
416.1		0.871725
416.2		0.871725
416.3		0.871725
416.4		0.871725
416.5		0.871725
416.6		0.871725
416.7		0.871725
416.8		0.871725
416.9		0.871725
417		0.871725
417.1		0.872059
417.2		0.872059
417.3		0.872059
417.4		0.872059
417.5		0.872059
417.6		0.872059
417.7		0.872059
417.8		0.872059
417.9		0.872059
418		0.872059
418.1		0.874964
418.2		0.874964
418.3		0.874964
418.4		0.874964
418.5		0.874964
418.6		0.874964
418.7		0.874964
418.8		0.874964
418.9		0.874964
419		0.874964
419.1		0.877602
419.2		0.877602
419.3		0.877602
419.4		0.877602
419.5		0.877602
419.6		0.877602
419.7		0.877602
419.8		0.877602
419.9		0.877602
420		0.877602
420.1		0.879941
420.2		0.879941
420.3		0.879941
420.4		0.879941
420.5		0.879941
420.6		0.879941
420.7		0.879941
420.8		0.879941
420.9		0.879941
421		0.879941
421.1		0.883051
421.2		0.883051
421.3		0.883051
421.4		0.883051
421.5		0.883051
421.6		0.883051
421.7		0.883051
421.8		0.883051
421.9		0.883051
422		0.883051
422.1		0.883633
422.2		0.883633
422.3		0.883633
422.4		0.883633
422.5		0.883633
422.6		0.883633
422.7		0.883633
422.8		0.883633
422.9		0.883633
423		0.883633
423.1		0.883925
423.2		0.883925
423.3		0.883925
423.4		0.883925
423.5		0.883925
423.6		0.883925
423.7		0.883925
423.8		0.883925
423.9		0.883925
424		0.883925
424.1		0.890187
424.2		0.890187
424.3		0.890187
424.4		0.890187
424.5		0.890187
424.6		0.890187
424.7		0.890187
424.8		0.890187
424.9		0.890187
425		0.890187
425.1		0.891053
425.2		0.891053
425.3		0.891053
425.4		0.891053
425.5		0.891053
425.6		0.891053
425.7		0.891053
425.8		0.891053
425.9		0.891053
426		0.891053
426.1		0.891609
426.2		0.891609
426.3		0.891609
426.4		0.891609
426.5		0.891609
426.6		0.891609
426.7		0.891609
426.8		0.891609
426.9		0.891609
427		0.891609
427.1		0.89531
427.2		0.89531
427.3		0.89531
427.4		0.89531
427.5		0.89531
427.6		0.89531
427.7		0.89531
427.8		0.89531
427.9		0.89531
428		0.89531
428.1		0.896553
428.2		0.896553
428.3		0.896553
428.4		0.896553
428.5		0.896553
428.6		0.896553
428.7		0.896553
428.8		0.896553
428.9		0.896553
429		0.896553
429.1		0.898652
429.2		0.898652
429.3		0.898652
429.4		0.898652
429.5		0.898652
429.6		0.898652
429.7		0.898652
429.8		0.898652
429.9		0.898652
430		0.898652
430.1		0.900468
430.2		0.900468
430.3		0.900468
430.4		0.900468
430.5		0.900468
430.6		0.900468
430.7		0.900468
430.8		0.900468
430.9		0.900468
431		0.900468
431.1		0.903612
431.2		0.903612
431.3		0.903612
431.4		0.903612
431.5		0.903612
431.6		0.903612
431.7		0.903612
431.8		0.903612
431.9		0.903612
432		0.903612
432.1		0.904083
432.2		0.904083
432.3		0.904083
432.4		0.904083
432.5		0.904083
432.6		0.904083
432.7		0.904083
432.8		0.904083
432.9		0.904083
433		0.904083
433.1		0.906636
433.2		0.906636
433.3		0.906636
433.4		0.906636
433.5		0.906636
433.6		0.906636
433.7		0.906636
433.8		0.906636
433.9		0.906636
434		0.906636
434.1		0.909129
434.2		0.909129
434.3		0.909129
434.4		0.909129
434.5		0.909129
434.6		0.909129
434.7		0.909129
434.8		0.909129
434.9		0.909129
435		0.909129
435.1		0.910114
435.2		0.910114
435.3		0.910114
435.4		0.910114
435.5		0.910114
435.6		0.910114
435.7		0.910114
435.8		0.910114
435.9		0.910114
436		0.910114
436.1		0.912145
436.2		0.912145
436.3		0.912145
436.4		0.912145
436.5		0.912145
436.6		0.912145
436.7		0.912145
436.8		0.912145
436.9		0.912145
437		0.912145
437.1		0.915177
437.2		0.915177
437.3		0.915177
437.4		0.915177
437.5		0.915177
437.6		0.915177
437.7		0.915177
437.8		0.915177
437.9		0.915177
438		0.915177
438.1		0.916994
438.2		0.916994
438.3		0.916994
438.4		0.916994
438.5		0.916994
438.6		0.916994
438.7		0.916994
438.8		0.916994
438.9		0.916994
439		0.916994
439.1		0.920857
439.2		0.920857
439.3		0.920857
439.4		0.920857
439.5		0.920857
439.6		0.920857
439.7		0.920857
439.8		0.920857
439.9		0.920857
440		0.920857
440.1		0.922348
440.2		0.922348
440.3		0.922348
440.4		0.922348
440.5		0.922348
440.6		0.922348
440.7		0.922348
440.8		0.922348
440.9		0.922348
441		0.922348
441.1		0.922785
441.2		0.922785
441.3		0.922785
441.4		0.922785
441.5		0.922785
441.6		0.922785
441.7		0.922785
441.8		0.922785
441.9		0.922785
442		0.922785
442.1		0.925466
442.2		0.925466
442.3		0.925466
442.4		0.925466
442.5		0.925466
442.6		0.925466
442.7		0.925466
442.8		0.925466
442.9		0.925466
443		0.925466
443.1		0.926829
443.2		0.926829
443.3		0.926829
443.4		0.926829
443.5		0.926829
443.6		0.926829
443.7		0.926829
443.8		0.926829
443.9		0.926829
444		0.926829
444.1		0.929048
444.2		0.929048
444.3		0.929048
444.4		0.929048
444.5		0.929048
444.6		0.929048
444.7		0.929048
444.8		0.929048
444.9		0.929048
445		0.929048
445.1		0.930967
445.2		0.930967
445.3		0.930967
445.4		0.930967
445.5		0.930967
445.6		0.930967
445.7		0.930967
445.8		0.930967
445.9		0.930967
446		0.930967
446.1		0.93621
446.2		0.93621
446.3		0.93621
446.4		0.93621
446.5		0.93621
446.6		0.93621
446.7		0.93621
446.8		0.93621
446.9		0.93621
447		0.93621
447.1		0.937452
447.2		0.937452
447.3		0.937452
447.4		0.937452
447.5		0.937452
447.6		0.937452
447.7		0.937452
447.8		0.937452
447.9		0.937452
448		0.937452
448.1		0.93854
448.2		0.93854
448.3		0.93854
448.4		0.93854
448.5		0.93854
448.6		0.93854
448.7		0.93854
448.8		0.93854
448.9		0.93854
449		0.93854
449.1		0.939868
449.2		0.939868
449.3		0.939868
449.4		0.939868
449.5		0.939868
449.6		0.939868
449.7		0.939868
449.8		0.939868
449.9		0.939868
450		0.939868
450.1		0.943492
450.2		0.943492
450.3		0.943492
450.4		0.943492
450.5		0.943492
450.6		0.943492
450.7		0.943492
450.8		0.943492
450.9		0.943492
451		0.943492
451.1		0.943946
451.2		0.943946
451.3		0.943946
451.4		0.943946
451.5		0.943946
451.6		0.943946
451.7		0.943946
451.8		0.943946
451.9		0.943946
452		0.943946
452.1		0.948041
452.2		0.948041
452.3		0.948041
452.4		0.948041
452.5		0.948041
452.6		0.948041
452.7		0.948041
452.8		0.948041
452.9		0.948041
453		0.948041
453.1		0.950448
453.2		0.950448
453.3		0.950448
453.4		0.950448
453.5		0.950448
453.6		0.950448
453.7		0.950448
453.8		0.950448
453.9		0.950448
454		0.950448
454.1		0.951742
454.2		0.951742
454.3		0.951742
454.4		0.951742
454.5		0.951742
454.6		0.951742
454.7		0.951742
454.8		0.951742
454.9		0.951742
455		0.951742
455.1		0.952873
455.2		0.952873
455.3		0.952873
455.4		0.952873
455.5		0.952873
455.6		0.952873
455.7		0.952873
455.8		0.952873
455.9		0.952873
456		0.952873
456.1		0.954423
456.2		0.954423
456.3		0.954423
456.4		0.954423
456.5		0.954423
456.6		0.954423
456.7		0.954423
456.8		0.954423
456.9		0.954423
457		0.954423
457.1		0.954663
457.2		0.954663
457.3		0.954663
457.4		0.954663
457.5		0.954663
457.6		0.954663
457.7		0.954663
457.8		0.954663
457.9		0.954663
458		0.954663
458.1		0.959958
458.2		0.959958
458.3		0.959958
458.4		0.959958
458.5		0.959958
458.6		0.959958
458.7		0.959958
458.8		0.959958
458.9		0.959958
459		0.959958
459.1		0.962348
459.2		0.962348
459.3		0.962348
459.4		0.962348
459.5		0.962348
459.6		0.962348
459.7		0.962348
459.8		0.962348
459.9		0.962348
460		0.962348
460.1		0.96395
460.2		0.96395
460.3		0.96395
460.4		0.96395
460.5		0.96395
460.6		0.96395
460.7		0.96395
460.8		0.96395
460.9		0.96395
461		0.96395
461.1		0.967308
461.2		0.967308
461.3		0.967308
461.4		0.967308
461.5		0.967308
461.6		0.967308
461.7		0.967308
461.8		0.967308
461.9		0.967308
462		0.967308
462.1		0.967788
462.2		0.967788
462.3		0.967788
462.4		0.967788
462.5		0.967788
462.6		0.967788
462.7		0.967788
462.8		0.967788
462.9		0.967788
463		0.967788
463.1		0.969818
463.2		0.969818
463.3		0.969818
463.4		0.969818
463.5		0.969818
463.6		0.969818
463.7		0.969818
463.8		0.969818
463.9		0.969818
464		0.969818
464.1		0.972483
464.2		0.972483
464.3		0.972483
464.4		0.972483
464.5		0.972483
464.6		0.972483
464.7		0.972483
464.8		0.972483
464.9		0.972483
465		0.972483
465.1		0.974701
465.2		0.974701
465.3		0.974701
465.4		0.974701
465.5		0.974701
465.6		0.974701
465.7		0.974701
465.8		0.974701
465.9		0.974701
466		0.974701
466.1		0.974984
466.2		0.974984
466.3		0.974984
466.4		0.974984
466.5		0.974984
466.6		0.974984
466.7		0.974984
466.8		0.974984
466.9		0.974984
467		0.974984
467.1		0.979525
467.2		0.979525
467.3		0.979525
467.4		0.979525
467.5		0.979525
467.6		0.979525
467.7		0.979525
467.8		0.979525
467.9		0.979525
468		0.979525
468.1		0.980698
468.2		0.980698
468.3		0.980698
468.4		0.980698
468.5		0.980698
468.6		0.980698
468.7		0.980698
468.8		0.980698
468.9		0.980698
469		0.980698
469.1		0.983406
469.2		0.983406
469.3		0.983406
469.4		0.983406
469.5		0.983406
469.6		0.983406
469.7		0.983406
469.8		0.983406
469.9		0.983406
470		0.983406
470.1		0.983757
470.2		0.983757
470.3		0.983757
470.4		0.983757
470.5		0.983757
470.6		0.983757
470.7		0.983757
470.8		0.983757
470.9		0.983757
471		0.983757
471.1		0.985676
471.2		0.985676
471.3		0.985676
471.4		0.985676
471.5		0.985676
471.6		0.985676
471.7		0.985676
471.8		0.985676
471.9		0.985676
472		0.985676
472.1		0.989488
472.2		0.989488
472.3		0.989488
472.4		0.989488
472.5		0.989488
472.6		0.989488
472.7		0.989488
472.8		0.989488
472.9		0.989488
473		0.989488
473.1		0.990585
473.2		0.990585
473.3		0.990585
473.4		0.990585
473.5		0.990585
473.6		0.990585
473.7		0.990585
473.8		0.990585
473.9		0.990585
474		0.990585
474.1		0.990859
474.2		0.990859
474.3		0.990859
474.4		0.990859
474.5		0.990859
474.6		0.990859
474.7		0.990859
474.8		0.990859
474.9		0.990859
475		0.990859
475.1		0.991065
475.2		0.991065
475.3		0.991065
475.4		0.991065
475.5		0.991065
475.6		0.991065
475.7		0.991065
475.8		0.991065
475.9		0.991065
476		0.991065
476.1		0.996076
476.2		0.996076
476.3		0.996076
476.4		0.996076
476.5		0.996076
476.6		0.996076
476.7		0.996076
476.8		0.996076
476.9		0.996076
477		0.996076
477.1		0.999417
477.2		0.999417
477.3		0.999417
477.4		0.999417
477.5		0.999417
477.6		0.999417
477.7		0.999417
477.8		0.999417
477.9		0.999417
478		0.999417
478.1		0.999991
478.2		0.999991
478.3		0.999991
478.4		0.999991
478.5		0.999991
478.6		0.999991
478.7		0.999991
478.8		0.999991
478.9		0.999991
479		0.999991
479.1		1
479.2		1
479.3		1
479.4		1
479.5		1
479.6		1
479.7		1
479.8		1
479.9		1
480		1
480.1		1
480.2		1
480.3		1
480.4		1
480.5		1
480.6		1
480.7		1
480.8		1
480.9		1
481		1
481.1		1
481.2		1
481.3		1
481.4		1
481.5		1
481.6		1
481.7		1
481.8		1
481.9		1
482		1
482.1		1
482.2		1
482.3		1
482.4		1
482.5		1
482.6		1
482.7		1
482.8		1
482.9		1
483		1
483.1		1
483.2		1
483.3		1
483.4		1
483.5		1
483.6		1
483.7		1
483.8		1
483.9		1
484		1
484.1		1
484.2		1
484.3		1
484.4		1
484.5		1
484.6		1
484.7		1
484.8		1
484.9		1
485		1
485.1		1
485.2		1
485.3		1
485.4		1
485.5		1
485.6		1
485.7		1
485.8		1
485.9		1
486		1
486.1		1
486.2		1
486.3		1
486.4		1
486.5		1
486.6		1
486.7		1
486.8		1
486.9		1
487		1
487.1		1
487.2		1
487.3		1
487.4		1
487.5		1
487.6		1
487.7		1
487.8		1
487.9		1
488		1
488.1		1
488.2		1
488.3		1
488.4		1
488.5		1
488.6		1
488.7		1
488.8		1
488.9		1
489		1
489.1		1
489.2		1
489.3		1
489.4		1
489.5		1
489.6		1
489.7		1
489.8		1
489.9		1
490		1
490.1		1
490.2		1
490.3		1
490.4		1
490.5		1
490.6		1
490.7		1
490.8		1
490.9		1
491		1
491.1		1
491.2		1
491.3		1
491.4		1
491.5		1
491.6		1
491.7		1
491.8		1
491.9		1
492		1
492.1		1
492.2		1
492.3		1
492.4		1
492.5		1
492.6		1
492.7		1
492.8		1
492.9		1
493		1
493.1		1
493.2		1
493.3		1
493.4		1
493.5		1
493.6		1
493.7		1
493.8		1
493.9		1
494		1
494.1		1
494.2		1
494.3		1
494.4		1
494.5		1
494.6		1
494.7		1
494.8		1
494.9		1
495		1
495.1		1
495.2		1
495.3		1
495.4		1
495.5		1
495.6		1
495.7		1
495.8		1
495.9		1
496		1
496.1		1
496.2		1
496.3		1
496.4		1
496.5		1
496.6		1
496.7		1
496.8		1
496.9		1
497		1
497.1		1
497.2		1
497.3		1
497.4		1
497.5		1
497.6		1
497.7		1
497.8		1
497.9		1
498		1
498.1		1
498.2		1
498.3		1
498.4		1
498.5		1
498.6		1
498.7		1
498.8		1
498.9		1
499		1
499.1		1
499.2		1
499.3		1
499.4		1
499.5		1
499.6		1
499.7		1
499.8		1
499.9		1
500		1
500.1		1
500.2		1
500.3		1
500.4		1
500.5		1
500.6		1
500.7		1
500.8		1
500.9		1
501		1
501.1		1
501.2		1
501.3		1
501.4		1
501.5		1
501.6		1
501.7		1
501.8		1
501.9		1
502		1
502.1		1
502.2		1
502.3		1
502.4		1
502.5		1
502.6		1
502.7		1
502.8		1
502.9		1
503		1
503.1		1
503.2		1
503.3		1
503.4		1
503.5		1
503.6		1
503.7		1
503.8		1
503.9		1
504		1
504.1		1
504.2		1
504.3		1
504.4		1
504.5		1
504.6		1
504.7		1
504.8		1
504.9		1
505		1
505.1		1
505.2		1
505.3		1
505.4		1
505.5		1
505.6		1
505.7		1
505.8		1
505.9		1
506		1
506.1		1
506.2		1
506.3		1
506.4		1
506.5		1
506.6		1
506.7		1
506.8		1
506.9		1
507		1
507.1		1
507.2		1
507.3		1
507.4		1
507.5		1
507.6		1
507.7		1
507.8		1
507.9		1
508		1
508.1		1
508.2		1
508.3		1
508.4		1
508.5		1
508.6		1
508.7		1
508.8		1
508.9		1
509		1
509.1		1
509.2		1
509.3		1
509.4		1
509.5		1
509.6		1
509.7		1
509.8		1
509.9		1
510		1
510.1		1
510.2		1
510.3		1
510.4		1
510.5		1
510.6		1
510.7		1
510.8		1
510.9		1
511		1
511.1		1
511.2		1
511.3		1
511.4		1
511.5		1
511.6		1
511.7		1
511.8		1
511.9		1
512		1
512.1		1
512.2		1
512.3		1
512.4		1
512.5		1
512.6		1
512.7		1
512.8		1
512.9		1
513		1
513.1		1
513.2		1
513.3		1
513.4		1
513.5		1
513.6		1
513.7		1
513.8		1
513.9		1
514		1
514.1		1
514.2		1
514.3		1
514.4		1
514.5		1
514.6		1
514.7		1
514.8		1
514.9		1
515		1
515.1		1
515.2		1
515.3		1
515.4		1
515.5		1
515.6		1
515.7		1
515.8		1
515.9		1
516		1
516.1		1
516.2		1
516.3		1
516.4		1
516.5		1
516.6		1
516.7		1
516.8		1
516.9		1
517		1
517.1		1
517.2		1
517.3		1
517.4		1
517.5		1
517.6		1
517.7		1
517.8		1
517.9		1
518		1
518.1		1
518.2		1
518.3		1
518.4		1
518.5		1
518.6		1
518.7		1
518.8		1
518.9		1
519		1
519.1		1
519.2		1
519.3		1
519.4		1
519.5		1
519.6		1
519.7		1
519.8		1
519.9		1
520		1
520.1		1
520.2		1
520.3		1
520.4		1
520.5		1
520.6		1
520.7		1
520.8		1
520.9		1
521		1
521.1		1
521.2		1
521.3		1
521.4		1
521.5		1
521.6		1
521.7		1
521.8		1
521.9		1
522		1
522.1		1
522.2		1
522.3		1
522.4		1
522.5		1
522.6		1
522.7		1
522.8		1
522.9		1
523		1
523.1		1
523.2		1
523.3		1
523.4		1
523.5		1
523.6		1
523.7		1
523.8		1
523.9		1
524		1
524.1		1
524.2		1
524.3		1
524.4		1
524.5		1
524.6		1
524.7		1
524.8		1
524.9		1
525		1
525.1		1
525.2		1
525.3		1
525.4		1
525.5		1
525.6		1
525.7		1
525.8		1
525.9		1
526		1
526.1		1
526.2		1
526.3		1
526.4		1
526.5		1
526.6		1
526.7		1
526.8		1
526.9		1
527		1
527.1		1
527.2		1
527.3		1
527.4		1
527.5		1
527.6		1
527.7		1
527.8		1
527.9		1
528		1
528.1		1
528.2		1
528.3		1
528.4		1
528.5		1
528.6		1
528.7		1
528.8		1
528.9		1
529		1
529.1		1
529.2		1
529.3		1
529.4		1
529.5		1
529.6		1
529.7		1
529.8		1
529.9		1
530		1
530.1		1
530.2		1
530.3		1
530.4		1
530.5		1
530.6		1
530.7		1
530.8		1
530.9		1
531		1
531.1		1
531.2		1
531.3		1
531.4		1
531.5		1
531.6		1
531.7		1
531.8		1
531.9		1
532		1
532.1		1
532.2		1
532.3		1
532.4		1
532.5		1
532.6		1
532.7		1
532.8		1
532.9		1
533		1
533.1		1
533.2		1
533.3		1
533.4		1
533.5		1
533.6		1
533.7		1
533.8		1
533.9		1
534		1
534.1		1
534.2		1
534.3		1
534.4		1
534.5		1
534.6		1
534.7		1
534.8		1
534.9		1
535		1
535.1		1
535.2		1
535.3		1
535.4		1
535.5		1
535.6		1
535.7		1
535.8		1
535.9		1
536		1
536.1		1
536.2		1
536.3		1
536.4		1
536.5		1
536.6		1
536.7		1
536.8		1
536.9		1
537		1
537.1		1
537.2		1
537.3		1
537.4		1
537.5		1
537.6		1
537.7		1
537.8		1
537.9		1
538		1
538.1		1
538.2		1
538.3		1
538.4		1
538.5		1
538.6		1
538.7		1
538.8		1
538.9		1
539		1
539.1		1
539.2		1
539.3		1
539.4		1
539.5		1
539.6		1
539.7		1
539.8		1
539.9		1
540		1
540.1		1
540.2		1
540.3		1
540.4		1
540.5		1
540.6		1
540.7		1
540.8		1
540.9		1
541		1
541.1		1
541.2		1
541.3		1
541.4		1
541.5		1
541.6		1
541.7		1
541.8		1
541.9		1
542		1
542.1		1
542.2		1
542.3		1
542.4		1
542.5		1
542.6		1
542.7		1
542.8		1
542.9		1
543		1
543.1		1
543.2		1
543.3		1
543.4		1
543.5		1
543.6		1
543.7		1
543.8		1
543.9		1
544		1
544.1		1
544.2		1
544.3		1
544.4		1
544.5		1
544.6		1
544.7		1
544.8		1
544.9		1
545		1
545.1		1
545.2		1
545.3		1
545.4		1
545.5		1
545.6		1
545.7		1
545.8		1
545.9		1
546		1
546.1		1
546.2		1
546.3		1
546.4		1
546.5		1
546.6		1
546.7		1
546.8		1
546.9		1
547		1
547.1		1
547.2		1
547.3		1
547.4		1
547.5		1
547.6		1
547.7		1
547.8		1
547.9		1
548		1
548.1		1
548.2		1
548.3		1
548.4		1
548.5		1
548.6		1
548.7		1
548.8		1
548.9		1
549		1
549.1		1
549.2		1
549.3		1
549.4		1
549.5		1
549.6		1
549.7		1
549.8		1
549.9		1
550		1
550.1		1
550.2		1
550.3		1
550.4		1
550.5		1
550.6		1
550.7		1
550.8		1
550.9		1
551		1
551.1		1
551.2		1
551.3		1
551.4		1
551.5		1
551.6		1
551.7		1
551.8		1
551.9		1
552		1
552.1		1
552.2		1
552.3		1
552.4		1
552.5		1
552.6		1
552.7		1
552.8		1
552.9		1
553		1
553.1		1
553.2		1
553.3		1
553.4		1
553.5		1
553.6		1
553.7		1
553.8		1
553.9		1
554		1
554.1		1
554.2		1
554.3		1
554.4		1
554.5		1
554.6		1
554.7		1
554.8		1
554.9		1
555		1
555.1		1
555.2		1
555.3		1
555.4		1
555.5		1
555.6		1
555.7		1
555.8		1
555.9		1
556		1
556.1		1
556.2		1
556.3		1
556.4		1
556.5		1
556.6		1
556.7		1
556.8		1
556.9		1
557		1
557.1		1
557.2		1
557.3		1
557.4		1
557.5		1
557.6		1
557.7		1
557.8		1
557.9		1
558		1
558.1		1
558.2		1
558.3		1
558.4		1
558.5		1
558.6		1
558.7		1
558.8		1
558.9		1
559		1
559.1		1
559.2		1
559.3		1
559.4		1
559.5		1
559.6		1
559.7		1
559.8		1
559.9		1
560		1
560.1		1
560.2		1
560.3		1
560.4		1
560.5		1
560.6		1
560.7		1
560.8		1
560.9		1
561		1
561.1		1
561.2		1
561.3		1
561.4		1
561.5		1
561.6		1
561.7		1
561.8		1
561.9		1
562		1
562.1		1
562.2		1
562.3		1
562.4		1
562.5		1
562.6		1
562.7		1
562.8		1
562.9		1
563		1
563.1		1
563.2		1
563.3		1
563.4		1
563.5		1
563.6		1
563.7		1
563.8		1
563.9		1
564		1
564.1		1
564.2		1
564.3		1
564.4		1
564.5		1
564.6		1
564.7		1
564.8		1
564.9		1
565		1
565.1		1
565.2		1
565.3		1
565.4		1
565.5		1
565.6		1
565.7		1
565.8		1
565.9		1
566		1
566.1		1
566.2		1
566.3		1
566.4		1
566.5		1
566.6		1
566.7		1
566.8		1
566.9		1
567		1
567.1		1
567.2		1
567.3		1
567.4		1
567.5		1
567.6		1
567.7		1
567.8		1
567.9		1
568		1
568.1		1
568.2		1
568.3		1
568.4		1
568.5		1
568.6		1
568.7		1
568.8		1
568.9		1
569		1
569.1		1
569.2		1
569.3		1
569.4		1
569.5		1
569.6		1
569.7		1
569.8		1
569.9		1
570		1
570.1		1
570.2		1
570.3		1
570.4		1
570.5		1
570.6		1
570.7		1
570.8		1
570.9		1
571		1
571.1		1
571.2		1
571.3		1
571.4		1
571.5		1
571.6		1
571.7		1
571.8		1
571.9		1
572		1
572.1		1
572.2		1
572.3		1
572.4		1
572.5		1
572.6		1
572.7		1
572.8		1
572.9		1
573		1
573.1		1
573.2		1
573.3		1
573.4		1
573.5		1
573.6		1
573.7		1
573.8		1
573.9		1
574		1
574.1		1
574.2		1
574.3		1
574.4		1
574.5		1
574.6		1
574.7		1
574.8		1
574.9		1
575		1
575.1		1
575.2		1
575.3		1
575.4		1
575.5		1
575.6		1
575.7		1
575.8		1
575.9		1
576		1
576.1		1
576.2		1
576.3		1
576.4		1
576.5		1
576.6		1
576.7		1
576.8		1
576.9		1
577		1
577.1		1
577.2		1
577.3		1
577.4		1
577.5		1
577.6		1
577.7		1
577.8		1
577.9		1
578		1
578.1		1
578.2		1
578.3		1
578.4		1
578.5		1
578.6		1
578.7		1
578.8		1
578.9		1
579		1
579.1		1
579.2		1
579.3		1
579.4		1
579.5		1
579.6		1
579.7		1
579.8		1
579.9		1
580		1
580.1		1
580.2		1
580.3		1
580.4		1
580.5		1
580.6		1
580.7		1
580.8		1
580.9		1
581		1
581.1		1
581.2		1
581.3		1
581.4		1
581.5		1
581.6		1
581.7		1
581.8		1
581.9		1
582		1
582.1		1
582.2		1
582.3		1
582.4		1
582.5		1
582.6		1
582.7		1
582.8		1
582.9		1
583		1
583.1		1
583.2		1
583.3		1
583.4		1
583.5		1
583.6		1
583.7		1
583.8		1
583.9		1
584		1
584.1		1
584.2		1
584.3		1
584.4		1
584.5		1
584.6		1
584.7		1
584.8		1
584.9		1
585		1
585.1		1
585.2		1
585.3		1
585.4		1
585.5		1
585.6		1
585.7		1
585.8		1
585.9		1
586		1
586.1		1
586.2		1
586.3		1
586.4		1
586.5		1
586.6		1
586.7		1
586.8		1
586.9		1
587		1
587.1		1
587.2		1
587.3		1
587.4		1
587.5		1
587.6		1
587.7		1
587.8		1
587.9		1
588		1
588.1		1
588.2		1
588.3		1
588.4		1
588.5		1
588.6		1
588.7		1
588.8		1
588.9		1
589		1
589.1		1
589.2		1
589.3		1
589.4		1
589.5		1
589.6		1
589.7		1
589.8		1
589.9		1
590		1
590.1		1
590.2		1
590.3		1
590.4		1
590.5		1
590.6		1
590.7		1
590.8		1
590.9		1
591		1
591.1		1
591.2		1
591.3		1
591.4		1
591.5		1
591.6		1
591.7		1
591.8		1
591.9		1
592		1
592.1		1
592.2		1
592.3		1
592.4		1
592.5		1
592.6		1
592.7		1
592.8		1
592.9		1
593		1
593.1		1
593.2		1
593.3		1
593.4		1
593.5		1
593.6		1
593.7		1
593.8		1
593.9		1
594		1
594.1		1
594.2		1
594.3		1
594.4		1
594.5		1
594.6		1
594.7		1
594.8		1
594.9		1
595		1
595.1		1
595.2		1
595.3		1
595.4		1
595.5		1
595.6		1
595.7		1
595.8		1
595.9		1
596		1
596.1		1
596.2		1
596.3		1
596.4		1
596.5		1
596.6		1
596.7		1
596.8		1
596.9		1
597		1
597.1		1
597.2		1
597.3		1
597.4		1
597.5		1
597.6		1
597.7		1
597.8		1
597.9		1
598		1
598.1		1
598.2		1
598.3		1
598.4		1
598.5		1
598.6		1
598.7		1
598.8		1
598.9		1
599		1
599.1		1
599.2		1
599.3		1
599.4		1
599.5		1
599.6		1
599.7		1
599.8		1
599.9		1
600		1
