# Calibration file of tamex_id 0 @ channel 43
# fine_T bin		 Calibration value
0.1		0
0.2		0
0.3		0
0.4		0
0.5		0
0.6		0
0.7		0
0.8		0
0.9		0
1		0
1.1		0
1.2		0
1.3		0
1.4		0
1.5		0
1.6		0
1.7		0
1.8		0
1.9		0
2		0
2.1		0
2.2		0
2.3		0
2.4		0
2.5		0
2.6		0
2.7		0
2.8		0
2.9		0
3		0
3.1		0
3.2		0
3.3		0
3.4		0
3.5		0
3.6		0
3.7		0
3.8		0
3.9		0
4		0
4.1		0
4.2		0
4.3		0
4.4		0
4.5		0
4.6		0
4.7		0
4.8		0
4.9		0
5		0
5.1		0
5.2		0
5.3		0
5.4		0
5.5		0
5.6		0
5.7		0
5.8		0
5.9		0
6		0
6.1		0
6.2		0
6.3		0
6.4		0
6.5		0
6.6		0
6.7		0
6.8		0
6.9		0
7		0
7.1		0
7.2		0
7.3		0
7.4		0
7.5		0
7.6		0
7.7		0
7.8		0
7.9		0
8		0
8.1		0
8.2		0
8.3		0
8.4		0
8.5		0
8.6		0
8.7		0
8.8		0
8.9		0
9		0
9.1		0
9.2		0
9.3		0
9.4		0
9.5		0
9.6		0
9.7		0
9.8		0
9.9		0
10		0
10.1		0
10.2		0
10.3		0
10.4		0
10.5		0
10.6		0
10.7		0
10.8		0
10.9		0
11		0
11.1		0
11.2		0
11.3		0
11.4		0
11.5		0
11.6		0
11.7		0
11.8		0
11.9		0
12		0
12.1		0
12.2		0
12.3		0
12.4		0
12.5		0
12.6		0
12.7		0
12.8		0
12.9		0
13		0
13.1		0
13.2		0
13.3		0
13.4		0
13.5		0
13.6		0
13.7		0
13.8		0
13.9		0
14		0
14.1		0
14.2		0
14.3		0
14.4		0
14.5		0
14.6		0
14.7		0
14.8		0
14.9		0
15		0
15.1		0
15.2		0
15.3		0
15.4		0
15.5		0
15.6		0
15.7		0
15.8		0
15.9		0
16		0
16.1		0.00235687
16.2		0.00235687
16.3		0.00235687
16.4		0.00235687
16.5		0.00235687
16.6		0.00235687
16.7		0.00235687
16.8		0.00235687
16.9		0.00235687
17		0.00235687
17.1		0.00670884
17.2		0.00670884
17.3		0.00670884
17.4		0.00670884
17.5		0.00670884
17.6		0.00670884
17.7		0.00670884
17.8		0.00670884
17.9		0.00670884
18		0.00670884
18.1		0.00691633
18.2		0.00691633
18.3		0.00691633
18.4		0.00691633
18.5		0.00691633
18.6		0.00691633
18.7		0.00691633
18.8		0.00691633
18.9		0.00691633
19		0.00691633
19.1		0.0107256
19.2		0.0107256
19.3		0.0107256
19.4		0.0107256
19.5		0.0107256
19.6		0.0107256
19.7		0.0107256
19.8		0.0107256
19.9		0.0107256
20		0.0107256
20.1		0.0138912
20.2		0.0138912
20.3		0.0138912
20.4		0.0138912
20.5		0.0138912
20.6		0.0138912
20.7		0.0138912
20.8		0.0138912
20.9		0.0138912
21		0.0138912
21.1		0.0171419
21.2		0.0171419
21.3		0.0171419
21.4		0.0171419
21.5		0.0171419
21.6		0.0171419
21.7		0.0171419
21.8		0.0171419
21.9		0.0171419
22		0.0171419
22.1		0.0191902
22.2		0.0191902
22.3		0.0191902
22.4		0.0191902
22.5		0.0191902
22.6		0.0191902
22.7		0.0191902
22.8		0.0191902
22.9		0.0191902
23		0.0191902
23.1		0.0194668
23.2		0.0194668
23.3		0.0194668
23.4		0.0194668
23.5		0.0194668
23.6		0.0194668
23.7		0.0194668
23.8		0.0194668
23.9		0.0194668
24		0.0194668
24.1		0.0204351
24.2		0.0204351
24.3		0.0204351
24.4		0.0204351
24.5		0.0204351
24.6		0.0204351
24.7		0.0204351
24.8		0.0204351
24.9		0.0204351
25		0.0204351
25.1		0.0242391
25.2		0.0242391
25.3		0.0242391
25.4		0.0242391
25.5		0.0242391
25.6		0.0242391
25.7		0.0242391
25.8		0.0242391
25.9		0.0242391
26		0.0242391
26.1		0.0251861
26.2		0.0251861
26.3		0.0251861
26.4		0.0251861
26.5		0.0251861
26.6		0.0251861
26.7		0.0251861
26.8		0.0251861
26.9		0.0251861
27		0.0251861
27.1		0.0268513
27.2		0.0268513
27.3		0.0268513
27.4		0.0268513
27.5		0.0268513
27.6		0.0268513
27.7		0.0268513
27.8		0.0268513
27.9		0.0268513
28		0.0268513
28.1		0.0299956
28.2		0.0299956
28.3		0.0299956
28.4		0.0299956
28.5		0.0299956
28.6		0.0299956
28.7		0.0299956
28.8		0.0299956
28.9		0.0299956
29		0.0299956
29.1		0.0313203
29.2		0.0313203
29.3		0.0313203
29.4		0.0313203
29.5		0.0313203
29.6		0.0313203
29.7		0.0313203
29.8		0.0313203
29.9		0.0313203
30		0.0313203
30.1		0.0319162
30.2		0.0319162
30.3		0.0319162
30.4		0.0319162
30.5		0.0319162
30.6		0.0319162
30.7		0.0319162
30.8		0.0319162
30.9		0.0319162
31		0.0319162
31.1		0.032528
31.2		0.032528
31.3		0.032528
31.4		0.032528
31.5		0.032528
31.6		0.032528
31.7		0.032528
31.8		0.032528
31.9		0.032528
32		0.032528
32.1		0.0366725
32.2		0.0366725
32.3		0.0366725
32.4		0.0366725
32.5		0.0366725
32.6		0.0366725
32.7		0.0366725
32.8		0.0366725
32.9		0.0366725
33		0.0366725
33.1		0.0368694
33.2		0.0368694
33.3		0.0368694
33.4		0.0368694
33.5		0.0368694
33.6		0.0368694
33.7		0.0368694
33.8		0.0368694
33.9		0.0368694
34		0.0368694
34.1		0.0427908
34.2		0.0427908
34.3		0.0427908
34.4		0.0427908
34.5		0.0427908
34.6		0.0427908
34.7		0.0427908
34.8		0.0427908
34.9		0.0427908
35		0.0427908
35.1		0.0433122
35.2		0.0433122
35.3		0.0433122
35.4		0.0433122
35.5		0.0433122
35.6		0.0433122
35.7		0.0433122
35.8		0.0433122
35.9		0.0433122
36		0.0433122
36.1		0.0442858
36.2		0.0442858
36.3		0.0442858
36.4		0.0442858
36.5		0.0442858
36.6		0.0442858
36.7		0.0442858
36.8		0.0442858
36.9		0.0442858
37		0.0442858
37.1		0.0449615
37.2		0.0449615
37.3		0.0449615
37.4		0.0449615
37.5		0.0449615
37.6		0.0449615
37.7		0.0449615
37.8		0.0449615
37.9		0.0449615
38		0.0449615
38.1		0.0495688
38.2		0.0495688
38.3		0.0495688
38.4		0.0495688
38.5		0.0495688
38.6		0.0495688
38.7		0.0495688
38.8		0.0495688
38.9		0.0495688
39		0.0495688
39.1		0.050037
39.2		0.050037
39.3		0.050037
39.4		0.050037
39.5		0.050037
39.6		0.050037
39.7		0.050037
39.8		0.050037
39.9		0.050037
40		0.050037
40.1		0.0545166
40.2		0.0545166
40.3		0.0545166
40.4		0.0545166
40.5		0.0545166
40.6		0.0545166
40.7		0.0545166
40.8		0.0545166
40.9		0.0545166
41		0.0545166
41.1		0.0559744
41.2		0.0559744
41.3		0.0559744
41.4		0.0559744
41.5		0.0559744
41.6		0.0559744
41.7		0.0559744
41.8		0.0559744
41.9		0.0559744
42		0.0559744
42.1		0.0579322
42.2		0.0579322
42.3		0.0579322
42.4		0.0579322
42.5		0.0579322
42.6		0.0579322
42.7		0.0579322
42.8		0.0579322
42.9		0.0579322
43		0.0579322
43.1		0.0601295
43.2		0.0601295
43.3		0.0601295
43.4		0.0601295
43.5		0.0601295
43.6		0.0601295
43.7		0.0601295
43.8		0.0601295
43.9		0.0601295
44		0.0601295
44.1		0.0602412
44.2		0.0602412
44.3		0.0602412
44.4		0.0602412
44.5		0.0602412
44.6		0.0602412
44.7		0.0602412
44.8		0.0602412
44.9		0.0602412
45		0.0602412
45.1		0.0621459
45.2		0.0621459
45.3		0.0621459
45.4		0.0621459
45.5		0.0621459
45.6		0.0621459
45.7		0.0621459
45.8		0.0621459
45.9		0.0621459
46		0.0621459
46.1		0.0678758
46.2		0.0678758
46.3		0.0678758
46.4		0.0678758
46.5		0.0678758
46.6		0.0678758
46.7		0.0678758
46.8		0.0678758
46.9		0.0678758
47		0.0678758
47.1		0.0684929
47.2		0.0684929
47.3		0.0684929
47.4		0.0684929
47.5		0.0684929
47.6		0.0684929
47.7		0.0684929
47.8		0.0684929
47.9		0.0684929
48		0.0684929
48.1		0.0696049
48.2		0.0696049
48.3		0.0696049
48.4		0.0696049
48.5		0.0696049
48.6		0.0696049
48.7		0.0696049
48.8		0.0696049
48.9		0.0696049
49		0.0696049
49.1		0.069956
49.2		0.069956
49.3		0.069956
49.4		0.069956
49.5		0.069956
49.6		0.069956
49.7		0.069956
49.8		0.069956
49.9		0.069956
50		0.069956
50.1		0.0730417
50.2		0.0730417
50.3		0.0730417
50.4		0.0730417
50.5		0.0730417
50.6		0.0730417
50.7		0.0730417
50.8		0.0730417
50.9		0.0730417
51		0.0730417
51.1		0.0758881
51.2		0.0758881
51.3		0.0758881
51.4		0.0758881
51.5		0.0758881
51.6		0.0758881
51.7		0.0758881
51.8		0.0758881
51.9		0.0758881
52		0.0758881
52.1		0.0777183
52.2		0.0777183
52.3		0.0777183
52.4		0.0777183
52.5		0.0777183
52.6		0.0777183
52.7		0.0777183
52.8		0.0777183
52.9		0.0777183
53		0.0777183
53.1		0.0788674
53.2		0.0788674
53.3		0.0788674
53.4		0.0788674
53.5		0.0788674
53.6		0.0788674
53.7		0.0788674
53.8		0.0788674
53.9		0.0788674
54		0.0788674
54.1		0.0808412
54.2		0.0808412
54.3		0.0808412
54.4		0.0808412
54.5		0.0808412
54.6		0.0808412
54.7		0.0808412
54.8		0.0808412
54.9		0.0808412
55		0.0808412
55.1		0.0819159
55.2		0.0819159
55.3		0.0819159
55.4		0.0819159
55.5		0.0819159
55.6		0.0819159
55.7		0.0819159
55.8		0.0819159
55.9		0.0819159
56		0.0819159
56.1		0.0842462
56.2		0.0842462
56.3		0.0842462
56.4		0.0842462
56.5		0.0842462
56.6		0.0842462
56.7		0.0842462
56.8		0.0842462
56.9		0.0842462
57		0.0842462
57.1		0.0855763
57.2		0.0855763
57.3		0.0855763
57.4		0.0855763
57.5		0.0855763
57.6		0.0855763
57.7		0.0855763
57.8		0.0855763
57.9		0.0855763
58		0.0855763
58.1		0.0893962
58.2		0.0893962
58.3		0.0893962
58.4		0.0893962
58.5		0.0893962
58.6		0.0893962
58.7		0.0893962
58.8		0.0893962
58.9		0.0893962
59		0.0893962
59.1		0.0895186
59.2		0.0895186
59.3		0.0895186
59.4		0.0895186
59.5		0.0895186
59.6		0.0895186
59.7		0.0895186
59.8		0.0895186
59.9		0.0895186
60		0.0895186
60.1		0.0931097
60.2		0.0931097
60.3		0.0931097
60.4		0.0931097
60.5		0.0931097
60.6		0.0931097
60.7		0.0931097
60.8		0.0931097
60.9		0.0931097
61		0.0931097
61.1		0.0947643
61.2		0.0947643
61.3		0.0947643
61.4		0.0947643
61.5		0.0947643
61.6		0.0947643
61.7		0.0947643
61.8		0.0947643
61.9		0.0947643
62		0.0947643
62.1		0.0968765
62.2		0.0968765
62.3		0.0968765
62.4		0.0968765
62.5		0.0968765
62.6		0.0968765
62.7		0.0968765
62.8		0.0968765
62.9		0.0968765
63		0.0968765
63.1		0.0990259
63.2		0.0990259
63.3		0.0990259
63.4		0.0990259
63.5		0.0990259
63.6		0.0990259
63.7		0.0990259
63.8		0.0990259
63.9		0.0990259
64		0.0990259
64.1		0.102197
64.2		0.102197
64.3		0.102197
64.4		0.102197
64.5		0.102197
64.6		0.102197
64.7		0.102197
64.8		0.102197
64.9		0.102197
65		0.102197
65.1		0.102809
65.2		0.102809
65.3		0.102809
65.4		0.102809
65.5		0.102809
65.6		0.102809
65.7		0.102809
65.8		0.102809
65.9		0.102809
66		0.102809
66.1		0.105309
66.2		0.105309
66.3		0.105309
66.4		0.105309
66.5		0.105309
66.6		0.105309
66.7		0.105309
66.8		0.105309
66.9		0.105309
67		0.105309
67.1		0.106368
67.2		0.106368
67.3		0.106368
67.4		0.106368
67.5		0.106368
67.6		0.106368
67.7		0.106368
67.8		0.106368
67.9		0.106368
68		0.106368
68.1		0.110837
68.2		0.110837
68.3		0.110837
68.4		0.110837
68.5		0.110837
68.6		0.110837
68.7		0.110837
68.8		0.110837
68.9		0.110837
69		0.110837
69.1		0.113082
69.2		0.113082
69.3		0.113082
69.4		0.113082
69.5		0.113082
69.6		0.113082
69.7		0.113082
69.8		0.113082
69.9		0.113082
70		0.113082
70.1		0.113428
70.2		0.113428
70.3		0.113428
70.4		0.113428
70.5		0.113428
70.6		0.113428
70.7		0.113428
70.8		0.113428
70.9		0.113428
71		0.113428
71.1		0.113609
71.2		0.113609
71.3		0.113609
71.4		0.113609
71.5		0.113609
71.6		0.113609
71.7		0.113609
71.8		0.113609
71.9		0.113609
72		0.113609
72.1		0.118519
72.2		0.118519
72.3		0.118519
72.4		0.118519
72.5		0.118519
72.6		0.118519
72.7		0.118519
72.8		0.118519
72.9		0.118519
73		0.118519
73.1		0.121057
73.2		0.121057
73.3		0.121057
73.4		0.121057
73.5		0.121057
73.6		0.121057
73.7		0.121057
73.8		0.121057
73.9		0.121057
74		0.121057
74.1		0.121323
74.2		0.121323
74.3		0.121323
74.4		0.121323
74.5		0.121323
74.6		0.121323
74.7		0.121323
74.8		0.121323
74.9		0.121323
75		0.121323
75.1		0.121791
75.2		0.121791
75.3		0.121791
75.4		0.121791
75.5		0.121791
75.6		0.121791
75.7		0.121791
75.8		0.121791
75.9		0.121791
76		0.121791
76.1		0.122637
76.2		0.122637
76.3		0.122637
76.4		0.122637
76.5		0.122637
76.6		0.122637
76.7		0.122637
76.8		0.122637
76.9		0.122637
77		0.122637
77.1		0.126702
77.2		0.126702
77.3		0.126702
77.4		0.126702
77.5		0.126702
77.6		0.126702
77.7		0.126702
77.8		0.126702
77.9		0.126702
78		0.126702
78.1		0.127606
78.2		0.127606
78.3		0.127606
78.4		0.127606
78.5		0.127606
78.6		0.127606
78.7		0.127606
78.8		0.127606
78.9		0.127606
79		0.127606
79.1		0.133123
79.2		0.133123
79.3		0.133123
79.4		0.133123
79.5		0.133123
79.6		0.133123
79.7		0.133123
79.8		0.133123
79.9		0.133123
80		0.133123
80.1		0.134001
80.2		0.134001
80.3		0.134001
80.4		0.134001
80.5		0.134001
80.6		0.134001
80.7		0.134001
80.8		0.134001
80.9		0.134001
81		0.134001
81.1		0.135044
81.2		0.135044
81.3		0.135044
81.4		0.135044
81.5		0.135044
81.6		0.135044
81.7		0.135044
81.8		0.135044
81.9		0.135044
82		0.135044
82.1		0.136539
82.2		0.136539
82.3		0.136539
82.4		0.136539
82.5		0.136539
82.6		0.136539
82.7		0.136539
82.8		0.136539
82.9		0.136539
83		0.136539
83.1		0.138651
83.2		0.138651
83.3		0.138651
83.4		0.138651
83.5		0.138651
83.6		0.138651
83.7		0.138651
83.8		0.138651
83.9		0.138651
84		0.138651
84.1		0.140923
84.2		0.140923
84.3		0.140923
84.4		0.140923
84.5		0.140923
84.6		0.140923
84.7		0.140923
84.8		0.140923
84.9		0.140923
85		0.140923
85.1		0.146658
85.2		0.146658
85.3		0.146658
85.4		0.146658
85.5		0.146658
85.6		0.146658
85.7		0.146658
85.8		0.146658
85.9		0.146658
86		0.146658
86.1		0.147041
86.2		0.147041
86.3		0.147041
86.4		0.147041
86.5		0.147041
86.6		0.147041
86.7		0.147041
86.8		0.147041
86.9		0.147041
87		0.147041
87.1		0.14768
87.2		0.14768
87.3		0.14768
87.4		0.14768
87.5		0.14768
87.6		0.14768
87.7		0.14768
87.8		0.14768
87.9		0.14768
88		0.14768
88.1		0.147935
88.2		0.147935
88.3		0.147935
88.4		0.147935
88.5		0.147935
88.6		0.147935
88.7		0.147935
88.8		0.147935
88.9		0.147935
89		0.147935
89.1		0.148983
89.2		0.148983
89.3		0.148983
89.4		0.148983
89.5		0.148983
89.6		0.148983
89.7		0.148983
89.8		0.148983
89.9		0.148983
90		0.148983
90.1		0.154021
90.2		0.154021
90.3		0.154021
90.4		0.154021
90.5		0.154021
90.6		0.154021
90.7		0.154021
90.8		0.154021
90.9		0.154021
91		0.154021
91.1		0.157831
91.2		0.157831
91.3		0.157831
91.4		0.157831
91.5		0.157831
91.6		0.157831
91.7		0.157831
91.8		0.157831
91.9		0.157831
92		0.157831
92.1		0.158368
92.2		0.158368
92.3		0.158368
92.4		0.158368
92.5		0.158368
92.6		0.158368
92.7		0.158368
92.8		0.158368
92.9		0.158368
93		0.158368
93.1		0.159118
93.2		0.159118
93.3		0.159118
93.4		0.159118
93.5		0.159118
93.6		0.159118
93.7		0.159118
93.8		0.159118
93.9		0.159118
94		0.159118
94.1		0.162768
94.2		0.162768
94.3		0.162768
94.4		0.162768
94.5		0.162768
94.6		0.162768
94.7		0.162768
94.8		0.162768
94.9		0.162768
95		0.162768
95.1		0.164656
95.2		0.164656
95.3		0.164656
95.4		0.164656
95.5		0.164656
95.6		0.164656
95.7		0.164656
95.8		0.164656
95.9		0.164656
96		0.164656
96.1		0.167157
96.2		0.167157
96.3		0.167157
96.4		0.167157
96.5		0.167157
96.6		0.167157
96.7		0.167157
96.8		0.167157
96.9		0.167157
97		0.167157
97.1		0.168354
97.2		0.168354
97.3		0.168354
97.4		0.168354
97.5		0.168354
97.6		0.168354
97.7		0.168354
97.8		0.168354
97.9		0.168354
98		0.168354
98.1		0.168354
98.2		0.168354
98.3		0.168354
98.4		0.168354
98.5		0.168354
98.6		0.168354
98.7		0.168354
98.8		0.168354
98.9		0.168354
99		0.168354
99.1		0.174345
99.2		0.174345
99.3		0.174345
99.4		0.174345
99.5		0.174345
99.6		0.174345
99.7		0.174345
99.8		0.174345
99.9		0.174345
100		0.174345
100.1		0.174424
100.2		0.174424
100.3		0.174424
100.4		0.174424
100.5		0.174424
100.6		0.174424
100.7		0.174424
100.8		0.174424
100.9		0.174424
101		0.174424
101.1		0.175361
101.2		0.175361
101.3		0.175361
101.4		0.175361
101.5		0.175361
101.6		0.175361
101.7		0.175361
101.8		0.175361
101.9		0.175361
102		0.175361
102.1		0.179404
102.2		0.179404
102.3		0.179404
102.4		0.179404
102.5		0.179404
102.6		0.179404
102.7		0.179404
102.8		0.179404
102.9		0.179404
103		0.179404
103.1		0.180266
103.2		0.180266
103.3		0.180266
103.4		0.180266
103.5		0.180266
103.6		0.180266
103.7		0.180266
103.8		0.180266
103.9		0.180266
104		0.180266
104.1		0.180676
104.2		0.180676
104.3		0.180676
104.4		0.180676
104.5		0.180676
104.6		0.180676
104.7		0.180676
104.8		0.180676
104.9		0.180676
105		0.180676
105.1		0.184517
105.2		0.184517
105.3		0.184517
105.4		0.184517
105.5		0.184517
105.6		0.184517
105.7		0.184517
105.8		0.184517
105.9		0.184517
106		0.184517
106.1		0.18482
106.2		0.18482
106.3		0.18482
106.4		0.18482
106.5		0.18482
106.6		0.18482
106.7		0.18482
106.8		0.18482
106.9		0.18482
107		0.18482
107.1		0.187018
107.2		0.187018
107.3		0.187018
107.4		0.187018
107.5		0.187018
107.6		0.187018
107.7		0.187018
107.8		0.187018
107.9		0.187018
108		0.187018
108.1		0.190587
108.2		0.190587
108.3		0.190587
108.4		0.190587
108.5		0.190587
108.6		0.190587
108.7		0.190587
108.8		0.190587
108.9		0.190587
109		0.190587
109.1		0.191651
109.2		0.191651
109.3		0.191651
109.4		0.191651
109.5		0.191651
109.6		0.191651
109.7		0.191651
109.8		0.191651
109.9		0.191651
110		0.191651
110.1		0.193875
110.2		0.193875
110.3		0.193875
110.4		0.193875
110.5		0.193875
110.6		0.193875
110.7		0.193875
110.8		0.193875
110.9		0.193875
111		0.193875
111.1		0.196131
111.2		0.196131
111.3		0.196131
111.4		0.196131
111.5		0.196131
111.6		0.196131
111.7		0.196131
111.8		0.196131
111.9		0.196131
112		0.196131
112.1		0.196637
112.2		0.196637
112.3		0.196637
112.4		0.196637
112.5		0.196637
112.6		0.196637
112.7		0.196637
112.8		0.196637
112.9		0.196637
113		0.196637
113.1		0.202819
113.2		0.202819
113.3		0.202819
113.4		0.202819
113.5		0.202819
113.6		0.202819
113.7		0.202819
113.8		0.202819
113.9		0.202819
114		0.202819
114.1		0.204622
114.2		0.204622
114.3		0.204622
114.4		0.204622
114.5		0.204622
114.6		0.204622
114.7		0.204622
114.8		0.204622
114.9		0.204622
115		0.204622
115.1		0.204782
115.2		0.204782
115.3		0.204782
115.4		0.204782
115.5		0.204782
115.6		0.204782
115.7		0.204782
115.8		0.204782
115.9		0.204782
116		0.204782
116.1		0.205904
116.2		0.205904
116.3		0.205904
116.4		0.205904
116.5		0.205904
116.6		0.205904
116.7		0.205904
116.8		0.205904
116.9		0.205904
117		0.205904
117.1		0.207495
117.2		0.207495
117.3		0.207495
117.4		0.207495
117.5		0.207495
117.6		0.207495
117.7		0.207495
117.8		0.207495
117.9		0.207495
118		0.207495
118.1		0.214161
118.2		0.214161
118.3		0.214161
118.4		0.214161
118.5		0.214161
118.6		0.214161
118.7		0.214161
118.8		0.214161
118.9		0.214161
119		0.214161
119.1		0.214161
119.2		0.214161
119.3		0.214161
119.4		0.214161
119.5		0.214161
119.6		0.214161
119.7		0.214161
119.8		0.214161
119.9		0.214161
120		0.214161
120.1		0.215502
120.2		0.215502
120.3		0.215502
120.4		0.215502
120.5		0.215502
120.6		0.215502
120.7		0.215502
120.8		0.215502
120.9		0.215502
121		0.215502
121.1		0.216497
121.2		0.216497
121.3		0.216497
121.4		0.216497
121.5		0.216497
121.6		0.216497
121.7		0.216497
121.8		0.216497
121.9		0.216497
122		0.216497
122.1		0.218077
122.2		0.218077
122.3		0.218077
122.4		0.218077
122.5		0.218077
122.6		0.218077
122.7		0.218077
122.8		0.218077
122.9		0.218077
123		0.218077
123.1		0.218471
123.2		0.218471
123.3		0.218471
123.4		0.218471
123.5		0.218471
123.6		0.218471
123.7		0.218471
123.8		0.218471
123.9		0.218471
124		0.218471
124.1		0.225547
124.2		0.225547
124.3		0.225547
124.4		0.225547
124.5		0.225547
124.6		0.225547
124.7		0.225547
124.8		0.225547
124.9		0.225547
125		0.225547
125.1		0.22627
125.2		0.22627
125.3		0.22627
125.4		0.22627
125.5		0.22627
125.6		0.22627
125.7		0.22627
125.8		0.22627
125.9		0.22627
126		0.22627
126.1		0.226425
126.2		0.226425
126.3		0.226425
126.4		0.226425
126.5		0.226425
126.6		0.226425
126.7		0.226425
126.8		0.226425
126.9		0.226425
127		0.226425
127.1		0.227047
127.2		0.227047
127.3		0.227047
127.4		0.227047
127.5		0.227047
127.6		0.227047
127.7		0.227047
127.8		0.227047
127.9		0.227047
128		0.227047
128.1		0.232064
128.2		0.232064
128.3		0.232064
128.4		0.232064
128.5		0.232064
128.6		0.232064
128.7		0.232064
128.8		0.232064
128.9		0.232064
129		0.232064
129.1		0.233575
129.2		0.233575
129.3		0.233575
129.4		0.233575
129.5		0.233575
129.6		0.233575
129.7		0.233575
129.8		0.233575
129.9		0.233575
130		0.233575
130.1		0.238853
130.2		0.238853
130.3		0.238853
130.4		0.238853
130.5		0.238853
130.6		0.238853
130.7		0.238853
130.8		0.238853
130.9		0.238853
131		0.238853
131.1		0.239411
131.2		0.239411
131.3		0.239411
131.4		0.239411
131.5		0.239411
131.6		0.239411
131.7		0.239411
131.8		0.239411
131.9		0.239411
132		0.239411
132.1		0.239763
132.2		0.239763
132.3		0.239763
132.4		0.239763
132.5		0.239763
132.6		0.239763
132.7		0.239763
132.8		0.239763
132.9		0.239763
133		0.239763
133.1		0.240534
133.2		0.240534
133.3		0.240534
133.4		0.240534
133.5		0.240534
133.6		0.240534
133.7		0.240534
133.8		0.240534
133.9		0.240534
134		0.240534
134.1		0.241821
134.2		0.241821
134.3		0.241821
134.4		0.241821
134.5		0.241821
134.6		0.241821
134.7		0.241821
134.8		0.241821
134.9		0.241821
135		0.241821
135.1		0.244343
135.2		0.244343
135.3		0.244343
135.4		0.244343
135.5		0.244343
135.6		0.244343
135.7		0.244343
135.8		0.244343
135.9		0.244343
136		0.244343
136.1		0.249584
136.2		0.249584
136.3		0.249584
136.4		0.249584
136.5		0.249584
136.6		0.249584
136.7		0.249584
136.8		0.249584
136.9		0.249584
137		0.249584
137.1		0.250142
137.2		0.250142
137.3		0.250142
137.4		0.250142
137.5		0.250142
137.6		0.250142
137.7		0.250142
137.8		0.250142
137.9		0.250142
138		0.250142
138.1		0.25177
138.2		0.25177
138.3		0.25177
138.4		0.25177
138.5		0.25177
138.6		0.25177
138.7		0.25177
138.8		0.25177
138.9		0.25177
139		0.25177
139.1		0.25243
139.2		0.25243
139.3		0.25243
139.4		0.25243
139.5		0.25243
139.6		0.25243
139.7		0.25243
139.8		0.25243
139.9		0.25243
140		0.25243
140.1		0.254798
140.2		0.254798
140.3		0.254798
140.4		0.254798
140.5		0.254798
140.6		0.254798
140.7		0.254798
140.8		0.254798
140.9		0.254798
141		0.254798
141.1		0.258703
141.2		0.258703
141.3		0.258703
141.4		0.258703
141.5		0.258703
141.6		0.258703
141.7		0.258703
141.8		0.258703
141.9		0.258703
142		0.258703
142.1		0.260288
142.2		0.260288
142.3		0.260288
142.4		0.260288
142.5		0.260288
142.6		0.260288
142.7		0.260288
142.8		0.260288
142.9		0.260288
143		0.260288
143.1		0.261059
143.2		0.261059
143.3		0.261059
143.4		0.261059
143.5		0.261059
143.6		0.261059
143.7		0.261059
143.8		0.261059
143.9		0.261059
144		0.261059
144.1		0.262735
144.2		0.262735
144.3		0.262735
144.4		0.262735
144.5		0.262735
144.6		0.262735
144.7		0.262735
144.8		0.262735
144.9		0.262735
145		0.262735
145.1		0.265507
145.2		0.265507
145.3		0.265507
145.4		0.265507
145.5		0.265507
145.6		0.265507
145.7		0.265507
145.8		0.265507
145.9		0.265507
146		0.265507
146.1		0.267944
146.2		0.267944
146.3		0.267944
146.4		0.267944
146.5		0.267944
146.6		0.267944
146.7		0.267944
146.8		0.267944
146.9		0.267944
147		0.267944
147.1		0.26995
147.2		0.26995
147.3		0.26995
147.4		0.26995
147.5		0.26995
147.6		0.26995
147.7		0.26995
147.8		0.26995
147.9		0.26995
148		0.26995
148.1		0.270806
148.2		0.270806
148.3		0.270806
148.4		0.270806
148.5		0.270806
148.6		0.270806
148.7		0.270806
148.8		0.270806
148.9		0.270806
149		0.270806
149.1		0.272487
149.2		0.272487
149.3		0.272487
149.4		0.272487
149.5		0.272487
149.6		0.272487
149.7		0.272487
149.8		0.272487
149.9		0.272487
150		0.272487
150.1		0.279686
150.2		0.279686
150.3		0.279686
150.4		0.279686
150.5		0.279686
150.6		0.279686
150.7		0.279686
150.8		0.279686
150.9		0.279686
151		0.279686
151.1		0.279856
151.2		0.279856
151.3		0.279856
151.4		0.279856
151.5		0.279856
151.6		0.279856
151.7		0.279856
151.8		0.279856
151.9		0.279856
152		0.279856
152.1		0.280239
152.2		0.280239
152.3		0.280239
152.4		0.280239
152.5		0.280239
152.6		0.280239
152.7		0.280239
152.8		0.280239
152.9		0.280239
153		0.280239
153.1		0.282122
153.2		0.282122
153.3		0.282122
153.4		0.282122
153.5		0.282122
153.6		0.282122
153.7		0.282122
153.8		0.282122
153.9		0.282122
154		0.282122
154.1		0.283915
154.2		0.283915
154.3		0.283915
154.4		0.283915
154.5		0.283915
154.6		0.283915
154.7		0.283915
154.8		0.283915
154.9		0.283915
155		0.283915
155.1		0.285474
155.2		0.285474
155.3		0.285474
155.4		0.285474
155.5		0.285474
155.6		0.285474
155.7		0.285474
155.8		0.285474
155.9		0.285474
156		0.285474
156.1		0.290289
156.2		0.290289
156.3		0.290289
156.4		0.290289
156.5		0.290289
156.6		0.290289
156.7		0.290289
156.8		0.290289
156.9		0.290289
157		0.290289
157.1		0.290736
157.2		0.290736
157.3		0.290736
157.4		0.290736
157.5		0.290736
157.6		0.290736
157.7		0.290736
157.8		0.290736
157.9		0.290736
158		0.290736
158.1		0.293715
158.2		0.293715
158.3		0.293715
158.4		0.293715
158.5		0.293715
158.6		0.293715
158.7		0.293715
158.8		0.293715
158.9		0.293715
159		0.293715
159.1		0.294002
159.2		0.294002
159.3		0.294002
159.4		0.294002
159.5		0.294002
159.6		0.294002
159.7		0.294002
159.8		0.294002
159.9		0.294002
160		0.294002
160.1		0.295689
160.2		0.295689
160.3		0.295689
160.4		0.295689
160.5		0.295689
160.6		0.295689
160.7		0.295689
160.8		0.295689
160.9		0.295689
161		0.295689
161.1		0.295881
161.2		0.295881
161.3		0.295881
161.4		0.295881
161.5		0.295881
161.6		0.295881
161.7		0.295881
161.8		0.295881
161.9		0.295881
162		0.295881
162.1		0.301573
162.2		0.301573
162.3		0.301573
162.4		0.301573
162.5		0.301573
162.6		0.301573
162.7		0.301573
162.8		0.301573
162.9		0.301573
163		0.301573
163.1		0.305478
163.2		0.305478
163.3		0.305478
163.4		0.305478
163.5		0.305478
163.6		0.305478
163.7		0.305478
163.8		0.305478
163.9		0.305478
164		0.305478
164.1		0.305622
164.2		0.305622
164.3		0.305622
164.4		0.305622
164.5		0.305622
164.6		0.305622
164.7		0.305622
164.8		0.305622
164.9		0.305622
165		0.305622
165.1		0.30575
165.2		0.30575
165.3		0.30575
165.4		0.30575
165.5		0.30575
165.6		0.30575
165.7		0.30575
165.8		0.30575
165.9		0.30575
166		0.30575
166.1		0.307356
166.2		0.307356
166.3		0.307356
166.4		0.307356
166.5		0.307356
166.6		0.307356
166.7		0.307356
166.8		0.307356
166.9		0.307356
167		0.307356
167.1		0.311485
167.2		0.311485
167.3		0.311485
167.4		0.311485
167.5		0.311485
167.6		0.311485
167.7		0.311485
167.8		0.311485
167.9		0.311485
168		0.311485
168.1		0.313235
168.2		0.313235
168.3		0.313235
168.4		0.313235
168.5		0.313235
168.6		0.313235
168.7		0.313235
168.8		0.313235
168.9		0.313235
169		0.313235
169.1		0.318167
169.2		0.318167
169.3		0.318167
169.4		0.318167
169.5		0.318167
169.6		0.318167
169.7		0.318167
169.8		0.318167
169.9		0.318167
170		0.318167
170.1		0.318343
170.2		0.318343
170.3		0.318343
170.4		0.318343
170.5		0.318343
170.6		0.318343
170.7		0.318343
170.8		0.318343
170.9		0.318343
171		0.318343
171.1		0.318763
171.2		0.318763
171.3		0.318763
171.4		0.318763
171.5		0.318763
171.6		0.318763
171.7		0.318763
171.8		0.318763
171.9		0.318763
172		0.318763
172.1		0.321114
172.2		0.321114
172.3		0.321114
172.4		0.321114
172.5		0.321114
172.6		0.321114
172.7		0.321114
172.8		0.321114
172.9		0.321114
173		0.321114
173.1		0.324019
173.2		0.324019
173.3		0.324019
173.4		0.324019
173.5		0.324019
173.6		0.324019
173.7		0.324019
173.8		0.324019
173.9		0.324019
174		0.324019
174.1		0.326025
174.2		0.326025
174.3		0.326025
174.4		0.326025
174.5		0.326025
174.6		0.326025
174.7		0.326025
174.8		0.326025
174.9		0.326025
175		0.326025
175.1		0.330191
175.2		0.330191
175.3		0.330191
175.4		0.330191
175.5		0.330191
175.6		0.330191
175.7		0.330191
175.8		0.330191
175.9		0.330191
176		0.330191
176.1		0.330313
176.2		0.330313
176.3		0.330313
176.4		0.330313
176.5		0.330313
176.6		0.330313
176.7		0.330313
176.8		0.330313
176.9		0.330313
177		0.330313
177.1		0.331845
177.2		0.331845
177.3		0.331845
177.4		0.331845
177.5		0.331845
177.6		0.331845
177.7		0.331845
177.8		0.331845
177.9		0.331845
178		0.331845
178.1		0.332133
178.2		0.332133
178.3		0.332133
178.4		0.332133
178.5		0.332133
178.6		0.332133
178.7		0.332133
178.8		0.332133
178.9		0.332133
179		0.332133
179.1		0.335969
179.2		0.335969
179.3		0.335969
179.4		0.335969
179.5		0.335969
179.6		0.335969
179.7		0.335969
179.8		0.335969
179.9		0.335969
180		0.335969
180.1		0.337347
180.2		0.337347
180.3		0.337347
180.4		0.337347
180.5		0.337347
180.6		0.337347
180.7		0.337347
180.8		0.337347
180.9		0.337347
181		0.337347
181.1		0.340853
181.2		0.340853
181.3		0.340853
181.4		0.340853
181.5		0.340853
181.6		0.340853
181.7		0.340853
181.8		0.340853
181.9		0.340853
182		0.340853
182.1		0.341188
182.2		0.341188
182.3		0.341188
182.4		0.341188
182.5		0.341188
182.6		0.341188
182.7		0.341188
182.8		0.341188
182.9		0.341188
183		0.341188
183.1		0.343752
183.2		0.343752
183.3		0.343752
183.4		0.343752
183.5		0.343752
183.6		0.343752
183.7		0.343752
183.8		0.343752
183.9		0.343752
184		0.343752
184.1		0.344438
184.2		0.344438
184.3		0.344438
184.4		0.344438
184.5		0.344438
184.6		0.344438
184.7		0.344438
184.8		0.344438
184.9		0.344438
185		0.344438
185.1		0.344678
185.2		0.344678
185.3		0.344678
185.4		0.344678
185.5		0.344678
185.6		0.344678
185.7		0.344678
185.8		0.344678
185.9		0.344678
186		0.344678
186.1		0.34936
186.2		0.34936
186.3		0.34936
186.4		0.34936
186.5		0.34936
186.6		0.34936
186.7		0.34936
186.8		0.34936
186.9		0.34936
187		0.34936
187.1		0.350653
187.2		0.350653
187.3		0.350653
187.4		0.350653
187.5		0.350653
187.6		0.350653
187.7		0.350653
187.8		0.350653
187.9		0.350653
188		0.350653
188.1		0.352041
188.2		0.352041
188.3		0.352041
188.4		0.352041
188.5		0.352041
188.6		0.352041
188.7		0.352041
188.8		0.352041
188.9		0.352041
189		0.352041
189.1		0.354584
189.2		0.354584
189.3		0.354584
189.4		0.354584
189.5		0.354584
189.6		0.354584
189.7		0.354584
189.8		0.354584
189.9		0.354584
190		0.354584
190.1		0.35742
190.2		0.35742
190.3		0.35742
190.4		0.35742
190.5		0.35742
190.6		0.35742
190.7		0.35742
190.8		0.35742
190.9		0.35742
191		0.35742
191.1		0.357893
191.2		0.357893
191.3		0.357893
191.4		0.357893
191.5		0.357893
191.6		0.357893
191.7		0.357893
191.8		0.357893
191.9		0.357893
192		0.357893
192.1		0.36399
192.2		0.36399
192.3		0.36399
192.4		0.36399
192.5		0.36399
192.6		0.36399
192.7		0.36399
192.8		0.36399
192.9		0.36399
193		0.36399
193.1		0.364975
193.2		0.364975
193.3		0.364975
193.4		0.364975
193.5		0.364975
193.6		0.364975
193.7		0.364975
193.8		0.364975
193.9		0.364975
194		0.364975
194.1		0.36681
194.2		0.36681
194.3		0.36681
194.4		0.36681
194.5		0.36681
194.6		0.36681
194.7		0.36681
194.8		0.36681
194.9		0.36681
195		0.36681
195.1		0.366927
195.2		0.366927
195.3		0.366927
195.4		0.366927
195.5		0.366927
195.6		0.366927
195.7		0.366927
195.8		0.366927
195.9		0.366927
196		0.366927
196.1		0.368757
196.2		0.368757
196.3		0.368757
196.4		0.368757
196.5		0.368757
196.6		0.368757
196.7		0.368757
196.8		0.368757
196.9		0.368757
197		0.368757
197.1		0.372865
197.2		0.372865
197.3		0.372865
197.4		0.372865
197.5		0.372865
197.6		0.372865
197.7		0.372865
197.8		0.372865
197.9		0.372865
198		0.372865
198.1		0.373407
198.2		0.373407
198.3		0.373407
198.4		0.373407
198.5		0.373407
198.6		0.373407
198.7		0.373407
198.8		0.373407
198.9		0.373407
199		0.373407
199.1		0.37495
199.2		0.37495
199.3		0.37495
199.4		0.37495
199.5		0.37495
199.6		0.37495
199.7		0.37495
199.8		0.37495
199.9		0.37495
200		0.37495
200.1		0.377828
200.2		0.377828
200.3		0.377828
200.4		0.377828
200.5		0.377828
200.6		0.377828
200.7		0.377828
200.8		0.377828
200.9		0.377828
201		0.377828
201.1		0.379212
201.2		0.379212
201.3		0.379212
201.4		0.379212
201.5		0.379212
201.6		0.379212
201.7		0.379212
201.8		0.379212
201.9		0.379212
202		0.379212
202.1		0.382782
202.2		0.382782
202.3		0.382782
202.4		0.382782
202.5		0.382782
202.6		0.382782
202.7		0.382782
202.8		0.382782
202.9		0.382782
203		0.382782
203.1		0.383218
203.2		0.383218
203.3		0.383218
203.4		0.383218
203.5		0.383218
203.6		0.383218
203.7		0.383218
203.8		0.383218
203.9		0.383218
204		0.383218
204.1		0.384245
204.2		0.384245
204.3		0.384245
204.4		0.384245
204.5		0.384245
204.6		0.384245
204.7		0.384245
204.8		0.384245
204.9		0.384245
205		0.384245
205.1		0.385112
205.2		0.385112
205.3		0.385112
205.4		0.385112
205.5		0.385112
205.6		0.385112
205.7		0.385112
205.8		0.385112
205.9		0.385112
206		0.385112
206.1		0.390868
206.2		0.390868
206.3		0.390868
206.4		0.390868
206.5		0.390868
206.6		0.390868
206.7		0.390868
206.8		0.390868
206.9		0.390868
207		0.390868
207.1		0.392667
207.2		0.392667
207.3		0.392667
207.4		0.392667
207.5		0.392667
207.6		0.392667
207.7		0.392667
207.8		0.392667
207.9		0.392667
208		0.392667
208.1		0.393108
208.2		0.393108
208.3		0.393108
208.4		0.393108
208.5		0.393108
208.6		0.393108
208.7		0.393108
208.8		0.393108
208.9		0.393108
209		0.393108
209.1		0.395109
209.2		0.395109
209.3		0.395109
209.4		0.395109
209.5		0.395109
209.6		0.395109
209.7		0.395109
209.8		0.395109
209.9		0.395109
210		0.395109
210.1		0.395353
210.2		0.395353
210.3		0.395353
210.4		0.395353
210.5		0.395353
210.6		0.395353
210.7		0.395353
210.8		0.395353
210.9		0.395353
211		0.395353
211.1		0.396417
211.2		0.396417
211.3		0.396417
211.4		0.396417
211.5		0.396417
211.6		0.396417
211.7		0.396417
211.8		0.396417
211.9		0.396417
212		0.396417
212.1		0.401312
212.2		0.401312
212.3		0.401312
212.4		0.401312
212.5		0.401312
212.6		0.401312
212.7		0.401312
212.8		0.401312
212.9		0.401312
213		0.401312
213.1		0.402653
213.2		0.402653
213.3		0.402653
213.4		0.402653
213.5		0.402653
213.6		0.402653
213.7		0.402653
213.8		0.402653
213.9		0.402653
214		0.402653
214.1		0.406233
214.2		0.406233
214.3		0.406233
214.4		0.406233
214.5		0.406233
214.6		0.406233
214.7		0.406233
214.8		0.406233
214.9		0.406233
215		0.406233
215.1		0.40843
215.2		0.40843
215.3		0.40843
215.4		0.40843
215.5		0.40843
215.6		0.40843
215.7		0.40843
215.8		0.40843
215.9		0.40843
216		0.40843
216.1		0.408654
216.2		0.408654
216.3		0.408654
216.4		0.408654
216.5		0.408654
216.6		0.408654
216.7		0.408654
216.8		0.408654
216.9		0.408654
217		0.408654
217.1		0.410261
217.2		0.410261
217.3		0.410261
217.4		0.410261
217.5		0.410261
217.6		0.410261
217.7		0.410261
217.8		0.410261
217.9		0.410261
218		0.410261
218.1		0.413719
218.2		0.413719
218.3		0.413719
218.4		0.413719
218.5		0.413719
218.6		0.413719
218.7		0.413719
218.8		0.413719
218.9		0.413719
219		0.413719
219.1		0.415565
219.2		0.415565
219.3		0.415565
219.4		0.415565
219.5		0.415565
219.6		0.415565
219.7		0.415565
219.8		0.415565
219.9		0.415565
220		0.415565
220.1		0.418629
220.2		0.418629
220.3		0.418629
220.4		0.418629
220.5		0.418629
220.6		0.418629
220.7		0.418629
220.8		0.418629
220.9		0.418629
221		0.418629
221.1		0.421018
221.2		0.421018
221.3		0.421018
221.4		0.421018
221.5		0.421018
221.6		0.421018
221.7		0.421018
221.8		0.421018
221.9		0.421018
222		0.421018
222.1		0.421667
222.2		0.421667
222.3		0.421667
222.4		0.421667
222.5		0.421667
222.6		0.421667
222.7		0.421667
222.8		0.421667
222.9		0.421667
223		0.421667
223.1		0.423019
223.2		0.423019
223.3		0.423019
223.4		0.423019
223.5		0.423019
223.6		0.423019
223.7		0.423019
223.8		0.423019
223.9		0.423019
224		0.423019
224.1		0.424104
224.2		0.424104
224.3		0.424104
224.4		0.424104
224.5		0.424104
224.6		0.424104
224.7		0.424104
224.8		0.424104
224.9		0.424104
225		0.424104
225.1		0.428025
225.2		0.428025
225.3		0.428025
225.4		0.428025
225.5		0.428025
225.6		0.428025
225.7		0.428025
225.8		0.428025
225.9		0.428025
226		0.428025
226.1		0.431813
226.2		0.431813
226.3		0.431813
226.4		0.431813
226.5		0.431813
226.6		0.431813
226.7		0.431813
226.8		0.431813
226.9		0.431813
227		0.431813
227.1		0.432983
227.2		0.432983
227.3		0.432983
227.4		0.432983
227.5		0.432983
227.6		0.432983
227.7		0.432983
227.8		0.432983
227.9		0.432983
228		0.432983
228.1		0.435362
228.2		0.435362
228.3		0.435362
228.4		0.435362
228.5		0.435362
228.6		0.435362
228.7		0.435362
228.8		0.435362
228.9		0.435362
229		0.435362
229.1		0.435782
229.2		0.435782
229.3		0.435782
229.4		0.435782
229.5		0.435782
229.6		0.435782
229.7		0.435782
229.8		0.435782
229.9		0.435782
230		0.435782
230.1		0.438431
230.2		0.438431
230.3		0.438431
230.4		0.438431
230.5		0.438431
230.6		0.438431
230.7		0.438431
230.8		0.438431
230.9		0.438431
231		0.438431
231.1		0.439112
231.2		0.439112
231.3		0.439112
231.4		0.439112
231.5		0.439112
231.6		0.439112
231.7		0.439112
231.8		0.439112
231.9		0.439112
232		0.439112
232.1		0.442044
232.2		0.442044
232.3		0.442044
232.4		0.442044
232.5		0.442044
232.6		0.442044
232.7		0.442044
232.8		0.442044
232.9		0.442044
233		0.442044
233.1		0.443975
233.2		0.443975
233.3		0.443975
233.4		0.443975
233.5		0.443975
233.6		0.443975
233.7		0.443975
233.8		0.443975
233.9		0.443975
234		0.443975
234.1		0.444885
234.2		0.444885
234.3		0.444885
234.4		0.444885
234.5		0.444885
234.6		0.444885
234.7		0.444885
234.8		0.444885
234.9		0.444885
235		0.444885
235.1		0.447588
235.2		0.447588
235.3		0.447588
235.4		0.447588
235.5		0.447588
235.6		0.447588
235.7		0.447588
235.8		0.447588
235.9		0.447588
236		0.447588
236.1		0.449838
236.2		0.449838
236.3		0.449838
236.4		0.449838
236.5		0.449838
236.6		0.449838
236.7		0.449838
236.8		0.449838
236.9		0.449838
237		0.449838
237.1		0.452115
237.2		0.452115
237.3		0.452115
237.4		0.452115
237.5		0.452115
237.6		0.452115
237.7		0.452115
237.8		0.452115
237.9		0.452115
238		0.452115
238.1		0.454429
238.2		0.454429
238.3		0.454429
238.4		0.454429
238.5		0.454429
238.6		0.454429
238.7		0.454429
238.8		0.454429
238.9		0.454429
239		0.454429
239.1		0.455871
239.2		0.455871
239.3		0.455871
239.4		0.455871
239.5		0.455871
239.6		0.455871
239.7		0.455871
239.8		0.455871
239.9		0.455871
240		0.455871
240.1		0.460244
240.2		0.460244
240.3		0.460244
240.4		0.460244
240.5		0.460244
240.6		0.460244
240.7		0.460244
240.8		0.460244
240.9		0.460244
241		0.460244
241.1		0.46067
241.2		0.46067
241.3		0.46067
241.4		0.46067
241.5		0.46067
241.6		0.46067
241.7		0.46067
241.8		0.46067
241.9		0.46067
242		0.46067
242.1		0.460936
242.2		0.460936
242.3		0.460936
242.4		0.460936
242.5		0.460936
242.6		0.460936
242.7		0.460936
242.8		0.460936
242.9		0.460936
243		0.460936
243.1		0.463442
243.2		0.463442
243.3		0.463442
243.4		0.463442
243.5		0.463442
243.6		0.463442
243.7		0.463442
243.8		0.463442
243.9		0.463442
244		0.463442
244.1		0.46499
244.2		0.46499
244.3		0.46499
244.4		0.46499
244.5		0.46499
244.6		0.46499
244.7		0.46499
244.8		0.46499
244.9		0.46499
245		0.46499
245.1		0.467453
245.2		0.467453
245.3		0.467453
245.4		0.467453
245.5		0.467453
245.6		0.467453
245.7		0.467453
245.8		0.467453
245.9		0.467453
246		0.467453
246.1		0.471502
246.2		0.471502
246.3		0.471502
246.4		0.471502
246.5		0.471502
246.6		0.471502
246.7		0.471502
246.8		0.471502
246.9		0.471502
247		0.471502
247.1		0.472609
247.2		0.472609
247.3		0.472609
247.4		0.472609
247.5		0.472609
247.6		0.472609
247.7		0.472609
247.8		0.472609
247.9		0.472609
248		0.472609
248.1		0.474769
248.2		0.474769
248.3		0.474769
248.4		0.474769
248.5		0.474769
248.6		0.474769
248.7		0.474769
248.8		0.474769
248.9		0.474769
249		0.474769
249.1		0.475625
249.2		0.475625
249.3		0.475625
249.4		0.475625
249.5		0.475625
249.6		0.475625
249.7		0.475625
249.8		0.475625
249.9		0.475625
250		0.475625
250.1		0.478003
250.2		0.478003
250.3		0.478003
250.4		0.478003
250.5		0.478003
250.6		0.478003
250.7		0.478003
250.8		0.478003
250.9		0.478003
251		0.478003
251.1		0.478323
251.2		0.478323
251.3		0.478323
251.4		0.478323
251.5		0.478323
251.6		0.478323
251.7		0.478323
251.8		0.478323
251.9		0.478323
252		0.478323
252.1		0.481887
252.2		0.481887
252.3		0.481887
252.4		0.481887
252.5		0.481887
252.6		0.481887
252.7		0.481887
252.8		0.481887
252.9		0.481887
253		0.481887
253.1		0.486218
253.2		0.486218
253.3		0.486218
253.4		0.486218
253.5		0.486218
253.6		0.486218
253.7		0.486218
253.8		0.486218
253.9		0.486218
254		0.486218
254.1		0.4865
254.2		0.4865
254.3		0.4865
254.4		0.4865
254.5		0.4865
254.6		0.4865
254.7		0.4865
254.8		0.4865
254.9		0.4865
255		0.4865
255.1		0.487867
255.2		0.487867
255.3		0.487867
255.4		0.487867
255.5		0.487867
255.6		0.487867
255.7		0.487867
255.8		0.487867
255.9		0.487867
256		0.487867
256.1		0.488059
256.2		0.488059
256.3		0.488059
256.4		0.488059
256.5		0.488059
256.6		0.488059
256.7		0.488059
256.8		0.488059
256.9		0.488059
257		0.488059
257.1		0.491453
257.2		0.491453
257.3		0.491453
257.4		0.491453
257.5		0.491453
257.6		0.491453
257.7		0.491453
257.8		0.491453
257.9		0.491453
258		0.491453
258.1		0.493331
258.2		0.493331
258.3		0.493331
258.4		0.493331
258.5		0.493331
258.6		0.493331
258.7		0.493331
258.8		0.493331
258.9		0.493331
259		0.493331
259.1		0.497369
259.2		0.497369
259.3		0.497369
259.4		0.497369
259.5		0.497369
259.6		0.497369
259.7		0.497369
259.8		0.497369
259.9		0.497369
260		0.497369
260.1		0.49913
260.2		0.49913
260.3		0.49913
260.4		0.49913
260.5		0.49913
260.6		0.49913
260.7		0.49913
260.8		0.49913
260.9		0.49913
261		0.49913
261.1		0.500285
261.2		0.500285
261.3		0.500285
261.4		0.500285
261.5		0.500285
261.6		0.500285
261.7		0.500285
261.8		0.500285
261.9		0.500285
262		0.500285
262.1		0.501131
262.2		0.501131
262.3		0.501131
262.4		0.501131
262.5		0.501131
262.6		0.501131
262.7		0.501131
262.8		0.501131
262.9		0.501131
263		0.501131
263.1		0.506179
263.2		0.506179
263.3		0.506179
263.4		0.506179
263.5		0.506179
263.6		0.506179
263.7		0.506179
263.8		0.506179
263.9		0.506179
264		0.506179
264.1		0.507541
264.2		0.507541
264.3		0.507541
264.4		0.507541
264.5		0.507541
264.6		0.507541
264.7		0.507541
264.8		0.507541
264.9		0.507541
265		0.507541
265.1		0.511537
265.2		0.511537
265.3		0.511537
265.4		0.511537
265.5		0.511537
265.6		0.511537
265.7		0.511537
265.8		0.511537
265.9		0.511537
266		0.511537
266.1		0.512048
266.2		0.512048
266.3		0.512048
266.4		0.512048
266.5		0.512048
266.6		0.512048
266.7		0.512048
266.8		0.512048
266.9		0.512048
267		0.512048
267.1		0.514027
267.2		0.514027
267.3		0.514027
267.4		0.514027
267.5		0.514027
267.6		0.514027
267.7		0.514027
267.8		0.514027
267.9		0.514027
268		0.514027
268.1		0.514628
268.2		0.514628
268.3		0.514628
268.4		0.514628
268.5		0.514628
268.6		0.514628
268.7		0.514628
268.8		0.514628
268.9		0.514628
269		0.514628
269.1		0.517629
269.2		0.517629
269.3		0.517629
269.4		0.517629
269.5		0.517629
269.6		0.517629
269.7		0.517629
269.8		0.517629
269.9		0.517629
270		0.517629
270.1		0.522986
270.2		0.522986
270.3		0.522986
270.4		0.522986
270.5		0.522986
270.6		0.522986
270.7		0.522986
270.8		0.522986
270.9		0.522986
271		0.522986
271.1		0.523401
271.2		0.523401
271.3		0.523401
271.4		0.523401
271.5		0.523401
271.6		0.523401
271.7		0.523401
271.8		0.523401
271.9		0.523401
272		0.523401
272.1		0.524151
272.2		0.524151
272.3		0.524151
272.4		0.524151
272.5		0.524151
272.6		0.524151
272.7		0.524151
272.8		0.524151
272.9		0.524151
273		0.524151
273.1		0.525912
273.2		0.525912
273.3		0.525912
273.4		0.525912
273.5		0.525912
273.6		0.525912
273.7		0.525912
273.8		0.525912
273.9		0.525912
274		0.525912
274.1		0.528535
274.2		0.528535
274.3		0.528535
274.4		0.528535
274.5		0.528535
274.6		0.528535
274.7		0.528535
274.8		0.528535
274.9		0.528535
275		0.528535
275.1		0.529136
275.2		0.529136
275.3		0.529136
275.4		0.529136
275.5		0.529136
275.6		0.529136
275.7		0.529136
275.8		0.529136
275.9		0.529136
276		0.529136
276.1		0.533238
276.2		0.533238
276.3		0.533238
276.4		0.533238
276.5		0.533238
276.6		0.533238
276.7		0.533238
276.8		0.533238
276.9		0.533238
277		0.533238
277.1		0.533462
277.2		0.533462
277.3		0.533462
277.4		0.533462
277.5		0.533462
277.6		0.533462
277.7		0.533462
277.8		0.533462
277.9		0.533462
278		0.533462
278.1		0.535659
278.2		0.535659
278.3		0.535659
278.4		0.535659
278.5		0.535659
278.6		0.535659
278.7		0.535659
278.8		0.535659
278.9		0.535659
279		0.535659
279.1		0.539702
279.2		0.539702
279.3		0.539702
279.4		0.539702
279.5		0.539702
279.6		0.539702
279.7		0.539702
279.8		0.539702
279.9		0.539702
280		0.539702
280.1		0.540825
280.2		0.540825
280.3		0.540825
280.4		0.540825
280.5		0.540825
280.6		0.540825
280.7		0.540825
280.8		0.540825
280.9		0.540825
281		0.540825
281.1		0.541963
281.2		0.541963
281.3		0.541963
281.4		0.541963
281.5		0.541963
281.6		0.541963
281.7		0.541963
281.8		0.541963
281.9		0.541963
282		0.541963
282.1		0.544544
282.2		0.544544
282.3		0.544544
282.4		0.544544
282.5		0.544544
282.6		0.544544
282.7		0.544544
282.8		0.544544
282.9		0.544544
283		0.544544
283.1		0.548523
283.2		0.548523
283.3		0.548523
283.4		0.548523
283.5		0.548523
283.6		0.548523
283.7		0.548523
283.8		0.548523
283.9		0.548523
284		0.548523
284.1		0.552891
284.2		0.552891
284.3		0.552891
284.4		0.552891
284.5		0.552891
284.6		0.552891
284.7		0.552891
284.8		0.552891
284.9		0.552891
285		0.552891
285.1		0.553998
285.2		0.553998
285.3		0.553998
285.4		0.553998
285.5		0.553998
285.6		0.553998
285.7		0.553998
285.8		0.553998
285.9		0.553998
286		0.553998
286.1		0.554966
286.2		0.554966
286.3		0.554966
286.4		0.554966
286.5		0.554966
286.6		0.554966
286.7		0.554966
286.8		0.554966
286.9		0.554966
287		0.554966
287.1		0.555317
287.2		0.555317
287.3		0.555317
287.4		0.555317
287.5		0.555317
287.6		0.555317
287.7		0.555317
287.8		0.555317
287.9		0.555317
288		0.555317
288.1		0.560515
288.2		0.560515
288.3		0.560515
288.4		0.560515
288.5		0.560515
288.6		0.560515
288.7		0.560515
288.8		0.560515
288.9		0.560515
289		0.560515
289.1		0.56192
289.2		0.56192
289.3		0.56192
289.4		0.56192
289.5		0.56192
289.6		0.56192
289.7		0.56192
289.8		0.56192
289.9		0.56192
290		0.56192
290.1		0.56192
290.2		0.56192
290.3		0.56192
290.4		0.56192
290.5		0.56192
290.6		0.56192
290.7		0.56192
290.8		0.56192
290.9		0.56192
291		0.56192
291.1		0.564873
291.2		0.564873
291.3		0.564873
291.4		0.564873
291.5		0.564873
291.6		0.564873
291.7		0.564873
291.8		0.564873
291.9		0.564873
292		0.564873
292.1		0.565495
292.2		0.565495
292.3		0.565495
292.4		0.565495
292.5		0.565495
292.6		0.565495
292.7		0.565495
292.8		0.565495
292.9		0.565495
293		0.565495
293.1		0.566554
293.2		0.566554
293.3		0.566554
293.4		0.566554
293.5		0.566554
293.6		0.566554
293.7		0.566554
293.8		0.566554
293.9		0.566554
294		0.566554
294.1		0.572507
294.2		0.572507
294.3		0.572507
294.4		0.572507
294.5		0.572507
294.6		0.572507
294.7		0.572507
294.8		0.572507
294.9		0.572507
295		0.572507
295.1		0.573576
295.2		0.573576
295.3		0.573576
295.4		0.573576
295.5		0.573576
295.6		0.573576
295.7		0.573576
295.8		0.573576
295.9		0.573576
296		0.573576
296.1		0.57712
296.2		0.57712
296.3		0.57712
296.4		0.57712
296.5		0.57712
296.6		0.57712
296.7		0.57712
296.8		0.57712
296.9		0.57712
297		0.57712
297.1		0.580636
297.2		0.580636
297.3		0.580636
297.4		0.580636
297.5		0.580636
297.6		0.580636
297.7		0.580636
297.8		0.580636
297.9		0.580636
298		0.580636
298.1		0.585095
298.2		0.585095
298.3		0.585095
298.4		0.585095
298.5		0.585095
298.6		0.585095
298.7		0.585095
298.8		0.585095
298.9		0.585095
299		0.585095
299.1		0.58618
299.2		0.58618
299.3		0.58618
299.4		0.58618
299.5		0.58618
299.6		0.58618
299.7		0.58618
299.8		0.58618
299.9		0.58618
300		0.58618
300.1		0.591484
300.2		0.591484
300.3		0.591484
300.4		0.591484
300.5		0.591484
300.6		0.591484
300.7		0.591484
300.8		0.591484
300.9		0.591484
301		0.591484
301.1		0.592559
301.2		0.592559
301.3		0.592559
301.4		0.592559
301.5		0.592559
301.6		0.592559
301.7		0.592559
301.8		0.592559
301.9		0.592559
302		0.592559
302.1		0.593229
302.2		0.593229
302.3		0.593229
302.4		0.593229
302.5		0.593229
302.6		0.593229
302.7		0.593229
302.8		0.593229
302.9		0.593229
303		0.593229
303.1		0.596012
303.2		0.596012
303.3		0.596012
303.4		0.596012
303.5		0.596012
303.6		0.596012
303.7		0.596012
303.8		0.596012
303.9		0.596012
304		0.596012
304.1		0.598731
304.2		0.598731
304.3		0.598731
304.4		0.598731
304.5		0.598731
304.6		0.598731
304.7		0.598731
304.8		0.598731
304.9		0.598731
305		0.598731
305.1		0.599305
305.2		0.599305
305.3		0.599305
305.4		0.599305
305.5		0.599305
305.6		0.599305
305.7		0.599305
305.8		0.599305
305.9		0.599305
306		0.599305
306.1		0.602971
306.2		0.602971
306.3		0.602971
306.4		0.602971
306.5		0.602971
306.6		0.602971
306.7		0.602971
306.8		0.602971
306.9		0.602971
307		0.602971
307.1		0.603476
307.2		0.603476
307.3		0.603476
307.4		0.603476
307.5		0.603476
307.6		0.603476
307.7		0.603476
307.8		0.603476
307.9		0.603476
308		0.603476
308.1		0.605184
308.2		0.605184
308.3		0.605184
308.4		0.605184
308.5		0.605184
308.6		0.605184
308.7		0.605184
308.8		0.605184
308.9		0.605184
309		0.605184
309.1		0.609674
309.2		0.609674
309.3		0.609674
309.4		0.609674
309.5		0.609674
309.6		0.609674
309.7		0.609674
309.8		0.609674
309.9		0.609674
310		0.609674
310.1		0.610004
310.2		0.610004
310.3		0.610004
310.4		0.610004
310.5		0.610004
310.6		0.610004
310.7		0.610004
310.8		0.610004
310.9		0.610004
311		0.610004
311.1		0.610355
311.2		0.610355
311.3		0.610355
311.4		0.610355
311.5		0.610355
311.6		0.610355
311.7		0.610355
311.8		0.610355
311.9		0.610355
312		0.610355
312.1		0.615378
312.2		0.615378
312.3		0.615378
312.4		0.615378
312.5		0.615378
312.6		0.615378
312.7		0.615378
312.8		0.615378
312.9		0.615378
313		0.615378
313.1		0.616915
313.2		0.616915
313.3		0.616915
313.4		0.616915
313.5		0.616915
313.6		0.616915
313.7		0.616915
313.8		0.616915
313.9		0.616915
314		0.616915
314.1		0.620336
314.2		0.620336
314.3		0.620336
314.4		0.620336
314.5		0.620336
314.6		0.620336
314.7		0.620336
314.8		0.620336
314.9		0.620336
315		0.620336
315.1		0.620565
315.2		0.620565
315.3		0.620565
315.4		0.620565
315.5		0.620565
315.6		0.620565
315.7		0.620565
315.8		0.620565
315.9		0.620565
316		0.620565
316.1		0.621815
316.2		0.621815
316.3		0.621815
316.4		0.621815
316.5		0.621815
316.6		0.621815
316.7		0.621815
316.8		0.621815
316.9		0.621815
317		0.621815
317.1		0.626518
317.2		0.626518
317.3		0.626518
317.4		0.626518
317.5		0.626518
317.6		0.626518
317.7		0.626518
317.8		0.626518
317.9		0.626518
318		0.626518
318.1		0.626747
318.2		0.626747
318.3		0.626747
318.4		0.626747
318.5		0.626747
318.6		0.626747
318.7		0.626747
318.8		0.626747
318.9		0.626747
319		0.626747
319.1		0.630753
319.2		0.630753
319.3		0.630753
319.4		0.630753
319.5		0.630753
319.6		0.630753
319.7		0.630753
319.8		0.630753
319.9		0.630753
320		0.630753
320.1		0.632541
320.2		0.632541
320.3		0.632541
320.4		0.632541
320.5		0.632541
320.6		0.632541
320.7		0.632541
320.8		0.632541
320.9		0.632541
321		0.632541
321.1		0.632706
321.2		0.632706
321.3		0.632706
321.4		0.632706
321.5		0.632706
321.6		0.632706
321.7		0.632706
321.8		0.632706
321.9		0.632706
322		0.632706
322.1		0.632966
322.2		0.632966
322.3		0.632966
322.4		0.632966
322.5		0.632966
322.6		0.632966
322.7		0.632966
322.8		0.632966
322.9		0.632966
323		0.632966
323.1		0.63568
323.2		0.63568
323.3		0.63568
323.4		0.63568
323.5		0.63568
323.6		0.63568
323.7		0.63568
323.8		0.63568
323.9		0.63568
324		0.63568
324.1		0.635988
324.2		0.635988
324.3		0.635988
324.4		0.635988
324.5		0.635988
324.6		0.635988
324.7		0.635988
324.8		0.635988
324.9		0.635988
325		0.635988
325.1		0.642192
325.2		0.642192
325.3		0.642192
325.4		0.642192
325.5		0.642192
325.6		0.642192
325.7		0.642192
325.8		0.642192
325.9		0.642192
326		0.642192
326.1		0.64416
326.2		0.64416
326.3		0.64416
326.4		0.64416
326.5		0.64416
326.6		0.64416
326.7		0.64416
326.8		0.64416
326.9		0.64416
327		0.64416
327.1		0.64474
327.2		0.64474
327.3		0.64474
327.4		0.64474
327.5		0.64474
327.6		0.64474
327.7		0.64474
327.8		0.64474
327.9		0.64474
328		0.64474
328.1		0.645703
328.2		0.645703
328.3		0.645703
328.4		0.645703
328.5		0.645703
328.6		0.645703
328.7		0.645703
328.8		0.645703
328.9		0.645703
329		0.645703
329.1		0.645932
329.2		0.645932
329.3		0.645932
329.4		0.645932
329.5		0.645932
329.6		0.645932
329.7		0.645932
329.8		0.645932
329.9		0.645932
330		0.645932
330.1		0.649821
330.2		0.649821
330.3		0.649821
330.4		0.649821
330.5		0.649821
330.6		0.649821
330.7		0.649821
330.8		0.649821
330.9		0.649821
331		0.649821
331.1		0.655934
331.2		0.655934
331.3		0.655934
331.4		0.655934
331.5		0.655934
331.6		0.655934
331.7		0.655934
331.8		0.655934
331.9		0.655934
332		0.655934
332.1		0.656062
332.2		0.656062
332.3		0.656062
332.4		0.656062
332.5		0.656062
332.6		0.656062
332.7		0.656062
332.8		0.656062
332.9		0.656062
333		0.656062
333.1		0.656243
333.2		0.656243
333.3		0.656243
333.4		0.656243
333.5		0.656243
333.6		0.656243
333.7		0.656243
333.8		0.656243
333.9		0.656243
334		0.656243
334.1		0.657168
334.2		0.657168
334.3		0.657168
334.4		0.657168
334.5		0.657168
334.6		0.657168
334.7		0.657168
334.8		0.657168
334.9		0.657168
335		0.657168
335.1		0.661541
335.2		0.661541
335.3		0.661541
335.4		0.661541
335.5		0.661541
335.6		0.661541
335.7		0.661541
335.8		0.661541
335.9		0.661541
336		0.661541
336.1		0.662318
336.2		0.662318
336.3		0.662318
336.4		0.662318
336.5		0.662318
336.6		0.662318
336.7		0.662318
336.8		0.662318
336.9		0.662318
337		0.662318
337.1		0.665048
337.2		0.665048
337.3		0.665048
337.4		0.665048
337.5		0.665048
337.6		0.665048
337.7		0.665048
337.8		0.665048
337.9		0.665048
338		0.665048
338.1		0.665048
338.2		0.665048
338.3		0.665048
338.4		0.665048
338.5		0.665048
338.6		0.665048
338.7		0.665048
338.8		0.665048
338.9		0.665048
339		0.665048
339.1		0.668814
339.2		0.668814
339.3		0.668814
339.4		0.668814
339.5		0.668814
339.6		0.668814
339.7		0.668814
339.8		0.668814
339.9		0.668814
340		0.668814
340.1		0.670618
340.2		0.670618
340.3		0.670618
340.4		0.670618
340.5		0.670618
340.6		0.670618
340.7		0.670618
340.8		0.670618
340.9		0.670618
341		0.670618
341.1		0.677172
341.2		0.677172
341.3		0.677172
341.4		0.677172
341.5		0.677172
341.6		0.677172
341.7		0.677172
341.8		0.677172
341.9		0.677172
342		0.677172
342.1		0.678135
342.2		0.678135
342.3		0.678135
342.4		0.678135
342.5		0.678135
342.6		0.678135
342.7		0.678135
342.8		0.678135
342.9		0.678135
343		0.678135
343.1		0.682131
343.2		0.682131
343.3		0.682131
343.4		0.682131
343.5		0.682131
343.6		0.682131
343.7		0.682131
343.8		0.682131
343.9		0.682131
344		0.682131
344.1		0.683546
344.2		0.683546
344.3		0.683546
344.4		0.683546
344.5		0.683546
344.6		0.683546
344.7		0.683546
344.8		0.683546
344.9		0.683546
345		0.683546
345.1		0.683823
345.2		0.683823
345.3		0.683823
345.4		0.683823
345.5		0.683823
345.6		0.683823
345.7		0.683823
345.8		0.683823
345.9		0.683823
346		0.683823
346.1		0.686797
346.2		0.686797
346.3		0.686797
346.4		0.686797
346.5		0.686797
346.6		0.686797
346.7		0.686797
346.8		0.686797
346.9		0.686797
347		0.686797
347.1		0.686956
347.2		0.686956
347.3		0.686956
347.4		0.686956
347.5		0.686956
347.6		0.686956
347.7		0.686956
347.8		0.686956
347.9		0.686956
348		0.686956
348.1		0.690319
348.2		0.690319
348.3		0.690319
348.4		0.690319
348.5		0.690319
348.6		0.690319
348.7		0.690319
348.8		0.690319
348.9		0.690319
349		0.690319
349.1		0.690319
349.2		0.690319
349.3		0.690319
349.4		0.690319
349.5		0.690319
349.6		0.690319
349.7		0.690319
349.8		0.690319
349.9		0.690319
350		0.690319
350.1		0.692074
350.2		0.692074
350.3		0.692074
350.4		0.692074
350.5		0.692074
350.6		0.692074
350.7		0.692074
350.8		0.692074
350.9		0.692074
351		0.692074
351.1		0.69433
351.2		0.69433
351.3		0.69433
351.4		0.69433
351.5		0.69433
351.6		0.69433
351.7		0.69433
351.8		0.69433
351.9		0.69433
352		0.69433
352.1		0.69657
352.2		0.69657
352.3		0.69657
352.4		0.69657
352.5		0.69657
352.6		0.69657
352.7		0.69657
352.8		0.69657
352.9		0.69657
353		0.69657
353.1		0.697267
353.2		0.697267
353.3		0.697267
353.4		0.697267
353.5		0.697267
353.6		0.697267
353.7		0.697267
353.8		0.697267
353.9		0.697267
354		0.697267
354.1		0.702241
354.2		0.702241
354.3		0.702241
354.4		0.702241
354.5		0.702241
354.6		0.702241
354.7		0.702241
354.8		0.702241
354.9		0.702241
355		0.702241
355.1		0.705795
355.2		0.705795
355.3		0.705795
355.4		0.705795
355.5		0.705795
355.6		0.705795
355.7		0.705795
355.8		0.705795
355.9		0.705795
356		0.705795
356.1		0.706679
356.2		0.706679
356.3		0.706679
356.4		0.706679
356.5		0.706679
356.6		0.706679
356.7		0.706679
356.8		0.706679
356.9		0.706679
357		0.706679
357.1		0.71276
357.2		0.71276
357.3		0.71276
357.4		0.71276
357.5		0.71276
357.6		0.71276
357.7		0.71276
357.8		0.71276
357.9		0.71276
358		0.71276
358.1		0.715468
358.2		0.715468
358.3		0.715468
358.4		0.715468
358.5		0.715468
358.6		0.715468
358.7		0.715468
358.8		0.715468
358.9		0.715468
359		0.715468
359.1		0.716787
359.2		0.716787
359.3		0.716787
359.4		0.716787
359.5		0.716787
359.6		0.716787
359.7		0.716787
359.8		0.716787
359.9		0.716787
360		0.716787
360.1		0.72033
360.2		0.72033
360.3		0.72033
360.4		0.72033
360.5		0.72033
360.6		0.72033
360.7		0.72033
360.8		0.72033
360.9		0.72033
361		0.72033
361.1		0.72324
361.2		0.72324
361.3		0.72324
361.4		0.72324
361.5		0.72324
361.6		0.72324
361.7		0.72324
361.8		0.72324
361.9		0.72324
362		0.72324
362.1		0.723602
362.2		0.723602
362.3		0.723602
362.4		0.723602
362.5		0.723602
362.6		0.723602
362.7		0.723602
362.8		0.723602
362.9		0.723602
363		0.723602
363.1		0.72738
363.2		0.72738
363.3		0.72738
363.4		0.72738
363.5		0.72738
363.6		0.72738
363.7		0.72738
363.8		0.72738
363.9		0.72738
364		0.72738
364.1		0.727938
364.2		0.727938
364.3		0.727938
364.4		0.727938
364.5		0.727938
364.6		0.727938
364.7		0.727938
364.8		0.727938
364.9		0.727938
365		0.727938
365.1		0.729651
365.2		0.729651
365.3		0.729651
365.4		0.729651
365.5		0.729651
365.6		0.729651
365.7		0.729651
365.8		0.729651
365.9		0.729651
366		0.729651
366.1		0.731593
366.2		0.731593
366.3		0.731593
366.4		0.731593
366.5		0.731593
366.6		0.731593
366.7		0.731593
366.8		0.731593
366.9		0.731593
367		0.731593
367.1		0.733838
367.2		0.733838
367.3		0.733838
367.4		0.733838
367.5		0.733838
367.6		0.733838
367.7		0.733838
367.8		0.733838
367.9		0.733838
368		0.733838
368.1		0.734722
368.2		0.734722
368.3		0.734722
368.4		0.734722
368.5		0.734722
368.6		0.734722
368.7		0.734722
368.8		0.734722
368.9		0.734722
369		0.734722
369.1		0.738632
369.2		0.738632
369.3		0.738632
369.4		0.738632
369.5		0.738632
369.6		0.738632
369.7		0.738632
369.8		0.738632
369.9		0.738632
370		0.738632
370.1		0.742803
370.2		0.742803
370.3		0.742803
370.4		0.742803
370.5		0.742803
370.6		0.742803
370.7		0.742803
370.8		0.742803
370.9		0.742803
371		0.742803
371.1		0.743229
371.2		0.743229
371.3		0.743229
371.4		0.743229
371.5		0.743229
371.6		0.743229
371.7		0.743229
371.8		0.743229
371.9		0.743229
372		0.743229
372.1		0.743622
372.2		0.743622
372.3		0.743622
372.4		0.743622
372.5		0.743622
372.6		0.743622
372.7		0.743622
372.8		0.743622
372.9		0.743622
373		0.743622
373.1		0.744245
373.2		0.744245
373.3		0.744245
373.4		0.744245
373.5		0.744245
373.6		0.744245
373.7		0.744245
373.8		0.744245
373.9		0.744245
374		0.744245
374.1		0.750278
374.2		0.750278
374.3		0.750278
374.4		0.750278
374.5		0.750278
374.6		0.750278
374.7		0.750278
374.8		0.750278
374.9		0.750278
375		0.750278
375.1		0.751858
375.2		0.751858
375.3		0.751858
375.4		0.751858
375.5		0.751858
375.6		0.751858
375.7		0.751858
375.8		0.751858
375.9		0.751858
376		0.751858
376.1		0.753252
376.2		0.753252
376.3		0.753252
376.4		0.753252
376.5		0.753252
376.6		0.753252
376.7		0.753252
376.8		0.753252
376.9		0.753252
377		0.753252
377.1		0.753257
377.2		0.753257
377.3		0.753257
377.4		0.753257
377.5		0.753257
377.6		0.753257
377.7		0.753257
377.8		0.753257
377.9		0.753257
378		0.753257
378.1		0.755364
378.2		0.755364
378.3		0.755364
378.4		0.755364
378.5		0.755364
378.6		0.755364
378.7		0.755364
378.8		0.755364
378.9		0.755364
379		0.755364
379.1		0.758312
379.2		0.758312
379.3		0.758312
379.4		0.758312
379.5		0.758312
379.6		0.758312
379.7		0.758312
379.8		0.758312
379.9		0.758312
380		0.758312
380.1		0.761967
380.2		0.761967
380.3		0.761967
380.4		0.761967
380.5		0.761967
380.6		0.761967
380.7		0.761967
380.8		0.761967
380.9		0.761967
381		0.761967
381.1		0.763249
381.2		0.763249
381.3		0.763249
381.4		0.763249
381.5		0.763249
381.6		0.763249
381.7		0.763249
381.8		0.763249
381.9		0.763249
382		0.763249
382.1		0.764217
382.2		0.764217
382.3		0.764217
382.4		0.764217
382.5		0.764217
382.6		0.764217
382.7		0.764217
382.8		0.764217
382.9		0.764217
383		0.764217
383.1		0.767196
383.2		0.767196
383.3		0.767196
383.4		0.767196
383.5		0.767196
383.6		0.767196
383.7		0.767196
383.8		0.767196
383.9		0.767196
384		0.767196
384.1		0.768606
384.2		0.768606
384.3		0.768606
384.4		0.768606
384.5		0.768606
384.6		0.768606
384.7		0.768606
384.8		0.768606
384.9		0.768606
385		0.768606
385.1		0.769952
385.2		0.769952
385.3		0.769952
385.4		0.769952
385.5		0.769952
385.6		0.769952
385.7		0.769952
385.8		0.769952
385.9		0.769952
386		0.769952
386.1		0.772995
386.2		0.772995
386.3		0.772995
386.4		0.772995
386.5		0.772995
386.6		0.772995
386.7		0.772995
386.8		0.772995
386.9		0.772995
387		0.772995
387.1		0.774341
387.2		0.774341
387.3		0.774341
387.4		0.774341
387.5		0.774341
387.6		0.774341
387.7		0.774341
387.8		0.774341
387.9		0.774341
388		0.774341
388.1		0.777092
388.2		0.777092
388.3		0.777092
388.4		0.777092
388.5		0.777092
388.6		0.777092
388.7		0.777092
388.8		0.777092
388.9		0.777092
389		0.777092
389.1		0.778385
389.2		0.778385
389.3		0.778385
389.4		0.778385
389.5		0.778385
389.6		0.778385
389.7		0.778385
389.8		0.778385
389.9		0.778385
390		0.778385
390.1		0.780587
390.2		0.780587
390.3		0.780587
390.4		0.780587
390.5		0.780587
390.6		0.780587
390.7		0.780587
390.8		0.780587
390.9		0.780587
391		0.780587
391.1		0.782567
391.2		0.782567
391.3		0.782567
391.4		0.782567
391.5		0.782567
391.6		0.782567
391.7		0.782567
391.8		0.782567
391.9		0.782567
392		0.782567
392.1		0.784849
392.2		0.784849
392.3		0.784849
392.4		0.784849
392.5		0.784849
392.6		0.784849
392.7		0.784849
392.8		0.784849
392.9		0.784849
393		0.784849
393.1		0.787328
393.2		0.787328
393.3		0.787328
393.4		0.787328
393.5		0.787328
393.6		0.787328
393.7		0.787328
393.8		0.787328
393.9		0.787328
394		0.787328
394.1		0.788424
394.2		0.788424
394.3		0.788424
394.4		0.788424
394.5		0.788424
394.6		0.788424
394.7		0.788424
394.8		0.788424
394.9		0.788424
395		0.788424
395.1		0.788648
395.2		0.788648
395.3		0.788648
395.4		0.788648
395.5		0.788648
395.6		0.788648
395.7		0.788648
395.8		0.788648
395.9		0.788648
396		0.788648
396.1		0.794649
396.2		0.794649
396.3		0.794649
396.4		0.794649
396.5		0.794649
396.6		0.794649
396.7		0.794649
396.8		0.794649
396.9		0.794649
397		0.794649
397.1		0.797336
397.2		0.797336
397.3		0.797336
397.4		0.797336
397.5		0.797336
397.6		0.797336
397.7		0.797336
397.8		0.797336
397.9		0.797336
398		0.797336
398.1		0.797756
398.2		0.797756
398.3		0.797756
398.4		0.797756
398.5		0.797756
398.6		0.797756
398.7		0.797756
398.8		0.797756
398.9		0.797756
399		0.797756
399.1		0.80032
399.2		0.80032
399.3		0.80032
399.4		0.80032
399.5		0.80032
399.6		0.80032
399.7		0.80032
399.8		0.80032
399.9		0.80032
400		0.80032
400.1		0.802948
400.2		0.802948
400.3		0.802948
400.4		0.802948
400.5		0.802948
400.6		0.802948
400.7		0.802948
400.8		0.802948
400.9		0.802948
401		0.802948
401.1		0.803422
401.2		0.803422
401.3		0.803422
401.4		0.803422
401.5		0.803422
401.6		0.803422
401.7		0.803422
401.8		0.803422
401.9		0.803422
402		0.803422
402.1		0.804571
402.2		0.804571
402.3		0.804571
402.4		0.804571
402.5		0.804571
402.6		0.804571
402.7		0.804571
402.8		0.804571
402.9		0.804571
403		0.804571
403.1		0.807396
403.2		0.807396
403.3		0.807396
403.4		0.807396
403.5		0.807396
403.6		0.807396
403.7		0.807396
403.8		0.807396
403.9		0.807396
404		0.807396
404.1		0.809684
404.2		0.809684
404.3		0.809684
404.4		0.809684
404.5		0.809684
404.6		0.809684
404.7		0.809684
404.8		0.809684
404.9		0.809684
405		0.809684
405.1		0.811541
405.2		0.811541
405.3		0.811541
405.4		0.811541
405.5		0.811541
405.6		0.811541
405.7		0.811541
405.8		0.811541
405.9		0.811541
406		0.811541
406.1		0.813009
406.2		0.813009
406.3		0.813009
406.4		0.813009
406.5		0.813009
406.6		0.813009
406.7		0.813009
406.8		0.813009
406.9		0.813009
407		0.813009
407.1		0.813291
407.2		0.813291
407.3		0.813291
407.4		0.813291
407.5		0.813291
407.6		0.813291
407.7		0.813291
407.8		0.813291
407.9		0.813291
408		0.813291
408.1		0.814579
408.2		0.814579
408.3		0.814579
408.4		0.814579
408.5		0.814579
408.6		0.814579
408.7		0.814579
408.8		0.814579
408.9		0.814579
409		0.814579
409.1		0.820175
409.2		0.820175
409.3		0.820175
409.4		0.820175
409.5		0.820175
409.6		0.820175
409.7		0.820175
409.8		0.820175
409.9		0.820175
410		0.820175
410.1		0.820628
410.2		0.820628
410.3		0.820628
410.4		0.820628
410.5		0.820628
410.6		0.820628
410.7		0.820628
410.8		0.820628
410.9		0.820628
411		0.820628
411.1		0.822218
411.2		0.822218
411.3		0.822218
411.4		0.822218
411.5		0.822218
411.6		0.822218
411.7		0.822218
411.8		0.822218
411.9		0.822218
412		0.822218
412.1		0.822846
412.2		0.822846
412.3		0.822846
412.4		0.822846
412.5		0.822846
412.6		0.822846
412.7		0.822846
412.8		0.822846
412.9		0.822846
413		0.822846
413.1		0.825107
413.2		0.825107
413.3		0.825107
413.4		0.825107
413.5		0.825107
413.6		0.825107
413.7		0.825107
413.8		0.825107
413.9		0.825107
414		0.825107
414.1		0.828385
414.2		0.828385
414.3		0.828385
414.4		0.828385
414.5		0.828385
414.6		0.828385
414.7		0.828385
414.8		0.828385
414.9		0.828385
415		0.828385
415.1		0.831928
415.2		0.831928
415.3		0.831928
415.4		0.831928
415.5		0.831928
415.6		0.831928
415.7		0.831928
415.8		0.831928
415.9		0.831928
416		0.831928
416.1		0.832779
416.2		0.832779
416.3		0.832779
416.4		0.832779
416.5		0.832779
416.6		0.832779
416.7		0.832779
416.8		0.832779
416.9		0.832779
417		0.832779
417.1		0.833237
417.2		0.833237
417.3		0.833237
417.4		0.833237
417.5		0.833237
417.6		0.833237
417.7		0.833237
417.8		0.833237
417.9		0.833237
418		0.833237
418.1		0.83396
418.2		0.83396
418.3		0.83396
418.4		0.83396
418.5		0.83396
418.6		0.83396
418.7		0.83396
418.8		0.83396
418.9		0.83396
419		0.83396
419.1		0.839073
419.2		0.839073
419.3		0.839073
419.4		0.839073
419.5		0.839073
419.6		0.839073
419.7		0.839073
419.8		0.839073
419.9		0.839073
420		0.839073
420.1		0.839573
420.2		0.839573
420.3		0.839573
420.4		0.839573
420.5		0.839573
420.6		0.839573
420.7		0.839573
420.8		0.839573
420.9		0.839573
421		0.839573
421.1		0.843585
421.2		0.843585
421.3		0.843585
421.4		0.843585
421.5		0.843585
421.6		0.843585
421.7		0.843585
421.8		0.843585
421.9		0.843585
422		0.843585
422.1		0.84384
422.2		0.84384
422.3		0.84384
422.4		0.84384
422.5		0.84384
422.6		0.84384
422.7		0.84384
422.8		0.84384
422.9		0.84384
423		0.84384
423.1		0.843851
423.2		0.843851
423.3		0.843851
423.4		0.843851
423.5		0.843851
423.6		0.843851
423.7		0.843851
423.8		0.843851
423.9		0.843851
424		0.843851
424.1		0.846096
424.2		0.846096
424.3		0.846096
424.4		0.846096
424.5		0.846096
424.6		0.846096
424.7		0.846096
424.8		0.846096
424.9		0.846096
425		0.846096
425.1		0.848266
425.2		0.848266
425.3		0.848266
425.4		0.848266
425.5		0.848266
425.6		0.848266
425.7		0.848266
425.8		0.848266
425.9		0.848266
426		0.848266
426.1		0.85365
426.2		0.85365
426.3		0.85365
426.4		0.85365
426.5		0.85365
426.6		0.85365
426.7		0.85365
426.8		0.85365
426.9		0.85365
427		0.85365
427.1		0.854693
427.2		0.854693
427.3		0.854693
427.4		0.854693
427.5		0.854693
427.6		0.854693
427.7		0.854693
427.8		0.854693
427.9		0.854693
428		0.854693
428.1		0.855044
428.2		0.855044
428.3		0.855044
428.4		0.855044
428.5		0.855044
428.6		0.855044
428.7		0.855044
428.8		0.855044
428.9		0.855044
429		0.855044
429.1		0.858066
429.2		0.858066
429.3		0.858066
429.4		0.858066
429.5		0.858066
429.6		0.858066
429.7		0.858066
429.8		0.858066
429.9		0.858066
430		0.858066
430.1		0.859694
430.2		0.859694
430.3		0.859694
430.4		0.859694
430.5		0.859694
430.6		0.859694
430.7		0.859694
430.8		0.859694
430.9		0.859694
431		0.859694
431.1		0.862748
431.2		0.862748
431.3		0.862748
431.4		0.862748
431.5		0.862748
431.6		0.862748
431.7		0.862748
431.8		0.862748
431.9		0.862748
432		0.862748
432.1		0.863152
432.2		0.863152
432.3		0.863152
432.4		0.863152
432.5		0.863152
432.6		0.863152
432.7		0.863152
432.8		0.863152
432.9		0.863152
433		0.863152
433.1		0.865137
433.2		0.865137
433.3		0.865137
433.4		0.865137
433.5		0.865137
433.6		0.865137
433.7		0.865137
433.8		0.865137
433.9		0.865137
434		0.865137
434.1		0.86635
434.2		0.86635
434.3		0.86635
434.4		0.86635
434.5		0.86635
434.6		0.86635
434.7		0.86635
434.8		0.86635
434.9		0.86635
435		0.86635
435.1		0.871314
435.2		0.871314
435.3		0.871314
435.4		0.871314
435.5		0.871314
435.6		0.871314
435.7		0.871314
435.8		0.871314
435.9		0.871314
436		0.871314
436.1		0.872527
436.2		0.872527
436.3		0.872527
436.4		0.872527
436.5		0.872527
436.6		0.872527
436.7		0.872527
436.8		0.872527
436.9		0.872527
437		0.872527
437.1		0.872777
437.2		0.872777
437.3		0.872777
437.4		0.872777
437.5		0.872777
437.6		0.872777
437.7		0.872777
437.8		0.872777
437.9		0.872777
438		0.872777
438.1		0.875501
438.2		0.875501
438.3		0.875501
438.4		0.875501
438.5		0.875501
438.6		0.875501
438.7		0.875501
438.8		0.875501
438.9		0.875501
439		0.875501
439.1		0.876506
439.2		0.876506
439.3		0.876506
439.4		0.876506
439.5		0.876506
439.6		0.876506
439.7		0.876506
439.8		0.876506
439.9		0.876506
440		0.876506
440.1		0.880997
440.2		0.880997
440.3		0.880997
440.4		0.880997
440.5		0.880997
440.6		0.880997
440.7		0.880997
440.8		0.880997
440.9		0.880997
441		0.880997
441.1		0.88196
441.2		0.88196
441.3		0.88196
441.4		0.88196
441.5		0.88196
441.6		0.88196
441.7		0.88196
441.8		0.88196
441.9		0.88196
442		0.88196
442.1		0.883268
442.2		0.883268
442.3		0.883268
442.4		0.883268
442.5		0.883268
442.6		0.883268
442.7		0.883268
442.8		0.883268
442.9		0.883268
443		0.883268
443.1		0.885375
443.2		0.885375
443.3		0.885375
443.4		0.885375
443.5		0.885375
443.6		0.885375
443.7		0.885375
443.8		0.885375
443.9		0.885375
444		0.885375
444.1		0.885615
444.2		0.885615
444.3		0.885615
444.4		0.885615
444.5		0.885615
444.6		0.885615
444.7		0.885615
444.8		0.885615
444.9		0.885615
445		0.885615
445.1		0.888865
445.2		0.888865
445.3		0.888865
445.4		0.888865
445.5		0.888865
445.6		0.888865
445.7		0.888865
445.8		0.888865
445.9		0.888865
446		0.888865
446.1		0.891185
446.2		0.891185
446.3		0.891185
446.4		0.891185
446.5		0.891185
446.6		0.891185
446.7		0.891185
446.8		0.891185
446.9		0.891185
447		0.891185
447.1		0.892254
447.2		0.892254
447.3		0.892254
447.4		0.892254
447.5		0.892254
447.6		0.892254
447.7		0.892254
447.8		0.892254
447.9		0.892254
448		0.892254
448.1		0.896021
448.2		0.896021
448.3		0.896021
448.4		0.896021
448.5		0.896021
448.6		0.896021
448.7		0.896021
448.8		0.896021
448.9		0.896021
449		0.896021
449.1		0.896377
449.2		0.896377
449.3		0.896377
449.4		0.896377
449.5		0.896377
449.6		0.896377
449.7		0.896377
449.8		0.896377
449.9		0.896377
450		0.896377
450.1		0.896766
450.2		0.896766
450.3		0.896766
450.4		0.896766
450.5		0.896766
450.6		0.896766
450.7		0.896766
450.8		0.896766
450.9		0.896766
451		0.896766
451.1		0.898053
451.2		0.898053
451.3		0.898053
451.4		0.898053
451.5		0.898053
451.6		0.898053
451.7		0.898053
451.8		0.898053
451.9		0.898053
452		0.898053
452.1		0.904634
452.2		0.904634
452.3		0.904634
452.4		0.904634
452.5		0.904634
452.6		0.904634
452.7		0.904634
452.8		0.904634
452.9		0.904634
453		0.904634
453.1		0.906943
453.2		0.906943
453.3		0.906943
453.4		0.906943
453.5		0.906943
453.6		0.906943
453.7		0.906943
453.8		0.906943
453.9		0.906943
454		0.906943
454.1		0.907917
454.2		0.907917
454.3		0.907917
454.4		0.907917
454.5		0.907917
454.6		0.907917
454.7		0.907917
454.8		0.907917
454.9		0.907917
455		0.907917
455.1		0.908566
455.2		0.908566
455.3		0.908566
455.4		0.908566
455.5		0.908566
455.6		0.908566
455.7		0.908566
455.8		0.908566
455.9		0.908566
456		0.908566
456.1		0.909875
456.2		0.909875
456.3		0.909875
456.4		0.909875
456.5		0.909875
456.6		0.909875
456.7		0.909875
456.8		0.909875
456.9		0.909875
457		0.909875
457.1		0.911327
457.2		0.911327
457.3		0.911327
457.4		0.911327
457.5		0.911327
457.6		0.911327
457.7		0.911327
457.8		0.911327
457.9		0.911327
458		0.911327
458.1		0.913807
458.2		0.913807
458.3		0.913807
458.4		0.913807
458.5		0.913807
458.6		0.913807
458.7		0.913807
458.8		0.913807
458.9		0.913807
459		0.913807
459.1		0.916887
459.2		0.916887
459.3		0.916887
459.4		0.916887
459.5		0.916887
459.6		0.916887
459.7		0.916887
459.8		0.916887
459.9		0.916887
460		0.916887
460.1		0.918441
460.2		0.918441
460.3		0.918441
460.4		0.918441
460.5		0.918441
460.6		0.918441
460.7		0.918441
460.8		0.918441
460.9		0.918441
461		0.918441
461.1		0.920574
461.2		0.920574
461.3		0.920574
461.4		0.920574
461.5		0.920574
461.6		0.920574
461.7		0.920574
461.8		0.920574
461.9		0.920574
462		0.920574
462.1		0.921446
462.2		0.921446
462.3		0.921446
462.4		0.921446
462.5		0.921446
462.6		0.921446
462.7		0.921446
462.8		0.921446
462.9		0.921446
463		0.921446
463.1		0.924835
463.2		0.924835
463.3		0.924835
463.4		0.924835
463.5		0.924835
463.6		0.924835
463.7		0.924835
463.8		0.924835
463.9		0.924835
464		0.924835
464.1		0.92566
464.2		0.92566
464.3		0.92566
464.4		0.92566
464.5		0.92566
464.6		0.92566
464.7		0.92566
464.8		0.92566
464.9		0.92566
465		0.92566
465.1		0.929491
465.2		0.929491
465.3		0.929491
465.4		0.929491
465.5		0.929491
465.6		0.929491
465.7		0.929491
465.8		0.929491
465.9		0.929491
466		0.929491
466.1		0.930103
466.2		0.930103
466.3		0.930103
466.4		0.930103
466.5		0.930103
466.6		0.930103
466.7		0.930103
466.8		0.930103
466.9		0.930103
467		0.930103
467.1		0.933369
467.2		0.933369
467.3		0.933369
467.4		0.933369
467.5		0.933369
467.6		0.933369
467.7		0.933369
467.8		0.933369
467.9		0.933369
468		0.933369
468.1		0.933795
468.2		0.933795
468.3		0.933795
468.4		0.933795
468.5		0.933795
468.6		0.933795
468.7		0.933795
468.8		0.933795
468.9		0.933795
469		0.933795
469.1		0.937647
469.2		0.937647
469.3		0.937647
469.4		0.937647
469.5		0.937647
469.6		0.937647
469.7		0.937647
469.8		0.937647
469.9		0.937647
470		0.937647
470.1		0.939498
470.2		0.939498
470.3		0.939498
470.4		0.939498
470.5		0.939498
470.6		0.939498
470.7		0.939498
470.8		0.939498
470.9		0.939498
471		0.939498
471.1		0.941227
471.2		0.941227
471.3		0.941227
471.4		0.941227
471.5		0.941227
471.6		0.941227
471.7		0.941227
471.8		0.941227
471.9		0.941227
472		0.941227
472.1		0.94385
472.2		0.94385
472.3		0.94385
472.4		0.94385
472.5		0.94385
472.6		0.94385
472.7		0.94385
472.8		0.94385
472.9		0.94385
473		0.94385
473.1		0.945696
473.2		0.945696
473.3		0.945696
473.4		0.945696
473.5		0.945696
473.6		0.945696
473.7		0.945696
473.8		0.945696
473.9		0.945696
474		0.945696
474.1		0.947207
474.2		0.947207
474.3		0.947207
474.4		0.947207
474.5		0.947207
474.6		0.947207
474.7		0.947207
474.8		0.947207
474.9		0.947207
475		0.947207
475.1		0.948665
475.2		0.948665
475.3		0.948665
475.4		0.948665
475.5		0.948665
475.6		0.948665
475.7		0.948665
475.8		0.948665
475.9		0.948665
476		0.948665
476.1		0.948798
476.2		0.948798
476.3		0.948798
476.4		0.948798
476.5		0.948798
476.6		0.948798
476.7		0.948798
476.8		0.948798
476.9		0.948798
477		0.948798
477.1		0.952916
477.2		0.952916
477.3		0.952916
477.4		0.952916
477.5		0.952916
477.6		0.952916
477.7		0.952916
477.8		0.952916
477.9		0.952916
478		0.952916
478.1		0.953661
478.2		0.953661
478.3		0.953661
478.4		0.953661
478.5		0.953661
478.6		0.953661
478.7		0.953661
478.8		0.953661
478.9		0.953661
479		0.953661
479.1		0.955172
479.2		0.955172
479.3		0.955172
479.4		0.955172
479.5		0.955172
479.6		0.955172
479.7		0.955172
479.8		0.955172
479.9		0.955172
480		0.955172
480.1		0.958449
480.2		0.958449
480.3		0.958449
480.4		0.958449
480.5		0.958449
480.6		0.958449
480.7		0.958449
480.8		0.958449
480.9		0.958449
481		0.958449
481.1		0.960721
481.2		0.960721
481.3		0.960721
481.4		0.960721
481.5		0.960721
481.6		0.960721
481.7		0.960721
481.8		0.960721
481.9		0.960721
482		0.960721
482.1		0.964434
482.2		0.964434
482.3		0.964434
482.4		0.964434
482.5		0.964434
482.6		0.964434
482.7		0.964434
482.8		0.964434
482.9		0.964434
483		0.964434
483.1		0.965328
483.2		0.965328
483.3		0.965328
483.4		0.965328
483.5		0.965328
483.6		0.965328
483.7		0.965328
483.8		0.965328
483.9		0.965328
484		0.965328
484.1		0.966993
484.2		0.966993
484.3		0.966993
484.4		0.966993
484.5		0.966993
484.6		0.966993
484.7		0.966993
484.8		0.966993
484.9		0.966993
485		0.966993
485.1		0.967408
485.2		0.967408
485.3		0.967408
485.4		0.967408
485.5		0.967408
485.6		0.967408
485.7		0.967408
485.8		0.967408
485.9		0.967408
486		0.967408
486.1		0.97135
486.2		0.97135
486.3		0.97135
486.4		0.97135
486.5		0.97135
486.6		0.97135
486.7		0.97135
486.8		0.97135
486.9		0.97135
487		0.97135
487.1		0.974718
487.2		0.974718
487.3		0.974718
487.4		0.974718
487.5		0.974718
487.6		0.974718
487.7		0.974718
487.8		0.974718
487.9		0.974718
488		0.974718
488.1		0.975506
488.2		0.975506
488.3		0.975506
488.4		0.975506
488.5		0.975506
488.6		0.975506
488.7		0.975506
488.8		0.975506
488.9		0.975506
489		0.975506
489.1		0.976852
489.2		0.976852
489.3		0.976852
489.4		0.976852
489.5		0.976852
489.6		0.976852
489.7		0.976852
489.8		0.976852
489.9		0.976852
490		0.976852
490.1		0.977777
490.2		0.977777
490.3		0.977777
490.4		0.977777
490.5		0.977777
490.6		0.977777
490.7		0.977777
490.8		0.977777
490.9		0.977777
491		0.977777
491.1		0.980374
491.2		0.980374
491.3		0.980374
491.4		0.980374
491.5		0.980374
491.6		0.980374
491.7		0.980374
491.8		0.980374
491.9		0.980374
492		0.980374
492.1		0.981885
492.2		0.981885
492.3		0.981885
492.4		0.981885
492.5		0.981885
492.6		0.981885
492.7		0.981885
492.8		0.981885
492.9		0.981885
493		0.981885
493.1		0.987061
493.2		0.987061
493.3		0.987061
493.4		0.987061
493.5		0.987061
493.6		0.987061
493.7		0.987061
493.8		0.987061
493.9		0.987061
494		0.987061
494.1		0.987439
494.2		0.987439
494.3		0.987439
494.4		0.987439
494.5		0.987439
494.6		0.987439
494.7		0.987439
494.8		0.987439
494.9		0.987439
495		0.987439
495.1		0.988359
495.2		0.988359
495.3		0.988359
495.4		0.988359
495.5		0.988359
495.6		0.988359
495.7		0.988359
495.8		0.988359
495.9		0.988359
496		0.988359
496.1		0.990269
496.2		0.990269
496.3		0.990269
496.4		0.990269
496.5		0.990269
496.6		0.990269
496.7		0.990269
496.8		0.990269
496.9		0.990269
497		0.990269
497.1		0.990509
497.2		0.990509
497.3		0.990509
497.4		0.990509
497.5		0.990509
497.6		0.990509
497.7		0.990509
497.8		0.990509
497.9		0.990509
498		0.990509
498.1		0.991158
498.2		0.991158
498.3		0.991158
498.4		0.991158
498.5		0.991158
498.6		0.991158
498.7		0.991158
498.8		0.991158
498.9		0.991158
499		0.991158
499.1		0.998026
499.2		0.998026
499.3		0.998026
499.4		0.998026
499.5		0.998026
499.6		0.998026
499.7		0.998026
499.8		0.998026
499.9		0.998026
500		0.998026
500.1		0.998478
500.2		0.998478
500.3		0.998478
500.4		0.998478
500.5		0.998478
500.6		0.998478
500.7		0.998478
500.8		0.998478
500.9		0.998478
501		0.998478
501.1		0.999883
501.2		0.999883
501.3		0.999883
501.4		0.999883
501.5		0.999883
501.6		0.999883
501.7		0.999883
501.8		0.999883
501.9		0.999883
502		0.999883
502.1		0.999973
502.2		0.999973
502.3		0.999973
502.4		0.999973
502.5		0.999973
502.6		0.999973
502.7		0.999973
502.8		0.999973
502.9		0.999973
503		0.999973
503.1		1
503.2		1
503.3		1
503.4		1
503.5		1
503.6		1
503.7		1
503.8		1
503.9		1
504		1
504.1		1
504.2		1
504.3		1
504.4		1
504.5		1
504.6		1
504.7		1
504.8		1
504.9		1
505		1
505.1		1
505.2		1
505.3		1
505.4		1
505.5		1
505.6		1
505.7		1
505.8		1
505.9		1
506		1
506.1		1
506.2		1
506.3		1
506.4		1
506.5		1
506.6		1
506.7		1
506.8		1
506.9		1
507		1
507.1		1
507.2		1
507.3		1
507.4		1
507.5		1
507.6		1
507.7		1
507.8		1
507.9		1
508		1
508.1		1
508.2		1
508.3		1
508.4		1
508.5		1
508.6		1
508.7		1
508.8		1
508.9		1
509		1
509.1		1
509.2		1
509.3		1
509.4		1
509.5		1
509.6		1
509.7		1
509.8		1
509.9		1
510		1
510.1		1
510.2		1
510.3		1
510.4		1
510.5		1
510.6		1
510.7		1
510.8		1
510.9		1
511		1
511.1		1
511.2		1
511.3		1
511.4		1
511.5		1
511.6		1
511.7		1
511.8		1
511.9		1
512		1
512.1		1
512.2		1
512.3		1
512.4		1
512.5		1
512.6		1
512.7		1
512.8		1
512.9		1
513		1
513.1		1
513.2		1
513.3		1
513.4		1
513.5		1
513.6		1
513.7		1
513.8		1
513.9		1
514		1
514.1		1
514.2		1
514.3		1
514.4		1
514.5		1
514.6		1
514.7		1
514.8		1
514.9		1
515		1
515.1		1
515.2		1
515.3		1
515.4		1
515.5		1
515.6		1
515.7		1
515.8		1
515.9		1
516		1
516.1		1
516.2		1
516.3		1
516.4		1
516.5		1
516.6		1
516.7		1
516.8		1
516.9		1
517		1
517.1		1
517.2		1
517.3		1
517.4		1
517.5		1
517.6		1
517.7		1
517.8		1
517.9		1
518		1
518.1		1
518.2		1
518.3		1
518.4		1
518.5		1
518.6		1
518.7		1
518.8		1
518.9		1
519		1
519.1		1
519.2		1
519.3		1
519.4		1
519.5		1
519.6		1
519.7		1
519.8		1
519.9		1
520		1
520.1		1
520.2		1
520.3		1
520.4		1
520.5		1
520.6		1
520.7		1
520.8		1
520.9		1
521		1
521.1		1
521.2		1
521.3		1
521.4		1
521.5		1
521.6		1
521.7		1
521.8		1
521.9		1
522		1
522.1		1
522.2		1
522.3		1
522.4		1
522.5		1
522.6		1
522.7		1
522.8		1
522.9		1
523		1
523.1		1
523.2		1
523.3		1
523.4		1
523.5		1
523.6		1
523.7		1
523.8		1
523.9		1
524		1
524.1		1
524.2		1
524.3		1
524.4		1
524.5		1
524.6		1
524.7		1
524.8		1
524.9		1
525		1
525.1		1
525.2		1
525.3		1
525.4		1
525.5		1
525.6		1
525.7		1
525.8		1
525.9		1
526		1
526.1		1
526.2		1
526.3		1
526.4		1
526.5		1
526.6		1
526.7		1
526.8		1
526.9		1
527		1
527.1		1
527.2		1
527.3		1
527.4		1
527.5		1
527.6		1
527.7		1
527.8		1
527.9		1
528		1
528.1		1
528.2		1
528.3		1
528.4		1
528.5		1
528.6		1
528.7		1
528.8		1
528.9		1
529		1
529.1		1
529.2		1
529.3		1
529.4		1
529.5		1
529.6		1
529.7		1
529.8		1
529.9		1
530		1
530.1		1
530.2		1
530.3		1
530.4		1
530.5		1
530.6		1
530.7		1
530.8		1
530.9		1
531		1
531.1		1
531.2		1
531.3		1
531.4		1
531.5		1
531.6		1
531.7		1
531.8		1
531.9		1
532		1
532.1		1
532.2		1
532.3		1
532.4		1
532.5		1
532.6		1
532.7		1
532.8		1
532.9		1
533		1
533.1		1
533.2		1
533.3		1
533.4		1
533.5		1
533.6		1
533.7		1
533.8		1
533.9		1
534		1
534.1		1
534.2		1
534.3		1
534.4		1
534.5		1
534.6		1
534.7		1
534.8		1
534.9		1
535		1
535.1		1
535.2		1
535.3		1
535.4		1
535.5		1
535.6		1
535.7		1
535.8		1
535.9		1
536		1
536.1		1
536.2		1
536.3		1
536.4		1
536.5		1
536.6		1
536.7		1
536.8		1
536.9		1
537		1
537.1		1
537.2		1
537.3		1
537.4		1
537.5		1
537.6		1
537.7		1
537.8		1
537.9		1
538		1
538.1		1
538.2		1
538.3		1
538.4		1
538.5		1
538.6		1
538.7		1
538.8		1
538.9		1
539		1
539.1		1
539.2		1
539.3		1
539.4		1
539.5		1
539.6		1
539.7		1
539.8		1
539.9		1
540		1
540.1		1
540.2		1
540.3		1
540.4		1
540.5		1
540.6		1
540.7		1
540.8		1
540.9		1
541		1
541.1		1
541.2		1
541.3		1
541.4		1
541.5		1
541.6		1
541.7		1
541.8		1
541.9		1
542		1
542.1		1
542.2		1
542.3		1
542.4		1
542.5		1
542.6		1
542.7		1
542.8		1
542.9		1
543		1
543.1		1
543.2		1
543.3		1
543.4		1
543.5		1
543.6		1
543.7		1
543.8		1
543.9		1
544		1
544.1		1
544.2		1
544.3		1
544.4		1
544.5		1
544.6		1
544.7		1
544.8		1
544.9		1
545		1
545.1		1
545.2		1
545.3		1
545.4		1
545.5		1
545.6		1
545.7		1
545.8		1
545.9		1
546		1
546.1		1
546.2		1
546.3		1
546.4		1
546.5		1
546.6		1
546.7		1
546.8		1
546.9		1
547		1
547.1		1
547.2		1
547.3		1
547.4		1
547.5		1
547.6		1
547.7		1
547.8		1
547.9		1
548		1
548.1		1
548.2		1
548.3		1
548.4		1
548.5		1
548.6		1
548.7		1
548.8		1
548.9		1
549		1
549.1		1
549.2		1
549.3		1
549.4		1
549.5		1
549.6		1
549.7		1
549.8		1
549.9		1
550		1
550.1		1
550.2		1
550.3		1
550.4		1
550.5		1
550.6		1
550.7		1
550.8		1
550.9		1
551		1
551.1		1
551.2		1
551.3		1
551.4		1
551.5		1
551.6		1
551.7		1
551.8		1
551.9		1
552		1
552.1		1
552.2		1
552.3		1
552.4		1
552.5		1
552.6		1
552.7		1
552.8		1
552.9		1
553		1
553.1		1
553.2		1
553.3		1
553.4		1
553.5		1
553.6		1
553.7		1
553.8		1
553.9		1
554		1
554.1		1
554.2		1
554.3		1
554.4		1
554.5		1
554.6		1
554.7		1
554.8		1
554.9		1
555		1
555.1		1
555.2		1
555.3		1
555.4		1
555.5		1
555.6		1
555.7		1
555.8		1
555.9		1
556		1
556.1		1
556.2		1
556.3		1
556.4		1
556.5		1
556.6		1
556.7		1
556.8		1
556.9		1
557		1
557.1		1
557.2		1
557.3		1
557.4		1
557.5		1
557.6		1
557.7		1
557.8		1
557.9		1
558		1
558.1		1
558.2		1
558.3		1
558.4		1
558.5		1
558.6		1
558.7		1
558.8		1
558.9		1
559		1
559.1		1
559.2		1
559.3		1
559.4		1
559.5		1
559.6		1
559.7		1
559.8		1
559.9		1
560		1
560.1		1
560.2		1
560.3		1
560.4		1
560.5		1
560.6		1
560.7		1
560.8		1
560.9		1
561		1
561.1		1
561.2		1
561.3		1
561.4		1
561.5		1
561.6		1
561.7		1
561.8		1
561.9		1
562		1
562.1		1
562.2		1
562.3		1
562.4		1
562.5		1
562.6		1
562.7		1
562.8		1
562.9		1
563		1
563.1		1
563.2		1
563.3		1
563.4		1
563.5		1
563.6		1
563.7		1
563.8		1
563.9		1
564		1
564.1		1
564.2		1
564.3		1
564.4		1
564.5		1
564.6		1
564.7		1
564.8		1
564.9		1
565		1
565.1		1
565.2		1
565.3		1
565.4		1
565.5		1
565.6		1
565.7		1
565.8		1
565.9		1
566		1
566.1		1
566.2		1
566.3		1
566.4		1
566.5		1
566.6		1
566.7		1
566.8		1
566.9		1
567		1
567.1		1
567.2		1
567.3		1
567.4		1
567.5		1
567.6		1
567.7		1
567.8		1
567.9		1
568		1
568.1		1
568.2		1
568.3		1
568.4		1
568.5		1
568.6		1
568.7		1
568.8		1
568.9		1
569		1
569.1		1
569.2		1
569.3		1
569.4		1
569.5		1
569.6		1
569.7		1
569.8		1
569.9		1
570		1
570.1		1
570.2		1
570.3		1
570.4		1
570.5		1
570.6		1
570.7		1
570.8		1
570.9		1
571		1
571.1		1
571.2		1
571.3		1
571.4		1
571.5		1
571.6		1
571.7		1
571.8		1
571.9		1
572		1
572.1		1
572.2		1
572.3		1
572.4		1
572.5		1
572.6		1
572.7		1
572.8		1
572.9		1
573		1
573.1		1
573.2		1
573.3		1
573.4		1
573.5		1
573.6		1
573.7		1
573.8		1
573.9		1
574		1
574.1		1
574.2		1
574.3		1
574.4		1
574.5		1
574.6		1
574.7		1
574.8		1
574.9		1
575		1
575.1		1
575.2		1
575.3		1
575.4		1
575.5		1
575.6		1
575.7		1
575.8		1
575.9		1
576		1
576.1		1
576.2		1
576.3		1
576.4		1
576.5		1
576.6		1
576.7		1
576.8		1
576.9		1
577		1
577.1		1
577.2		1
577.3		1
577.4		1
577.5		1
577.6		1
577.7		1
577.8		1
577.9		1
578		1
578.1		1
578.2		1
578.3		1
578.4		1
578.5		1
578.6		1
578.7		1
578.8		1
578.9		1
579		1
579.1		1
579.2		1
579.3		1
579.4		1
579.5		1
579.6		1
579.7		1
579.8		1
579.9		1
580		1
580.1		1
580.2		1
580.3		1
580.4		1
580.5		1
580.6		1
580.7		1
580.8		1
580.9		1
581		1
581.1		1
581.2		1
581.3		1
581.4		1
581.5		1
581.6		1
581.7		1
581.8		1
581.9		1
582		1
582.1		1
582.2		1
582.3		1
582.4		1
582.5		1
582.6		1
582.7		1
582.8		1
582.9		1
583		1
583.1		1
583.2		1
583.3		1
583.4		1
583.5		1
583.6		1
583.7		1
583.8		1
583.9		1
584		1
584.1		1
584.2		1
584.3		1
584.4		1
584.5		1
584.6		1
584.7		1
584.8		1
584.9		1
585		1
585.1		1
585.2		1
585.3		1
585.4		1
585.5		1
585.6		1
585.7		1
585.8		1
585.9		1
586		1
586.1		1
586.2		1
586.3		1
586.4		1
586.5		1
586.6		1
586.7		1
586.8		1
586.9		1
587		1
587.1		1
587.2		1
587.3		1
587.4		1
587.5		1
587.6		1
587.7		1
587.8		1
587.9		1
588		1
588.1		1
588.2		1
588.3		1
588.4		1
588.5		1
588.6		1
588.7		1
588.8		1
588.9		1
589		1
589.1		1
589.2		1
589.3		1
589.4		1
589.5		1
589.6		1
589.7		1
589.8		1
589.9		1
590		1
590.1		1
590.2		1
590.3		1
590.4		1
590.5		1
590.6		1
590.7		1
590.8		1
590.9		1
591		1
591.1		1
591.2		1
591.3		1
591.4		1
591.5		1
591.6		1
591.7		1
591.8		1
591.9		1
592		1
592.1		1
592.2		1
592.3		1
592.4		1
592.5		1
592.6		1
592.7		1
592.8		1
592.9		1
593		1
593.1		1
593.2		1
593.3		1
593.4		1
593.5		1
593.6		1
593.7		1
593.8		1
593.9		1
594		1
594.1		1
594.2		1
594.3		1
594.4		1
594.5		1
594.6		1
594.7		1
594.8		1
594.9		1
595		1
595.1		1
595.2		1
595.3		1
595.4		1
595.5		1
595.6		1
595.7		1
595.8		1
595.9		1
596		1
596.1		1
596.2		1
596.3		1
596.4		1
596.5		1
596.6		1
596.7		1
596.8		1
596.9		1
597		1
597.1		1
597.2		1
597.3		1
597.4		1
597.5		1
597.6		1
597.7		1
597.8		1
597.9		1
598		1
598.1		1
598.2		1
598.3		1
598.4		1
598.5		1
598.6		1
598.7		1
598.8		1
598.9		1
599		1
599.1		1
599.2		1
599.3		1
599.4		1
599.5		1
599.6		1
599.7		1
599.8		1
599.9		1
600		1
