   0     0.000000000
   1     0.000000000
   2     0.000000000
   3     0.000000000
   4     0.000000000
   5     0.000000000
   6     0.000000000
   7     0.000000000
   8     0.000000000
   9     0.000000000
  10     0.000000000
  11     0.000000000
  12     0.000000000
  13     0.000000000
  14     0.000000000
  15     0.000000000
  16     0.000000000
  17     0.000000000
  18     0.000000000
  19     0.000000000
  20     0.000000000
  21     0.000000000
  22     0.000000000
  23     0.000000000
  24     0.000000000
  25     0.000000000
  26     0.000000000
  27     0.000000000
  28     0.000000000
  29     0.000000000
  30     0.000000000
  31     0.000000000
  32     0.000000000
  33     0.000000000
  34     0.000000000
  35     0.000000000
  36     0.000000000
  37     0.000000000
  38     0.000000000
  39     0.000000000
  40     0.000000000
  41     0.000000000
  42     0.000000000
  43     0.000000000
  44     0.000000000
  45     0.000000000
  46     0.000000000
  47     0.000000000
  48     0.000000000
  49     0.000000000
  50     0.000000000
  51     0.000000000
  52     0.331413146
  53    25.247656005
  54    31.152835691
  55    38.353539492
  56    47.211309022
  57    66.192243727
  58    87.553327388
  59   100.418183133
  60   114.970233074
  61   122.261322278
  62   138.139024802
  63   141.362770855
  64   157.963556605
  65   162.964882258
  66   184.205452048
  67   207.916556196
  68   221.504495167
  69   226.204536142
  70   237.442454627
  71   249.222685531
  72   252.386174649
  73   274.078671455
  74   287.666610427
  75   323.941285642
  76   325.176552821
  77   340.270915182
  78   347.622261322
  79   353.196027863
  80   365.910241269
  81   388.054665092
  82   395.948323652
  83   427.673600231
  84   428.908867411
  85   437.646123069
  86   441.773723156
  87   459.760418424
  88   467.473306178
  89   482.266383861
  90   490.220299356
  91   515.076285280
  92   531.315529417
  93   536.407240473
  94   538.305333944
  95   560.811299381
  96   563.643375353
  97   574.580009159
  98   574.580009159
  99   574.580009159
 100   583.407650221
 101   590.096170069
 102   616.338065511
 103   634.023476102
 104   638.331846996
 105   658.638434284
 106   678.824507701
 107   679.396948589
 108   684.187374967
 109   696.419532888
 110   719.889609294
 111   733.176263588
 112   749.355250789
 113   768.516956302
 114   774.392007520
 115   790.781893996
 116   797.530670780
 117   818.289185085
 118   826.514256791
 119   849.954204729
 120   853.599749331
 121   868.603726289
 122   882.432693003
 123   888.036588011
 124   895.960375039
 125   914.700282002
 126   927.535009280
 127   948.594808262
 128   951.969196655
 129   971.763599990
 130   989.268239774
 131   990.021451469
 132  1004.272216732
 133  1018.372339656
 134  1036.690448071
 135  1056.424594471
 136  1056.725879149
 137  1056.725879149
 138  1056.725879149
 139  1057.448962376
 140  1081.160066524
 141  1095.350574851
 142  1099.990358890
 143  1120.417460050
 144  1121.712984164
 145  1136.566318783
 146  1157.806888573
 147  1172.961507870
 148  1182.271204416
 149  1198.540577020
 150  1207.066933404
 151  1221.920268023
 152  1223.125406734
 153  1240.961459664
 154  1259.671238160
 155  1280.188724722
 156  1286.575959893
 157  1306.942804117
 158  1308.539612909
 159  1327.098749066
 160  1334.450095206
 161  1348.098291113
 162  1361.053532262
 163  1387.144785365
 164  1393.170478922
 165  1412.543083709
 166  1428.661813975
 167  1438.513822941
 168  1461.501843862
 169  1473.191689363
 170  1482.561642845
 171  1504.043240377
 172  1505.730434573
 173  1526.850490491
 174  1552.821229724
 175  1553.935983032
 176  1558.244353925
 177  1571.922678300
 178  1578.430427342
 179  1602.442816168
 180  1613.289064571
 181  1628.052013787
 182  1652.576586565
 183  1655.709947215
 184  1657.457398347
 185  1672.069705223
 186  1693.491045819
 187  1711.417484152
 188  1713.405963026
 189  1733.260623298
 190  1746.667791463
 191  1753.537082118
 192  1759.050591723
 193  1772.337246017
 194  1798.850297669
 195  1809.937573815
 196  1825.122321579
 197  1842.295548218
 198  1844.193641688
 199  1855.913615657
 200  1863.716888814
 201  1872.936199957
 202  1904.360191858
 203  1910.687170093
 204  1929.999517945
 205  1946.057991275
 206  1953.017667334
 207  1967.901130420
 208  1972.480657524
 209  1983.929475283
 210  2000.409747162
 211  2016.648991299
 212  2019.661838078
 213  2045.542191906
 214  2049.730048929
 215  2069.253296054
 216  2075.098218805
 217  2092.874014799
 218  2120.321048953
 219  2122.610812505
 220  2139.784039143
 221  2160.843838126
 222  2169.791993058
 223  2180.547856058
 224  2185.820337921
 225  2198.504422859
 226  2208.687844971
 227  2208.687844971
 228  2208.687844971
 229  2213.207115139
 230  2224.655932898
 231  2238.484899612
 232  2254.392730603
 233  2257.767118995
 234  2274.428161681
 235  2296.090530020
 236  2309.347055846
 237  2315.402877871
 238  2327.213237244
 239  2333.238930801
 240  2353.515389621
 241  2361.981489069
 242  2370.748873195
 243  2400.937597918
 244  2415.097977777
 245  2419.556991010
 246  2434.500711032
 247  2441.882185640
 248  2460.320807925
 249  2469.178577454
 250  2479.693412712
 251  2509.731495095
 252  2511.509074694
 253  2524.102774229
 254  2530.610523271
 255  2545.403600954
 256  2567.548024778
 257  2580.292366651
 258  2590.415531828
 259  2620.905541228
 260  2622.652992359
 261  2638.169153270
 262  2641.182000048
 263  2657.963556605
 264  2661.277688062
 265  2661.277688062
 266  2661.277688062
 267  2690.833714961
 268  2693.213863916
 269  2702.041504977
 270  2725.903251464
 271  2727.078261708
 272  2736.116802044
 273  2752.506688520
 274  2769.920942901
 275  2792.939092290
 276  2800.651980043
 277  2811.377714575
 278  2835.540745740
 279  2836.806141387
 280  2861.722384246
 281  2871.453879342
 282  2873.683385958
 283  2896.641278411
 284  2914.266432066
 285  2924.931909663
 286  2940.056400492
 287  2947.980187520
 288  2968.708573357
 289  2979.404179421
 290  2989.015160645
 291  3004.290293813
 292  3023.301356986
 293  3024.325724891
 294  3044.089999759
 295  3054.936248162
 296  3082.112126106
 297  3085.817927643
 298  3096.272505965
 299  3113.686760346
 300  3123.689411651
 301  3130.890115452
 302  3144.628696763
 303  3172.377015594
 304  3181.054014317
 305  3186.055339970
 306  3196.329147485
 307  3214.677384367
 308  3236.309624238
 309  3242.546217070
 310  3259.960471450
 311  3269.872737352
 312  3290.661380125
 313  3301.808913206
 314  3306.057027164
 315  3326.634770662
 316  3345.856733110
 317  3348.718937550
 318  3366.404348140
 319  3379.992287112
 320  3397.768083106
 321  3402.920051098
 322  3407.077779652
 323  3429.222203476
 324  3446.455687050
 325  3448.835836005
 326  3468.600110873
 327  3481.223938875
 328  3491.829159536
 329  3512.798573116
 330  3520.180047723
 331  3539.191110897
 332  3546.783484779
 333  3561.636819398
 334  3577.363879583
 335  3583.720986286
 336  3598.634577840
 337  3620.658487792
 338  3632.740003374
 339  3649.160018318
 340  3656.089565909
 341  3663.953096001
 342  3686.368676035
 343  3690.315505315
 344  3698.058521536
 345  3713.333654704
 346  3720.986285521
 347  3748.674347417
 348  3764.612306877
 349  3774.313673504
 350  3790.854202319
 351  3803.056231772
 352  3803.056231772
 353  3829.478898021
 354  3831.949432380
 355  3851.020752489
 356  3852.677818217
 357  3852.677818217
 358  3852.798332088
 359  3864.819590735
 360  3870.152329533
 361  3892.718551905
 362  3896.846151992
 363  3936.043288583
 364  3949.570970619
 365  3951.408807154
 366  3968.310877582
 367  3976.746848562
 368  3979.398153727
 369  3997.414977464
 370  4011.725999663
 371  4036.009544699
 372  4050.290438429
 373  4055.020607872
 374  4067.403408132
 375  4078.641326617
 376  4083.582395334
 377  4096.025452530
 378  4127.238545157
 379  4139.018776061
 380  4162.880522548
 381  4165.983754730
 382  4177.251801682
 383  4186.561498228
 384  4198.221215262
 385  4204.819349707
 386  4235.249102172
 387  4247.119718480
 388  4266.673094073
 389  4274.657138037
 390  4275.802019812
 391  4286.226469667
 392  4304.906119694
 393  4308.551664297
 394  4310.389500832
 395  4334.341632722
 396  4336.812167080
 397  4352.689869604
 398  4373.357998506
 399  4374.984935766
 400  4397.972956687
 401  4413.157704452
 402  4419.725710429
 403  4439.309214491
 404  4452.505483381
 405  4457.476680566
 406  4482.001253344
 407  4496.252018607
 408  4508.604690400
 409  4529.574103979
 410  4530.839499626
 411  4541.474848755
 412  4562.203234592
 413  4563.860300321
 414  4589.710525682
 415  4593.838125768
 416  4616.826146689
 417  4622.249270891
 418  4631.197425824
 419  4653.251464244
 420  4662.320133047
 421  4673.347152257
 422  4697.299284148
 423  4710.766709248
 424  4729.386102340
 425  4737.942587192
 426  4753.519005037
 427  4763.762684085
 428  4771.204415628
 429  4778.254477090
 430  4797.024512521
 431  4824.531803611
 432  4837.758200969
 433  4846.435199691
 434  4851.135240666
 435  4863.759068669
 436  4883.372701198
 437  4891.145845887
 438  4911.271662368
 439  4927.450649570
 440  4936.428932970
 441  4947.486080648
 442  4961.857359782
 443  4968.726650437
 444  4995.330087493
 445  4997.107667092
 446  5000.000000000
 447  5000.000000000
 448  5000.000000000
 449  5000.000000000
 450  5000.000000000
 451  5000.000000000
 452  5000.000000000
 453  5000.000000000
 454  5000.000000000
 455  5000.000000000
 456  5000.000000000
 457  5000.000000000
 458  5000.000000000
 459  5000.000000000
 460  5000.000000000
 461  5000.000000000
 462  5000.000000000
 463  5000.000000000
 464  5000.000000000
 465  5000.000000000
 466  5000.000000000
 467  5000.000000000
 468  5000.000000000
 469  5000.000000000
 470  5000.000000000
 471  5000.000000000
 472  5000.000000000
 473  5000.000000000
 474  5000.000000000
 475  5000.000000000
 476  5000.000000000
 477  5000.000000000
 478  5000.000000000
 479  5000.000000000
 480  5000.000000000
 481  5000.000000000
 482  5000.000000000
 483  5000.000000000
 484  5000.000000000
 485  5000.000000000
 486  5000.000000000
 487  5000.000000000
 488  5000.000000000
 489  5000.000000000
 490  5000.000000000
 491  5000.000000000
 492  5000.000000000
 493  5000.000000000
 494  5000.000000000
 495  5000.000000000
 496  5000.000000000
 497  5000.000000000
 498  5000.000000000
 499  5000.000000000
 500  5000.000000000
 501  5000.000000000
 502  5000.000000000
 503  5000.000000000
 504  5000.000000000
 505  5000.000000000
 506  5000.000000000
 507  5000.000000000
 508  5000.000000000
 509  5000.000000000
 510  5000.000000000
 511  5000.000000000
 512  5000.000000000
 513  5000.000000000
 514  5000.000000000
 515  5000.000000000
 516  5000.000000000
 517  5000.000000000
 518  5000.000000000
 519  5000.000000000
 520  5000.000000000
 521  5000.000000000
 522  5000.000000000
 523  5000.000000000
 524  5000.000000000
 525  5000.000000000
 526  5000.000000000
 527  5000.000000000
 528  5000.000000000
 529  5000.000000000
 530  5000.000000000
 531  5000.000000000
 532  5000.000000000
 533  5000.000000000
 534  5000.000000000
 535  5000.000000000
 536  5000.000000000
 537  5000.000000000
 538  5000.000000000
 539  5000.000000000
 540  5000.000000000
 541  5000.000000000
 542  5000.000000000
 543  5000.000000000
 544  5000.000000000
 545  5000.000000000
 546  5000.000000000
 547  5000.000000000
 548  5000.000000000
 549  5000.000000000
 550  5000.000000000
 551  5000.000000000
 552  5000.000000000
 553  5000.000000000
 554  5000.000000000
 555  5000.000000000
 556  5000.000000000
 557  5000.000000000
 558  5000.000000000
 559  5000.000000000
 560  5000.000000000
 561  5000.000000000
 562  5000.000000000
 563  5000.000000000
 564  5000.000000000
 565  5000.000000000
 566  5000.000000000
 567  5000.000000000
 568  5000.000000000
 569  5000.000000000
 570  5000.000000000
 571  5000.000000000
 572  5000.000000000
 573  5000.000000000
 574  5000.000000000
 575  5000.000000000
 576  5000.000000000
 577  5000.000000000
 578  5000.000000000
 579  5000.000000000
 580  5000.000000000
 581  5000.000000000
 582  5000.000000000
 583  5000.000000000
 584  5000.000000000
 585  5000.000000000
 586  5000.000000000
 587  5000.000000000
 588  5000.000000000
 589  5000.000000000
 590  5000.000000000
 591  5000.000000000
 592  5000.000000000
 593  5000.000000000
 594  5000.000000000
 595  5000.000000000
 596  5000.000000000
 597  5000.000000000
 598  5000.000000000
 599  5000.000000000
 600  5000.000000000
 601  5000.000000000
 602  5000.000000000
 603  5000.000000000
 604  5000.000000000
 605  5000.000000000
 606  5000.000000000
 607  5000.000000000
 608  5000.000000000
 609  5000.000000000
 610  5000.000000000
 611  5000.000000000
 612  5000.000000000
 613  5000.000000000
 614  5000.000000000
 615  5000.000000000
 616  5000.000000000
 617  5000.000000000
 618  5000.000000000
 619  5000.000000000
 620  5000.000000000
 621  5000.000000000
 622  5000.000000000
 623  5000.000000000
 624  5000.000000000
 625  5000.000000000
 626  5000.000000000
 627  5000.000000000
 628  5000.000000000
 629  5000.000000000
 630  5000.000000000
 631  5000.000000000
 632  5000.000000000
 633  5000.000000000
 634  5000.000000000
 635  5000.000000000
 636  5000.000000000
 637  5000.000000000
 638  5000.000000000
 639  5000.000000000
 640  5000.000000000
 641  5000.000000000
 642  5000.000000000
 643  5000.000000000
 644  5000.000000000
 645  5000.000000000
 646  5000.000000000
 647  5000.000000000
 648  5000.000000000
 649  5000.000000000
 650  5000.000000000
 651  5000.000000000
 652  5000.000000000
 653  5000.000000000
 654  5000.000000000
 655  5000.000000000
 656  5000.000000000
 657  5000.000000000
 658  5000.000000000
 659  5000.000000000
 660  5000.000000000
 661  5000.000000000
 662  5000.000000000
 663  5000.000000000
 664  5000.000000000
 665  5000.000000000
 666  5000.000000000
 667  5000.000000000
 668  5000.000000000
 669  5000.000000000
 670  5000.000000000
 671  5000.000000000
 672  5000.000000000
 673  5000.000000000
 674  5000.000000000
 675  5000.000000000
 676  5000.000000000
 677  5000.000000000
 678  5000.000000000
 679  5000.000000000
 680  5000.000000000
 681  5000.000000000
 682  5000.000000000
 683  5000.000000000
 684  5000.000000000
 685  5000.000000000
 686  5000.000000000
 687  5000.000000000
 688  5000.000000000
 689  5000.000000000
 690  5000.000000000
 691  5000.000000000
 692  5000.000000000
 693  5000.000000000
 694  5000.000000000
 695  5000.000000000
 696  5000.000000000
 697  5000.000000000
 698  5000.000000000
 699  5000.000000000
 700  5000.000000000
 701  5000.000000000
 702  5000.000000000
 703  5000.000000000
 704  5000.000000000
 705  5000.000000000
 706  5000.000000000
 707  5000.000000000
 708  5000.000000000
 709  5000.000000000
 710  5000.000000000
 711  5000.000000000
 712  5000.000000000
 713  5000.000000000
 714  5000.000000000
 715  5000.000000000
 716  5000.000000000
 717  5000.000000000
 718  5000.000000000
 719  5000.000000000
 720  5000.000000000
 721  5000.000000000
 722  5000.000000000
 723  5000.000000000
 724  5000.000000000
 725  5000.000000000
 726  5000.000000000
 727  5000.000000000
 728  5000.000000000
 729  5000.000000000
 730  5000.000000000
 731  5000.000000000
 732  5000.000000000
 733  5000.000000000
 734  5000.000000000
 735  5000.000000000
 736  5000.000000000
 737  5000.000000000
 738  5000.000000000
 739  5000.000000000
 740  5000.000000000
 741  5000.000000000
 742  5000.000000000
 743  5000.000000000
 744  5000.000000000
 745  5000.000000000
 746  5000.000000000
 747  5000.000000000
 748  5000.000000000
 749  5000.000000000
 750  5000.000000000
 751  5000.000000000
 752  5000.000000000
 753  5000.000000000
 754  5000.000000000
 755  5000.000000000
 756  5000.000000000
 757  5000.000000000
 758  5000.000000000
 759  5000.000000000
 760  5000.000000000
 761  5000.000000000
 762  5000.000000000
 763  5000.000000000
 764  5000.000000000
 765  5000.000000000
 766  5000.000000000
 767  5000.000000000
 768  5000.000000000
 769  5000.000000000
 770  5000.000000000
 771  5000.000000000
 772  5000.000000000
 773  5000.000000000
 774  5000.000000000
 775  5000.000000000
 776  5000.000000000
 777  5000.000000000
 778  5000.000000000
 779  5000.000000000
 780  5000.000000000
 781  5000.000000000
 782  5000.000000000
 783  5000.000000000
 784  5000.000000000
 785  5000.000000000
 786  5000.000000000
 787  5000.000000000
 788  5000.000000000
 789  5000.000000000
 790  5000.000000000
 791  5000.000000000
 792  5000.000000000
 793  5000.000000000
 794  5000.000000000
 795  5000.000000000
 796  5000.000000000
 797  5000.000000000
 798  5000.000000000
 799  5000.000000000
 800  5000.000000000
 801  5000.000000000
 802  5000.000000000
 803  5000.000000000
 804  5000.000000000
 805  5000.000000000
 806  5000.000000000
 807  5000.000000000
 808  5000.000000000
 809  5000.000000000
 810  5000.000000000
 811  5000.000000000
 812  5000.000000000
 813  5000.000000000
 814  5000.000000000
 815  5000.000000000
 816  5000.000000000
 817  5000.000000000
 818  5000.000000000
 819  5000.000000000
 820  5000.000000000
 821  5000.000000000
 822  5000.000000000
 823  5000.000000000
 824  5000.000000000
 825  5000.000000000
 826  5000.000000000
 827  5000.000000000
 828  5000.000000000
 829  5000.000000000
 830  5000.000000000
 831  5000.000000000
 832  5000.000000000
 833  5000.000000000
 834  5000.000000000
 835  5000.000000000
 836  5000.000000000
 837  5000.000000000
 838  5000.000000000
 839  5000.000000000
 840  5000.000000000
 841  5000.000000000
 842  5000.000000000
 843  5000.000000000
 844  5000.000000000
 845  5000.000000000
 846  5000.000000000
 847  5000.000000000
 848  5000.000000000
 849  5000.000000000
 850  5000.000000000
 851  5000.000000000
 852  5000.000000000
 853  5000.000000000
 854  5000.000000000
 855  5000.000000000
 856  5000.000000000
 857  5000.000000000
 858  5000.000000000
 859  5000.000000000
 860  5000.000000000
 861  5000.000000000
 862  5000.000000000
 863  5000.000000000
 864  5000.000000000
 865  5000.000000000
 866  5000.000000000
 867  5000.000000000
 868  5000.000000000
 869  5000.000000000
 870  5000.000000000
 871  5000.000000000
 872  5000.000000000
 873  5000.000000000
 874  5000.000000000
 875  5000.000000000
 876  5000.000000000
 877  5000.000000000
 878  5000.000000000
 879  5000.000000000
 880  5000.000000000
 881  5000.000000000
 882  5000.000000000
 883  5000.000000000
 884  5000.000000000
 885  5000.000000000
 886  5000.000000000
 887  5000.000000000
 888  5000.000000000
 889  5000.000000000
 890  5000.000000000
 891  5000.000000000
 892  5000.000000000
 893  5000.000000000
 894  5000.000000000
 895  5000.000000000
 896  5000.000000000
 897  5000.000000000
 898  5000.000000000
 899  5000.000000000
 900  5000.000000000
 901  5000.000000000
 902  5000.000000000
 903  5000.000000000
 904  5000.000000000
 905  5000.000000000
 906  5000.000000000
 907  5000.000000000
 908  5000.000000000
 909  5000.000000000
 910  5000.000000000
 911  5000.000000000
 912  5000.000000000
 913  5000.000000000
 914  5000.000000000
 915  5000.000000000
 916  5000.000000000
 917  5000.000000000
 918  5000.000000000
 919  5000.000000000
 920  5000.000000000
 921  5000.000000000
 922  5000.000000000
 923  5000.000000000
 924  5000.000000000
 925  5000.000000000
 926  5000.000000000
 927  5000.000000000
 928  5000.000000000
 929  5000.000000000
 930  5000.000000000
 931  5000.000000000
 932  5000.000000000
 933  5000.000000000
 934  5000.000000000
 935  5000.000000000
 936  5000.000000000
 937  5000.000000000
 938  5000.000000000
 939  5000.000000000
 940  5000.000000000
 941  5000.000000000
 942  5000.000000000
 943  5000.000000000
 944  5000.000000000
 945  5000.000000000
 946  5000.000000000
 947  5000.000000000
 948  5000.000000000
 949  5000.000000000
 950  5000.000000000
 951  5000.000000000
 952  5000.000000000
 953  5000.000000000
 954  5000.000000000
 955  5000.000000000
 956  5000.000000000
 957  5000.000000000
 958  5000.000000000
 959  5000.000000000
 960  5000.000000000
 961  5000.000000000
 962  5000.000000000
 963  5000.000000000
 964  5000.000000000
 965  5000.000000000
 966  5000.000000000
 967  5000.000000000
 968  5000.000000000
 969  5000.000000000
 970  5000.000000000
 971  5000.000000000
 972  5000.000000000
 973  5000.000000000
 974  5000.000000000
 975  5000.000000000
 976  5000.000000000
 977  5000.000000000
 978  5000.000000000
 979  5000.000000000
 980  5000.000000000
 981  5000.000000000
 982  5000.000000000
 983  5000.000000000
 984  5000.000000000
 985  5000.000000000
 986  5000.000000000
 987  5000.000000000
 988  5000.000000000
 989  5000.000000000
 990  5000.000000000
 991  5000.000000000
 992  5000.000000000
 993  5000.000000000
 994  5000.000000000
 995  5000.000000000
 996  5000.000000000
 997  5000.000000000
 998  5000.000000000
 999  5000.000000000
