   0     0.000000000
   1     0.000000000
   2     0.000000000
   3     0.000000000
   4     0.000000000
   5     0.000000000
   6     0.000000000
   7     0.000000000
   8     0.000000000
   9     0.000000000
  10     0.000000000
  11     0.000000000
  12     0.000000000
  13     0.000000000
  14     0.000000000
  15     0.000000000
  16     0.000000000
  17     0.000000000
  18     0.000000000
  19     0.000000000
  20     0.000000000
  21     0.000000000
  22     0.000000000
  23     0.000000000
  24     0.000000000
  25     0.000000000
  26     0.000000000
  27     0.000000000
  28     0.000000000
  29     0.000000000
  30     0.000000000
  31     0.000000000
  32     0.000000000
  33     0.000000000
  34    50.163898865
  35    85.564848514
  36    98.339318856
  37   116.145243318
  38   142.839065776
  39   150.341054255
  40   161.458458869
  41   176.703463569
  42   188.513822941
  43   201.258164815
  44   204.632553207
  45   219.787172504
  46   238.466822531
  47   252.717587794
  48   257.206729495
  49   276.097278797
  50   290.498686399
  51   301.103907060
  52   303.243028273
  53   315.204029984
  54   340.060015908
  55   352.472944636
  56   365.337800381
  57   378.955867820
  58   393.748945504
  59   398.900913495
  60   411.042686013
  61   426.739617730
  62   432.012099593
  63   446.865434211
  64   461.779025766
  65   483.893321121
  66   493.805587023
  67   500.915905421
  68   518.209645930
  69   531.827713370
  70   540.414326689
  71   559.515775266
  72   568.825471812
  73   579.129407795
  74   604.798862349
  75   612.511750102
  76   619.260526887
  77   639.205572561
  78   641.766492323
  79   658.668562752
  80   670.960977609
  81   678.462966087
  82   693.948998530
  83   706.000385644
  84   718.322928969
  85   736.851936658
  86   770.897105257
  87   774.813806069
  88   797.289643038
  89   806.719853455
  90   818.349442021
  91   819.343681458
  92   836.637421967
  93   841.397719878
  94   871.044132180
  95   875.744173154
  96   890.025066885
  97   915.664392972
  98   916.749017812
  99   924.401648630
 100   937.628045988
 101   945.491576080
 102   980.711754923
 103   985.140639688
 104  1004.362602136
 105  1010.990865049
 106  1013.612041746
 107  1026.537154426
 108  1034.219913712
 109  1043.770638000
 110  1073.989491190
 111  1089.957579117
 112  1104.720528333
 113  1120.146303840
 114  1125.418785702
 115  1130.962423775
 116  1140.904818145
 117  1149.642073803
 118  1184.350068693
 119  1185.977005953
 120  1208.723999132
 121  1212.008002121
 122  1222.251681169
 123  1227.524163031
 124  1244.034563378
 125  1245.962785317
 126  1281.182964159
 127  1296.910024344
 128  1322.820506640
 129  1325.863481887
 130  1330.201981248
 131  1355.057967172
 132  1371.538239051
 133  1382.233845116
 134  1400.130154981
 135  1419.111089686
 136  1429.234254863
 137  1435.621490034
 138  1459.513364988
 139  1465.328159271
 140  1468.702547663
 141  1482.169972764
 142  1507.990069657
 143  1524.862011618
 144  1525.313938634
 145  1546.313480682
 146  1559.298850298
 147  1566.258526356
 148  1584.606763238
 149  1592.470293331
 150  1614.916001832
 151  1630.040492661
 152  1633.234110246
 153  1660.289474318
 154  1664.025404324
 155  1688.911518716
 156  1692.466677915
 157  1706.476415435
 158  1707.350141001
 159  1736.363855480
 160  1740.822868712
 161  1756.308901155
 162  1779.086022801
 163  1782.430282726
 164  1796.349634843
 165  1811.022198655
 166  1817.288919955
 167  1835.878184579
 168  1841.361565716
 169  1854.828990817
 170  1872.815686085
 171  1882.426667309
 172  1902.733254598
 173  1909.120489768
 174  1918.309672443
 175  1936.175853841
 176  1948.829810311
 177  1953.047795801
 178  1978.295451807
 179  1982.724336571
 180  2002.910409988
 181  2009.598929837
 182  2017.251560655
 183  2030.146544867
 184  2053.194822724
 185  2055.484586276
 186  2080.943141556
 187  2093.958639639
 188  2109.926727566
 189  2117.820386126
 190  2129.419846224
 191  2139.482754465
 192  2163.434886355
 193  2165.724649907
 194  2174.401648630
 195  2201.788425848
 196  2217.605871436
 197  2220.377690472
 198  2237.068861626
 199  2239.810552195
 200  2256.983778833
 201  2275.723685796
 202  2281.417966208
 203  2309.798982863
 204  2324.652317482
 205  2326.550410952
 206  2337.697944033
 207  2343.633252187
 208  2363.909711008
 209  2374.966858685
 210  2385.541950879
 211  2415.489647858
 212  2437.272530068
 213  2444.593747740
 214  2464.749692690
 215  2478.789558678
 216  2486.261418689
 217  2499.126274434
 218  2514.883463087
 219  2516.600785750
 220  2528.049603509
 221  2547.060666683
 222  2570.319843814
 223  2583.094314156
 224  2599.936127648
 225  2616.295885656
 226  2627.292776399
 227  2630.516522452
 228  2641.664055533
 229  2651.847477645
 230  2674.564342356
 231  2685.290076888
 232  2692.038853672
 233  2720.781411941
 234  2734.068066234
 235  2734.068066234
 236  2740.093759792
 237  2757.025958688
 238  2777.724216057
 239  2791.251898093
 240  2792.035238256
 241  2816.379040228
 242  2828.400298874
 243  2837.830509292
 244  2844.609414544
 245  2860.728144809
 246  2887.512352672
 247  2889.289932271
 248  2910.922172142
 249  2933.729422257
 250  2935.235845646
 251  2958.163609631
 252  2960.754657861
 253  2973.137458121
 254  2989.738243872
 255  3001.367832438
 256  3010.406372774
 257  3035.322615633
 258  3044.843211454
 259  3051.923401383
 260  3086.872424016
 261  3097.718672419
 262  3106.455928077
 263  3122.092602859
 264  3132.215768035
 265  3140.892766757
 266  3168.851984863
 267  3171.925088578
 268  3196.299019017
 269  3198.739424908
 270  3215.310082190
 271  3220.190893972
 272  3240.437224325
 273  3249.053966111
 274  3265.534237991
 275  3290.510737786
 276  3303.586492805
 277  3319.524452264
 278  3321.211646461
 279  3334.709200029
 280  3351.309985779
 281  3357.245293933
 282  3373.273638796
 283  3384.933355829
 284  3397.316156090
 285  3414.820795874
 286  3422.744582901
 287  3435.247897033
 288  3454.951914965
 289  3456.398081419
 290  3474.264262817
 291  3493.305454458
 292  3507.917761334
 293  3512.888958519
 294  3528.676275639
 295  3538.498156138
 296  3554.315601726
 297  3568.265082311
 298  3576.761310227
 299  3601.828195425
 300  3606.678878739
 301  3608.366072935
 302  3623.821976910
 303  3628.401504013
 304  3650.094000819
 305  3665.941574875
 306  3674.618573598
 307  3707.277832679
 308  3712.700956880
 309  3726.710694401
 310  3738.822338451
 311  3743.853792572
 312  3756.296849767
 313  3783.171443033
 314  3787.268914652
 315  3816.764684615
 316  3818.632649618
 317  3830.593651329
 318  3843.518764010
 319  3853.129745234
 320  3853.882956928
 321  3880.878064065
 322  3885.246691894
 323  3910.855889513
 324  3922.847019692
 325  3934.024681241
 326  3950.685723927
 327  3951.679963364
 328  3967.858950565
 329  3975.481452915
 330  3999.463713273
 331  4011.093301839
 332  4037.817252766
 333  4040.589071802
 334  4056.707802068
 335  4057.581527634
 336  4076.803490082
 337  4078.189399600
 338  4106.208874641
 339  4136.970040252
 340  4155.197763263
 341  4169.237629251
 342  4189.303188797
 343  4203.403311721
 344  4210.332859312
 345  4231.904842247
 346  4240.822868712
 347  4256.399286558
 348  4257.845453012
 349  4266.823736412
 350  4283.062980549
 351  4306.502928487
 352  4310.690785509
 353  4330.726216588
 354  4339.855142327
 355  4351.936657909
 356  4362.511750102
 357  4379.172792788
 358  4397.701800477
 359  4405.746101376
 360  4420.569307527
 361  4433.584805611
 362  4446.811202969
 363  4460.127985731
 364  4464.586998964
 365  4480.133288341
 366  4493.600713442
 367  4507.218780882
 368  4518.577213237
 369  4540.540866254
 370  4547.048615296
 371  4561.178866688
 372  4564.251970402
 373  4578.472607197
 374  4598.056111258
 375  4610.800453132
 376  4619.808865000
 377  4632.854491552
 378  4643.580226084
 379  4656.264311022
 380  4659.698956350
 381  4674.130492420
 382  4704.138446335
 383  4713.900069898
 384  4718.328954663
 385  4749.270891080
 386  4752.133095519
 387  4767.679384897
 388  4813.384270530
 389  4839.264624358
 390  4840.198606860
 391  4853.696160428
 392  4855.443611560
 393  4872.767480537
 394  4893.375352503
 395  4919.496734074
 396  4934.139169418
 397  4939.471908217
 398  4941.580900962
 399  4960.049651715
 400  4964.388151076
 401  4986.261418689
 402  4987.406300465
 403  5000.000000000
 404  5000.000000000
 405  5000.000000000
 406  5000.000000000
 407  5000.000000000
 408  5000.000000000
 409  5000.000000000
 410  5000.000000000
 411  5000.000000000
 412  5000.000000000
 413  5000.000000000
 414  5000.000000000
 415  5000.000000000
 416  5000.000000000
 417  5000.000000000
 418  5000.000000000
 419  5000.000000000
 420  5000.000000000
 421  5000.000000000
 422  5000.000000000
 423  5000.000000000
 424  5000.000000000
 425  5000.000000000
 426  5000.000000000
 427  5000.000000000
 428  5000.000000000
 429  5000.000000000
 430  5000.000000000
 431  5000.000000000
 432  5000.000000000
 433  5000.000000000
 434  5000.000000000
 435  5000.000000000
 436  5000.000000000
 437  5000.000000000
 438  5000.000000000
 439  5000.000000000
 440  5000.000000000
 441  5000.000000000
 442  5000.000000000
 443  5000.000000000
 444  5000.000000000
 445  5000.000000000
 446  5000.000000000
 447  5000.000000000
 448  5000.000000000
 449  5000.000000000
 450  5000.000000000
 451  5000.000000000
 452  5000.000000000
 453  5000.000000000
 454  5000.000000000
 455  5000.000000000
 456  5000.000000000
 457  5000.000000000
 458  5000.000000000
 459  5000.000000000
 460  5000.000000000
 461  5000.000000000
 462  5000.000000000
 463  5000.000000000
 464  5000.000000000
 465  5000.000000000
 466  5000.000000000
 467  5000.000000000
 468  5000.000000000
 469  5000.000000000
 470  5000.000000000
 471  5000.000000000
 472  5000.000000000
 473  5000.000000000
 474  5000.000000000
 475  5000.000000000
 476  5000.000000000
 477  5000.000000000
 478  5000.000000000
 479  5000.000000000
 480  5000.000000000
 481  5000.000000000
 482  5000.000000000
 483  5000.000000000
 484  5000.000000000
 485  5000.000000000
 486  5000.000000000
 487  5000.000000000
 488  5000.000000000
 489  5000.000000000
 490  5000.000000000
 491  5000.000000000
 492  5000.000000000
 493  5000.000000000
 494  5000.000000000
 495  5000.000000000
 496  5000.000000000
 497  5000.000000000
 498  5000.000000000
 499  5000.000000000
 500  5000.000000000
 501  5000.000000000
 502  5000.000000000
 503  5000.000000000
 504  5000.000000000
 505  5000.000000000
 506  5000.000000000
 507  5000.000000000
 508  5000.000000000
 509  5000.000000000
 510  5000.000000000
 511  5000.000000000
 512  5000.000000000
 513  5000.000000000
 514  5000.000000000
 515  5000.000000000
 516  5000.000000000
 517  5000.000000000
 518  5000.000000000
 519  5000.000000000
 520  5000.000000000
 521  5000.000000000
 522  5000.000000000
 523  5000.000000000
 524  5000.000000000
 525  5000.000000000
 526  5000.000000000
 527  5000.000000000
 528  5000.000000000
 529  5000.000000000
 530  5000.000000000
 531  5000.000000000
 532  5000.000000000
 533  5000.000000000
 534  5000.000000000
 535  5000.000000000
 536  5000.000000000
 537  5000.000000000
 538  5000.000000000
 539  5000.000000000
 540  5000.000000000
 541  5000.000000000
 542  5000.000000000
 543  5000.000000000
 544  5000.000000000
 545  5000.000000000
 546  5000.000000000
 547  5000.000000000
 548  5000.000000000
 549  5000.000000000
 550  5000.000000000
 551  5000.000000000
 552  5000.000000000
 553  5000.000000000
 554  5000.000000000
 555  5000.000000000
 556  5000.000000000
 557  5000.000000000
 558  5000.000000000
 559  5000.000000000
 560  5000.000000000
 561  5000.000000000
 562  5000.000000000
 563  5000.000000000
 564  5000.000000000
 565  5000.000000000
 566  5000.000000000
 567  5000.000000000
 568  5000.000000000
 569  5000.000000000
 570  5000.000000000
 571  5000.000000000
 572  5000.000000000
 573  5000.000000000
 574  5000.000000000
 575  5000.000000000
 576  5000.000000000
 577  5000.000000000
 578  5000.000000000
 579  5000.000000000
 580  5000.000000000
 581  5000.000000000
 582  5000.000000000
 583  5000.000000000
 584  5000.000000000
 585  5000.000000000
 586  5000.000000000
 587  5000.000000000
 588  5000.000000000
 589  5000.000000000
 590  5000.000000000
 591  5000.000000000
 592  5000.000000000
 593  5000.000000000
 594  5000.000000000
 595  5000.000000000
 596  5000.000000000
 597  5000.000000000
 598  5000.000000000
 599  5000.000000000
 600  5000.000000000
 601  5000.000000000
 602  5000.000000000
 603  5000.000000000
 604  5000.000000000
 605  5000.000000000
 606  5000.000000000
 607  5000.000000000
 608  5000.000000000
 609  5000.000000000
 610  5000.000000000
 611  5000.000000000
 612  5000.000000000
 613  5000.000000000
 614  5000.000000000
 615  5000.000000000
 616  5000.000000000
 617  5000.000000000
 618  5000.000000000
 619  5000.000000000
 620  5000.000000000
 621  5000.000000000
 622  5000.000000000
 623  5000.000000000
 624  5000.000000000
 625  5000.000000000
 626  5000.000000000
 627  5000.000000000
 628  5000.000000000
 629  5000.000000000
 630  5000.000000000
 631  5000.000000000
 632  5000.000000000
 633  5000.000000000
 634  5000.000000000
 635  5000.000000000
 636  5000.000000000
 637  5000.000000000
 638  5000.000000000
 639  5000.000000000
 640  5000.000000000
 641  5000.000000000
 642  5000.000000000
 643  5000.000000000
 644  5000.000000000
 645  5000.000000000
 646  5000.000000000
 647  5000.000000000
 648  5000.000000000
 649  5000.000000000
 650  5000.000000000
 651  5000.000000000
 652  5000.000000000
 653  5000.000000000
 654  5000.000000000
 655  5000.000000000
 656  5000.000000000
 657  5000.000000000
 658  5000.000000000
 659  5000.000000000
 660  5000.000000000
 661  5000.000000000
 662  5000.000000000
 663  5000.000000000
 664  5000.000000000
 665  5000.000000000
 666  5000.000000000
 667  5000.000000000
 668  5000.000000000
 669  5000.000000000
 670  5000.000000000
 671  5000.000000000
 672  5000.000000000
 673  5000.000000000
 674  5000.000000000
 675  5000.000000000
 676  5000.000000000
 677  5000.000000000
 678  5000.000000000
 679  5000.000000000
 680  5000.000000000
 681  5000.000000000
 682  5000.000000000
 683  5000.000000000
 684  5000.000000000
 685  5000.000000000
 686  5000.000000000
 687  5000.000000000
 688  5000.000000000
 689  5000.000000000
 690  5000.000000000
 691  5000.000000000
 692  5000.000000000
 693  5000.000000000
 694  5000.000000000
 695  5000.000000000
 696  5000.000000000
 697  5000.000000000
 698  5000.000000000
 699  5000.000000000
 700  5000.000000000
 701  5000.000000000
 702  5000.000000000
 703  5000.000000000
 704  5000.000000000
 705  5000.000000000
 706  5000.000000000
 707  5000.000000000
 708  5000.000000000
 709  5000.000000000
 710  5000.000000000
 711  5000.000000000
 712  5000.000000000
 713  5000.000000000
 714  5000.000000000
 715  5000.000000000
 716  5000.000000000
 717  5000.000000000
 718  5000.000000000
 719  5000.000000000
 720  5000.000000000
 721  5000.000000000
 722  5000.000000000
 723  5000.000000000
 724  5000.000000000
 725  5000.000000000
 726  5000.000000000
 727  5000.000000000
 728  5000.000000000
 729  5000.000000000
 730  5000.000000000
 731  5000.000000000
 732  5000.000000000
 733  5000.000000000
 734  5000.000000000
 735  5000.000000000
 736  5000.000000000
 737  5000.000000000
 738  5000.000000000
 739  5000.000000000
 740  5000.000000000
 741  5000.000000000
 742  5000.000000000
 743  5000.000000000
 744  5000.000000000
 745  5000.000000000
 746  5000.000000000
 747  5000.000000000
 748  5000.000000000
 749  5000.000000000
 750  5000.000000000
 751  5000.000000000
 752  5000.000000000
 753  5000.000000000
 754  5000.000000000
 755  5000.000000000
 756  5000.000000000
 757  5000.000000000
 758  5000.000000000
 759  5000.000000000
 760  5000.000000000
 761  5000.000000000
 762  5000.000000000
 763  5000.000000000
 764  5000.000000000
 765  5000.000000000
 766  5000.000000000
 767  5000.000000000
 768  5000.000000000
 769  5000.000000000
 770  5000.000000000
 771  5000.000000000
 772  5000.000000000
 773  5000.000000000
 774  5000.000000000
 775  5000.000000000
 776  5000.000000000
 777  5000.000000000
 778  5000.000000000
 779  5000.000000000
 780  5000.000000000
 781  5000.000000000
 782  5000.000000000
 783  5000.000000000
 784  5000.000000000
 785  5000.000000000
 786  5000.000000000
 787  5000.000000000
 788  5000.000000000
 789  5000.000000000
 790  5000.000000000
 791  5000.000000000
 792  5000.000000000
 793  5000.000000000
 794  5000.000000000
 795  5000.000000000
 796  5000.000000000
 797  5000.000000000
 798  5000.000000000
 799  5000.000000000
 800  5000.000000000
 801  5000.000000000
 802  5000.000000000
 803  5000.000000000
 804  5000.000000000
 805  5000.000000000
 806  5000.000000000
 807  5000.000000000
 808  5000.000000000
 809  5000.000000000
 810  5000.000000000
 811  5000.000000000
 812  5000.000000000
 813  5000.000000000
 814  5000.000000000
 815  5000.000000000
 816  5000.000000000
 817  5000.000000000
 818  5000.000000000
 819  5000.000000000
 820  5000.000000000
 821  5000.000000000
 822  5000.000000000
 823  5000.000000000
 824  5000.000000000
 825  5000.000000000
 826  5000.000000000
 827  5000.000000000
 828  5000.000000000
 829  5000.000000000
 830  5000.000000000
 831  5000.000000000
 832  5000.000000000
 833  5000.000000000
 834  5000.000000000
 835  5000.000000000
 836  5000.000000000
 837  5000.000000000
 838  5000.000000000
 839  5000.000000000
 840  5000.000000000
 841  5000.000000000
 842  5000.000000000
 843  5000.000000000
 844  5000.000000000
 845  5000.000000000
 846  5000.000000000
 847  5000.000000000
 848  5000.000000000
 849  5000.000000000
 850  5000.000000000
 851  5000.000000000
 852  5000.000000000
 853  5000.000000000
 854  5000.000000000
 855  5000.000000000
 856  5000.000000000
 857  5000.000000000
 858  5000.000000000
 859  5000.000000000
 860  5000.000000000
 861  5000.000000000
 862  5000.000000000
 863  5000.000000000
 864  5000.000000000
 865  5000.000000000
 866  5000.000000000
 867  5000.000000000
 868  5000.000000000
 869  5000.000000000
 870  5000.000000000
 871  5000.000000000
 872  5000.000000000
 873  5000.000000000
 874  5000.000000000
 875  5000.000000000
 876  5000.000000000
 877  5000.000000000
 878  5000.000000000
 879  5000.000000000
 880  5000.000000000
 881  5000.000000000
 882  5000.000000000
 883  5000.000000000
 884  5000.000000000
 885  5000.000000000
 886  5000.000000000
 887  5000.000000000
 888  5000.000000000
 889  5000.000000000
 890  5000.000000000
 891  5000.000000000
 892  5000.000000000
 893  5000.000000000
 894  5000.000000000
 895  5000.000000000
 896  5000.000000000
 897  5000.000000000
 898  5000.000000000
 899  5000.000000000
 900  5000.000000000
 901  5000.000000000
 902  5000.000000000
 903  5000.000000000
 904  5000.000000000
 905  5000.000000000
 906  5000.000000000
 907  5000.000000000
 908  5000.000000000
 909  5000.000000000
 910  5000.000000000
 911  5000.000000000
 912  5000.000000000
 913  5000.000000000
 914  5000.000000000
 915  5000.000000000
 916  5000.000000000
 917  5000.000000000
 918  5000.000000000
 919  5000.000000000
 920  5000.000000000
 921  5000.000000000
 922  5000.000000000
 923  5000.000000000
 924  5000.000000000
 925  5000.000000000
 926  5000.000000000
 927  5000.000000000
 928  5000.000000000
 929  5000.000000000
 930  5000.000000000
 931  5000.000000000
 932  5000.000000000
 933  5000.000000000
 934  5000.000000000
 935  5000.000000000
 936  5000.000000000
 937  5000.000000000
 938  5000.000000000
 939  5000.000000000
 940  5000.000000000
 941  5000.000000000
 942  5000.000000000
 943  5000.000000000
 944  5000.000000000
 945  5000.000000000
 946  5000.000000000
 947  5000.000000000
 948  5000.000000000
 949  5000.000000000
 950  5000.000000000
 951  5000.000000000
 952  5000.000000000
 953  5000.000000000
 954  5000.000000000
 955  5000.000000000
 956  5000.000000000
 957  5000.000000000
 958  5000.000000000
 959  5000.000000000
 960  5000.000000000
 961  5000.000000000
 962  5000.000000000
 963  5000.000000000
 964  5000.000000000
 965  5000.000000000
 966  5000.000000000
 967  5000.000000000
 968  5000.000000000
 969  5000.000000000
 970  5000.000000000
 971  5000.000000000
 972  5000.000000000
 973  5000.000000000
 974  5000.000000000
 975  5000.000000000
 976  5000.000000000
 977  5000.000000000
 978  5000.000000000
 979  5000.000000000
 980  5000.000000000
 981  5000.000000000
 982  5000.000000000
 983  5000.000000000
 984  5000.000000000
 985  5000.000000000
 986  5000.000000000
 987  5000.000000000
 988  5000.000000000
 989  5000.000000000
 990  5000.000000000
 991  5000.000000000
 992  5000.000000000
 993  5000.000000000
 994  5000.000000000
 995  5000.000000000
 996  5000.000000000
 997  5000.000000000
 998  5000.000000000
 999  5000.000000000
